274.49987 334.49439 394.49068 454.49125 514.49548 
277.49961 337.49411 397.4906 457.49135 517.49572 
280.49934 340.49383 400.49054 460.49146 520.49596 
283.49908 343.49357 403.4905 463.4916 523.4962 
286.49882 346.49331 406.49048 466.49175 526.49645 
289.49856 349.49306 409.49046 469.49191 529.49668 
292.4983 352.49283 412.49046 472.49208 532.49692 
295.49803 355.4926 415.49046 475.49228 535.49715 
298.49775 358.49238 418.49048 478.49248 538.49738 
301.49746 361.49216 421.4905 481.49269 541.49761 
304.49717 364.49197 424.49054 484.49293 544.49784 
307.49688 367.49177 427.49058 487.49316 547.49806 
310.4966 370.4916 430.49063 490.4934 550.49829 
313.49631 373.49143 433.49068 493.49365 553.49851 
316.49603 376.49128 436.49074 496.4939 556.49874 
319.49576 379.49115 439.4908 499.49415 559.49897 
322.49548 382.49102 442.49087 502.49441 562.49919 
325.4952 385.49091 445.49094 505.49467 565.49942 
328.49492 388.4908 448.49101 508.49493 568.49966 
331.49463 391.49069 451.49108 511.49518 571.49989 
274.49987 334.49439 394.49064 454.49124 514.49547 
277.49961 337.4941 397.49059 457.49134 517.49571 
280.49934 340.49383 400.49054 460.49147 520.49596 
283.49909 343.49357 403.4905 463.4916 523.49621 
286.49883 346.49331 406.49048 466.49174 526.49644 
289.49857 349.49307 409.49046 469.4919 529.49668 
292.4983 352.49283 412.49045 472.49208 532.49691 
295.49803 355.4926 415.49046 475.49227 535.49715 
298.49775 358.49237 418.49048 478.49247 538.49738 
301.49746 361.49216 421.4905 481.49269 541.49761 
304.49717 364.49196 424.49054 484.49293 544.49784 
307.49688 367.49177 427.49058 487.49316 547.49807 
310.4966 370.49159 430.49063 490.4934 550.49829 
313.49631 373.49143 433.49068 493.49365 553.49852 
316.49603 376.49128 436.49074 496.4939 556.49874 
319.49575 379.49114 439.4908 499.49415 559.49897 
322.49548 382.49102 442.49086 502.49441 562.49919 
325.4952 385.49091 445.49094 505.49467 565.49942 
328.49492 388.49082 448.49102 508.49494 568.49966 
331.49463 391.49072 451.49109 511.49518 571.49989 
274.49987 334.49439 394.49064 454.49124 514.49547 
277.49961 337.49409 397.49058 457.49133 517.49571 
280.49935 340.49383 400.49054 460.49146 520.49596 
283.49909 343.49357 403.4905 463.4916 523.4962 
286.49883 346.49332 406.49048 466.49174 526.49644 
289.49857 349.49307 409.49046 469.4919 529.49668 
292.4983 352.49283 412.49045 472.49208 532.49691 
295.49803 355.4926 415.49046 475.49227 535.49715 
298.49775 358.49238 418.49048 478.49247 538.49738 
301.49746 361.49216 421.4905 481.49269 541.49761 
304.49717 364.49196 424.49054 484.49292 544.49784 
307.49688 367.49177 427.49058 487.49316 547.49807 
310.49659 370.49159 430.49062 490.4934 550.49829 
313.49631 373.49142 433.49068 493.49365 553.49852 
316.49603 376.49127 436.49073 496.4939 556.49875 
319.49575 379.49114 439.49079 499.49415 559.49897 
322.49548 382.49102 442.49086 502.49441 562.4992 
325.4952 385.49091 445.49094 505.49467 565.49943 
328.49492 388.49081 448.49102 508.49494 568.49966 
331.49463 391.49073 451.4911 511.49519 571.49989 
274.49987 334.49439 394.49064 454.49123 514.49546 
277.49961 337.4941 397.49058 457.49133 517.49571 
280.49935 340.49384 400.49054 460.49146 520.49596 
283.49909 343.49358 403.4905 463.4916 523.4962 
286.49883 346.49333 406.49048 466.49175 526.49644 
289.49857 349.49308 409.49046 469.49191 529.49668 
292.4983 352.49284 412.49046 472.49208 532.49691 
295.49803 355.49261 415.49047 475.49227 535.49715 
298.49775 358.49238 418.49048 478.49248 538.49738 
301.49746 361.49217 421.49051 481.49269 541.49761 
304.49717 364.49196 424.49054 484.49292 544.49784 
307.49688 367.49177 427.49058 487.49316 547.49807 
310.49659 370.49159 430.49063 490.4934 550.4983 
313.49631 373.49142 433.49068 493.49365 553.49853 
316.49603 376.49128 436.49074 496.4939 556.49875 
319.49575 379.49114 439.4908 499.49415 559.49898 
322.49547 382.49102 442.49087 502.49441 562.4992 
325.4952 385.49091 445.49094 505.49468 565.49943 
328.49492 388.49081 448.49103 508.49494 568.49966 
331.49464 391.49073 451.49111 511.4952 571.49989 
274.49987 334.49439 394.49065 454.49124 514.49547 
277.49961 337.49411 397.49058 457.49133 517.49571 
280.49935 340.49385 400.49054 460.49146 520.49596 
283.49909 343.49358 403.4905 463.4916 523.4962 
286.49883 346.49333 406.49048 466.49174 526.49644 
289.49857 349.49308 409.49046 469.4919 529.49668 
292.4983 352.49284 412.49046 472.49208 532.49691 
295.49803 355.49261 415.49046 475.49227 535.49715 
298.49774 358.49239 418.49048 478.49248 538.49738 
301.49746 361.49217 421.49051 481.49269 541.49762 
304.49716 364.49196 424.49054 484.49292 544.49785 
307.49687 367.49177 427.49058 487.49316 547.49808 
310.49658 370.49159 430.49063 490.4934 550.49831 
313.4963 373.49142 433.49068 493.49365 553.49853 
316.49602 376.49127 436.49074 496.4939 556.49876 
319.49574 379.49114 439.4908 499.49416 559.49899 
322.49547 382.49102 442.49087 502.49442 562.49921 
325.49519 385.4909 445.49095 505.49468 565.49944 
328.49492 388.4908 448.49102 508.49494 568.49966 
331.49463 391.49071 451.4911 511.49519 571.49989 
274.49987 334.4944 394.49066 454.49125 514.49547 
277.49961 337.49411 397.49058 457.49134 517.49571 
280.49935 340.49385 400.49054 460.49146 520.49595 
283.49909 343.49359 403.49051 463.4916 523.4962 
286.49883 346.49333 406.49048 466.49174 526.49644 
289.49857 349.49309 409.49047 469.49191 529.49668 
292.4983 352.49285 412.49046 472.49208 532.49691 
295.49802 355.49261 415.49047 475.49227 535.49715 
298.49774 358.49239 418.49049 478.49248 538.49738 
301.49745 361.49217 421.49051 481.49269 541.49762 
304.49716 364.49197 424.49055 484.49292 544.49785 
307.49687 367.49178 427.49059 487.49316 547.49809 
310.49658 370.49159 430.49063 490.4934 550.49831 
313.4963 373.49143 433.49068 493.49365 553.49854 
316.49602 376.49128 436.49074 496.4939 556.49877 
319.49574 379.49114 439.49081 499.49416 559.49899 
322.49547 382.49102 442.49088 502.49442 562.49922 
325.49519 385.49091 445.49095 505.49468 565.49944 
328.49492 388.4908 448.49103 508.49494 568.49966 
331.49463 391.4907 451.4911 511.49519 571.49989 
274.49987 334.4944 394.49067 454.49125 514.49547 
277.49961 337.49412 397.49059 457.49134 517.49571 
280.49935 340.49386 400.49054 460.49147 520.49595 
283.49909 343.49359 403.49051 463.4916 523.4962 
286.49883 346.49334 406.49048 466.49175 526.49644 
289.49857 349.49309 409.49047 469.49191 529.49668 
292.4983 352.49285 412.49046 472.49208 532.49691 
295.49802 355.49262 415.49047 475.49227 535.49715 
298.49774 358.49239 418.49049 478.49248 538.49738 
301.49745 361.49218 421.49051 481.49269 541.49762 
304.49716 364.49197 424.49054 484.49292 544.49786 
307.49687 367.49178 427.49058 487.49316 547.49809 
310.49658 370.49159 430.49063 490.4934 550.49832 
313.4963 373.49143 433.49068 493.49365 553.49855 
316.49602 376.49128 436.49074 496.4939 556.49877 
319.49574 379.49114 439.49081 499.49416 559.499 
322.49547 382.49102 442.49088 502.49442 562.49922 
325.49519 385.49091 445.49095 505.49468 565.49944 
328.49492 388.4908 448.49103 508.49494 568.49966 
331.49463 391.49069 451.4911 511.49518 571.49989 
274.49987 334.49441 394.49067 454.49125 514.49547 
277.49961 337.49412 397.49058 457.49134 517.4957 
280.49935 340.49386 400.49054 460.49147 520.49595 
283.49909 343.4936 403.49051 463.4916 523.49619 
286.49883 346.49334 406.49048 466.49175 526.49644 
289.49857 349.4931 409.49047 469.49191 529.49667 
292.49829 352.49285 412.49046 472.49208 532.49691 
295.49802 355.49262 415.49047 475.49227 535.49715 
298.49773 358.49239 418.49049 478.49248 538.49739 
301.49745 361.49218 421.49051 481.49269 541.49762 
304.49716 364.49197 424.49054 484.49292 544.49786 
307.49687 367.49178 427.49058 487.49316 547.49809 
310.49658 370.4916 430.49063 490.4934 550.49832 
313.49629 373.49143 433.49068 493.49364 553.49855 
316.49601 376.49128 436.49074 496.4939 556.49878 
319.49574 379.49114 439.49081 499.49416 559.499 
322.49546 382.49102 442.49088 502.49442 562.49922 
325.49519 385.49091 445.49096 505.49468 565.49944 
328.49492 388.4908 448.49103 508.49494 568.49967 
331.49462 391.49068 451.49109 511.49518 571.49989 
274.49987 334.49442 394.49068 454.49125 514.49546 
277.49961 337.49412 397.49058 457.49134 517.4957 
280.49935 340.49385 400.49054 460.49146 520.49595 
283.49909 343.4936 403.49051 463.4916 523.49619 
286.49883 346.49334 406.49048 466.49175 526.49643 
289.49856 349.4931 409.49047 469.49191 529.49667 
292.49829 352.49285 412.49046 472.49208 532.49691 
295.49801 355.49262 415.49047 475.49227 535.49715 
298.49773 358.49239 418.49048 478.49247 538.49739 
301.49744 361.49218 421.4905 481.49269 541.49762 
304.49715 364.49197 424.49054 484.49292 544.49786 
307.49686 367.49177 427.49058 487.49315 547.49809 
310.49658 370.49159 430.49062 490.49339 550.49833 
313.49629 373.49143 433.49068 493.49364 553.49855 
316.49601 376.49128 436.49074 496.4939 556.49878 
319.49574 379.49114 439.49081 499.49416 559.499 
322.49546 382.49102 442.49088 502.49441 562.49922 
325.49519 385.49091 445.49096 505.49468 565.49944 
328.49491 388.4908 448.49103 508.49494 568.49967 
331.49461 391.49068 451.4911 511.49519 571.49989 
274.49987 334.49443 394.49069 454.49126 514.49545 
277.49961 337.49412 397.49059 457.49135 517.4957 
280.49935 340.49386 400.49055 460.49147 520.49595 
283.49909 343.4936 403.49051 463.49161 523.49619 
286.49883 346.49335 406.49049 466.49176 526.49644 
289.49856 349.49311 409.49048 469.49192 529.49668 
292.49829 352.49286 412.49047 472.49209 532.49691 
295.49801 355.49263 415.49048 475.49228 535.49715 
298.49773 358.4924 418.49049 478.49248 538.49739 
301.49744 361.49218 421.49051 481.4927 541.49763 
304.49716 364.49198 424.49055 484.49292 544.49786 
307.49687 367.49178 427.49059 487.49316 547.4981 
310.49658 370.49161 430.49063 490.4934 550.49833 
313.4963 373.49144 433.49069 493.49365 553.49856 
316.49602 376.49129 436.49075 496.4939 556.49878 
319.49574 379.49115 439.49082 499.49416 559.499 
322.49546 382.49103 442.49089 502.49442 562.49922 
325.49519 385.49091 445.49096 505.49468 565.49944 
328.49491 388.4908 448.49103 508.49493 568.49967 
331.4946 391.49067 451.4911 511.49519 571.49989 
