-0.020896124 -0.037689245 0.04941446 0.033275284 -0.069960992 
-0.020896123 -0.037689261 0.047507479 0.033011013 -0.045008574 
-0.020896123 -0.037689272 0.045694189 0.033379743 -0.018569696 
-0.020896123 -0.037689288 0.045524273 0.034563124 -0.0072968578 
-0.020896124 -0.037689298 0.046677265 0.036948799 -0.0096872513 
-0.020896124 -0.037689312 0.047637292 0.039325099 -0.0085604971 
-0.020896125 -0.037689329 0.049115175 0.043268525 -0.014218868 
-0.020896125 -0.037689336 0.049402781 0.045765227 -0.012520357 
-0.020896125 -0.037689348 0.050463587 0.049294772 -0.01841634 
-0.020896126 -0.037689371 0.050478216 0.053287127 -0.02197822 
-0.021048468 -0.033814463 0.03101993 0.01245408 -0.0020891887 
-0.021048468 -0.033814469 0.031035166 0.012261914 -0.00020938728 
-0.021048468 -0.033814476 0.031090676 0.012881144 0.0046029735 
-0.021048468 -0.033814487 0.031100021 0.013161679 0.012170936 
-0.021048469 -0.033814494 0.031719609 0.014100016 0.014308148 
-0.021048469 -0.033814499 0.032181693 0.014835916 0.018571849 
-0.021048469 -0.033814503 0.033095659 0.016317251 0.017810343 
-0.021048469 -0.033814502 0.033444029 0.016926311 0.019593126 
-0.02104847 -0.033814506 0.034135716 0.018263297 0.017249694 
-0.02104847 -0.033814522 0.034496022 0.021406163 0.013624898 
-0.021200813 -0.02993965 0.018173143 -0.0040041443 0.010865693 
-0.021200814 -0.029939654 0.018113665 -0.0046339818 0.012514456 
-0.021200814 -0.029939661 0.018411409 -0.0043525359 0.013782937 
-0.021200814 -0.029939673 0.0184642 -0.0042335269 0.019885097 
-0.021200814 -0.029939681 0.018871932 -0.0038134566 0.023552952 
-0.021200814 -0.029939687 0.019256643 -0.0036700705 0.027552077 
-0.021200814 -0.029939692 0.019995914 -0.0029530821 0.027476338 
-0.021200815 -0.029939693 0.020176798 -0.0029703602 0.030435931 
-0.021200815 -0.029939697 0.020683747 -0.0025949994 0.029215852 
-0.021200815 -0.029939701 0.021150859 -0.00083990055 0.025949884 
-0.021353159 -0.02606483 0.0073385953 -0.015126261 0.0089825172 
-0.021353159 -0.026064833 0.0067860113 -0.016358585 0.014562967 
-0.021353159 -0.026064841 0.0069901966 -0.016494256 0.015842217 
-0.021353159 -0.026064854 0.0070714622 -0.0167714 0.020559589 
-0.021353159 -0.026064862 0.0073182356 -0.017014994 0.024666085 
-0.02135316 -0.02606487 0.0075704852 -0.017598526 0.028759969 
-0.02135316 -0.026064879 0.0081784155 -0.017830161 0.028915043 
-0.02135316 -0.026064882 0.0085272665 -0.018302038 0.029993393 
-0.02135316 -0.026064885 0.0091025454 -0.018006676 0.027990935 
-0.02135316 -0.026064887 0.0095429056 -0.016848749 0.025835453 
-0.021505505 -0.022190009 -0.0020325676 -0.021242356 0.002251997 
-0.021505505 -0.022190014 -0.0028825575 -0.022991998 0.0097764187 
-0.021505505 -0.022190024 -0.0027493341 -0.023489588 0.010788663 
-0.021505505 -0.022190036 -0.0028003368 -0.024364103 0.01535498 
-0.021505505 -0.022190044 -0.0027186951 -0.02552458 0.019334636 
-0.021505505 -0.022190055 -0.0025419243 -0.027010223 0.022556096 
-0.021505505 -0.022190065 -0.0019573726 -0.028074057 0.021695407 
-0.021505505 -0.022190069 -0.0015316524 -0.029040466 0.021686568 
-0.021505506 -0.02219007 -0.00083288946 -0.028912808 0.018491427 
-0.021505506 -0.022190072 -0.00046154445 -0.028199029 0.01762671 
-0.021657852 -0.018315195 -0.0098500913 -0.023109699 -0.0061015165 
-0.021657851 -0.018315203 -0.010934535 -0.025124986 0.0030489329 
-0.021657851 -0.018315212 -0.010859166 -0.025982873 0.0036250495 
-0.021657851 -0.018315223 -0.010981671 -0.027574637 0.0072647703 
-0.021657851 -0.018315232 -0.011055067 -0.029798932 0.010774846 
-0.021657851 -0.018315245 -0.011025262 -0.032334852 0.013543098 
-0.021657851 -0.018315254 -0.010353553 -0.033998201 0.010448139 
-0.021657851 -0.018315258 -0.0098957751 -0.035445786 0.0093638059 
-0.021657851 -0.018315263 -0.0093057627 -0.035750253 0.0070949244 
-0.021657851 -0.018315264 -0.0089119809 -0.035226384 0.0068786633 
-0.021810198 -0.014440389 -0.016076915 -0.021151456 -0.012393486 
-0.021810197 -0.014440398 -0.017196788 -0.023197178 -0.0030672399 
-0.021810198 -0.014440406 -0.017069684 -0.024411722 -0.0040133579 
-0.021810197 -0.014440418 -0.017291751 -0.02684734 -0.0011100767 
-0.021810197 -0.014440429 -0.017495532 -0.030032481 0.0017262882 
-0.021810197 -0.014440441 -0.017518488 -0.033341727 0.003138312 
-0.021810197 -0.014440451 -0.016972805 -0.035648249 -0.00032521991 
-0.021810197 -0.014440456 -0.016636732 -0.037675746 -0.0014554277 
-0.021810197 -0.014440461 -0.016049609 -0.038244853 -0.003913527 
-0.021810198 -0.014440462 -0.015576447 -0.037644426 -0.0037270053 
-0.021962545 -0.010565592 -0.020388573 -0.015868914 -0.017126401 
-0.021962544 -0.010565602 -0.021526039 -0.01797611 -0.0077358795 
-0.021962544 -0.010565609 -0.021374838 -0.019594658 -0.010143561 
-0.021962544 -0.010565622 -0.021733064 -0.022742721 -0.0075727782 
-0.021962544 -0.010565632 -0.021984252 -0.026495305 -0.0059622765 
-0.021962544 -0.010565644 -0.022105543 -0.03030097 -0.0052264385 
-0.021962544 -0.010565656 -0.021762224 -0.033161618 -0.0083853125 
-0.021962544 -0.010565664 -0.021614892 -0.035584013 -0.0085409357 
-0.021962544 -0.010565667 -0.020917376 -0.036079068 -0.011904327 
-0.021962544 -0.010565669 -0.020460924 -0.035457613 -0.010823621 
-0.022114892 -0.0066908008 -0.022952617 -0.0085161518 -0.018706791 
-0.022114891 -0.0066908133 -0.024087002 -0.010648076 -0.0097231054 
-0.022114891 -0.0066908189 -0.023957916 -0.012569318 -0.013224123 
-0.022114891 -0.0066908329 -0.024426577 -0.01605885 -0.010939436 
-0.022114891 -0.0066908446 -0.024720115 -0.019958137 -0.010154055 
-0.022114891 -0.00669086 -0.025061829 -0.024017655 -0.0084902169 
-0.022114891 -0.006690869 -0.024774371 -0.026960756 -0.012231242 
-0.022114891 -0.0066908783 -0.02467654 -0.029316511 -0.012166927 
-0.022114891 -0.0066908819 -0.024006679 -0.02982787 -0.015434487 
-0.022114891 -0.0066908868 -0.023681006 -0.029500641 -0.013422262 
-0.022267239 -0.0028160144 -0.023865898 -0.00015068206 -0.017918191 
-0.022267239 -0.0028160297 -0.02495739 -0.0021280689 -0.0098397234 
-0.022267239 -0.0028160355 -0.024936427 -0.004203917 -0.013451611 
-0.022267238 -0.0028160513 -0.025507041 -0.0077123742 -0.011264944 
-0.022267238 -0.0028160652 -0.02590875 -0.011492247 -0.010346213 
-0.022267238 -0.0028160802 -0.026332964 -0.015382351 -0.008796482 
-0.022267238 -0.0028160886 -0.02606585 -0.018040978 -0.012877443 
-0.022267238 -0.0028160961 -0.025916938 -0.020217474 -0.014007099 
-0.022267238 -0.0028161024 -0.025513935 -0.021199219 -0.015984537 
-0.022267238 -0.002816104 -0.025210496 -0.021281266 -0.014939402 
-0.022419587 0.0010587745 -0.023107743 0.0084131229 -0.016917464 
-0.022419586 0.0010587573 -0.024210597 0.0066192868 -0.0093384842 
-0.022419586 0.001058752 -0.024321434 0.0045168839 -0.012733356 
-0.022419586 0.0010587366 -0.024946759 0.0012017217 -0.010991504 
-0.022419586 0.001058722 -0.025426008 -0.0022583297 -0.010143322 
-0.022419585 0.0010587073 -0.025850352 -0.005716449 -0.0093676241 
-0.022419586 0.0010586989 -0.025621195 -0.0081443951 -0.014096549 
-0.022419585 0.0010586879 -0.025732586 -0.010578088 -0.014125473 
-0.022419586 0.001058683 -0.02548972 -0.011937329 -0.015950069 
-0.022419586 0.0010586861 -0.025127077 -0.012319916 -0.016291663 
-0.022571935 0.0049335799 -0.020782835 0.016074908 -0.016334704 
-0.022571934 0.0049335618 -0.021953335 0.014418901 -0.0086901604 
-0.022571934 0.004933558 -0.02211176 0.012471088 -0.012389575 
-0.022571934 0.0049335444 -0.022720271 0.0095258619 -0.011576917 
-0.022571934 0.0049335303 -0.023197455 0.0065246705 -0.011664246 
-0.022571933 0.0049335143 -0.02367928 0.0033681352 -0.011624041 
-0.022571934 0.0049335097 -0.023432956 0.0010227559 -0.018353213 
-0.022571933 0.0049334957 -0.023820556 -0.0017093144 -0.017198618 
-0.022571934 0.0049334959 -0.023452402 -0.0029291562 -0.020672864 
-0.022571934 0.0049335027 -0.022958627 -0.0033765692 -0.022261686 
-0.022724283 0.0088084099 -0.017102556 0.021701664 -0.014623221 
-0.022724282 0.0088083875 -0.018390639 0.020185832 -0.005875679 
-0.022724282 0.0088083882 -0.01841722 0.018643657 -0.011199 
-0.022724282 0.0088083768 -0.018942673 0.016244111 -0.011767698 
-0.022724282 0.0088083608 -0.019496826 0.013581466 -0.012398159 
-0.022724282 0.0088083489 -0.01991981 0.010596158 -0.01503514 
-0.022724282 0.0088083432 -0.019820979 0.0082403272 -0.021799507 
-0.022724282 0.0088083329 -0.020060851 0.0058854321 -0.022594277 
-0.022724282 0.008808333 -0.019641284 0.004818448 -0.026691946 
-0.022724282 0.008808338 -0.019255002 0.0040173634 -0.027584006 
-0.022876631 0.012683265 -0.012178741 0.02449484 -0.010438799 
-0.022876631 0.012683241 -0.013431015 0.023285872 -0.0015222179 
-0.022876631 0.012683249 -0.013179578 0.022380092 -0.0096062465 
-0.022876631 0.012683237 -0.013731342 0.020364197 -0.010791145 
-0.02287663 0.012683223 -0.014282914 0.017889938 -0.01329942 
-0.02287663 0.012683219 -0.014481337 0.01532628 -0.01957798 
-0.02287663 0.01268321 -0.014488219 0.013153405 -0.026002132 
-0.02287663 0.012683199 -0.01469666 0.011103395 -0.027397789 
-0.022876631 0.012683199 -0.014339073 0.0098473958 -0.031937708 
-0.022876631 0.012683205 -0.013992618 0.0087746092 -0.032851099 
-0.02302898 0.01655815 -0.0059255828 0.023995328 -0.0053414663 
-0.023028979 0.016558127 -0.0070377678 0.023162303 0.0028236793 
-0.023028979 0.016558138 -0.0067419731 0.022502032 -0.0063104812 
-0.023028979 0.016558131 -0.0071369035 0.020936442 -0.0099556809 
-0.023028979 0.016558125 -0.0074270528 0.019080627 -0.015690371 
-0.023028979 0.016558117 -0.007727986 0.016721325 -0.021522889 
-0.023028979 0.016558116 -0.007513686 0.014975996 -0.030799947 
-0.023028979 0.016558104 -0.007713538 0.013113288 -0.033025542 
-0.023028979 0.016558106 -0.0074406716 0.011572656 -0.038119441 
-0.023028979 0.016558108 -0.0075439944 0.0095572242 -0.035927324 
-0.023181328 0.02043306 0.0013859718 0.019516204 0.00050752707 
-0.023181328 0.020433038 0.0003430232 0.018986437 0.0085506325 
-0.023181328 0.02043305 0.00071644531 0.01883538 -0.0010346396 
-0.023181328 0.020433054 0.00069164226 0.017859427 -0.008700972 
-0.023181328 0.020433048 0.00040578013 0.016302891 -0.014598061 
-0.023181328 0.02043305 0.00046765281 0.014827726 -0.023513907 
-0.023181328 0.020433053 0.00075971413 0.013310642 -0.034420757 
-0.023181328 0.020433045 0.00044852987 0.011045198 -0.037850366 
-0.023181329 0.02043305 0.00074467331 0.0096132791 -0.043789933 
-0.023181329 0.020433055 0.00077330471 0.0080938971 -0.042467975 
-0.023333677 0.024307989 0.0094772839 0.010731331 0.0062119942 
-0.023333677 0.024307978 0.0089313239 0.010965433 0.01033508 
-0.023333677 0.024307978 0.0088362337 0.010676064 0.0057223191 
-0.023333677 0.024307989 0.0090756101 0.010354902 -0.0038211371 
-0.023333677 0.024307994 0.009221537 0.0097420673 -0.013071033 
-0.023333678 0.024308001 0.0092465512 0.0081166502 -0.023133366 
-0.023333678 0.024308008 0.0095250859 0.0066985503 -0.035151609 
-0.023333678 0.024308014 0.0096350526 0.005154453 -0.04318167 
-0.023333678 0.024308022 0.0099348587 0.0038333042 -0.050235989 
-0.023333678 0.024308015 0.0095765278 0.0020457302 -0.046512925 
-0.023486026 0.028182926 0.017960444 -0.002827137 0.010978669 
-0.023486027 0.02818294 0.018055276 -0.002718075 0.0079135279 
-0.023486027 0.028182938 0.018160354 -0.0017428681 0.0041532226 
-0.023486027 0.028182949 0.018506851 -0.001365867 -0.0056028671 
-0.023486027 0.028182956 0.018611003 -0.0017762298 -0.014880505 
-0.023486027 0.028182972 0.018886616 -0.0028419001 -0.027860703 
-0.023486027 0.028182979 0.018921649 -0.0043642156 -0.038970484 
-0.023486027 0.028182995 0.019416868 -0.0051148014 -0.051665074 
-0.023486027 0.028182998 0.019521803 -0.0062829005 -0.057756718 
-0.023486027 0.028183003 0.019474966 -0.0080534029 -0.060034851 
-0.023638376 0.032057856 0.026787397 -0.019728356 0.012993473 
-0.023638376 0.032057907 0.027236521 -0.02178188 0.001552338 
-0.023638376 0.032057915 0.027615764 -0.02061679 -0.0048084689 
-0.023638376 0.032057924 0.028117555 -0.019295704 -0.015035115 
-0.023638376 0.032057935 0.028448113 -0.018610438 -0.025760677 
-0.023638377 0.032057949 0.028667164 -0.019266199 -0.038045957 
-0.023638377 0.032057962 0.028971515 -0.019640187 -0.050915037 
-0.023638377 0.03205797 0.0290814 -0.020463022 -0.061627801 
-0.023638377 0.032057983 0.029494776 -0.021219465 -0.071784621 
-0.023638377 0.03205802 0.030360835 -0.022530565 -0.086343438 
-0.023790724 0.035932707 0.036379145 -0.033520728 0.019587444 
-0.023790725 0.035932778 0.0371437 -0.037177248 0.0021735634 
-0.023790725 0.035932852 0.038354264 -0.039082253 -0.019085408 
-0.023790726 0.035932896 0.039112776 -0.040285829 -0.038509361 
-0.023790726 0.035932914 0.039586011 -0.038980379 -0.050339764 
-0.023790726 0.035932928 0.039576651 -0.039856134 -0.061135338 
-0.023790726 0.03593293 0.038936133 -0.04153337 -0.067210947 
-0.023790726 0.035932946 0.038788058 -0.042885066 -0.079381267 
-0.023790726 0.035932938 0.03798396 -0.044874681 -0.078900809 
-0.023790726 0.035932961 0.037242689 -0.048878678 -0.086470341 
