-0.020896124 -0.03768933 0.045380946 0.041027209 -0.074180409 
-0.021048468 -0.033814533 0.029633279 0.019854151 -0.033149111 
-0.021200813 -0.029939721 0.016162666 0.004202922 -0.011337021 
-0.021353159 -0.026064904 0.0043061847 -0.0055496628 0.0014942493 
-0.021505505 -0.022190082 -0.0050837623 -0.0094352098 0.0013039336 
-0.021657851 -0.018315246 -0.01366704 -0.0098550612 0.0077996043 
-0.021810197 -0.014440417 -0.019516333 -0.0063252866 0.0069778755 
-0.021962544 -0.010565597 -0.023324703 -0.00014616217 0.0064431746 
-0.022114891 -0.0066907855 -0.025279785 0.0077895767 0.0079230837 
-0.022267239 -0.0028159766 -0.025306097 0.017090102 0.0096433038 
-0.022419586 0.0010588326 -0.023309729 0.027219017 0.0086250414 
-0.022571934 0.0049336524 -0.020274305 0.035959963 0.012076509 
-0.022724282 0.0088084909 -0.01634175 0.041682247 0.019742342 
-0.02287663 0.012683354 -0.01138798 0.042894202 0.029548778 
-0.023028979 0.016558238 -0.0053349172 0.039243348 0.040140265 
-0.023181328 0.020433141 0.0015315078 0.030457426 0.052316086 
-0.023333677 0.024308059 0.0089928818 0.016744945 0.064665868 
-0.023486026 0.028182979 0.017284333 -0.0010475248 0.070339305 
-0.023638375 0.032057897 0.026199978 -0.023532984 0.065710046 
-0.023790724 0.035932806 0.03508106 -0.05214687 0.051484269 
-0.020896123 -0.037689323 0.043786357 0.029024421 0.0059408122 
-0.021048468 -0.03381452 0.028820759 0.016065988 -0.021931198 
-0.021200813 -0.029939722 0.016315618 0.0030119873 -0.01368499 
-0.021353159 -0.026064904 0.0046373722 -0.0062868947 -0.0039838521 
-0.021505505 -0.022190073 -0.005559031 -0.010822405 0.0022151133 
-0.021657851 -0.01831524 -0.013778353 -0.011004543 0.0049793483 
-0.021810197 -0.014440412 -0.019974234 -0.007609506 0.0072258503 
-0.021962544 -0.010565593 -0.023890175 -0.0014192497 0.0076696068 
-0.022114891 -0.0066907824 -0.025752943 0.0068110373 0.0084716748 
-0.022267239 -0.0028159765 -0.025508913 0.016759347 0.0079287105 
-0.022419586 0.0010588281 -0.023459968 0.027491898 0.0064864139 
-0.022571934 0.0049336448 -0.020539118 0.036437906 0.010728614 
-0.022724282 0.0088084825 -0.016672114 0.04211573 0.018850253 
-0.02287663 0.012683344 -0.011631949 0.04342666 0.028140501 
-0.023028979 0.016558229 -0.0056179464 0.039682557 0.039809107 
-0.023181328 0.020433134 0.0011428843 0.030834016 0.054155307 
-0.023333677 0.024308054 0.0087080625 0.017236659 0.067038143 
-0.023486026 0.028182982 0.01747822 -0.0010984887 0.070092584 
-0.023638376 0.032057917 0.027287063 -0.026927069 0.062081631 
-0.023790725 0.03593284 0.03737896 -0.066718206 0.053508271 
-0.020896123 -0.03768933 0.043093804 0.028445939 0.01659437 
-0.021048467 -0.033814514 0.027932082 0.014450977 -0.010083082 
-0.021200813 -0.029939712 0.016033564 0.0015337111 -0.0083039883 
-0.021353159 -0.026064892 0.0045251625 -0.0081762496 -0.001005511 
-0.021505505 -0.022190062 -0.0054529799 -0.012588421 0.0025214072 
-0.021657851 -0.01831523 -0.013749129 -0.013049077 0.005292448 
-0.021810197 -0.014440405 -0.019967387 -0.0096211217 0.0068952655 
-0.021962544 -0.010565588 -0.023912404 -0.0033007079 0.0068151379 
-0.022114891 -0.00669078 -0.025608259 0.0052867791 0.0053452377 
-0.022267239 -0.0028159802 -0.025358908 0.015540151 0.0039119764 
-0.022419586 0.0010588186 -0.023672633 0.026003958 0.0048523044 
-0.022571934 0.0049336308 -0.020978058 0.034727429 0.010426337 
-0.022724282 0.008808465 -0.017007403 0.040573908 0.017078868 
-0.02287663 0.012683326 -0.01202907 0.041977982 0.026640174 
-0.023028979 0.016558212 -0.0061234816 0.038505599 0.039352157 
-0.023181328 0.020433116 0.00068629599 0.030294736 0.053562923 
-0.023333677 0.024308033 0.0084726994 0.017911624 0.064674708 
-0.023486026 0.028182962 0.017208074 0.001151218 0.066833397 
-0.023638376 0.032057907 0.027060258 -0.022052133 0.05633157 
-0.023790725 0.035932853 0.037787093 -0.065643645 0.044229551 
-0.020896123 -0.037689311 0.043132986 0.028566055 0.0093486946 
-0.021048467 -0.033814502 0.028339384 0.013331029 -0.0096409803 
-0.021200813 -0.029939696 0.016071704 -0.00036056503 -0.0040724837 
-0.021353159 -0.026064875 0.0048576934 -0.0098015109 -0.00020213048 
-0.021505505 -0.022190049 -0.0047793767 -0.014260408 -0.00063723924 
-0.021657851 -0.01831522 -0.013150276 -0.014602967 0.0018019852 
-0.021810198 -0.014440396 -0.019366715 -0.011427545 0.0021305063 
-0.021962544 -0.010565582 -0.023127967 -0.0049939687 -0.00089448484 
-0.022114891 -0.0066907791 -0.024930454 0.0037100298 -0.0026079088 
-0.022267239 -0.0028159843 -0.02515707 0.013623653 -0.0009806044 
-0.022419586 0.0010588097 -0.023623055 0.023980327 0.00015096435 
-0.022571934 0.0049336186 -0.020846716 0.032773244 0.0039844896 
-0.022724282 0.0088084515 -0.01707114 0.038356979 0.011590779 
-0.02287663 0.01268331 -0.012165032 0.039991106 0.021230834 
-0.023028979 0.016558195 -0.0061569326 0.037074641 0.032635938 
-0.023181328 0.020433102 0.00076495261 0.029234559 0.045707659 
-0.023333677 0.024308023 0.0086952908 0.017235672 0.056103697 
-0.023486026 0.028182956 0.017514913 0.0012436917 0.058679606 
-0.023638376 0.0320579 0.027226864 -0.019381499 0.050001693 
-0.023790725 0.035932859 0.038699867 -0.05762237 0.033364814 
-0.020896123 -0.037689314 0.044385962 0.031493534 -0.0069155234 
-0.021048468 -0.033814492 0.028795531 0.012801303 -0.0074773794 
-0.021200813 -0.029939681 0.016748264 -0.0019193906 -0.0043907818 
-0.021353159 -0.02606486 0.005088022 -0.012187347 0.0028301744 
-0.021505505 -0.022190035 -0.0045936527 -0.016809757 0.0018846553 
-0.021657851 -0.01831521 -0.012763527 -0.017424729 0.0012278323 
-0.021810198 -0.01444039 -0.018892838 -0.01433301 -0.00063886307 
-0.021962544 -0.010565579 -0.022961533 -0.0082001069 -0.0023177793 
-0.022114891 -0.0066907826 -0.024867983 0.00075139111 -0.0046347897 
-0.022267239 -0.0028159924 -0.025028302 0.010939102 -0.0051637314 
-0.022419586 0.0010588016 -0.023725937 0.020860619 -0.0031966217 
-0.022571934 0.0049336067 -0.02095942 0.029595853 -0.00046810157 
-0.022724282 0.0088084329 -0.017092022 0.035513926 0.0051463181 
-0.02287663 0.012683288 -0.012354361 0.037245954 0.015454381 
-0.023028979 0.01655817 -0.0064566596 0.034596351 0.027103131 
-0.023181328 0.020433078 0.00069806138 0.027639924 0.037345945 
-0.023333677 0.024308002 0.0086801146 0.016238352 0.046849758 
-0.023486026 0.028182939 0.017371029 0.00051023925 0.051266529 
-0.023638376 0.032057882 0.026698252 -0.0194666 0.046519248 
-0.023790725 0.035932815 0.037067437 -0.054110548 0.039876432 
-0.020896123 -0.037689314 0.044963417 0.032952569 -0.016145415 
-0.021048468 -0.033814489 0.029183644 0.012290257 -0.0034776494 
-0.021200813 -0.029939669 0.016786232 -0.0035155223 0.0023387457 
-0.021353159 -0.026064848 0.0055106491 -0.013955049 0.0051921323 
-0.021505505 -0.022190024 -0.0043073244 -0.018987474 0.004550993 
-0.021657851 -0.0183152 -0.012193742 -0.019949026 -7.6079625e-05 
-0.021810198 -0.014440384 -0.018401016 -0.017144028 -0.0027987682 
-0.021962544 -0.01056558 -0.022370944 -0.010624854 -0.0070239491 
-0.022114892 -0.0066907851 -0.02443238 -0.0016958329 -0.0095702354 
-0.022267239 -0.0028159945 -0.024758665 0.008182077 -0.010117193 
-0.022419587 0.0010587962 -0.023403134 0.018135856 -0.010069165 
-0.022571934 0.0049335973 -0.02076692 0.026667049 -0.007615527 
-0.022724282 0.0088084222 -0.017134932 0.032236623 -0.0011853429 
-0.022876631 0.012683276 -0.012289892 0.034328051 0.0070629472 
-0.023028979 0.016558157 -0.0062550491 0.032349742 0.016560136 
-0.023181328 0.020433064 0.00081941118 0.025995339 0.02699608 
-0.023333677 0.024307992 0.0087978958 0.015230162 0.035998324 
-0.023486026 0.028182935 0.017567947 9.7111362e-05 0.039467229 
-0.023638376 0.032057883 0.02698704 -0.019036969 0.033811215 
-0.023790725 0.035932806 0.036407168 -0.051362369 0.03104283 
-0.020896123 -0.037689301 0.045838791 0.034232032 -0.027100133 
-0.021048468 -0.033814481 0.029725337 0.011922772 -0.0016039393 
-0.021200813 -0.029939663 0.01743004 -0.0042510588 0.0033910662 
-0.021353159 -0.026064841 0.0058430387 -0.01526798 0.0086178175 
-0.021505505 -0.022190018 -0.0036847579 -0.020788983 0.0044481592 
-0.021657851 -0.018315197 -0.011690905 -0.022042618 -0.00030154284 
-0.021810198 -0.014440386 -0.017766007 -0.019259694 -0.0057985503 
-0.021962544 -0.010565585 -0.021939911 -0.012921999 -0.0097393622 
-0.022114892 -0.0066907913 -0.024204673 -0.0043590141 -0.012021189 
-0.022267239 -0.0028160029 -0.024661974 0.0052322578 -0.012847717 
-0.022419586 0.0010587858 -0.023603698 0.014644914 -0.011527265 
-0.022571934 0.0049335855 -0.021214618 0.02267491 -0.008271448 
-0.022724282 0.0088084098 -0.017518196 0.028326795 -0.003703617 
-0.022876631 0.012683263 -0.012545863 0.030860919 0.0023631902 
-0.023028979 0.016558147 -0.006443609 0.02944406 0.010472037 
-0.023181328 0.020433057 0.0007236785 0.023840578 0.019531561 
-0.023333677 0.024307986 0.0088442586 0.013928421 0.026733544 
-0.023486026 0.028182931 0.017703711 -0.00042178907 0.029279271 
-0.023638376 0.032057879 0.027026691 -0.018754958 0.025362918 
-0.023790724 0.035932789 0.035839609 -0.047362761 0.027813985 
-0.020896124 -0.037689289 0.046744752 0.034430171 -0.036841751 
-0.021048468 -0.03381448 0.029667236 0.011819482 0.0058228077 
-0.021200813 -0.029939658 0.017563715 -0.0049055564 0.0087908004 
-0.021353159 -0.026064834 0.0063195857 -0.016053856 0.010327907 
-0.021505505 -0.022190013 -0.0031970648 -0.022009184 0.005490739 
-0.021657851 -0.018315196 -0.011227075 -0.023420833 -1.439116e-05 
-0.021810198 -0.014440387 -0.017268538 -0.020754841 -0.0072020537 
-0.021962544 -0.010565588 -0.021588256 -0.014834052 -0.011236324 
-0.022114892 -0.0066907969 -0.023961231 -0.0066756253 -0.01377044 
-0.022267239 -0.0028160104 -0.024613292 0.0024789511 -0.013932317 
-0.022419586 0.0010587775 -0.023738569 0.011483171 -0.012140489 
-0.022571934 0.0049335781 -0.021389844 0.019335102 -0.0097836369 
-0.022724282 0.0088084028 -0.017664545 0.025079061 -0.0066475807 
-0.022876631 0.012683255 -0.012760897 0.027776172 -0.00090048034 
-0.023028979 0.016558138 -0.0066254723 0.026846032 0.0062959587 
-0.023181328 0.020433049 0.00072945401 0.022050638 0.013113583 
-0.023333677 0.024307977 0.0088816124 0.012772132 0.019395355 
-0.023486026 0.028182924 0.017796663 -0.00091195878 0.021158784 
-0.023638376 0.032057873 0.027009032 -0.018927322 0.017953431 
-0.023790724 0.035932767 0.035573489 -0.043713091 0.023632247 
-0.020896124 -0.037689262 0.048012519 0.033531077 -0.052766816 
-0.021048468 -0.033814476 0.029848916 0.011966466 0.0087375888 
-0.021200813 -0.029939656 0.017486209 -0.0049065876 0.015009298 
-0.021353159 -0.026064833 0.0067296382 -0.016157632 0.011774186 
-0.021505505 -0.022190013 -0.0030509798 -0.022513096 0.0089982899 
-0.021657851 -0.018315198 -0.011040287 -0.024280838 0.0024205594 
-0.021810198 -0.014440392 -0.017306662 -0.022103982 -0.0035144339 
-0.021962544 -0.010565595 -0.021597256 -0.016477019 -0.0085291775 
-0.022114891 -0.0066908061 -0.023985181 -0.0085862576 -0.011473889 
-0.022267239 -0.0028160208 -0.024789497 0.00017462028 -0.010962951 
-0.022419586 0.0010587663 -0.024010034 0.0089204751 -0.009264548 
-0.022571934 0.0049335681 -0.021657798 0.016715613 -0.0080671246 
-0.022724282 0.0088083948 -0.017933048 0.022461831 -0.0060984508 
-0.022876631 0.012683249 -0.012985389 0.02529888 -0.0017111422 
-0.023028979 0.016558135 -0.0066669853 0.024826404 0.0031479321 
-0.023181328 0.020433047 0.00081026935 0.020449075 0.0080243773 
-0.023333677 0.024307978 0.0089901479 0.011545015 0.013338685 
-0.023486026 0.028182923 0.017861886 -0.0016693517 0.015321435 
-0.023638376 0.032057865 0.027008969 -0.018748093 0.013869892 
-0.023790724 0.035932746 0.036421228 -0.037017686 0.017592959 
-0.020896124 -0.037689245 0.04941446 0.033275284 -0.069960992 
-0.021048468 -0.033814463 0.03101993 0.01245408 -0.0020891887 
-0.021200813 -0.02993965 0.018173143 -0.0040041443 0.010865693 
-0.021353159 -0.02606483 0.0073385953 -0.015126261 0.0089825172 
-0.021505505 -0.022190009 -0.0020325676 -0.021242356 0.002251997 
-0.021657852 -0.018315195 -0.0098500913 -0.023109699 -0.0061015165 
-0.021810198 -0.014440389 -0.016076915 -0.021151456 -0.012393486 
-0.021962545 -0.010565592 -0.020388573 -0.015868914 -0.017126401 
-0.022114892 -0.0066908008 -0.022952617 -0.0085161518 -0.018706791 
-0.022267239 -0.0028160144 -0.023865898 -0.00015068206 -0.017918191 
-0.022419587 0.0010587745 -0.023107743 0.0084131229 -0.016917464 
-0.022571935 0.0049335799 -0.020782835 0.016074908 -0.016334704 
-0.022724283 0.0088084099 -0.017102556 0.021701664 -0.014623221 
-0.022876631 0.012683265 -0.012178741 0.02449484 -0.010438799 
-0.02302898 0.01655815 -0.0059255828 0.023995328 -0.0053414663 
-0.023181328 0.02043306 0.0013859718 0.019516204 0.00050752707 
-0.023333677 0.024307989 0.0094772839 0.010731331 0.0062119942 
-0.023486026 0.028182926 0.017960444 -0.002827137 0.010978669 
-0.023638376 0.032057856 0.026787397 -0.019728356 0.012993473 
-0.023790724 0.035932707 0.036379145 -0.033520728 0.019587444 
