-0.0238669 0.03787037 0.04333229 -0.066621764 -0.0068459418 
-0.0238669 0.037870364 0.043159755 -0.065166322 -0.0029008471 
-0.0238669 0.037870361 0.043323655 -0.063430626 -0.0047622113 
-0.0238669 0.037870363 0.043428077 -0.06197911 -0.009441134 
-0.0238669 0.03787036 0.043164336 -0.061147089 -0.013126965 
-0.0238669 0.037870365 0.043085915 -0.060494865 -0.020401095 
-0.0238669 0.037870368 0.042788372 -0.060573957 -0.026851043 
-0.0238669 0.037870369 0.042589862 -0.060511433 -0.032865512 
-0.0238669 0.037870374 0.042678196 -0.060471194 -0.039688643 
-0.0238669 0.037870375 0.042651931 -0.06097926 -0.043191976 
-0.0238669 0.037870363 0.043155998 -0.065989144 -0.0021863609 
-0.0238669 0.037870365 0.043393099 -0.063857913 -0.0020952633 
-0.0238669 0.037870361 0.043487422 -0.062196972 -0.0037035119 
-0.0238669 0.037870359 0.043388578 -0.060892796 -0.0067797307 
-0.0238669 0.037870364 0.043352891 -0.059796443 -0.012968933 
-0.0238669 0.037870372 0.043265815 -0.059264738 -0.020850599 
-0.0238669 0.037870373 0.042901609 -0.059292953 -0.026722529 
-0.0238669 0.037870377 0.042811777 -0.059183706 -0.034091792 
-0.0238669 0.037870383 0.042894271 -0.059332578 -0.041323676 
-0.0238669 0.037870383 0.042882729 -0.06006199 -0.045672171 
-0.0238669 0.037870361 0.043320877 -0.064038689 -0.0042342268 
-0.0238669 0.037870361 0.043487683 -0.062139207 -0.0037536681 
-0.0238669 0.037870355 0.043396206 -0.060735623 -0.0039897933 
-0.0238669 0.037870358 0.043342345 -0.059550099 -0.0081110287 
-0.0238669 0.037870369 0.043433803 -0.058512424 -0.016128443 
-0.0238669 0.037870378 0.043337219 -0.058123795 -0.024357582 
-0.0238669 0.037870384 0.04319383 -0.057937818 -0.03230428 
-0.0238669 0.037870389 0.043178626 -0.057841713 -0.040476524 
-0.0238669 0.037870392 0.043215594 -0.058025623 -0.047191522 
-0.0238669 0.037870392 0.043250544 -0.058766427 -0.052236012 
-0.0238669 0.037870363 0.043425988 -0.062436556 -0.0090439839 
-0.0238669 0.037870359 0.043388864 -0.060828614 -0.0068354676 
-0.0238669 0.037870358 0.043342432 -0.059530381 -0.0081281698 
-0.0238669 0.037870369 0.04350803 -0.058265796 -0.014874818 
-0.023866901 0.037870384 0.04366787 -0.057422857 -0.024415892 
-0.023866901 0.037870395 0.043693326 -0.056934487 -0.033961781 
-0.023866901 0.037870403 0.043681223 -0.056639006 -0.043196623 
-0.023866901 0.037870407 0.04366331 -0.056537571 -0.051270611 
-0.023866901 0.03787041 0.043781391 -0.056615179 -0.058787037 
-0.023866901 0.037870412 0.043915809 -0.057257315 -0.064837804 
-0.0238669 0.03787036 0.043162856 -0.061470962 -0.012845859 
-0.0238669 0.037870364 0.043353109 -0.059746657 -0.013012177 
-0.0238669 0.037870369 0.043433892 -0.058491405 -0.016146736 
-0.023866901 0.037870384 0.043667887 -0.057418206 -0.024419957 
-0.023866901 0.037870401 0.043926825 -0.056519032 -0.035186599 
-0.023866901 0.037870417 0.04415363 -0.055799226 -0.046688274 
-0.023866901 0.037870424 0.044169841 -0.055469964 -0.056155247 
-0.023866901 0.037870431 0.044306102 -0.055234156 -0.065780865 
-0.023866901 0.037870437 0.04455571 -0.055297597 -0.074994971 
-0.023866901 0.037870437 0.044646613 -0.05589363 -0.080202963 
-0.0238669 0.037870365 0.043084946 -0.060706019 -0.020217927 
-0.0238669 0.037870372 0.043265944 -0.059233775 -0.020877512 
-0.0238669 0.037870378 0.043337288 -0.058106175 -0.024372952 
-0.023866901 0.037870395 0.043693343 -0.056928999 -0.033966612 
-0.023866901 0.037870417 0.044153633 -0.055797757 -0.046689592 
-0.023866901 0.037870432 0.04441172 -0.0550061 -0.058339365 
-0.023866901 0.037870443 0.044595365 -0.054592158 -0.069563147 
-0.023866901 0.037870451 0.044803335 -0.054352512 -0.080033594 
-0.023866901 0.037870457 0.045086967 -0.05432487 -0.089426136 
-0.023866901 0.037870458 0.045185806 -0.054949272 -0.094552326 
-0.0238669 0.037870368 0.042787814 -0.060693136 -0.026747787 
-0.0238669 0.037870373 0.042901656 -0.059279698 -0.026734074 
-0.0238669 0.037870384 0.043193873 -0.057925137 -0.032315398 
-0.023866901 0.037870403 0.043681235 -0.056633775 -0.043201275 
-0.023866901 0.037870424 0.044169843 -0.055467768 -0.056157242 
-0.023866901 0.037870443 0.044595365 -0.054591271 -0.069563963 
-0.023866901 0.037870456 0.044875152 -0.054095795 -0.081638011 
-0.023866901 0.037870464 0.045117161 -0.05381212 -0.092467791 
-0.023866902 0.037870475 0.045505356 -0.05385675 -0.10333314 
-0.023866902 0.037870481 0.045704042 -0.0545768 -0.10980493 
-0.0238669 0.037870369 0.042589621 -0.060558273 -0.032825107 
-0.0238669 0.037870377 0.042811769 -0.059182157 -0.034093179 
-0.0238669 0.037870389 0.043178642 -0.05783415 -0.040483227 
-0.023866901 0.037870407 0.043663315 -0.056533421 -0.051274364 
-0.023866901 0.037870431 0.0443061 -0.055231983 -0.065782881 
-0.023866901 0.037870451 0.044803333 -0.054351233 -0.080034794 
-0.023866901 0.037870464 0.04511716 -0.05381148 -0.092468393 
-0.023866902 0.037870479 0.045518989 -0.05361117 -0.10556962 
-0.023866902 0.037870491 0.045901574 -0.053727972 -0.11624714 
-0.023866902 0.037870494 0.045967915 -0.054571532 -0.12112937 
-0.0238669 0.037870374 0.04267815 -0.060472832 -0.0396875 
-0.0238669 0.037870383 0.042894252 -0.059331808 -0.04132439 
-0.0238669 0.037870392 0.043215604 -0.058017648 -0.047198589 
-0.023866901 0.03787041 0.043781398 -0.056608529 -0.058792973 
-0.023866901 0.037870437 0.044555707 -0.055294467 -0.074997837 
-0.023866901 0.037870457 0.045086958 -0.054324442 -0.089426629 
-0.023866902 0.037870475 0.045505345 -0.053857926 -0.10333221 
-0.023866902 0.037870491 0.045901565 -0.053729949 -0.11624547 
-0.023866902 0.037870501 0.046114461 -0.054101136 -0.12514587 
-0.023866902 0.037870504 0.046168696 -0.055155763 -0.13018941 
-0.0238669 0.037870375 0.042652034 -0.060945423 -0.043221639 
-0.0238669 0.037870383 0.042882748 -0.060051673 -0.045681059 
-0.0238669 0.037870392 0.043250565 -0.058755005 -0.052245841 
-0.023866901 0.037870413 0.043915871 -0.057233745 -0.064858138 
-0.023866901 0.037870437 0.044646694 -0.055862969 -0.080229369 
-0.023866901 0.037870458 0.045185888 -0.05491696 -0.094580071 
-0.023866902 0.037870481 0.045704114 -0.05454603 -0.10983125 
-0.023866902 0.037870494 0.045967976 -0.054543141 -0.12115358 
-0.023866902 0.037870504 0.046168758 -0.055126991 -0.13021389 
-0.023866902 0.037870515 0.046407371 -0.056314958 -0.13749154 
