-0.020896124 -0.037689249 0.049434591 0.032119314 -0.058466052 
-0.021048468 -0.033814464 0.031025103 0.01216293 0.00078711618 
-0.021200813 -0.02993965 0.018173523 -0.0040274761 0.011098686 
-0.021353159 -0.02606483 0.0073385365 -0.015124198 0.0089627305 
-0.021505505 -0.022190009 -0.0020326042 -0.021241511 0.0022440966 
-0.021657852 -0.018315195 -0.0098501172 -0.023109505 -0.0061025674 
-0.021810198 -0.014440389 -0.01607694 -0.021151322 -0.012393524 
-0.021962545 -0.010565592 -0.020388595 -0.015868759 -0.017126394 
-0.022114892 -0.0066908008 -0.022952637 -0.0085159952 -0.018706822 
-0.022267239 -0.0028160144 -0.023865917 -0.00015054556 -0.017918242 
-0.022419587 0.0010587745 -0.02310776 0.0084132382 -0.016917492 
-0.022571935 0.0049335799 -0.02078285 0.016075009 -0.016334673 
-0.022724283 0.0088084099 -0.017102569 0.02170174 -0.014623111 
-0.022876631 0.012683265 -0.01217875 0.024494895 -0.010438612 
-0.02302898 0.01655815 -0.0059255855 0.023995781 -0.0053415559 
-0.023181328 0.02043306 0.001385981 0.019518075 0.00050627106 
-0.023333677 0.024307989 0.0094773174 0.010736632 0.0062077974 
-0.023486026 0.028182926 0.017960403 -0.002852575 0.011001323 
-0.023638376 0.032057855 0.026783019 -0.020814971 0.013939353 
-0.023790724 0.035932706 0.036366222 -0.037039333 0.022659957 
-0.020896123 -0.037689263 0.04751222 0.032721517 -0.042075062 
-0.021048468 -0.033814469 0.031038808 0.01205991 0.0017803866 
-0.021200814 -0.029939654 0.018114159 -0.0046630587 0.01280299 
-0.021353159 -0.026064833 0.0067860125 -0.016359856 0.014576217 
-0.021505505 -0.022190014 -0.0028825835 -0.022991716 0.0097742461 
-0.021657851 -0.018315203 -0.010934559 -0.025124839 0.0030484637 
-0.021810197 -0.014440398 -0.017196811 -0.023197044 -0.0030672226 
-0.021962544 -0.010565602 -0.021526061 -0.017975959 -0.0077358796 
-0.022114891 -0.0066908133 -0.024087022 -0.010647925 -0.0097231743 
-0.022267239 -0.0028160297 -0.024957408 -0.0021279315 -0.0098398084 
-0.022419586 0.0010587573 -0.024210613 0.0066194081 -0.0093385359 
-0.022571934 0.0049335618 -0.02195335 0.014419004 -0.0086901531 
-0.022724282 0.0088083875 -0.018390652 0.020185883 -0.0058755808 
-0.022876631 0.012683241 -0.013431024 0.023285665 -0.0015218324 
-0.023028979 0.016558127 -0.0070377735 0.02316189 0.0028243286 
-0.023181328 0.020433038 0.00034302784 0.018987854 0.0085497504 
-0.023333677 0.024307978 0.0089314737 0.011004795 0.010301162 
-0.023486027 0.02818294 0.018056957 -0.0023099288 0.0075588631 
-0.023638376 0.032057907 0.027237023 -0.02157268 0.0013697178 
-0.023790725 0.035932778 0.037140428 -0.038074663 0.002971173 
-0.020896123 -0.037689271 0.045685966 0.033805593 -0.022672573 
-0.021048468 -0.033814476 0.031092469 0.012785383 0.0055387196 
-0.021200814 -0.029939662 0.018411792 -0.004374599 0.014000795 
-0.021353159 -0.026064841 0.0069902105 -0.01649607 0.015860936 
-0.021505505 -0.022190024 -0.002749354 -0.023489512 0.010788679 
-0.021657851 -0.018315212 -0.010859188 -0.025982734 0.0036247187 
-0.021810198 -0.014440406 -0.017069704 -0.024411582 -0.0040134171 
-0.021962544 -0.010565609 -0.021374857 -0.019594503 -0.010143597 
-0.022114891 -0.0066908189 -0.023957933 -0.012569155 -0.013224226 
-0.022267239 -0.0028160355 -0.024936443 -0.0042037569 -0.013451742 
-0.022419586 0.001058752 -0.024321449 0.0045170217 -0.01273346 
-0.022571934 0.004933558 -0.022111773 0.012471214 -0.012389647 
-0.022724282 0.0088083882 -0.01841723 0.018643795 -0.011199042 
-0.022876631 0.012683249 -0.013179586 0.022379964 -0.0096059766 
-0.023028979 0.016558138 -0.0067419818 0.022500356 -0.0063087585 
-0.023181328 0.02043305 0.00071638644 0.018819484 -0.0010204764 
-0.023333677 0.024307978 0.008835888 0.010590899 0.0057966876 
-0.023486027 0.028182938 0.018160939 -0.0016197363 0.0040466295 
-0.023638376 0.032057915 0.02761599 -0.020490924 -0.0049178258 
-0.023790726 0.035932852 0.03835835 -0.037865961 -0.020117331 
-0.020896123 -0.037689285 0.045507684 0.03543372 -0.015738012 
-0.021048468 -0.033814487 0.031100304 0.013150702 0.012269856 
-0.021200814 -0.029939673 0.018464434 -0.0042465566 0.020012628 
-0.021353159 -0.026064854 0.0070714719 -0.016772776 0.020574022 
-0.021505505 -0.022190036 -0.0028003514 -0.024364123 0.015356021 
-0.021657851 -0.018315223 -0.010981689 -0.027574498 0.0072644758 
-0.021810197 -0.014440418 -0.017291769 -0.026847164 -0.0011104433 
-0.021962544 -0.010565622 -0.021733081 -0.02274255 -0.0075729774 
-0.022114891 -0.0066908329 -0.024426592 -0.016058693 -0.010939564 
-0.022267238 -0.0028160513 -0.025507054 -0.0077122338 -0.011265069 
-0.022419586 0.0010587366 -0.024946771 0.001201831 -0.010991619 
-0.022571934 0.0049335444 -0.022720282 0.0095259623 -0.011577025 
-0.022724282 0.0088083768 -0.018942682 0.016244318 -0.011767857 
-0.022876631 0.012683237 -0.013731346 0.020364846 -0.0107916 
-0.023028979 0.016558131 -0.0071368894 0.020940559 -0.0099590402 
-0.023181328 0.020433054 0.00069169427 0.017871038 -0.0087107724 
-0.023333677 0.024307989 0.0090753855 0.01030131 -0.0037743109 
-0.023486027 0.028182949 0.018507084 -0.0013280042 -0.0056354987 
-0.023638376 0.032057924 0.028117328 -0.019301599 -0.015029677 
-0.023790726 0.035932898 0.039120761 -0.037789214 -0.040645002 
-0.020896123 -0.037689294 0.046656674 0.038014843 -0.019997476 
-0.021048469 -0.033814494 0.031718898 0.014142603 0.013883455 
-0.021200814 -0.029939681 0.018872049 -0.0038194049 0.02360982 
-0.021353159 -0.026064862 0.0073182335 -0.017015542 0.024672324 
-0.021505505 -0.022190044 -0.0027187045 -0.02552469 0.019336603 
-0.021657851 -0.018315232 -0.011055078 -0.029798907 0.010775756 
-0.021810197 -0.014440429 -0.017495545 -0.030032322 0.0017260454 
-0.021962544 -0.010565632 -0.021984265 -0.026495139 -0.0059627171 
-0.022114891 -0.0066908446 -0.024720126 -0.019958001 -0.010154364 
-0.022267238 -0.0028160652 -0.025908761 -0.011492133 -0.010346429 
-0.022419586 0.001058722 -0.025426018 -0.0022582445 -0.010143491 
-0.022571934 0.0049335303 -0.023197464 0.0065246979 -0.01166435 
-0.022724282 0.0088083608 -0.019496833 0.013581378 -0.012398102 
-0.02287663 0.012683223 -0.014282922 0.01788913 -0.013298642 
-0.023028979 0.016558125 -0.0074270573 0.019080031 -0.01568968 
-0.023181328 0.020433048 0.00040583724 0.016315585 -0.014608856 
-0.023333677 0.024307994 0.009221425 0.009715928 -0.013048117 
-0.023486027 0.028182956 0.018611123 -0.0017624379 -0.014892399 
-0.023638376 0.032057935 0.028447629 -0.018701659 -0.025681364 
-0.023790726 0.035932915 0.039595037 -0.035936054 -0.052943521 
-0.020896124 -0.037689308 0.047615892 0.040411504 -0.019021428 
-0.021048469 -0.033814499 0.032180433 0.014905468 0.017889212 
-0.021200814 -0.029939687 0.019256709 -0.0036726796 0.027575222 
-0.02135316 -0.02606487 0.0075704614 -0.017597738 0.028753084 
-0.021505505 -0.022190055 -0.0025419398 -0.027009853 0.022553497 
-0.021657851 -0.018315245 -0.011025266 -0.032334972 0.013545356 
-0.021810197 -0.014440441 -0.017518493 -0.033341805 0.0031400772 
-0.021962544 -0.010565644 -0.022105551 -0.030300949 -0.0052258205 
-0.022114891 -0.00669086 -0.025061837 -0.024017572 -0.0084901694 
-0.022267238 -0.0028160802 -0.026332972 -0.015382254 -0.008796624 
-0.022419585 0.0010587073 -0.025850359 -0.0057163604 -0.0093678057 
-0.022571933 0.0049335143 -0.023679285 0.0033682159 -0.011624204 
-0.022724282 0.0088083489 -0.019919814 0.010596342 -0.015035333 
-0.02287663 0.012683219 -0.014481341 0.015326052 -0.019577731 
-0.023028979 0.016558117 -0.0077279961 0.016719167 -0.02152089 
-0.023181328 0.02043305 0.00046768841 0.014835361 -0.02352036 
-0.023333678 0.024308001 0.0092464978 0.0081042955 -0.023122455 
-0.023486027 0.028182972 0.018886688 -0.0028370226 -0.027864966 
-0.023638377 0.032057949 0.028666596 -0.019401645 -0.037928798 
-0.023790726 0.035932929 0.039584964 -0.036770206 -0.063770196 
-0.020896125 -0.037689325 0.049094976 0.044273318 -0.023847431 
-0.021048469 -0.033814503 0.033094081 0.016399525 0.017012948 
-0.021200814 -0.029939692 0.019996053 -0.0029590016 0.027530608 
-0.02135316 -0.026064879 0.0081784058 -0.01782976 0.02891137 
-0.021505505 -0.022190065 -0.0019574189 -0.028072 0.02167636 
-0.021657851 -0.018315254 -0.010353578 -0.033997158 0.010438868 
-0.021810197 -0.014440451 -0.016972816 -0.035647882 -0.00032802561 
-0.021962544 -0.010565656 -0.021762231 -0.033161472 -0.0083860061 
-0.022114891 -0.006690869 -0.024774376 -0.02696065 -0.012231484 
-0.022267238 -0.0028160886 -0.026065855 -0.018040909 -0.012877605 
-0.022419586 0.0010586989 -0.0256212 -0.0081443444 -0.014096692 
-0.022571934 0.0049335097 -0.02343296 0.0010227759 -0.018353304 
-0.022724282 0.0088083432 -0.019820981 0.0082404624 -0.02179965 
-0.02287663 0.01268321 -0.014488219 0.013153645 -0.026002308 
-0.023028979 0.016558116 -0.0075136931 0.014974376 -0.030798459 
-0.023181328 0.020433053 0.00075973263 0.013314501 -0.03442398 
-0.023333678 0.024308008 0.0095250616 0.0066931025 -0.035146728 
-0.023486027 0.028182979 0.018921696 -0.0043629782 -0.038971649 
-0.023638377 0.032057962 0.028970974 -0.019792899 -0.050783586 
-0.023790726 0.035932931 0.038942996 -0.038695254 -0.069629154 
-0.020896125 -0.037689333 0.049385154 0.04662838 -0.020759968 
-0.021048469 -0.033814502 0.033441858 0.017033815 0.018563996 
-0.021200815 -0.029939694 0.020177057 -0.0029826101 0.030551916 
-0.02135316 -0.026064882 0.0085274916 -0.018313067 0.030098586 
-0.021505505 -0.022190069 -0.0015315822 -0.029044029 0.021720649 
-0.021657851 -0.018315258 -0.0098957618 -0.035446542 0.0093713701 
-0.021810197 -0.014440456 -0.016636733 -0.037675813 -0.0014542368 
-0.021962544 -0.010565664 -0.021614894 -0.035583975 -0.0085408667 
-0.022114891 -0.0066908783 -0.024676543 -0.029316467 -0.012167008 
-0.022267238 -0.0028160961 -0.025916941 -0.020217442 -0.014007189 
-0.022419585 0.0010586879 -0.025732589 -0.010578053 -0.014125565 
-0.022571933 0.0049334957 -0.023820558 -0.0017093219 -0.017198655 
-0.022724282 0.0088083329 -0.020060852 0.0058854535 -0.022594308 
-0.02287663 0.012683199 -0.014696659 0.011103666 -0.027398007 
-0.023028979 0.016558104 -0.0077135417 0.013112422 -0.033024742 
-0.023181328 0.020433045 0.00044853801 0.011046908 -0.037851774 
-0.023333678 0.024308014 0.0096350422 0.0051524311 -0.043179818 
-0.023486027 0.028182995 0.0194169 -0.0051151114 -0.051664946 
-0.023638377 0.03205797 0.02908094 -0.020617286 -0.06149566 
-0.023790726 0.035932947 0.038793399 -0.04046057 -0.081443522 
-0.020896125 -0.037689346 0.050450972 0.049908943 -0.024270733 
-0.02104847 -0.033814505 0.034132011 0.018444035 0.015526132 
-0.021200815 -0.029939696 0.020682856 -0.0025514714 0.028800561 
-0.02135316 -0.026064885 0.0091023683 -0.017998065 0.027908629 
-0.021505506 -0.02219007 -0.00083291854 -0.028911425 0.018478254 
-0.021657851 -0.018315263 -0.0093057669 -0.035750056 0.0070933171 
-0.021810197 -0.014440461 -0.01604961 -0.038244825 -0.0039136494 
-0.021962544 -0.010565667 -0.020917377 -0.036079065 -0.011904333 
-0.022114891 -0.0066908819 -0.02400668 -0.029827846 -0.015434522 
-0.022267238 -0.0028161024 -0.025513936 -0.021199207 -0.015984569 
-0.022419586 0.001058683 -0.02548972 -0.011937318 -0.015950098 
-0.022571934 0.0049334959 -0.023452402 -0.0029291589 -0.020672875 
-0.022724282 0.008808333 -0.019641284 0.0048184343 -0.026691938 
-0.022876631 0.012683199 -0.014339072 0.0098475447 -0.031937829 
-0.023028979 0.016558106 -0.0074406733 0.011572279 -0.0381191 
-0.023181329 0.02043305 0.00074467617 0.0096139124 -0.043790455 
-0.023333678 0.024308022 0.0099348548 0.0038328799 -0.050235578 
-0.023486027 0.028182998 0.019521823 -0.0062835757 -0.057756263 
-0.023638377 0.032057983 0.029494425 -0.021358048 -0.071666395 
-0.023790726 0.035932938 0.037987579 -0.043169244 -0.080350481 
-0.020896126 -0.037689371 0.050478216 0.053287127 -0.02197822 
-0.02104847 -0.033814522 0.034496022 0.021406163 0.013624898 
-0.021200815 -0.029939701 0.021150859 -0.00083990055 0.025949884 
-0.02135316 -0.026064887 0.0095429056 -0.016848749 0.025835453 
-0.021505506 -0.022190072 -0.00046154445 -0.028199029 0.01762671 
-0.021657851 -0.018315264 -0.0089119809 -0.035226384 0.0068786633 
-0.021810198 -0.014440462 -0.015576447 -0.037644426 -0.0037270053 
-0.021962544 -0.010565669 -0.020460924 -0.035457613 -0.010823621 
-0.022114891 -0.0066908868 -0.023681006 -0.029500641 -0.013422262 
-0.022267238 -0.002816104 -0.025210496 -0.021281266 -0.014939402 
-0.022419586 0.0010586861 -0.025127077 -0.012319916 -0.016291663 
-0.022571934 0.0049335027 -0.022958627 -0.0033765692 -0.022261686 
-0.022724282 0.008808338 -0.019255002 0.0040173634 -0.027584006 
-0.022876631 0.012683205 -0.013992618 0.0087746092 -0.032851099 
-0.023028979 0.016558108 -0.0075439944 0.0095572242 -0.035927324 
-0.023181329 0.020433055 0.00077330471 0.0080938971 -0.042467975 
-0.023333678 0.024308015 0.0095765278 0.0020457302 -0.046512925 
-0.023486027 0.028183003 0.019474966 -0.0080534029 -0.060034851 
-0.023638377 0.03205802 0.030360835 -0.022530565 -0.086343438 
-0.023790726 0.035932961 0.037242689 -0.048878678 -0.086470341 
