-0.020896124 -0.03768933 0.045380946 0.041027209 -0.074180409 
-0.020896122 -0.037689271 0.043572237 0.04185167 -0.12209958 
-0.020896122 -0.037689277 0.042880932 0.041196772 -0.11068003 
-0.020896122 -0.037689269 0.042961223 0.038847579 -0.093264209 
-0.020896123 -0.037689284 0.044260307 0.039004715 -0.081858268 
-0.020896123 -0.037689293 0.044878705 0.038005851 -0.066541133 
-0.020896123 -0.037689289 0.045788545 0.037223194 -0.056911663 
-0.020896123 -0.037689283 0.046723633 0.035690715 -0.049396175 
-0.020896124 -0.037689263 0.048015691 0.033362608 -0.051091874 
-0.020896124 -0.037689249 0.049434591 0.032119314 -0.058466052 
-0.021048468 -0.033814533 0.029633279 0.019854151 -0.033149111 
-0.021048468 -0.033814517 0.028807086 0.016885568 -0.030113017 
-0.021048467 -0.033814511 0.027920124 0.015167928 -0.017240887 
-0.021048467 -0.033814499 0.028330685 0.013852784 -0.01485055 
-0.021048468 -0.033814491 0.028789405 0.013168826 -0.011147566 
-0.021048468 -0.033814488 0.029179329 0.012549224 -0.0060646227 
-0.021048468 -0.033814481 0.029722278 0.012106517 -0.0034409864 
-0.021048468 -0.03381448 0.029665159 0.011944947 0.0045653031 
-0.021048468 -0.033814476 0.029848476 0.011997134 0.0084203209 
-0.021048468 -0.033814464 0.031025103 0.01216293 0.00078711618 
-0.021200813 -0.029939721 0.016162666 0.004202922 -0.011337021 
-0.021200813 -0.029939722 0.016314553 0.003075649 -0.01432032 
-0.021200813 -0.029939712 0.016032984 0.0015682066 -0.0086480373 
-0.021200813 -0.029939695 0.016071567 -0.00035279035 -0.0041496023 
-0.021200813 -0.029939681 0.016748296 -0.0019220621 -0.0043632802 
-0.021200813 -0.029939669 0.016786281 -0.0035196911 0.0023818301 
-0.021200813 -0.029939663 0.017430014 -0.004251389 0.0033969954 
-0.021200813 -0.029939657 0.017563397 -0.0048895752 0.0086358916 
-0.021200813 -0.029939656 0.017485255 -0.0048544236 0.014495489 
-0.021200813 -0.02993965 0.018173523 -0.0040274761 0.011098686 
-0.021353159 -0.026064904 0.0043061847 -0.0055496628 0.0014942493 
-0.021353159 -0.026064904 0.0046372005 -0.0062766473 -0.0040861557 
-0.021353159 -0.026064892 0.0045250819 -0.0081715439 -0.0010525165 
-0.021353159 -0.026064875 0.0048577011 -0.0098022121 -0.0001952711 
-0.021353159 -0.02606486 0.0050880652 -0.012190286 0.0028591498 
-0.021353159 -0.026064848 0.0055107116 -0.013959189 0.0052328003 
-0.021353159 -0.026064841 0.0058431453 -0.01527469 0.008683855 
-0.021353159 -0.026064834 0.006319722 -0.016062402 0.010412344 
-0.021353159 -0.026064833 0.0067294725 -0.016149219 0.011691062 
-0.021353159 -0.02606483 0.0073385365 -0.015124198 0.0089627305 
-0.021505505 -0.022190082 -0.0050837623 -0.0094352098 0.0013039336 
-0.021505505 -0.022190073 -0.0055590645 -0.010820471 0.0021958563 
-0.021505505 -0.022190062 -0.0054530028 -0.012587272 0.0025100068 
-0.021505505 -0.022190049 -0.00477939 -0.014260066 -0.00064055712 
-0.021505505 -0.022190035 -0.0045936685 -0.016809522 0.0018824674 
-0.021505505 -0.022190024 -0.0043073505 -0.018986868 0.0045452464 
-0.021505505 -0.022190018 -0.0036847809 -0.020788688 0.0044455822 
-0.021505505 -0.022190013 -0.003197038 -0.022011802 0.005516983 
-0.021505505 -0.022190013 -0.0030509967 -0.022513271 0.009000314 
-0.021505505 -0.022190009 -0.0020326042 -0.021241511 0.0022440966 
-0.021657851 -0.018315246 -0.01366704 -0.0098550612 0.0077996043 
-0.021657851 -0.01831524 -0.013778359 -0.011004264 0.0049765732 
-0.021657851 -0.01831523 -0.013749135 -0.013048934 0.0052910347 
-0.021657851 -0.01831522 -0.013150283 -0.014603002 0.0018023619 
-0.021657851 -0.01831521 -0.012763536 -0.017424834 0.0012290405 
-0.021657851 -0.0183152 -0.012193758 -0.019948932 -7.6623503e-05 
-0.021657851 -0.018315197 -0.011690932 -0.022042078 -0.000306284 
-0.021657851 -0.018315196 -0.011227094 -0.023420946 -1.2564997e-05 
-0.021657851 -0.018315198 -0.011040305 -0.024281079 0.0024237038 
-0.021657852 -0.018315195 -0.0098501172 -0.023109505 -0.0061025674 
-0.021810197 -0.014440417 -0.019516333 -0.0063252866 0.0069778755 
-0.021810197 -0.014440412 -0.019974236 -0.0076094559 0.0072253722 
-0.021810197 -0.014440405 -0.019967391 -0.0096210739 0.0068948514 
-0.021810198 -0.014440396 -0.019366722 -0.011427522 0.0021304642 
-0.021810198 -0.01444039 -0.018892849 -0.014333009 -0.0006384649 
-0.021810198 -0.014440384 -0.018401029 -0.017144037 -0.0027980002 
-0.021810198 -0.014440386 -0.017766027 -0.019259529 -0.0057992943 
-0.021810198 -0.014440387 -0.01726856 -0.020754671 -0.0072027064 
-0.021810198 -0.014440392 -0.017306684 -0.022103933 -0.0035137529 
-0.021810198 -0.014440389 -0.01607694 -0.021151322 -0.012393524 
-0.021962544 -0.010565597 -0.023324703 -0.00014616217 0.0064431746 
-0.021962544 -0.010565593 -0.023890176 -0.0014192377 0.0076695311 
-0.021962544 -0.010565588 -0.023912408 -0.0033006902 0.0068150981 
-0.021962544 -0.010565582 -0.023127974 -0.004993926 -0.00089454831 
-0.021962544 -0.010565579 -0.022961544 -0.0082000315 -0.0023178686 
-0.021962544 -0.01056558 -0.022370957 -0.010624781 -0.007023748 
-0.021962544 -0.010565585 -0.021939928 -0.012921892 -0.0097393124 
-0.021962544 -0.010565588 -0.021588276 -0.014833894 -0.01123658 
-0.021962544 -0.010565595 -0.021597278 -0.01647688 -0.0085290891 
-0.021962545 -0.010565592 -0.020388595 -0.015868759 -0.017126394 
-0.022114891 -0.0066907855 -0.025279785 0.0077895767 0.0079230837 
-0.022114891 -0.0066907824 -0.025752944 0.0068110441 0.0084716776 
-0.022114891 -0.00669078 -0.025608262 0.0052867982 0.005345276 
-0.022114891 -0.0066907791 -0.02493046 0.0037100834 -0.0026079219 
-0.022114891 -0.0066907826 -0.024867992 0.00075147729 -0.0046348387 
-0.022114892 -0.0066907851 -0.024432392 -0.0016957254 -0.0095702475 
-0.022114892 -0.0066907913 -0.024204689 -0.0043589006 -0.012021152 
-0.022114892 -0.0066907969 -0.02396125 -0.0066754746 -0.013770488 
-0.022114891 -0.0066908061 -0.023985201 -0.0085861039 -0.011473886 
-0.022114892 -0.0066908008 -0.022952637 -0.0085159952 -0.018706822 
-0.022267239 -0.0028159766 -0.025306097 0.017090102 0.0096433038 
-0.022267239 -0.0028159765 -0.025508914 0.016759358 0.0079287169 
-0.022267239 -0.0028159802 -0.025358911 0.015540182 0.0039119703 
-0.022267239 -0.0028159843 -0.025157075 0.013623721 -0.00098061221 
-0.022267239 -0.0028159924 -0.025028309 0.01093918 -0.0051637398 
-0.022267239 -0.0028159945 -0.024758676 0.0081822129 -0.010117246 
-0.022267239 -0.0028160029 -0.024661988 0.0052323492 -0.012847679 
-0.022267239 -0.0028160104 -0.024613308 0.0024791002 -0.013932332 
-0.022267239 -0.0028160208 -0.024789514 0.00017477002 -0.010962985 
-0.022267239 -0.0028160144 -0.023865917 -0.00015054556 -0.017918242 
-0.022419586 0.0010588326 -0.023309729 0.027219017 0.0086250414 
-0.022419586 0.0010588281 -0.023459969 0.027491919 0.0064863994 
-0.022419586 0.0010588186 -0.023672635 0.026003972 0.0048523181 
-0.022419586 0.0010588097 -0.023623059 0.023980448 0.00015090943 
-0.022419586 0.0010588016 -0.023725944 0.020860598 -0.0031965409 
-0.022419587 0.0010587962 -0.023403143 0.018136108 -0.010069289 
-0.022419586 0.0010587858 -0.02360371 0.01464493 -0.011527162 
-0.022419586 0.0010587775 -0.023738583 0.011483306 -0.012140512 
-0.022419586 0.0010587663 -0.02401005 0.0089206165 -0.0092645968 
-0.022419587 0.0010587745 -0.02310776 0.0084132382 -0.016917492 
-0.022571934 0.0049336524 -0.020274305 0.035959963 0.012076509 
-0.022571934 0.0049336448 -0.020539119 0.036437972 0.010728558 
-0.022571934 0.0049336308 -0.02097806 0.034727281 0.010426502 
-0.022571934 0.0049336186 -0.020846717 0.032773749 0.0039840981 
-0.022571934 0.0049336067 -0.020959429 0.029595255 -0.00046749508 
-0.022571934 0.0049335973 -0.020766925 0.026667723 -0.0076159905 
-0.022571934 0.0049335855 -0.021214629 0.022674836 -0.0082712715 
-0.022571934 0.0049335781 -0.021389857 0.01933516 -0.0097835929 
-0.022571934 0.0049335681 -0.021657812 0.016715732 -0.0080671246 
-0.022571935 0.0049335799 -0.02078285 0.016075009 -0.016334673 
-0.022724282 0.0088084909 -0.01634175 0.041682247 0.019742342 
-0.022724282 0.0088084825 -0.016672113 0.042116105 0.018849948 
-0.022724282 0.008808465 -0.017007411 0.040572569 0.01708007 
-0.022724282 0.0088084515 -0.01707113 0.038359819 0.01158838 
-0.022724282 0.0088084329 -0.01709204 0.035510965 0.0051490058 
-0.022724282 0.0088084222 -0.017134932 0.032238143 -0.0011865288 
-0.022724282 0.0088084098 -0.017518206 0.028326928 -0.0037035999 
-0.022724282 0.0088084028 -0.017664556 0.025078979 -0.006647359 
-0.022724282 0.0088083948 -0.01793306 0.022461874 -0.0060983146 
-0.022724283 0.0088084099 -0.017102569 0.02170174 -0.014623111 
-0.02287663 0.012683354 -0.01138798 0.042894202 0.029548778 
-0.02287663 0.012683344 -0.011631937 0.043429273 0.028138254 
-0.02287663 0.012683326 -0.012029112 0.041969001 0.026648013 
-0.02287663 0.01268331 -0.012164971 0.04000502 0.021218849 
-0.02287663 0.012683288 -0.012354408 0.03723658 0.015462657 
-0.022876631 0.012683276 -0.012289892 0.034329401 0.0070619421 
-0.022876631 0.012683263 -0.012545866 0.030861999 0.0023624571 
-0.022876631 0.012683255 -0.012760906 0.02777627 -0.00090032305 
-0.022876631 0.012683249 -0.012985398 0.025298876 -0.0017108886 
-0.022876631 0.012683265 -0.01217875 0.024494895 -0.010438612 
-0.023028979 0.016558238 -0.0053349172 0.039243348 0.040140265 
-0.023028979 0.016558229 -0.0056178655 0.039700363 0.03979366 
-0.023028979 0.016558212 -0.0061237114 0.038455472 0.039395745 
-0.023028979 0.016558195 -0.0061566952 0.037127088 0.032590513 
-0.023028979 0.01655817 -0.0064567356 0.034580355 0.027117184 
-0.023028979 0.016558157 -0.0062550735 0.032345267 0.016564249 
-0.023028979 0.016558147 -0.0064436096 0.029444936 0.010471565 
-0.023028979 0.016558138 -0.0066254738 0.02684679 0.0062956224 
-0.023028979 0.016558135 -0.0066669883 0.024826834 0.0031478758 
-0.02302898 0.01655815 -0.0059255855 0.023995781 -0.0053415559 
-0.023181328 0.020433141 0.0015315078 0.030457426 0.052316086 
-0.023181328 0.020433134 0.0011433883 0.030944463 0.054059424 
-0.023181328 0.020433115 0.0006852528 0.030066333 0.053761324 
-0.023181328 0.020433102 0.00076555125 0.02936596 0.045593677 
-0.023181328 0.020433078 0.0006981066 0.027649938 0.037337428 
-0.023181328 0.020433064 0.000819364 0.025985083 0.027005247 
-0.023181328 0.020433057 0.00072365712 0.023835904 0.019535941 
-0.023181328 0.020433049 0.0007294489 0.02204939 0.013115021 
-0.023181328 0.020433047 0.00081027224 0.020449519 0.0080243603 
-0.023181328 0.02043306 0.001385981 0.019518075 0.00050627106 
-0.023333677 0.024308059 0.0089928818 0.016744945 0.064665868 
-0.023333677 0.024308054 0.0087108286 0.017842567 0.066512032 
-0.023333677 0.024308032 0.0084690828 0.017119491 0.065362604 
-0.023333677 0.024308023 0.008695716 0.01732906 0.056022718 
-0.023333677 0.024308002 0.00868053 0.016328816 0.046771366 
-0.023333677 0.024307992 0.0087980367 0.015259846 0.035972779 
-0.023333677 0.024307986 0.0088442941 0.013934367 0.026728679 
-0.023333677 0.024307977 0.0088816189 0.012771071 0.019396631 
-0.023333677 0.024307978 0.0089901585 0.01154465 0.0133394 
-0.023333677 0.024307989 0.0094773174 0.010736632 0.0062077974 
-0.023486026 0.028182979 0.017284333 -0.0010475248 0.070339305 
-0.023486026 0.028182984 0.017491416 0.0017918623 0.067582784 
-0.023486026 0.028182962 0.017200725 -0.00045789289 0.068230713 
-0.023486026 0.028182956 0.017511836 0.00057155592 0.059263426 
-0.023486026 0.028182939 0.017370069 0.00030053704 0.051448834 
-0.023486026 0.028182935 0.017567636 2.6458612e-05 0.039528833 
-0.023486026 0.028182931 0.017703559 -0.00046187491 0.029314398 
-0.023486026 0.028182924 0.017796528 -0.00095376154 0.021195494 
-0.023486026 0.028182923 0.017861769 -0.0017115677 0.015358609 
-0.023486026 0.028182926 0.017960403 -0.002852575 0.011001323 
-0.023638375 0.032057897 0.026199978 -0.023532984 0.065710046 
-0.023638376 0.032057922 0.027340907 -0.015133631 0.05184087 
-0.023638376 0.032057908 0.027070827 -0.019734058 0.054318826 
-0.023638376 0.0320579 0.027225351 -0.019700662 0.050279425 
-0.023638375 0.032057881 0.026693531 -0.020485454 0.047404892 
-0.023638376 0.032057883 0.026981754 -0.020186949 0.034810937 
-0.023638376 0.032057879 0.0270215 -0.019905713 0.026363471 
-0.023638376 0.032057872 0.027004001 -0.020080109 0.018955956 
-0.023638376 0.032057865 0.027004164 -0.019896251 0.014868775 
-0.023638376 0.032057855 0.026783019 -0.020814971 0.013939353 
-0.023790724 0.035932806 0.03508106 -0.05214687 0.051484269 
-0.023790726 0.035932857 0.037562532 -0.026512069 0.018595415 
-0.023790726 0.03593287 0.037967604 -0.026097713 0.0098903937 
-0.023790726 0.035932872 0.038844905 -0.025804626 0.0057381595 
-0.023790725 0.035932824 0.037172991 -0.030892864 0.019720096 
-0.023790725 0.035932813 0.03647786 -0.035762193 0.017503689 
-0.023790725 0.035932793 0.035881407 -0.03814458 0.019818912 
-0.023790724 0.035932769 0.03559165 -0.039834683 0.020276013 
-0.023790724 0.035932746 0.036420696 -0.037511724 0.01803595 
-0.023790724 0.035932706 0.036366222 -0.037039333 0.022659957 
