273 332.98844 392.98129 452.98128 512.98842 
273 332.98845 392.9813 452.98129 512.98843 
273 332.98846 392.98131 452.9813 512.98844 
273 332.98846 392.98132 452.98132 512.98845 
273 332.98847 392.98133 452.98132 512.98845 
273 332.98847 392.98134 452.98133 512.98846 
273 332.98847 392.98134 452.98134 512.98846 
273 332.98847 392.98135 452.98134 512.98847 
273 332.98847 392.98134 452.98134 512.98846 
273 332.98846 392.98134 452.98133 512.98846 
273 332.98845 392.9813 452.98129 512.98843 
273 332.98845 392.9813 452.98129 512.98843 
273 332.98846 392.98132 452.98131 512.98844 
273 332.98846 392.98133 452.98132 512.98845 
273 332.98847 392.98133 452.98133 512.98845 
273 332.98847 392.98134 452.98134 512.98846 
273 332.98847 392.98135 452.98135 512.98847 
273 332.98847 392.98135 452.98135 512.98847 
273 332.98847 392.98134 452.98134 512.98846 
273 332.98847 392.98134 452.98133 512.98846 
273 332.98846 392.98131 452.9813 512.98844 
273 332.98846 392.98132 452.98131 512.98844 
273 332.98847 392.98133 452.98132 512.98845 
273 332.98847 392.98134 452.98133 512.98846 
273 332.98847 392.98134 452.98133 512.98846 
273 332.98847 392.98135 452.98134 512.98847 
273 332.98848 392.98136 452.98135 512.98847 
273 332.98848 392.98136 452.98135 512.98847 
273 332.98847 392.98135 452.98134 512.98847 
273 332.98847 392.98134 452.98134 512.98846 
273 332.98846 392.98132 452.98132 512.98845 
273 332.98846 392.98133 452.98132 512.98845 
273 332.98847 392.98134 452.98133 512.98846 
273 332.98847 392.98134 452.98134 512.98846 
273 332.98847 392.98134 452.98134 512.98846 
273 332.98847 392.98135 452.98134 512.98847 
273 332.98848 392.98136 452.98135 512.98847 
273 332.98848 392.98135 452.98135 512.98847 
273 332.98847 392.98135 452.98134 512.98847 
273 332.98847 392.98134 452.98134 512.98846 
273 332.98847 392.98133 452.98132 512.98845 
273 332.98847 392.98133 452.98133 512.98845 
273 332.98847 392.98134 452.98133 512.98846 
273 332.98847 392.98134 452.98134 512.98846 
273 332.98847 392.98134 452.98133 512.98846 
273 332.98847 392.98134 452.98134 512.98846 
273 332.98847 392.98135 452.98134 512.98847 
273 332.98847 392.98135 452.98134 512.98847 
273 332.98847 392.98134 452.98134 512.98846 
273 332.98846 392.98133 452.98133 512.98846 
273 332.98847 392.98134 452.98133 512.98846 
273 332.98847 392.98134 452.98134 512.98846 
273 332.98847 392.98135 452.98134 512.98847 
273 332.98847 392.98135 452.98134 512.98847 
273 332.98847 392.98134 452.98134 512.98846 
273 332.98847 392.98134 452.98133 512.98846 
273 332.98847 392.98134 452.98134 512.98846 
273 332.98847 392.98134 452.98134 512.98846 
273 332.98846 392.98133 452.98133 512.98846 
273 332.98846 392.98133 452.98133 512.98846 
273 332.98847 392.98134 452.98134 512.98846 
273 332.98847 392.98135 452.98135 512.98847 
273 332.98848 392.98136 452.98135 512.98847 
273 332.98848 392.98136 452.98135 512.98847 
273 332.98847 392.98135 452.98134 512.98847 
273 332.98847 392.98134 452.98134 512.98846 
273 332.98847 392.98134 452.98134 512.98846 
273 332.98847 392.98134 452.98134 512.98846 
273 332.98846 392.98133 452.98133 512.98846 
273 332.98846 392.98133 452.98132 512.98846 
273 332.98847 392.98135 452.98134 512.98847 
273 332.98847 392.98135 452.98135 512.98847 
273 332.98848 392.98136 452.98135 512.98847 
273 332.98848 392.98135 452.98135 512.98847 
273 332.98847 392.98135 452.98134 512.98847 
273 332.98847 392.98134 452.98134 512.98846 
273 332.98847 392.98134 452.98134 512.98846 
273 332.98847 392.98133 452.98133 512.98846 
273 332.98846 392.98132 452.98132 512.98845 
273 332.98845 392.98131 452.98131 512.98845 
273 332.98847 392.98134 452.98134 512.98846 
273 332.98847 392.98134 452.98134 512.98846 
273 332.98847 392.98135 452.98134 512.98847 
273 332.98847 392.98135 452.98134 512.98847 
273 332.98847 392.98134 452.98134 512.98846 
273 332.98846 392.98133 452.98133 512.98846 
273 332.98846 392.98133 452.98133 512.98846 
273 332.98846 392.98132 452.98132 512.98845 
273 332.98845 392.98131 452.98131 512.98845 
273 332.98844 392.9813 452.9813 512.98844 
273 332.98846 392.98134 452.98133 512.98846 
273 332.98847 392.98134 452.98133 512.98846 
273 332.98847 392.98134 452.98134 512.98846 
273 332.98847 392.98134 452.98134 512.98846 
273 332.98846 392.98133 452.98133 512.98846 
273 332.98846 392.98133 452.98133 512.98846 
273 332.98846 392.98133 452.98132 512.98846 
273 332.98845 392.98131 452.98131 512.98845 
273 332.98844 392.9813 452.9813 512.98844 
273 332.98844 392.9813 452.9813 512.98844 
