-0.02081995 -0.039626698 0.050926852 0.051151151 -0.07334927 
-0.02081995 -0.039626699 0.050675904 0.049882441 -0.06820373 
-0.02081995 -0.039626704 0.050581689 0.050141501 -0.06301417 
-0.02081995 -0.039626707 0.050666889 0.050410854 -0.057447116 
-0.02081995 -0.039626705 0.050664111 0.050038694 -0.049708308 
-0.02081995 -0.039626703 0.050930599 0.050185268 -0.044071414 
-0.02081995 -0.039626697 0.051159635 0.050039243 -0.038441486 
-0.02081995 -0.039626694 0.051287779 0.050322339 -0.03296308 
-0.02081995 -0.039626694 0.051544281 0.051182514 -0.031046222 
-0.02081995 -0.039626693 0.051644826 0.051793236 -0.030535969 
-0.02081995 -0.039626697 0.050671335 0.050156157 -0.070935907 
-0.02081995 -0.039626704 0.050638342 0.049811176 -0.067274259 
-0.02081995 -0.039626708 0.050512842 0.049959689 -0.061484347 
-0.02081995 -0.039626709 0.050491767 0.049734086 -0.054451435 
-0.02081995 -0.039626709 0.050720944 0.04966067 -0.048485912 
-0.02081995 -0.039626706 0.051091513 0.04964541 -0.04350096 
-0.02081995 -0.0396267 0.051257536 0.049363937 -0.036923757 
-0.02081995 -0.039626697 0.051500367 0.04985107 -0.032432101 
-0.02081995 -0.039626697 0.051785394 0.050788281 -0.030924593 
-0.02081995 -0.039626695 0.051878917 0.051754033 -0.030541203 
-0.02081995 -0.039626703 0.050578312 0.050343777 -0.065033208 
-0.02081995 -0.039626708 0.050513164 0.049940458 -0.061292513 
-0.02081995 -0.03962671 0.050323918 0.049613742 -0.054708533 
-0.02081995 -0.03962671 0.050467911 0.049275166 -0.049071401 
-0.02081995 -0.03962671 0.05088585 0.049377914 -0.044843842 
-0.02081995 -0.039626707 0.051297414 0.049353698 -0.040243079 
-0.02081995 -0.039626704 0.05160603 0.049567293 -0.035089294 
-0.02081995 -0.039626702 0.05190153 0.050272899 -0.031282814 
-0.02081995 -0.039626701 0.052092094 0.051289462 -0.028998446 
-0.02081995 -0.0396267 0.052213035 0.052451336 -0.028870281 
-0.02081995 -0.039626706 0.050664346 0.050563046 -0.058965988 
-0.02081995 -0.039626709 0.050492126 0.049712711 -0.054238261 
-0.02081995 -0.03962671 0.050468021 0.049268601 -0.049005886 
-0.02081995 -0.039626712 0.050850059 0.049306205 -0.045533345 
-0.02081995 -0.039626712 0.051417965 0.049548833 -0.042705943 
-0.02081995 -0.03962671 0.051909016 0.04984158 -0.038830093 
-0.020819951 -0.039626708 0.052292637 0.050400965 -0.034456093 
-0.020819951 -0.039626707 0.052540988 0.051224034 -0.030297855 
-0.020819951 -0.039626707 0.052746324 0.052535076 -0.028130518 
-0.020819951 -0.039626708 0.052924269 0.053956759 -0.02852925 
-0.02081995 -0.039626704 0.050662308 0.050146468 -0.050783591 
-0.02081995 -0.039626709 0.050721223 0.049644075 -0.048320508 
-0.02081995 -0.03962671 0.050885968 0.049370909 -0.044773958 
-0.02081995 -0.039626712 0.051417992 0.04954728 -0.042690446 
-0.020819951 -0.039626713 0.052069734 0.05003224 -0.04056559 
-0.020819951 -0.039626713 0.052689358 0.050776007 -0.03782988 
-0.020819951 -0.039626712 0.053057137 0.051495956 -0.033371541 
-0.020819951 -0.039626712 0.053395056 0.052725688 -0.030097397 
-0.020819951 -0.039626714 0.053723431 0.054367258 -0.029076263 
-0.020819951 -0.039626715 0.05381511 0.055737671 -0.028786418 
-0.02081995 -0.039626703 0.050929422 0.050255549 -0.04477233 
-0.02081995 -0.039626706 0.051091688 0.049635071 -0.043398021 
-0.02081995 -0.039626707 0.051297514 0.049347814 -0.040184424 
-0.02081995 -0.03962671 0.051909048 0.049839741 -0.038811753 
-0.020819951 -0.039626713 0.052689367 0.050775513 -0.037824938 
-0.020819951 -0.039626714 0.053288897 0.051664267 -0.034954638 
-0.020819951 -0.039626715 0.053793178 0.052748789 -0.031891558 
-0.020819951 -0.039626716 0.054173903 0.054220094 -0.029115769 
-0.020819951 -0.039626719 0.054479725 0.056018606 -0.027894208 
-0.020819951 -0.039626719 0.054586509 0.057360767 -0.027946274 
-0.02081995 -0.039626697 0.051158971 0.050078907 -0.038836888 
-0.02081995 -0.0396267 0.051257613 0.049359487 -0.036879598 
-0.02081995 -0.039626704 0.051606104 0.049563044 -0.035046979 
-0.020819951 -0.039626708 0.052292669 0.050399205 -0.034438549 
-0.020819951 -0.039626712 0.053057152 0.051495214 -0.033364123 
-0.020819951 -0.039626715 0.053793184 0.052748487 -0.031888548 
-0.020819951 -0.039626716 0.054342386 0.05409739 -0.029378083 
-0.020819951 -0.039626718 0.054719446 0.055728505 -0.026557972 
-0.020819952 -0.039626721 0.055191669 0.057642526 -0.026943882 
-0.020819952 -0.039626721 0.055474029 0.059043221 -0.028781695 
-0.02081995 -0.039626694 0.051287521 0.050337894 -0.033118154 
-0.02081995 -0.039626697 0.051500379 0.04985051 -0.032426797 
-0.02081995 -0.039626702 0.051901577 0.050270348 -0.031257458 
-0.020819951 -0.039626707 0.052541016 0.051222628 -0.030283852 
-0.020819951 -0.039626712 0.053395072 0.052724947 -0.030090007 
-0.020819951 -0.039626716 0.054173913 0.054219655 -0.029111407 
-0.020819951 -0.039626718 0.054719452 0.055728287 -0.026555792 
-0.020819952 -0.039626721 0.055341751 0.057555044 -0.026029631 
-0.020819952 -0.039626723 0.055858403 0.059310703 -0.027045686 
-0.020819952 -0.039626722 0.056024542 0.06043591 -0.028013761 
-0.02081995 -0.039626694 0.05154428 0.051182986 -0.031051117 
-0.02081995 -0.039626697 0.051785405 0.050787949 -0.030921827 
-0.02081995 -0.039626701 0.052092147 0.051286741 -0.028971666 
-0.020819951 -0.039626707 0.05274637 0.052532805 -0.028108151 
-0.020819951 -0.039626714 0.053723455 0.054366176 -0.029065644 
-0.020819951 -0.039626719 0.054479732 0.056018443 -0.027892629 
-0.020819952 -0.039626721 0.055191665 0.057642916 -0.026947692 
-0.020819952 -0.039626723 0.055858392 0.059311372 -0.027052216 
-0.020819952 -0.039626723 0.056273369 0.060668993 -0.027417711 
-0.020819952 -0.039626722 0.056475979 0.061787665 -0.029027609 
-0.02081995 -0.039626693 0.051645028 0.051781849 -0.030422982 
-0.02081995 -0.039626695 0.051878987 0.051750464 -0.030506804 
-0.02081995 -0.0396267 0.052213117 0.052447376 -0.028832229 
-0.020819951 -0.039626708 0.052924428 0.053948674 -0.028450808 
-0.020819951 -0.039626715 0.053815317 0.055727146 -0.028684428 
-0.020819951 -0.039626719 0.05458673 0.057349635 -0.027838837 
-0.020819952 -0.039626721 0.055474244 0.059032571 -0.028679426 
-0.020819952 -0.039626722 0.056024743 0.060426043 -0.027919433 
-0.020819952 -0.039626722 0.056476184 0.061777653 -0.028932049 
-0.020819952 -0.039626721 0.056927364 0.063167547 -0.033289171 
