/*--------------------------------*- C++ -*----------------------------------*\
| =========                 |                                                 |
| \\      /  F ield         | OpenFOAM: The Open Source CFD Toolbox           |
|  \\    /   O peration     | Version:  v2106                                 |
|   \\  /    A nd           | Website:  www.openfoam.com                      |
|    \\/     M anipulation  |                                                 |
\*---------------------------------------------------------------------------*/
FoamFile
{
    version     2.0;
    format      ascii;
    arch        "LSB;label=32;scalar=64";
    class       volVectorField;
    location    "0.7";
    object      U;
}
// * * * * * * * * * * * * * * * * * * * * * * * * * * * * * * * * * * * * * //

dimensions      [0 1 -1 0 0 0 0];

internalField   nonuniform List<vector> 
400
(
(0.000179637 0 0)
(0.000533656 0 0)
(0.000872289 0 0)
(0.00118633 0 0)
(0.00146786 0 0)
(0.00171044 0 0)
(0.00190922 0 0)
(0.00206075 0 0)
(0.00216279 0 0)
(0.00221405 0 0)
(0.00221394 0 0)
(0.00216246 0 0)
(0.00206022 0 0)
(0.00190851 0 0)
(0.0017096 0 0)
(0.00146692 0 0)
(0.00118538 0 0)
(0.000871407 0 0)
(0.000532978 0 0)
(0.000179348 0 0)
(0.000560236 0 0)
(0.00166423 0 0)
(0.00272002 0 0)
(0.00369879 0 0)
(0.00457578 0 0)
(0.00533105 0 0)
(0.0059496 0 0)
(0.00642089 0 0)
(0.00673816 0 0)
(0.00689751 0 0)
(0.0068972 0 0)
(0.00673725 0 0)
(0.00641941 0 0)
(0.00594763 0 0)
(0.0053287 0 0)
(0.00457319 0 0)
(0.00369616 0 0)
(0.00271761 0 0)
(0.0016624 0 0)
(0.000559469 0 0)
(0.00100615 0 0)
(0.00298857 0 0)
(0.00488353 0 0)
(0.0066389 0 0)
(0.0082102 0 0)
(0.00956194 0 0)
(0.0106678 0 0)
(0.0115095 0 0)
(0.0120757 0 0)
(0.01236 0 0)
(0.0123595 0 0)
(0.0120743 0 0)
(0.0115072 0 0)
(0.0106648 0 0)
(0.00955837 0 0)
(0.00820628 0 0)
(0.00663495 0 0)
(0.00487994 0 0)
(0.00298586 0 0)
(0.00100503 0 0)
(0.00156526 0 0)
(0.00464852 0 0)
(0.00759357 0 0)
(0.0103184 0 0)
(0.0127539 0 0)
(0.0148456 0 0)
(0.0165538 0 0)
(0.0178522 0 0)
(0.0187246 0 0)
(0.0191624 0 0)
(0.0191618 0 0)
(0.0187228 0 0)
(0.0178494 0 0)
(0.01655 0 0)
(0.014841 0 0)
(0.0127489 0 0)
(0.0103134 0 0)
(0.00758902 0 0)
(0.00464511 0 0)
(0.00156384 0 0)
(0.00229178 0 0)
(0.00680457 0 0)
(0.0111106 0 0)
(0.0150881 0 0)
(0.0186358 0 0)
(0.0216758 0 0)
(0.0241529 0 0)
(0.0260318 0 0)
(0.0272922 0 0)
(0.0279241 0 0)
(0.0279234 0 0)
(0.0272901 0 0)
(0.0260284 0 0)
(0.0241484 0 0)
(0.0216704 0 0)
(0.01863 0 0)
(0.0150822 0 0)
(0.0111052 0 0)
(0.00680058 0 0)
(0.00229012 0 0)
(0.00324895 0 0)
(0.00964347 0 0)
(0.0157365 0 0)
(0.0213525 0 0)
(0.0263481 0 0)
(0.0306158 0 0)
(0.0340831 0 0)
(0.0367061 0 0)
(0.038462 0 0)
(0.0393411 0 0)
(0.0393403 0 0)
(0.0384596 0 0)
(0.0367023 0 0)
(0.0340781 0 0)
(0.0306099 0 0)
(0.0263416 0 0)
(0.021346 0 0)
(0.0157306 0 0)
(0.00963902 0 0)
(0.00324708 0 0)
(0.00451184 0 0)
(0.0133864 0 0)
(0.0218271 0 0)
(0.0295851 0 0)
(0.0364617 0 0)
(0.042314 0 0)
(0.0470505 0 0)
(0.0506216 0 0)
(0.0530059 0 0)
(0.0541977 0 0)
(0.0541968 0 0)
(0.0530034 0 0)
(0.0506175 0 0)
(0.0470451 0 0)
(0.0423076 0 0)
(0.0364548 0 0)
(0.0295781 0 0)
(0.0218208 0 0)
(0.0133816 0 0)
(0.00450981 0 0)
(0.00617078 0 0)
(0.0182984 0 0)
(0.0298056 0 0)
(0.0403434 0 0)
(0.0496418 0 0)
(0.0575163 0 0)
(0.0638589 0 0)
(0.0686205 0 0)
(0.0717892 0 0)
(0.0733698 0 0)
(0.0733689 0 0)
(0.0717866 0 0)
(0.0686164 0 0)
(0.0638535 0 0)
(0.0575098 0 0)
(0.0496348 0 0)
(0.0403363 0 0)
(0.0297991 0 0)
(0.0182934 0 0)
(0.00616866 0 0)
(0.00833598 0 0)
(0.024701 0 0)
(0.04018 0 0)
(0.0542872 0 0)
(0.0666627 0 0)
(0.0770773 0 0)
(0.0854149 0 0)
(0.0916408 0 0)
(0.0957665 0 0)
(0.0978193 0 0)
(0.0978185 0 0)
(0.0957641 0 0)
(0.0916368 0 0)
(0.0854097 0 0)
(0.0770711 0 0)
(0.0666559 0 0)
(0.0542803 0 0)
(0.0401737 0 0)
(0.0246961 0 0)
(0.00833386 0 0)
(0.0111446 0 0)
(0.032991 0 0)
(0.0535678 0 0)
(0.0722027 0 0)
(0.0884258 0 0)
(0.101969 0 0)
(0.112727 0 0)
(0.120706 0 0)
(0.125967 0 0)
(0.128576 0 0)
(0.128575 0 0)
(0.125965 0 0)
(0.120703 0 0)
(0.112722 0 0)
(0.101963 0 0)
(0.0884196 0 0)
(0.0721965 0 0)
(0.0535621 0 0)
(0.0329865 0 0)
(0.0111426 0 0)
(0.0147729 0 0)
(0.0436723 0 0)
(0.0707359 0 0)
(0.0950379 0 0)
(0.115983 0 0)
(0.133287 0 0)
(0.146898 0 0)
(0.156908 0 0)
(0.163465 0 0)
(0.166703 0 0)
(0.166703 0 0)
(0.163463 0 0)
(0.156905 0 0)
(0.146894 0 0)
(0.133282 0 0)
(0.115978 0 0)
(0.0950327 0 0)
(0.070731 0 0)
(0.0436684 0 0)
(0.0147711 0 0)
(0.0194577 0 0)
(0.0574104 0 0)
(0.0926665 0 0)
(0.12396 0 0)
(0.150573 0 0)
(0.172262 0 0)
(0.189111 0 0)
(0.201372 0 0)
(0.209338 0 0)
(0.213254 0 0)
(0.213253 0 0)
(0.209337 0 0)
(0.201369 0 0)
(0.189108 0 0)
(0.172259 0 0)
(0.150569 0 0)
(0.123956 0 0)
(0.092663 0 0)
(0.0574075 0 0)
(0.0194562 0 0)
(0.0255386 0 0)
(0.0751356 0 0)
(0.120675 0 0)
(0.160447 0 0)
(0.193668 0 0)
(0.220269 0 0)
(0.240605 0 0)
(0.25521 0 0)
(0.264606 0 0)
(0.269197 0 0)
(0.269197 0 0)
(0.264606 0 0)
(0.255209 0 0)
(0.240604 0 0)
(0.220267 0 0)
(0.193667 0 0)
(0.160445 0 0)
(0.120673 0 0)
(0.0751338 0 0)
(0.0255376 0 0)
(0.0335435 0 0)
(0.0982387 0 0)
(0.156613 0 0)
(0.206437 0 0)
(0.24705 0 0)
(0.278825 0 0)
(0.302633 0 0)
(0.319453 0 0)
(0.330147 0 0)
(0.335334 0 0)
(0.335334 0 0)
(0.330148 0 0)
(0.319454 0 0)
(0.302633 0 0)
(0.278826 0 0)
(0.24705 0 0)
(0.206437 0 0)
(0.156613 0 0)
(0.0982383 0 0)
(0.033543 0 0)
(0.0443777 0 0)
(0.128965 0 0)
(0.203238 0 0)
(0.264549 0 0)
(0.312884 0 0)
(0.349578 0 0)
(0.376384 0 0)
(0.39495 0 0)
(0.406588 0 0)
(0.412185 0 0)
(0.412186 0 0)
(0.406589 0 0)
(0.394952 0 0)
(0.376386 0 0)
(0.34958 0 0)
(0.312886 0 0)
(0.264551 0 0)
(0.203239 0 0)
(0.128966 0 0)
(0.0443777 0 0)
(0.0597937 0 0)
(0.171239 0 0)
(0.264841 0 0)
(0.338392 0 0)
(0.393778 0 0)
(0.434218 0 0)
(0.462853 0 0)
(0.482225 0 0)
(0.49417 0 0)
(0.49986 0 0)
(0.49986 0 0)
(0.494171 0 0)
(0.482227 0 0)
(0.462856 0 0)
(0.434222 0 0)
(0.393782 0 0)
(0.338396 0 0)
(0.264845 0 0)
(0.171241 0 0)
(0.0597943 0 0)
(0.0837241 0 0)
(0.232461 0 0)
(0.34831 0 0)
(0.432871 0 0)
(0.492687 0 0)
(0.534253 0 0)
(0.562606 0 0)
(0.581277 0 0)
(0.592584 0 0)
(0.597914 0 0)
(0.597915 0 0)
(0.592586 0 0)
(0.58128 0 0)
(0.56261 0 0)
(0.534258 0 0)
(0.492692 0 0)
(0.432876 0 0)
(0.348315 0 0)
(0.232464 0 0)
(0.0837251 0 0)
(0.126678 0 0)
(0.327496 0 0)
(0.464587 0 0)
(0.554165 0 0)
(0.612417 0 0)
(0.650509 0 0)
(0.675409 0 0)
(0.691339 0 0)
(0.70081 0 0)
(0.705228 0 0)
(0.705229 0 0)
(0.700812 0 0)
(0.691342 0 0)
(0.675413 0 0)
(0.650514 0 0)
(0.612423 0 0)
(0.55417 0 0)
(0.464592 0 0)
(0.3275 0 0)
(0.126679 0 0)
(0.222405 0 0)
(0.48696 0 0)
(0.629523 0 0)
(0.708349 0 0)
(0.754251 0 0)
(0.782227 0 0)
(0.799724 0 0)
(0.810615 0 0)
(0.816983 0 0)
(0.819928 0 0)
(0.819929 0 0)
(0.816985 0 0)
(0.810618 0 0)
(0.799728 0 0)
(0.782231 0 0)
(0.754256 0 0)
(0.708353 0 0)
(0.629527 0 0)
(0.486963 0 0)
(0.222406 0 0)
(0.498534 0 0)
(0.768851 0 0)
(0.858912 0 0)
(0.89643 0 0)
(0.915222 0 0)
(0.92584 0 0)
(0.932231 0 0)
(0.936129 0 0)
(0.938384 0 0)
(0.939421 0 0)
(0.939421 0 0)
(0.938385 0 0)
(0.93613 0 0)
(0.932232 0 0)
(0.925841 0 0)
(0.915224 0 0)
(0.896432 0 0)
(0.858914 0 0)
(0.768853 0 0)
(0.498535 0 0)
)
;

boundaryField
{
    movingWall
    {
        type            fixedValue;
        value           uniform (1 0 0);
    }
    fixedWalls
    {
        type            noSlip;
    }
    frontAndBack
    {
        type            empty;
    }
}


// ************************************************************************* //
