/*--------------------------------*- C++ -*----------------------------------*\
  =========                 |
  \\      /  F ield         | OpenFOAM: The Open Source CFD Toolbox
   \\    /   O peration     | Website:  https://openfoam.org
    \\  /    A nd           | Version:  dev
     \\/     M anipulation  |
\*---------------------------------------------------------------------------*/
FoamFile
{
    format      ascii;
    class       volScalarField;
    location    "3";
    object      gradTy;
}
// * * * * * * * * * * * * * * * * * * * * * * * * * * * * * * * * * * * * * //

dimensions      [0 -1 0 1 0 0 0];

internalField   nonuniform List<scalar> 
5712
(
-0.000586318
-12.3299
6.19497e-06
-2.29294
2.70497e-05
-0.792038
0.000130249
-0.214304
-0.000111976
-1.17652
-0.00103606
-3.0666
-0.00138711
0.794339
-0.000789966
-7.71309
-6.94437e-05
1.84317e-08
0.000102287
0.00025387
4.90869e-05
2.81957e-08
-0.00117611
0.000106115
4.0521e-05
-8.40764e-05
0.648719
0.651118
2.36984e-05
-0.000219915
0.00479287
0.0690759
-0.00168314
-0.000111104
-0.00128173
-1.65595e-07
-0.000625254
-0.000586505
0.280485
-0.408869
-0.00818934
-0.00961771
0.283245
-0.301398
-0.00138165
-0.00183733
-0.418843
-0.372429
0.0141152
0.0118608
-0.709238
-0.788779
0.0311345
272.187
0.0317182
287.59
0.0223316
243.901
-1.07169
278.942
0.0102538
199.582
0.0141745
212.488
0.245482
204.506
0.840879
196.247
-2.55966e-08
-1.82291e-10
8.05764e-08
-1.15091e-10
-7.17769e-10
0
1.58016e-08
5.56488e-12
-0.00018638
5.58689e-07
-0.000203459
-1.52466e-09
-4.42675e-05
8.149e-10
3.8265e-05
1.29337e-09
-3.59294e-05
-1.3584e-09
-4.65621e-06
-4.52916e-11
-3.3136e-05
5.32837e-07
-5.92333e-05
3.93315e-07
0.0106224
209.761
0.0162293
223.366
0.0105334
204.001
0.0162816
232.698
0.0103652
206.152
0.0163735
224.723
0.0100853
198.234
0.0169046
233.451
0.0312609
0.0305864
272.048
271.98
0.0207246
0.0198096
246.714
247.328
0.0119819
0.0110528
213.54
212.238
-2.46104e-08
-1.56728e-11
-0.000211073
0.010272
195.447
-8.45812e-12
-2.21941e-08
-0.00021766
0.00562465
188.39
-7.05279e-14
-5.74499e-10
-1.24855e-06
0.0150886
242.54
0.000473254
1.35759e-08
4.11005e-05
-8.83145e-07
0.000417557
1.1712e-08
-0.000159608
3.91668e-06
0.000404629
1.11522e-08
-0.000170651
2.04846e-05
-5.06858e-14
1.21824e-14
-2.1189e-09
1.10954e-13
2.31285e-08
1.38418e-09
0.000646072
2.27049e-08
-0.000175838
6.91296e-05
-8.5237e-14
1.30857e-13
1.67357e-11
3.35066e-13
9.44163e-08
3.6123e-09
0.000946378
3.79969e-08
-0.000366108
5.19749e-05
7.21433e-11
2.50376e-13
5.64086e-11
4.32292e-13
0
-1.19431e-13
1.11772e-13
2.51412e-14
6.29435e-08
2.55349e-09
1.00023e-07
3.57431e-09
3.00504e-11
1.59629e-13
7.29387e-12
2.88225e-13
-4.81191e-14
1.30796e-13
-1.43486e-13
1.43058e-13
4.50797e-08
2.03687e-09
2.50493e-08
1.7644e-09
0.000572714
2.30611e-08
6.65059e-05
-6.08782e-06
0.000842903
3.34528e-08
0.000118618
-8.03578e-06
0.000453044
1.68428e-08
4.47097e-05
-5.44357e-06
0.000308067
1.26267e-08
5.16071e-05
-9.05384e-06
2.41251e-12
2.96934e-13
6.92405e-14
-3.11082e-11
2.13443e-13
1.55979e-13
-5.95168e-12
0
-1.01168e-13
2.87787e-10
-7.02694e-14
-9.08721e-14
-2.56759e-11
0
0
1.05307e-09
-3.35233e-13
-4.19222e-14
-1.15488e-14
-1.82861e-13
-3.24532e-14
1.62541e-14
-1.25083e-13
-2.95643e-14
3.8614e-14
1.38212e-13
-4.55305e-14
-7.08726e-11
-2.93833e-15
3.22568e-14
4.04827e-09
-3.73324e-12
-2.14712e-14
3.76709e-14
6.48332e-14
2.43696e-14
-8.7242e-14
7.52634e-14
-1.43482e-13
1.6152e-13
4.42222e-14
-4.74342e-14
1.35599e-10
-1.19553e-13
1.66815e-13
3.31312e-09
7.27893e-12
0
-7.08715e-10
2.50152e-13
-1.201e-07
-1.12833e-09
-1.94049e-07
3.99491e-09
-0.00124345
-1.21859e-07
2.64858e-13
-4.47803e-14
-2.38989e-13
6.54126e-14
1.90823e-13
9.73813e-14
-6.13389e-11
-8.4411e-13
-2.86838e-11
2.15981e-13
-4.29287e-13
-6.19751e-14
-2.03204e-13
0
2.73581e-08
8.25141e-09
0.000275281
3.74108e-05
-4.48036e-09
-4.90548e-09
1.02048e-11
8.84102e-12
-1.49647e-12
-7.73915e-13
1.59629e-15
-2.78021e-15
0
-4.78042e-14
-9.92594e-14
1.31534e-13
-8.61506e-14
7.09531e-14
3.57998e-13
-1.91448e-14
-6.37912e-14
2.7135e-14
-8.98924e-14
-4.88073e-14
5.89359e-14
3.10899e-14
1.18878e-13
-4.05709e-14
-1.18616e-13
5.09191e-14
4.44972e-13
7.53819e-14
-1.94946e-10
1.80673e-13
1.80052e-13
0
-3.46595e-14
5.46688e-14
1.84536e-10
-1.7812e-13
2.37595e-11
1.28499e-13
1.68442e-08
-5.62817e-11
1.80581e-09
-6.41281e-12
1.59646e-13
0
0
0
1.33755e-14
1.33079e-14
9.36937e-14
0
-8.2827e-14
1.1105e-13
3.18326e-14
5.10891e-14
-1.51777e-13
0
1.11449e-13
7.41014e-14
1.51214e-13
-4.91064e-14
4.42014e-14
-2.66897e-14
4.01795e-14
0
-6.73458e-15
1.40853e-14
-2.1874e-13
4.29125e-14
-1.34785e-13
6.77268e-14
0
0
0
0
7.49351e-14
1.86457e-13
0
1.3746e-14
0
9.91185e-14
7.11356e-14
1.75891e-13
7.22826e-14
-1.59357e-13
1.58688e-13
-2.6111e-14
7.78831e-14
-2.84945e-15
9.22372e-14
4.08178e-14
4.38062e-14
-3.41425e-14
-6.2283e-15
-3.34792e-14
3.47416e-14
-7.61071e-14
-5.47607e-14
0
5.9015e-14
0
-1.68996e-14
1.39383e-13
8.52713e-14
-1.79487e-13
-5.54769e-14
-1.13022e-13
0
-2.56039e-14
3.20072e-14
3.19039e-14
5.08712e-14
-9.18942e-14
-3.42464e-14
-3.9513e-14
-1.44583e-13
-6.43237e-14
4.43958e-14
-4.31887e-14
-9.20794e-15
1.20515e-13
-1.49804e-14
-4.0667e-14
8.73405e-14
-1.87404e-13
-8.21457e-15
-9.40212e-14
1.23085e-13
-9.72092e-14
-1.36599e-13
2.6128e-13
1.46965e-14
4.16875e-14
-2.1461e-13
2.16536e-13
-1.91148e-13
2.39143e-14
-1.03895e-13
-4.77871e-14
2.60301e-14
2.86972e-13
-2.02585e-13
0
-1.20512e-13
0
1.05759e-13
1.31043e-13
-1.08126e-13
-8.63772e-14
-1.35754e-13
0
-1.22849e-13
0
3.30718e-14
-1.50103e-13
2.52231e-14
3.55219e-14
1.51607e-13
0
1.48485e-13
4.76484e-15
-6.57644e-14
1.48462e-13
-1.85584e-13
-3.46203e-14
-2.27686e-14
1.06721e-13
-1.29983e-13
2.07015e-13
-5.03558e-14
1.51753e-13
1.64999e-13
-4.68463e-14
6.81541e-14
7.54064e-14
3.21146e-14
-5.58082e-14
9.04167e-14
-4.19041e-14
-8.38444e-14
1.38576e-13
1.29521e-13
1.08176e-14
-8.12706e-14
7.50498e-14
0
-1.15842e-13
-6.91061e-14
-6.07073e-14
8.46553e-15
2.79141e-14
3.72194e-14
-1.74548e-14
-6.29198e-14
4.29424e-14
1.13009e-13
6.48317e-14
-4.87386e-14
8.7242e-14
-3.76317e-13
0
-4.038e-14
-4.42222e-14
1.42303e-13
-7.47925e-14
1.99256e-13
0
0
2.20574e-14
-1.45729e-13
0
-2.03916e-14
1.10553e-14
-5.20949e-14
7.80328e-14
-1.99162e-14
-4.75706e-14
-1.40027e-14
1.9758e-14
3.9516e-14
-1.59025e-14
0
3.32775e-14
-6.65551e-14
-3.02619e-14
1.29094e-14
0
5.83726e-14
2.31519e-14
-6.88102e-14
0
0
-1.27217e-14
8.2577e-15
8.95412e-14
1.17789e-15
-7.81437e-14
-1.27441e-13
2.42154e-14
-2.42162e-14
-4.8432e-14
7.2647e-14
-5.11938e-14
2.5557e-14
-1.95946e-14
-1.26192e-14
-6.44986e-14
3.87852e-14
5.94612e-14
0
0
-6.28005e-14
-4.02977e-14
9.78045e-14
-7.76025e-14
0
0
6.51694e-14
1.14707e-13
-4.07597e-16
8.76251e-15
-7.11561e-14
4.65927e-14
-4.66413e-14
-6.50861e-15
-6.66077e-14
-1.81668e-16
-1.81668e-16
-2.44964e-14
6.57367e-15
-6.50047e-14
-2.16682e-14
8.28205e-14
1.59683e-14
6.81922e-14
0
-1.57682e-13
2.96507e-14
-3.02218e-16
-1.84397e-14
3.76887e-14
-5.37392e-14
0
0
7.3485e-14
0
-1.33031e-15
-8.11684e-14
-3.26638e-14
-1.33247e-14
-2.04069e-14
8.16275e-14
-1.19141e-13
3.37974e-14
-2.38856e-14
-7.16071e-14
3.87583e-14
9.14134e-14
-6.58259e-14
0
1.97059e-14
-7.97213e-14
0
0
0
1.63401e-14
8.06744e-14
-8.06744e-14
0
-2.76487e-14
0
0
4.72828e-14
2.5747e-14
-7.08755e-14
1.06313e-13
3.91846e-14
-1.35121e-13
-7.30253e-14
-1.73283e-14
7.96612e-15
0
-1.62106e-14
1.1576e-15
3.21179e-14
7.53388e-16
-3.61124e-15
-3.61124e-15
1.89993e-15
-4.64159e-14
3.51567e-14
-7.03133e-14
-2.62801e-14
4.35955e-14
0
0
3.12498e-14
7.54399e-14
7.22788e-14
-7.22788e-14
-7.29143e-14
0
2.901e-14
5.802e-14
3.18469e-14
-7.41062e-14
3.23902e-14
0
-4.84576e-14
2.10847e-14
-8.52332e-14
0
1.54233e-14
8.27233e-14
3.6705e-15
3.6705e-15
1.3487e-14
-3.48543e-14
-9.07239e-14
1.05845e-13
1.12212e-13
0
-2.84754e-14
1.70852e-13
-2.396e-14
-9.24755e-14
-3.74375e-14
6.7857e-14
-1.28538e-14
-8.91123e-14
-1.51772e-13
6.63439e-14
1.21129e-13
1.02233e-13
-1.71797e-14
-3.4952e-14
-5.13942e-15
4.36212e-14
0
-5.77515e-14
-4.8144e-14
5.41157e-14
-1.28871e-13
-5.58819e-14
3.53543e-14
1.71071e-14
3.64945e-14
-7.50049e-14
-5.65421e-14
1.73092e-14
3.5772e-14
-5.6619e-14
-1.86227e-14
-2.19043e-15
-2.19043e-15
-2.19043e-15
0
3.93219e-14
0
0
-5.89828e-14
-7.86437e-14
-5.22212e-14
1.09843e-13
1.80028e-15
2.8811e-14
0
0
0
0
0
0
3.51018e-14
8.44644e-14
2.19336e-15
-1.42608e-14
1.86476e-14
-4.92551e-19
-9.08097e-14
-4.92551e-19
-4.92551e-19
0
-2.37418e-14
1.81567e-14
1.81567e-14
-2.37418e-14
0
7.81856e-14
9.38228e-14
0
-9.38228e-14
-7.81856e-14
0
0
4.01807e-14
-4.01807e-14
-2.00904e-14
1.47361e-13
6.98224e-16
6.98224e-16
-6.21573e-14
-8.38074e-14
-5.23779e-14
7.85668e-14
5.23779e-14
0
0
0
2.39145e-14
0
0
0
-7.44092e-16
-4.54005e-14
-7.44092e-16
4.39123e-14
0
7.15329e-14
9.53772e-14
0
-7.15329e-14
-9.53772e-14
9.14667e-14
1.27737e-15
1.27737e-15
1.27737e-15
0
5.20045e-16
8.96923e-14
5.20045e-16
-3.51489e-14
3.62633e-14
-1.82978e-14
-3.66052e-14
3.66243e-14
9.53277e-18
0
1.55976e-16
1.55976e-16
1.55976e-16
3.75994e-14
0
-7.73355e-14
-7.73355e-14
0
7.73355e-14
7.73355e-14
-1.09201e-13
-4.6997e-14
3.59412e-14
1.52067e-14
-5.52787e-15
1.59195e-14
0
3.1839e-14
3.1839e-14
-3.1839e-14
1.9286e-13
1.02456e-13
1.2051e-14
1.2051e-14
1.2051e-14
-4.25021e-15
7.54608e-14
-4.25021e-15
-4.25021e-15
-4.25021e-15
0.00772569
4.42498e-07
0.00793054
3.91462e-07
0.00784299
1.21379e-06
0.00763609
8.47289e-06
0.00796608
4.27904e-05
0.00783132
5.17301e-05
0.00795361
7.54282e-05
0.00768226
1.75954e-05
0.0078823
1.73821e-06
0.00808794
3.75997e-05
-1.40159e-07
4.74478e-05
4.75208e-05
4.8649e-07
7.97064e-08
1.055e-07
9.38439e-08
3.72485e-08
0.00828209
3.90092e-05
-1.21908e-07
4.91788e-05
4.92421e-05
4.44092e-07
7.5408e-08
8.09493e-08
9.5039e-08
5.21167e-08
0.00821906
3.96585e-05
-2.28852e-08
4.99668e-05
4.99805e-05
1.26574e-06
5.78608e-08
5.9112e-08
6.75297e-08
3.80811e-08
0.00825868
4.10619e-05
2.58432e-07
5.17306e-05
5.1599e-05
8.73932e-06
4.03841e-07
4.31906e-07
4.71232e-07
2.44318e-07
0.00875235
4.46026e-05
1.82634e-06
5.62459e-05
5.52973e-05
4.38841e-05
1.53844e-06
1.60621e-06
1.68233e-06
8.66033e-07
0.00829131
2.03203e-05
2.5684e-06
1.83584e-05
1.70473e-05
5.36815e-05
2.7143e-06
2.88794e-06
3.08639e-06
1.6231e-06
0.00865396
3.27672e-05
3.64396e-06
3.75527e-05
3.57143e-05
7.82044e-05
3.79428e-06
4.0195e-06
4.2642e-06
2.23208e-06
0.00804019
1.21392e-05
6.37579e-07
6.4666e-06
6.04825e-06
1.8378e-05
1.14733e-06
1.23273e-06
1.32695e-06
6.8953e-07
0.00808476
9.18152e-06
-6.04028e-08
1.21002e-06
1.17317e-06
1.81926e-06
1.78587e-07
1.52962e-07
1.6056e-07
1.05597e-07
2.026e-06
0.0271642
0.0275704
1.78819e-06
-8.3513e-14
-3.14166e-11
-7.09611e-10
-3.19364e-07
8.28658e-09
2.28213e-06
0.000138175
0.0358747
0.000363034
0.0308286
7.22216e-08
6.61696e-06
-2.39032e-09
-2.95383e-07
-5.19891e-13
-4.99413e-11
0
1.59027e-14
-1.73719e-13
-8.10222e-14
2.24871e-14
-7.74038e-14
0
-8.1501e-14
-3.45899e-14
0
-1.73343e-13
0
1.599e-13
0
-7.57734e-14
-2.73229e-14
6.39846e-14
-2.95033e-14
-8.13738e-14
0
2.02078e-14
8.28378e-14
1.2059e-13
0
-8.6846e-14
2.23877e-14
-2.96581e-15
-1.30421e-13
0
-6.33938e-14
0
0
3.52995e-14
-3.55773e-14
2.02621e-13
0
-1.80631e-13
-2.21968e-14
1.4456e-13
-5.47392e-16
2.39674e-14
5.64662e-14
-1.31731e-13
9.31729e-14
0
-4.24072e-14
0
0
0
-1.19672e-13
-3.85948e-15
-3.85948e-15
-3.85948e-15
0
0
0
-1.0803e-13
1.0803e-13
1.0803e-13
-3.92057e-14
-1.42989e-13
-7.38e-14
9.91714e-14
1.03783e-13
-5.16025e-14
5.16025e-14
7.74038e-14
-5.16025e-14
-7.74038e-14
-5.72217e-15
3.72046e-14
-5.72217e-15
-5.72217e-15
0
0
-4.25892e-14
2.4115e-15
1.49871e-13
-2.43006e-14
7.80975e-14
-1.58365e-14
-1.03947e-13
3.76192e-16
8.75545e-14
-2.40746e-14
2.40746e-14
-2.40746e-14
-9.62985e-14
4.81493e-14
3.92766e-14
8.27427e-14
-1.23174e-14
8.92161e-14
3.39205e-14
2.23926e-14
-2.74958e-14
-8.22479e-14
-1.36683e-13
2.18064e-13
-3.69559e-14
-1.43556e-13
5.68393e-15
5.68393e-15
0
0
0
0
0
0
-1.0318e-13
9.02857e-14
1.2253e-13
5.80414e-14
-6.44887e-14
1.02007e-13
1.02007e-13
-7.28432e-15
-7.28432e-15
-2.18583e-13
1.1375e-13
0
0
0
0
3.93378e-14
-3.93378e-14
-7.86756e-14
3.93378e-14
7.86756e-14
1.53401e-15
1.13762e-13
-1.72506e-14
6.21938e-14
-4.86765e-14
3.05471e-15
3.05471e-15
3.05471e-15
-1.80273e-13
1.83328e-13
3.4127e-14
-7.3648e-14
7.18324e-15
-1.97605e-14
1.07775e-13
1.07997e-13
-2.45386e-15
-2.45386e-15
-2.45386e-15
0
1.1791e-13
-2.67911e-15
-2.67911e-15
-2.67911e-15
-2.00983e-13
-1.33513e-13
-2.33543e-13
-6.68258e-14
-1.38897e-16
2.33404e-13
-3.85888e-15
1.11936e-13
-3.85888e-15
-3.85888e-15
0
-1.98953e-15
5.7711e-14
5.7711e-14
-1.98953e-15
-1.19401e-13
8.30645e-14
2.31391e-13
-5.93163e-15
-1.24593e-13
-2.07658e-13
-3.36198e-14
1.05496e-13
1.05496e-13
-1.37956e-13
-1.04337e-13
0
0
0
9.90665e-14
-9.90665e-14
0
1.127e-13
0
1.127e-13
-1.127e-13
9.48917e-14
1.13426e-15
-2.89944e-13
1.38646e-13
0
0
0
0
0
0
1.69801e-13
-3.18286e-15
-1.91457e-13
2.00507e-14
-4.16105e-14
-2.37182e-14
-1.89746e-13
-1.18591e-13
7.11546e-14
3.08337e-13
7.36805e-14
-1.22801e-13
0
-9.82406e-14
9.82406e-14
0
0
1.25363e-13
0
-1.25363e-13
-1.37624e-13
2.40841e-13
1.03218e-13
-1.03218e-13
-1.03218e-13
2.95958e-14
1.47979e-13
1.18383e-13
-1.18383e-13
1.18383e-13
7.22802e-14
-2.40934e-14
0
0
0
0.000752588
-1.82181
0.000757815
1.36188
8.50203e-05
1.32741
4.61708e-05
-1.9498
-5.22422e-05
1.35019e-08
-0.000245541
0.000192393
3.70717e-05
2.10013e-08
-0.000844498
8.13025e-05
4.78987e-05
-8.39329e-05
0.636757
0.667824
0.000110528
-0.000220741
0.000393877
0.0632006
-0.00205044
-0.00011123
-0.00128166
-1.63726e-07
-0.000624861
-0.000591178
0.280477
-0.408869
-0.00818931
-0.00961767
0.283243
-0.301398
-0.00138167
-0.00183732
-0.418842
-0.372429
0.0141151
0.0118608
-0.7204
-0.788779
0.0311342
272.192
0.0142986
287.593
0.0223315
243.901
-1.06719
278.944
0.0102538
199.582
0.0141742
212.487
0.248818
204.507
0.840879
196.247
-2.47424e-08
-1.82182e-10
7.11616e-08
-1.00958e-10
-5.46136e-10
-2.20371e-14
1.45444e-08
4.2736e-12
-0.00018638
5.58701e-07
-0.000203459
-1.52423e-09
-4.42588e-05
8.14918e-10
3.82663e-05
1.29336e-09
-3.59276e-05
-1.35821e-09
-4.65598e-06
-4.50377e-11
-3.31287e-05
5.32837e-07
-5.92295e-05
3.93328e-07
0.0106224
209.761
0.0162293
223.365
0.0105334
204.001
0.0162816
232.698
0.0103652
206.153
0.0163735
224.724
0.0100853
198.234
0.0169046
233.451
0.0311261
0.0304472
272.048
271.981
0.0205362
0.0196312
246.716
247.328
0.0114926
0.010593
213.54
212.238
-2.45946e-08
-1.52166e-11
-0.000211091
0.0102721
195.447
-8.359e-12
-2.23971e-08
-0.000217696
0.00562474
188.39
7.05252e-14
-5.74529e-10
-1.24855e-06
0.0150886
242.54
0.000473295
1.36814e-08
4.10688e-05
-8.89408e-07
0.000417636
1.1653e-08
-0.000159276
3.91348e-06
0.000404625
1.04166e-08
-0.000170676
2.04775e-05
2.5343e-14
3.16751e-13
-2.11879e-09
-1.10956e-13
2.12479e-08
1.38385e-09
0.000646072
2.26947e-08
-0.000175845
6.9105e-05
-1.13649e-13
-3.27141e-14
1.66472e-11
3.61455e-13
9.4419e-08
3.61244e-09
0.000946406
3.80584e-08
-0.000366119
5.19897e-05
7.19409e-11
4.01761e-13
5.6432e-11
1.89955e-13
3.74953e-14
1.66312e-14
-2.23544e-13
-1.25702e-13
6.2944e-08
2.55353e-09
1.00024e-07
3.57411e-09
3.0101e-11
9.15078e-15
7.43711e-12
1.51932e-13
0
-2.96462e-14
-4.78271e-14
0
4.50798e-08
2.03684e-09
2.50509e-08
1.76472e-09
0.000572709
2.30613e-08
6.65053e-05
-6.08755e-06
0.000842919
3.345e-08
0.000118613
-8.01381e-06
0.000453037
1.68426e-08
4.47094e-05
-5.44346e-06
0.000308084
1.26273e-08
5.16106e-05
-9.05427e-06
3.43325e-12
-1.33724e-13
-3.9842e-11
-2.27706e-14
-8.21049e-12
7.70564e-14
3.72788e-10
-1.25667e-13
-3.53638e-11
6.56445e-14
1.33824e-09
-8.06061e-13
-1.08784e-13
1.53177e-13
4.72715e-14
7.10767e-14
-5.68065e-14
2.01423e-14
-9.6914e-11
3.50067e-15
5.04264e-09
-6.98325e-12
0
-2.63169e-14
-1.79774e-13
-3.05046e-14
1.65917e-13
2.66068e-14
1.17868e-10
-2.38666e-14
3.67759e-09
-9.07796e-12
-3.85252e-10
1.87616e-13
-5.48187e-08
-8.59621e-10
-1.35909e-07
3.02598e-09
-0.000939381
-1.08286e-07
-1.76569e-13
-1.16717e-13
5.58269e-11
-8.49428e-14
-5.2478e-13
4.86919e-14
6.24436e-11
6.40763e-14
-2.98598e-12
5.39964e-14
-3.21967e-13
-1.23951e-13
2.03209e-13
0
2.73573e-08
8.25119e-09
0.000275264
3.74087e-05
-4.48033e-09
-4.90544e-09
1.01457e-11
9.04041e-12
-1.75101e-12
-7.73318e-13
-1.17458e-13
-9.03157e-14
-3.13099e-16
2.37505e-14
1.80126e-13
-4.38431e-14
3.71333e-15
4.06488e-14
-1.10721e-14
-3.82884e-14
5.45762e-14
1.08537e-13
-2.74895e-15
9.91455e-14
1.35672e-13
7.78604e-14
2.08037e-13
-2.69072e-14
-2.62514e-13
-3.77018e-13
1.96393e-13
4.89043e-14
-1.46878e-10
9.53886e-14
-1.20035e-13
-1.5723e-13
-3.46596e-14
-6.02291e-14
1.84572e-10
0
2.39129e-11
2.61267e-14
1.68435e-08
-5.63244e-11
1.80588e-09
-6.68111e-12
-5.32151e-14
1.42605e-13
-4.78336e-14
1.91125e-13
5.88522e-14
1.06463e-13
6.54608e-14
1.0879e-13
-7.97594e-14
9.51809e-14
-6.36654e-14
-1.70287e-14
1.16204e-13
2.36172e-14
-1.28363e-13
-9.8803e-14
-9.37099e-14
0
-1.76429e-13
-4.76785e-14
0
-2.56006e-13
-7.99508e-14
-4.9654e-14
-2.55198e-13
-3.43289e-13
-3.85102e-14
-2.25765e-14
-2.64768e-13
1.31534e-13
1.07339e-13
7.5024e-14
-7.49333e-14
-1.65736e-13
1.44061e-13
4.71283e-14
2.12252e-14
3.30395e-14
-7.11356e-14
-2.93152e-13
4.75e-14
-2.27653e-14
4.40782e-14
-4.849e-14
5.19201e-14
6.26855e-14
0
0
4.38073e-14
9.68917e-14
7.32111e-15
-1.00439e-13
6.94873e-14
1.71239e-13
1.46033e-13
-1.46927e-13
-1.77034e-13
1.74869e-14
3.37979e-14
-7.60273e-14
2.43638e-14
-8.97437e-14
5.54782e-14
6.45845e-14
9.14742e-14
-1.08107e-13
-1.32289e-13
3.19039e-14
-1.0174e-13
-3.19631e-14
9.71165e-15
1.56778e-13
1.06715e-13
-1.12762e-14
-4.76444e-14
4.02978e-14
-3.1716e-14
-1.50648e-14
4.494e-14
-8.13351e-14
9.70438e-14
-2.34255e-14
4.10713e-15
1.23713e-13
-1.16955e-13
1.4478e-13
7.00486e-14
-1.18764e-13
-7.87287e-14
-1.6675e-13
3.39381e-14
4.81231e-14
1.89116e-13
7.17406e-14
3.12802e-14
2.38955e-14
1.0065e-13
1.43481e-13
-5.76071e-14
-7.29137e-14
-1.3099e-13
-2.88402e-13
-1.0116e-13
1.55206e-15
-4.03e-14
-8.63775e-14
-1.01811e-13
-1.67579e-13
-2.50774e-13
1.54727e-14
-4.96064e-14
-2.15988e-16
1.35122e-14
3.55225e-14
3.36904e-14
-4.37471e-14
6.36362e-15
1.18507e-13
1.64411e-14
-6.18603e-14
1.97193e-13
1.02581e-13
-2.27706e-14
1.70166e-13
-3.85282e-14
0
0
2.95932e-14
-4.3763e-14
1.55967e-13
-5.65657e-14
-5.02042e-14
1.70193e-14
7.09073e-14
-2.84307e-14
4.26049e-14
-1.00712e-13
2.86805e-14
-7.00135e-15
-7.19551e-14
1.95336e-13
-1.0985e-13
7.89493e-14
2.05456e-13
0
7.11075e-14
5.32136e-14
-3.07635e-13
-1.19333e-13
1.33733e-13
2.5937e-14
-6.11694e-14
1.01949e-13
7.18565e-14
-3.01503e-14
-5.81139e-14
3.98306e-14
-1.28404e-14
-3.85064e-14
-1.58051e-13
5.92692e-14
1.64323e-13
-1.22333e-14
3.32685e-15
-1.2978e-13
4.45551e-15
1.30809e-13
-5.83692e-14
5.83692e-14
1.62058e-13
-5.16077e-14
-1.17671e-13
-2.61491e-14
4.66444e-14
7.43181e-14
0
0
-5.53586e-14
-1.17277e-14
4.84273e-14
9.68546e-14
-2.42136e-14
-1.45282e-13
3.84014e-14
-3.83481e-14
-6.27025e-14
3.78579e-14
3.87314e-14
0
8.91924e-14
-6.18221e-14
-6.27941e-14
0
3.02214e-14
-8.80265e-14
6.20744e-14
0
0
1.3034e-14
6.90925e-14
2.39763e-17
-6.90691e-14
3.55779e-14
1.17344e-13
-2.25075e-14
5.20699e-14
-4.99564e-14
0
0
2.41365e-14
-1.53874e-14
8.66577e-14
2.16644e-14
3.02764e-14
0
0
6.81922e-14
-2.17188e-14
2.96055e-14
5.47171e-14
-3.59744e-14
1.42719e-14
-1.19885e-14
-6.81914e-14
1.36383e-13
2.38979e-14
-2.49713e-14
9.98091e-14
-1.19771e-13
5.44445e-14
1.06601e-13
-1.42856e-13
2.04079e-14
6.85082e-14
-1.18292e-13
-1.17698e-13
-2.22473e-14
-7.75208e-14
1.52362e-14
-1.31715e-13
1.09679e-13
-1.87219e-13
-5.97861e-14
-2.406e-14
-4.81201e-14
-1.5977e-13
1.96085e-13
-2.01713e-14
-1.00857e-13
4.74902e-14
2.76451e-14
-3.41166e-16
-3.41166e-16
-3.43421e-14
0
-2.95252e-16
-2.95252e-16
5.12415e-15
0
-3.713e-14
0
1.27453e-13
1.02172e-13
-6.947e-14
0
1.04767e-13
9.04233e-14
-9.15051e-14
-1.20372e-15
9.49954e-14
6.96229e-14
-5.8576e-16
6.97226e-14
2.92548e-14
-4.35926e-14
3.30037e-14
0
8.27199e-14
-2.51475e-14
3.37313e-14
5.18013e-14
7.27885e-14
2.1701e-14
1.45054e-14
5.80216e-14
1.02619e-13
-2.96429e-14
0
0
-2.21029e-14
-2.10842e-14
-3.40929e-14
1.36372e-13
5.78365e-14
-6.89353e-14
3.67033e-15
3.12046e-14
4.0067e-14
9.5843e-14
6.04843e-14
7.56054e-14
-4.90932e-14
1.30773e-14
3.79567e-15
4.65073e-14
5.1113e-14
2.09605e-14
-5.03079e-14
2.33931e-15
-2.01993e-14
4.45568e-14
-1.36322e-13
-6.81611e-14
7.34471e-14
1.55073e-13
-1.8363e-14
-5.92213e-16
6.62408e-14
1.30861e-13
-5.77515e-14
-1.01065e-13
1.44432e-13
1.2627e-13
-9.24543e-14
-7.42066e-14
-1.21621e-15
-1.21621e-15
0
-5.40799e-14
-9.10048e-14
1.30744e-15
1.30744e-15
1.23053e-15
6.35398e-14
7.99723e-14
-2.19047e-15
-8.43533e-14
-8.21628e-14
8.12617e-14
6.16015e-14
2.62073e-15
-3.66998e-14
-1.70395e-14
-8.10314e-14
0
0
0
0
3.26856e-14
-3.26856e-14
3.26856e-14
8.17141e-14
6.53712e-14
-4.38675e-15
-4.38675e-15
-4.38675e-15
-4.38675e-15
0
-9.08012e-14
0
0
0
0
-8.24008e-14
-8.24008e-14
1.39628e-15
6.42441e-14
8.37971e-14
0
7.81869e-14
0
0
0
-6.09449e-14
-6.69563e-16
-6.69563e-16
7.96976e-14
6.02754e-14
0
0
0
0
0
-2.61889e-14
-2.61889e-14
0
2.61889e-14
5.23779e-14
-2.39141e-14
0
0
0
0
7.44021e-16
7.44021e-16
-2.15821e-14
7.44021e-16
2.23261e-14
-2.38443e-14
2.38443e-14
0
-2.38443e-14
0
0
0
0
0
0
-6.68607e-16
-6.68607e-16
-6.68607e-16
-6.68607e-16
-5.94318e-16
0
-3.66155e-14
3.66155e-14
5.49232e-14
9.15387e-14
-9.09587e-14
2.65165e-15
9.6262e-14
2.65165e-15
-9.11147e-14
8.59089e-16
8.59089e-16
8.59089e-16
8.59089e-16
-2.5779e-14
1.70033e-13
8.70894e-14
-5.80613e-14
-7.87971e-14
-1.52076e-14
5.83626e-14
2.65292e-14
2.65292e-14
-1.00805e-13
-7.95836e-14
-1.1301e-13
-1.1301e-13
0
4.5204e-14
2.2602e-14
1.15816e-13
6.80019e-14
2.01873e-14
-2.76272e-14
-4.35654e-14
0.0077263
4.40539e-07
0.00793126
3.93309e-07
0.0078443
1.22115e-06
0.00763667
8.46953e-06
0.00796633
4.28267e-05
0.00783137
5.17238e-05
0.00795354
7.54184e-05
0.00768224
1.75869e-05
0.00788262
1.73871e-06
0.0084593
3.76602e-05
-1.39398e-07
4.74515e-05
4.75241e-05
4.60024e-07
7.94205e-08
1.04549e-07
9.33349e-08
3.72129e-08
0.0086592
3.90311e-05
-1.22783e-07
4.91821e-05
4.92463e-05
4.46882e-07
7.7322e-08
8.30019e-08
9.73244e-08
5.3334e-08
0.00822041
3.96823e-05
-2.21848e-08
4.99751e-05
4.99884e-05
1.27315e-06
5.77479e-08
5.90807e-08
6.74162e-08
3.80433e-08
0.00825922
4.09334e-05
2.60649e-07
5.17319e-05
5.1601e-05
8.84988e-06
4.06344e-07
4.32324e-07
4.72275e-07
2.44872e-07
0.00875257
4.44934e-05
1.83021e-06
5.62484e-05
5.52998e-05
4.40198e-05
1.53139e-06
1.60737e-06
1.68385e-06
8.65806e-07
0.00814712
2.03052e-05
2.56685e-06
1.83572e-05
1.70465e-05
5.36627e-05
2.71299e-06
2.88757e-06
3.08644e-06
1.62241e-06
0.00844016
3.27708e-05
3.63951e-06
3.75474e-05
3.57129e-05
7.8197e-05
3.79514e-06
4.02038e-06
4.26578e-06
2.23159e-06
0.00804016
1.21485e-05
6.35664e-07
6.46703e-06
6.04941e-06
1.83618e-05
1.14739e-06
1.23213e-06
1.32687e-06
6.8839e-07
0.00808509
9.18141e-06
-6.05706e-08
1.20996e-06
1.17327e-06
1.81966e-06
1.78764e-07
1.52889e-07
1.6077e-07
1.05655e-07
2.02601e-06
0.0271642
0.0275704
1.78826e-06
2.29109e-09
1.30972e-06
1.48689e-10
1.43097e-06
1.34363e-05
0.0254308
2.36255e-05
0.0255911
1.50265e-13
3.00745e-14
1.50366e-13
9.02099e-14
9.03455e-14
0
0
6.08633e-14
-4.05712e-14
0
0
0
0
-1.39754e-13
8.70988e-14
-7.05908e-14
8.73174e-14
9.39e-14
8.76236e-14
2.10453e-13
0
-5.57599e-14
-5.38234e-14
9.08246e-14
9.02269e-14
-6.01102e-14
-5.99458e-14
-9.04736e-14
-6.00958e-14
9.02775e-14
6.0866e-14
0
2.02162e-14
-4.06892e-14
-2.027e-14
2.02994e-14
1.18877e-13
1.18877e-13
1.18877e-13
-1.21548e-13
-1.20212e-13
1.22971e-13
-3.74267e-14
-7.75261e-14
2.67264e-15
-4.00994e-14
1.14948e-13
-4.54426e-14
-4.54426e-14
3.47526e-14
-1.6039e-13
4.00933e-14
-1.2028e-13
-4.00933e-14
0
0
-2.67625e-15
-8.29833e-14
-4.28298e-14
-2.67625e-15
0
2.00057e-15
2.00057e-15
2.00057e-15
2.00057e-15
0
1.07678e-13
2.15806e-13
1.07678e-13
-4.50425e-16
-2.16257e-13
0
-5.41007e-14
0
0
0
5.22922e-14
2.52448e-14
-2.88502e-14
1.06387e-13
-1.0819e-13
-1.35225e-13
-1.6227e-13
0
-2.7045e-14
3.2454e-13
-1.80542e-15
-1.37245e-13
-1.80542e-15
-5.59813e-14
1.89616e-13
8.14423e-14
1.0844e-13
5.44448e-14
-1.34538e-13
-1.0799e-13
-2.57585e-15
-2.57585e-15
-4.1223e-14
3.60713e-14
0
-2.93121e-14
9.63089e-14
2.09317e-15
2.09317e-15
0
1.16132e-13
0
0
0
0
3.13737e-14
2.19616e-13
6.27473e-14
0
-2.19616e-13
0
-1.16423e-13
0
1.16423e-13
1.16423e-13
1.252e-13
0
0
0
0
7.72387e-14
-6.48905e-16
-6.48905e-16
-3.95927e-14
7.78876e-14
1.87589e-13
-6.18369e-14
5.1951e-16
3.16977e-14
0
1.68294e-16
1.68294e-16
1.68294e-16
1.68294e-16
0
3.68635e-14
1.1121e-13
-3.09701e-16
-3.09701e-16
0
-7.17645e-14
7.17646e-14
7.17646e-14
-1.07647e-13
-1.07647e-13
1.81649e-13
9.08246e-14
0
6.05497e-14
-4.54123e-13
7.95335e-14
-1.20971e-13
-8.08699e-14
-6.68185e-16
2.40605e-13
-1.2022e-13
1.2022e-13
8.0147e-14
-8.0147e-14
-1.2022e-13
-1.19892e-13
0
0
-1.19892e-13
1.19892e-13
-8.0421e-14
0
0
0
0
-8.14629e-14
3.87288e-14
3.87288e-14
-4.1399e-14
1.20192e-13
1.21039e-13
6.68559e-16
4.07919e-14
6.68559e-16
-4.01233e-14
-1.62309e-13
-2.16412e-13
-2.70516e-14
1.35258e-13
1.62309e-13
-5.22648e-14
-1.33365e-13
-2.52315e-14
1.09935e-13
1.08133e-13
-5.38967e-15
-1.13209e-13
-1.13209e-13
2.1025e-13
0
1.06697e-13
1.06697e-13
-1.80797e-15
-1.10312e-13
-1.08504e-13
1.06305e-13
1.06305e-13
-1.80134e-15
5.2252e-14
-2.70267e-13
-2.75168e-14
-1.08714e-13
-1.62846e-13
-4.50987e-16
2.16527e-13
1.20212e-13
-3.00745e-14
-9.02173e-14
-6.01362e-14
-9.03467e-14
-3.00162e-14
-6.08222e-14
0
-6.08559e-14
0
-1.01579e-13
-4.04963e-14
0
-1.1934e-13
0
-8.78479e-14
-2.91062e-14
-4.69487e-14
0
2.33842e-14
-6.05995e-14
0
-2.691e-14
-2.18617e-13
0
9.01639e-14
-1.19887e-13
-6.03175e-14
3.00473e-14
9.02812e-14
-2.02889e-14
8.11001e-14
2.02173e-14
-2.03443e-14
-8.10795e-14
0
1.20212e-13
8.01414e-14
1.60283e-13
-1.20212e-13
-1.20212e-13
1.17625e-13
-2.67264e-15
-1.22971e-13
-2.67264e-15
-4.00994e-14
0
8.01932e-14
-4.00966e-14
8.01932e-14
0
2.67207e-15
8.28537e-14
2.67207e-15
2.67207e-15
0
-1.19124e-13
1.218e-13
8.16463e-14
1.33814e-15
4.01541e-14
4.00216e-14
4.00216e-14
4.00216e-14
-8.00432e-14
0
1.62643e-13
2.16707e-13
1.08579e-13
4.50425e-16
-2.16257e-13
3.60583e-15
3.60583e-15
-2.34445e-14
3.06562e-14
0
2.52443e-14
7.93384e-14
-1.8027e-15
-1.64085e-13
1.62282e-13
0
1.3523e-13
1.08184e-13
-1.08184e-13
-1.3523e-13
0
1.35439e-13
0
-2.70878e-14
0
5.35451e-14
-4.49848e-16
-5.44448e-14
-4.49848e-16
0
-7.47185e-14
-7.47185e-14
-7.47185e-14
2.57585e-15
2.31883e-13
-3.24518e-14
9.31691e-14
-1.04659e-15
-1.04659e-15
0
-1.10974e-13
-1.10974e-13
5.16028e-15
5.16028e-15
0
8.36427e-15
1.96606e-13
1.02485e-13
-8.57568e-14
-6.27474e-14
1.55233e-13
1.16425e-13
0
-7.76164e-14
-1.55233e-13
3.12992e-14
0
0
3.12992e-14
0
4.54251e-15
4.54251e-15
4.54251e-15
4.54251e-15
0
5.19523e-16
-9.30175e-14
3.16985e-14
-3.06595e-14
1.24716e-13
-7.55823e-14
-3.51826e-14
4.56167e-14
-3.51826e-14
0
-1.1366e-13
-1.1366e-13
-3.14772e-16
-3.14772e-16
2.26691e-13
0
1.4352e-13
1.0764e-13
-1.0764e-13
-1.4352e-13
-9.42414e-14
2.01629e-13
1.3588e-13
-1.27116e-13
-9.86236e-14
7.88654e-14
1.18966e-13
-1.33637e-15
-1.33637e-15
-2.00504e-13
1.17548e-13
-2.67087e-15
1.57621e-13
-4.27437e-14
-1.20219e-13
-4.2626e-14
-4.2626e-14
-4.2626e-14
1.17224e-13
-1.19887e-13
0
1.20635e-13
0
0
-2.4127e-13
3.73929e-14
-2.67022e-15
-2.67022e-15
1.17519e-13
-1.20189e-13
1.58494e-13
3.81192e-14
-4.21307e-14
7.82442e-14
-1.20375e-13
1.08208e-13
1.08208e-13
0
0
-2.16415e-13
-3.60357e-15
-1.11737e-13
-3.60357e-15
1.0453e-13
1.08133e-13
1.34782e-13
-5.39127e-14
-1.34782e-13
5.39127e-14
0
-3.61587e-15
-3.61587e-15
-3.61587e-15
2.35098e-14
-2.71257e-14
-2.43239e-13
0
1.08106e-13
-1.08106e-13
1.08106e-13
4.50987e-16
4.50987e-16
-2.66149e-14
-1.07812e-13
1.35329e-13
8.64288e-14
-1.59031e-14
0
1.62042e-14
1.76049e-13
1.62775e-13
-3.2196e-14
-8.15016e-14
0
-5.41661e-14
7.87786e-14
1.9188e-13
0
0
0
-1.25089e-13
-4.06882e-14
-5.15592e-14
6.06223e-14
0
-9.04383e-14
1.00032e-13
4.34236e-14
0
3.63313e-15
8.49467e-14
1.85748e-13
8.45267e-14
8.45128e-14
6.90725e-14
5.29481e-14
3.55762e-14
-1.84206e-14
0
7.74132e-14
4.43965e-14
1.08413e-13
6.5703e-14
-7.5139e-14
-8.21939e-14
-1.67409e-13
1.55288e-13
-4.24084e-14
0
-4.24084e-14
-1.06021e-13
1.48429e-13
-1.13887e-13
-1.13887e-13
1.92981e-15
1.17746e-13
1.15817e-13
-1.08028e-13
-1.51239e-13
-4.32111e-14
1.08028e-13
2.37661e-13
1.22468e-13
7.65247e-15
7.65247e-15
-1.07163e-13
-1.14815e-13
1.62775e-13
0
0
0
-2.44163e-13
0
-8.58559e-14
0
1.50248e-13
-2.1464e-14
1.38117e-13
-5.18938e-14
-2.44277e-13
1.18693e-13
1.45811e-13
-1.30124e-15
-2.26229e-14
-1.46506e-13
-1.58755e-13
2.62666e-13
-5.13567e-14
-1.958e-13
-3.20906e-15
9.30862e-14
9.62952e-14
-1.22632e-13
-1.4785e-13
-2.40704e-15
1.4111e-13
7.12787e-14
-1.97564e-13
-3.25483e-13
-5.68394e-15
3.6956e-14
2.9848e-13
-2.24647e-15
-1.03362e-13
-2.24647e-15
-2.24647e-15
-1.01116e-13
4.12876e-14
4.85632e-15
-3.1575e-14
4.85632e-15
0
-1.0679e-14
-1.0679e-14
2.9377e-14
-5.0735e-14
0
7.75546e-15
1.24116e-13
7.75546e-15
7.75546e-15
-2.32721e-13
1.53406e-15
2.29508e-13
5.28319e-14
-3.7887e-13
1.94709e-13
-1.83322e-13
-9.16608e-14
0
-1.14576e-13
3.89558e-13
1.79578e-15
-1.05977e-13
1.79578e-15
-1.05977e-13
1.07773e-13
-2.45383e-15
3.43626e-14
-2.45383e-15
-2.45383e-15
-3.68165e-14
8.03896e-14
2.00974e-13
4.01948e-14
0
-2.00974e-13
-6.80608e-15
-1.06838e-13
-6.80608e-15
-6.80608e-15
0
1.15796e-13
2.89491e-14
0
0
-2.31592e-13
2.88551e-14
5.8705e-14
8.85549e-14
-1.20394e-13
-1.19399e-13
4.36064e-14
-2.90739e-14
7.26625e-15
7.26625e-15
0
1.12004e-13
-1.25816e-15
-1.25816e-15
-1.25816e-15
0
7.76008e-14
-4.62315e-14
3.30139e-15
5.28343e-14
-4.95329e-14
1.12702e-13
0
0
-1.12702e-13
1.12702e-13
9.47907e-14
1.11611e-13
6.65509e-15
-1.6931e-13
9.79735e-14
1.22796e-13
9.20967e-14
9.20967e-14
-6.13978e-14
-1.22796e-13
8.63375e-14
0
4.70788e-14
1.15671e-13
-1.24829e-13
-7.11525e-14
-1.18587e-13
4.7435e-14
2.37175e-14
7.11525e-14
0
0
0
0
0
0
0
9.40307e-14
0
-9.40307e-14
-1.03218e-13
-1.03218e-13
1.03218e-13
0
0
-5.91953e-14
1.18391e-13
1.18391e-13
0
0
1.20459e-13
-7.22754e-14
-7.22754e-14
-2.40918e-14
7.22754e-14
-8.95277e-14
8.95277e-14
2.23819e-14
2.23819e-13
8.95277e-14
-6.71458e-14
3.74651e-09
1.97192e-08
4.97613e-09
3.48644e-09
-2.33861e-09
-7.49938e-11
-2.35239e-10
6.575e-12
-1.08972e-08
-0.00015935
-5.57997e-08
-0.000218679
-3.00392e-07
-2.89087e-08
-0.000708231
-7.08596e-12
-1.18502e-10
1.532e-12
6.46282e-13
-1.73458e-09
4.74514e-10
9.84806e-14
-1.443e-13
-1.43519e-08
-0.0001518
-6.59485e-08
-0.00018676
-3.18704e-07
-3.78951e-08
-0.000628139
-2.09678e-13
-6.70802e-13
1.30915e-13
-6.54583e-14
-3.25199e-12
-8.48032e-13
0
3.6298e-14
-1.93182e-09
2.31378e-08
-3.53768e-09
-2.56203e-08
-1.45401e-08
-2.08426e-09
-1.82895e-07
1.19965e-13
-7.03413e-14
1.30918e-13
-3.27288e-14
-1.09018e-13
8.16782e-14
0
1.05182e-13
8.05877e-14
-1.39417e-09
-4.28186e-13
-2.23331e-09
-2.63391e-12
-4.89736e-13
-6.64775e-09
-4.76684e-14
-7.38328e-15
1.50452e-13
-1.8054e-13
-5.99946e-14
1.48873e-13
-9.86478e-14
-6.65912e-14
-1.83298e-14
-4.08047e-14
-2.01627e-13
-1.58052e-13
2.84042e-13
-2.19396e-14
-4.51856e-13
1.81735e-15
-3.22166e-14
-4.05543e-14
-3.43765e-13
2.39547e-13
3.58121e-13
0
-5.11409e-14
4.94445e-13
-5.50554e-15
3.78812e-14
-4.5111e-14
-2.41296e-13
1.33111e-13
-1.0269e-13
7.89624e-14
-2.05464e-13
-3.06998e-09
1.46692e-09
-4.36234e-14
-1.44517e-13
-9.38396e-11
2.69066e-13
3.06818e-15
4.16949e-14
3.64882e-13
-1.18821e-13
4.07053e-13
-1.01166e-13
8.5924e-14
1.47289e-13
0
-3.33879e-13
5.12213e-13
-2.00897e-13
1.35289e-13
-3.38527e-14
-1.50313e-14
2.47473e-13
1.18532e-13
2.2465e-13
1.44057e-13
-1.16456e-13
-6.23879e-14
1.76531e-13
-1.94212e-14
-1.47395e-13
7.85862e-14
4.2986e-14
-4.16922e-14
0
1.20706e-13
1.31577e-13
4.18268e-16
-4.94868e-15
4.17734e-14
-1.48486e-13
3.14796e-13
-3.00387e-14
-2.98183e-14
4.36691e-14
-6.05695e-14
1.64144e-13
-2.55314e-13
7.35237e-14
7.68736e-14
-1.94468e-13
-7.66897e-14
1.60339e-13
-1.08371e-13
-1.25323e-13
-2.14471e-13
4.48633e-13
3.30903e-13
2.6492e-13
1.98111e-13
3.74747e-14
-2.7889e-14
3.78069e-14
6.95938e-14
-3.43949e-13
-1.0275e-14
1.5606e-13
-2.21753e-14
-1.10683e-13
-1.92026e-13
-2.10736e-14
-2.41436e-13
-2.34022e-13
3.38892e-13
4.41596e-14
7.82017e-14
-5.43228e-15
1.13832e-13
5.98868e-14
-6.5113e-14
-4.39713e-13
-1.91772e-13
-2.45002e-13
-4.87029e-14
-3.78812e-14
4.5111e-14
3.37814e-13
-4.84041e-14
1.0269e-13
-0.000668386
-13.585
4.08219e-06
-2.29285
2.70335e-05
-0.792333
0.000130248
-0.214304
-0.000111978
-1.17652
-0.0010361
-3.06727
-0.00136659
0.794662
-0.000875097
-9.14962
-6.94427e-05
1.84318e-08
0.000102275
0.000253871
4.90869e-05
2.81956e-08
-0.00117612
0.000106115
4.17727e-05
-6.17861e-05
0.702103
0.704569
2.33949e-05
-0.000220253
0.00485526
0.0691445
-0.00167669
-0.000111101
-0.00128174
-1.65202e-07
-0.000625254
-0.000576516
0.280485
-0.408869
-0.00818934
-0.00961771
0.283245
-0.301398
-0.00138165
-0.00183733
-0.418843
-0.372429
0.0141152
0.0118608
-0.709238
-0.788779
0.0310103
272.481
0.0314499
287.556
0.0223544
243.901
-1.07157
278.943
0.0102538
199.582
0.0141674
212.488
0.245482
204.506
0.840879
196.247
-2.55966e-08
-1.82173e-10
8.05764e-08
-1.1507e-10
-7.17814e-10
-2.20371e-14
1.58014e-08
5.50339e-12
-0.00018638
5.58689e-07
-0.000203459
-1.52469e-09
-4.42675e-05
8.14951e-10
3.8265e-05
1.29332e-09
-3.59294e-05
-1.35837e-09
-4.65621e-06
-4.52356e-11
-3.3136e-05
5.32836e-07
-5.92333e-05
3.93315e-07
0.0106224
209.761
0.0162293
223.366
0.0105334
204.001
0.0162816
232.698
0.0103652
206.152
0.0163735
224.723
0.0100853
198.234
0.0169046
233.451
0.0311242
0.030445
272.679
272.651
0.0207531
0.0198422
246.714
247.328
0.0119819
0.0110528
213.54
212.238
-2.46104e-08
-1.56417e-11
-0.000211073
0.010272
195.447
-8.42508e-12
-2.21939e-08
-0.00021766
0.00562465
188.39
0
-5.74424e-10
-1.24855e-06
0.0150886
242.54
0.000474303
1.37204e-08
4.58747e-05
-9.93567e-07
0.000417556
1.16824e-08
-0.000159895
3.91665e-06
0.000404629
1.11522e-08
-0.000170651
2.04846e-05
0
-1.21824e-14
-2.1189e-09
5.54769e-14
2.31285e-08
1.38415e-09
0.000646072
2.2705e-08
-0.000175838
6.91296e-05
-5.68246e-14
2.28999e-13
1.65997e-11
2.54742e-13
9.44163e-08
3.61237e-09
0.000946378
3.7997e-08
-0.000366108
5.19749e-05
7.21433e-11
3.12485e-13
5.63617e-11
4.6515e-13
0
-1.30017e-13
1.34126e-13
5.02823e-14
6.29435e-08
2.55346e-09
1.00023e-07
3.57432e-09
2.99782e-11
2.5927e-13
7.19822e-12
2.85991e-13
-4.81191e-14
5.23183e-14
-9.56574e-14
1.44978e-13
4.50797e-08
2.03687e-09
2.50493e-08
1.76444e-09
0.000572714
2.3061e-08
6.65059e-05
-6.08782e-06
0.000842903
3.34528e-08
0.000118618
-8.03578e-06
0.000453044
1.68428e-08
4.47097e-05
-5.44357e-06
0.000308067
1.26267e-08
5.16071e-05
-9.05384e-06
2.46128e-12
1.34869e-13
1.26188e-13
-3.8031e-11
1.48563e-13
9.6491e-14
-6.00343e-12
5.03558e-14
5.05842e-14
2.86993e-10
-4.68463e-14
0
-2.56759e-11
-6.42293e-14
5.58082e-14
1.05305e-09
-2.93328e-13
6.28833e-14
-4.61953e-14
-1.14288e-13
-4.86798e-14
0
-1.501e-13
2.95643e-14
3.8614e-14
1.55489e-13
6.07073e-14
-7.087e-11
-4.40749e-15
-1.24065e-14
4.04827e-09
-3.75422e-12
0
0
8.64442e-14
9.74782e-14
-1.30863e-13
7.52634e-14
-1.14785e-13
2.4228e-13
4.42222e-14
-9.48683e-14
1.35674e-10
-3.98511e-14
1.25111e-13
3.31309e-09
7.25687e-12
2.42882e-14
-7.08793e-10
3.33535e-13
-1.201e-07
-1.1281e-09
-1.94049e-07
3.99492e-09
-0.00124345
-1.21859e-07
2.02964e-13
2.05693e-13
-1.65369e-13
3.2628e-13
9.54117e-14
0
-6.12809e-11
-1.02073e-12
-2.8697e-11
2.15981e-13
-4.82948e-13
0
-3.04806e-13
-2.19112e-13
2.73581e-08
8.25145e-09
0.000275281
3.74108e-05
-4.48025e-09
-4.90548e-09
1.01458e-11
8.84102e-12
-1.68132e-12
-8.96175e-13
2.21396e-13
0
4.95051e-14
-1.93696e-13
-5.13739e-14
1.09612e-13
-3.97333e-14
2.77784e-14
3.85678e-13
0
9.21428e-15
-4.07025e-14
-8.98357e-14
-3.2457e-14
5.90854e-14
6.5892e-15
1.18878e-13
-1.46924e-15
-1.63517e-13
7.14879e-14
3.99736e-13
3.75272e-14
-1.94924e-10
1.80298e-13
3.00087e-14
2.62048e-14
-6.93191e-14
6.40859e-14
1.84426e-10
-1.52674e-13
2.37288e-11
7.70993e-14
1.68442e-08
-5.63643e-11
1.80585e-09
-6.36039e-12
2.12861e-13
0
0
0
9.89786e-14
1.33079e-14
1.38652e-13
-5.43947e-14
-3.37443e-14
9.51858e-14
1.2733e-13
0
-3.79442e-14
-2.36172e-14
1.11363e-13
9.88018e-14
1.51214e-13
-4.91077e-14
4.42014e-14
-2.66897e-14
0
7.8343e-14
-5.50371e-14
1.94551e-14
-1.0937e-13
-8.58249e-14
-1.1553e-13
-1.12878e-13
0
0
0
-2.50074e-14
7.49351e-14
1.96816e-13
-9.60426e-14
1.57098e-14
0
0
7.11356e-14
1.17261e-13
6.19565e-15
-1.36592e-13
1.36648e-13
-4.10316e-14
-1.94708e-14
5.6989e-15
6.91779e-14
-3.73799e-14
3.99532e-14
6.01717e-14
7.48041e-14
6.69584e-14
0
1.90268e-14
-3.65071e-14
-2.93839e-14
8.85225e-14
1.74866e-14
8.44981e-14
1.1404e-13
3.65448e-14
-8.97434e-14
-5.54769e-14
-6.4584e-14
6.0984e-14
-4.83629e-14
3.84087e-14
0
1.69571e-14
1.354e-13
-8.68939e-15
-3.96193e-14
-1.8704e-13
-6.43237e-14
5.41412e-15
-4.50862e-14
2.55776e-14
1.3558e-13
1.49804e-14
4.0667e-14
1.49449e-13
-1.87404e-13
-9.24139e-15
-1.37102e-13
7.35689e-14
-1.17203e-14
-1.38156e-13
1.66269e-13
-2.30944e-14
0
-1.75681e-13
1.20298e-13
-5.9988e-14
-2.39143e-14
-1.06129e-13
2.38936e-14
0
3.34801e-13
-2.00665e-13
0
-5.34442e-14
0
1.42544e-13
1.23031e-13
-1.08126e-13
-1.03653e-13
-1.69692e-13
4.1894e-14
-8.22381e-14
-1.54721e-14
3.30718e-14
-9.38514e-15
7.92726e-14
1.7761e-14
1.68452e-14
-2.18743e-14
7.95453e-14
4.76484e-15
-8.22055e-14
1.01148e-13
-2.69737e-13
-1.26188e-13
0
1.48563e-13
-9.6491e-14
2.07015e-13
-5.03558e-14
-5.05842e-14
1.85624e-13
-4.68463e-14
0
7.54064e-14
-3.21146e-14
0
1.085e-13
2.0952e-14
0
1.50124e-13
2.20947e-13
-5.40879e-14
-8.12706e-14
3.75249e-14
6.89833e-14
-1.15842e-13
-1.20936e-13
4.55305e-14
9.31208e-15
4.99516e-14
-4.21819e-14
-1.74548e-14
-6.29198e-14
2.14712e-14
1.13009e-13
4.32211e-14
1.46216e-13
0
-3.76317e-13
-2.86963e-14
-8.07601e-14
-4.42222e-14
0
1.12189e-13
1.99256e-13
-2.08519e-14
-3.25623e-14
0
-1.21441e-13
-1.12095e-13
-7.47297e-14
0
-3.62123e-14
2.98353e-16
-1.76072e-14
5.58351e-14
-4.71004e-14
5.92739e-14
-5.92739e-14
-9.54151e-14
1.22329e-14
0
0
-4.98002e-14
0
8.10532e-17
8.10532e-17
6.94556e-14
0
-2.61506e-14
6.53765e-14
4.24057e-14
-4.95462e-14
6.95127e-14
-7.18685e-14
-6.8676e-14
-1.3291e-14
2.42162e-14
-2.42154e-14
-2.42154e-14
2.42162e-14
-5.11405e-14
2.56102e-14
-7.44596e-14
3.78577e-14
-6.45524e-14
5.16419e-14
2.97306e-14
1.13339e-13
0
-7.85007e-14
1.00744e-14
1.66268e-13
-7.76025e-14
0
0
3.91016e-14
1.15522e-13
4.07597e-16
2.26794e-15
-5.33671e-14
6.99498e-14
-2.32842e-14
-1.95258e-14
-6.66077e-14
1.81668e-16
1.81668e-16
-2.14789e-14
-8.81569e-15
-4.33365e-14
-2.16682e-14
4.6486e-14
4.7905e-14
-4.68449e-14
0
-6.58999e-14
6.76775e-14
-9.93981e-14
-9.93981e-14
6.40765e-14
1.03116e-13
3.40957e-14
0
-6.03413e-14
2.49707e-14
1.33031e-15
-5.85482e-14
0
1.19922e-13
-2.04069e-14
6.12206e-14
-8.9356e-15
-1.68987e-14
2.48489e-17
-7.15574e-14
1.29194e-14
1.21885e-13
-8.77679e-14
0
4.92649e-14
-1.49477e-13
0
-2.406e-14
1.06513e-13
1.63401e-14
1.00843e-13
-8.06744e-14
0
-2.76487e-14
5.64896e-14
-7.53194e-14
2.17225e-14
-4.73516e-14
-3.23884e-14
5.48819e-16
-2.04723e-14
3.48538e-16
-5.69345e-14
-1.98031e-14
9.95765e-15
0
3.35788e-14
-1.1576e-15
1.42185e-14
-2.33606e-14
-3.251e-14
-3.251e-14
3.03989e-14
-4.64159e-14
0
-1.23048e-13
-3.98942e-14
1.08989e-13
0
6.60083e-14
7.16906e-14
0
7.22788e-14
-5.42091e-14
-7.29143e-14
-2.32513e-14
4.54485e-14
7.44585e-14
-4.24625e-14
-5.9285e-14
-1.61951e-14
0
-4.93077e-14
2.10847e-14
-8.75055e-14
-3.63656e-14
7.71163e-14
1.24085e-13
0
0
3.39656e-14
-1.86716e-14
-9.07239e-14
1.51207e-14
7.01323e-14
-3.92319e-14
-2.84754e-14
7.11885e-14
0
-5.54853e-14
-7.01963e-14
7.01963e-14
-4.40702e-14
-8.91123e-14
-1.34505e-13
6.99783e-14
1.51267e-13
7.00696e-14
-5.92553e-16
-5.92553e-16
9.57711e-15
0
1.44379e-14
0
2.4072e-14
0
-8.33097e-14
-6.935e-17
-6.935e-17
-6.935e-17
0
1.05146e-15
1.05146e-15
1.05146e-15
1.05146e-15
1.12155e-15
2.19043e-15
-3.06741e-14
3.5055e-14
2.19043e-15
-3.28645e-14
5.89828e-14
0
0
-5.89828e-14
-5.89828e-14
0
5.40215e-14
0
0
0
0
0
0
0
0
3.0715e-14
-2.19336e-15
-2.19336e-15
-2.19336e-15
-3.51018e-14
4.92551e-19
-3.02693e-14
4.92551e-19
3.02702e-14
3.02698e-14
4.46911e-14
2.79255e-15
2.79255e-15
2.79255e-15
0
9.27806e-14
3.0232e-14
-1.04222e-15
-9.4865e-14
-7.92279e-14
1.94209e-14
-6.09406e-14
-6.69516e-16
-6.69516e-16
-2.00904e-14
1.04061e-13
-6.98224e-16
-6.98224e-16
-8.45056e-14
-8.38074e-14
-7.85668e-14
1.04756e-13
7.85668e-14
0
0
-2.39145e-14
2.39145e-14
0
0
2.39145e-14
7.44092e-16
7.44092e-16
-4.39123e-14
7.44092e-16
4.46564e-14
9.53772e-14
7.15329e-14
0
-9.53772e-14
-9.53772e-14
8.22993e-14
8.22993e-14
-6.86232e-17
-6.86232e-17
0
1.15457e-15
8.26738e-14
1.15457e-15
-8.03647e-14
-8.04326e-14
-9.15464e-14
-9.15464e-14
-9.53277e-18
-9.53277e-18
0
-9.37645e-14
9.34525e-14
-1.55976e-16
-5.63211e-14
0
-1.03114e-13
-7.73355e-14
0
5.1557e-14
2.57785e-14
-9.81449e-14
5.52787e-15
5.52787e-15
5.52787e-15
2.62624e-14
0
0
4.77585e-14
-3.1839e-14
-1.59195e-14
2.0341e-13
1.13006e-13
0
0
0
4.25021e-15
5.20768e-14
4.25021e-15
4.25021e-15
4.25021e-15
0.00786507
5.26191e-07
0.00789438
3.8896e-07
0.00784299
1.21377e-06
0.00763609
8.47289e-06
0.00796608
4.27904e-05
0.00783132
5.17301e-05
0.00795361
7.54282e-05
0.00768226
1.75954e-05
0.0078823
1.73821e-06
0.00822724
3.79399e-05
-1.53723e-07
4.78858e-05
4.79656e-05
5.73035e-07
9.12933e-08
1.26918e-07
1.05483e-07
3.72342e-08
0.0082462
3.90086e-05
-1.20719e-07
4.91783e-05
4.9241e-05
4.4168e-07
7.54039e-08
8.0994e-08
9.51224e-08
5.24257e-08
0.00821906
3.96585e-05
-2.28868e-08
4.99668e-05
4.99805e-05
1.26572e-06
5.78572e-08
5.9108e-08
6.75254e-08
3.8073e-08
0.00825868
4.10619e-05
2.58432e-07
5.17306e-05
5.1599e-05
8.73932e-06
4.03841e-07
4.31906e-07
4.71232e-07
2.44318e-07
0.00875235
4.46026e-05
1.82634e-06
5.62459e-05
5.52973e-05
4.38841e-05
1.53844e-06
1.60621e-06
1.68233e-06
8.66033e-07
0.00829131
2.03203e-05
2.5684e-06
1.83584e-05
1.70473e-05
5.36815e-05
2.7143e-06
2.88794e-06
3.08639e-06
1.6231e-06
0.00865396
3.27672e-05
3.64396e-06
3.75527e-05
3.57143e-05
7.82044e-05
3.79428e-06
4.0195e-06
4.2642e-06
2.23208e-06
0.00804019
1.21392e-05
6.37579e-07
6.4666e-06
6.04825e-06
1.8378e-05
1.14733e-06
1.23273e-06
1.32695e-06
6.8953e-07
0.00808476
9.18152e-06
-6.04028e-08
1.21002e-06
1.17317e-06
1.81926e-06
1.78587e-07
1.52962e-07
1.6056e-07
1.05597e-07
2.026e-06
0.0271642
0.0275704
1.78819e-06
-7.56996e-14
-3.00004e-11
-7.0898e-10
-3.19363e-07
8.28679e-09
2.28213e-06
0.000138175
0.0358747
0.000363034
0.0308286
7.22213e-08
6.61696e-06
-2.39012e-09
-2.95379e-07
-4.75344e-13
-4.59932e-11
-8.64288e-14
-3.18054e-14
-1.73719e-13
-1.29636e-13
3.45858e-15
-1.16106e-13
0
-2.03752e-14
-3.45899e-14
0
-1.48579e-13
0
1.2792e-13
0
-9.35094e-14
-2.73229e-14
8.53128e-14
5.90067e-14
-8.13738e-14
-1.7187e-14
-8.08312e-14
0
9.04422e-14
2.50076e-14
-8.6846e-14
0
2.52148e-14
-1.82589e-13
0
-2.11313e-13
-4.22567e-14
2.3025e-14
3.52995e-14
-3.55773e-14
2.02621e-13
0
-2.06435e-13
-2.21968e-14
1.2649e-13
-9.80072e-14
2.38133e-14
1.77999e-14
-1.32598e-13
1.86346e-13
-4.0994e-14
1.41323e-15
1.41323e-15
1.41323e-15
0
-1.13883e-13
1.92974e-15
1.92974e-15
1.92974e-15
0
2.3046e-14
4.46519e-14
-1.0659e-13
1.0947e-13
1.0803e-13
-2.99828e-14
-1.33766e-13
-6.45771e-14
1.08394e-13
1.03783e-13
-2.58013e-14
2.58013e-14
0
0
0
4.86489e-14
5.72217e-15
5.72217e-15
5.72217e-15
0
0
-9.52579e-14
-1.37565e-13
1.57424e-13
7.29017e-14
5.85731e-14
-8.74776e-14
-1.28051e-13
1.2151e-13
4.37773e-14
4.81493e-14
4.81493e-14
-4.81493e-14
-7.22239e-14
0
3.7397e-14
4.85438e-14
2.17751e-14
9.15991e-14
3.39205e-14
0
5.49916e-14
-1.64496e-13
-8.20099e-14
1.90806e-13
-9.09637e-14
-1.54923e-13
-5.68393e-15
3.69559e-14
-4.26399e-14
0
0
0
0
0
-9.02857e-14
1.0318e-13
1.35425e-13
1.0318e-13
-9.6733e-14
1.53006e-13
1.16576e-13
7.28432e-15
7.28432e-15
-2.18583e-13
0
-1.1375e-13
0
0
0
1.57351e-13
0
-7.86756e-14
0
0
-4.75656e-14
8.89456e-14
7.65494e-14
1.18063e-14
0
-3.05471e-15
1.98612e-14
-3.05471e-15
-2.32214e-13
2.2916e-13
1.97605e-14
7.3648e-14
-7.18324e-15
-7.18324e-15
0
4.17245e-14
4.90771e-15
4.90771e-15
-3.19091e-14
0
8.30721e-14
2.67911e-15
2.67911e-15
2.67911e-15
-2.41179e-13
-1.66578e-13
-1.99922e-13
-9.98914e-14
1.38897e-16
2.33404e-13
-7.91282e-14
1.23512e-13
2.39307e-13
7.71776e-15
-1.15795e-13
1.98953e-15
1.21391e-13
1.21391e-13
-1.17412e-13
-1.19401e-13
9.49278e-14
2.13589e-13
1.24593e-13
-8.30645e-14
-3.26319e-13
-1.05496e-13
1.03177e-13
1.37956e-13
-1.05496e-13
-1.39115e-13
0
0
0
1.486e-13
-1.486e-13
1.127e-13
2.53575e-13
-8.45251e-14
1.127e-13
-1.127e-13
7.3804e-14
5.64863e-14
-3.19005e-13
8.29282e-14
0
-2.04617e-15
-2.04617e-15
-2.04617e-15
-2.04617e-15
0
1.97141e-13
-2.06944e-14
-2.7934e-13
2.62184e-14
8.32211e-14
-2.37182e-14
-1.89746e-13
-1.18591e-13
7.11546e-14
3.08337e-13
7.36805e-14
-1.22801e-13
-2.45602e-14
-1.22801e-13
1.47361e-13
-3.13407e-14
0
3.13407e-14
0
0
-1.72029e-13
2.06435e-13
6.88118e-14
-1.03218e-13
-1.72029e-13
-2.95958e-14
1.47979e-13
1.18383e-13
-1.18383e-13
1.18383e-13
7.22802e-14
-4.81868e-14
-7.22802e-14
-2.40934e-14
2.40934e-14
0.000743467
-1.98596
0.000752902
1.36186
8.50104e-05
1.32725
3.61591e-05
-2.11692
-5.22427e-05
1.33384e-08
-0.000245541
0.000192396
3.70729e-05
2.0937e-08
-0.000844512
8.13034e-05
4.9964e-05
-6.16404e-05
0.690261
0.721328
0.000110212
-0.00022107
0.000362253
0.0632692
-0.00204397
-0.000111229
-0.00128167
-1.63332e-07
-0.000624861
-0.000581199
0.280477
-0.408869
-0.00818931
-0.00961767
0.283243
-0.301398
-0.00138167
-0.00183732
-0.418842
-0.372429
0.0141151
0.0118608
-0.7204
-0.788779
0.0310099
272.486
0.0139736
287.56
0.0223544
243.901
-1.06708
278.944
0.0102538
199.582
0.0141671
212.487
0.248818
204.507
0.840879
196.247
-2.47425e-08
-1.82266e-10
7.11645e-08
-1.01015e-10
-5.46181e-10
-2.20371e-14
1.45496e-08
4.21211e-12
-0.00018638
5.58701e-07
-0.000203459
-1.52408e-09
-4.42588e-05
8.14867e-10
3.82663e-05
1.29333e-09
-3.59276e-05
-1.35829e-09
-4.65598e-06
-4.51775e-11
-3.31287e-05
5.32837e-07
-5.92295e-05
3.93328e-07
0.0106224
209.761
0.0162293
223.365
0.0105334
204.001
0.0162816
232.698
0.0103652
206.153
0.0163735
224.724
0.0100853
198.234
0.0169046
233.451
0.0310109
0.0303285
272.679
272.651
0.0205647
0.0196639
246.716
247.328
0.0114926
0.010593
213.54
212.238
-2.45945e-08
-1.52477e-11
-0.000211091
0.0102721
195.447
-8.45812e-12
-2.23971e-08
-0.000217696
0.00562474
188.39
7.05252e-14
-5.74521e-10
-1.24855e-06
0.0150886
242.54
0.000474344
1.38308e-08
4.58451e-05
-9.99744e-07
0.000417634
1.16235e-08
-0.000159562
3.91346e-06
0.000404626
1.04167e-08
-0.000170676
2.04775e-05
1.01372e-13
3.65482e-13
-2.11879e-09
-1.38695e-13
2.12478e-08
1.38382e-09
0.000646072
2.26947e-08
-0.000175845
6.9105e-05
-1.42061e-13
-9.81422e-14
1.65385e-11
3.6375e-13
9.4419e-08
3.61244e-09
0.000946406
3.80585e-08
-0.000366119
5.19897e-05
7.19409e-11
4.33786e-13
5.6432e-11
1.89955e-13
3.74953e-14
5.13994e-14
-2.23544e-13
-5.02806e-14
6.29441e-08
2.55357e-09
1.00024e-07
3.57404e-09
3.00288e-11
9.15078e-15
7.38928e-12
1.85447e-13
-2.40615e-14
-7.49905e-14
-4.78271e-14
-2.88036e-14
4.50798e-08
2.0368e-09
2.50509e-08
1.76468e-09
0.000572709
2.30612e-08
6.65053e-05
-6.08755e-06
0.000842919
3.345e-08
0.000118613
-8.01381e-06
0.000453037
1.68426e-08
4.47094e-05
-5.44346e-06
0.000308084
1.26274e-08
5.16106e-05
-9.05427e-06
3.48406e-12
-1.35662e-13
-4.85093e-11
-8.45322e-14
-8.4232e-12
3.85282e-14
3.71779e-10
-2.15429e-13
-3.53638e-11
4.3763e-14
1.33823e-09
-8.34344e-13
-9.20477e-14
4.25493e-14
-4.72715e-14
7.10767e-14
-4.26049e-14
1.00712e-13
-9.69713e-11
-2.27544e-14
5.04265e-09
-7.00766e-12
0
0
-1.79774e-13
-3.05046e-14
1.65917e-13
0
1.17912e-10
0
3.67756e-09
-9.07796e-12
-3.85252e-10
2.29308e-13
-5.48363e-08
-8.59698e-10
-1.35227e-07
3.02601e-09
-0.000939391
-1.08326e-07
-2.02961e-13
-2.94934e-13
5.67051e-11
-2.05469e-13
-4.29365e-13
-1.46076e-13
6.17455e-11
5.29116e-15
-3.06797e-12
5.39964e-14
-2.14645e-13
6.19753e-14
2.03209e-13
7.30337e-14
2.73573e-08
8.25114e-09
0.000275264
3.74087e-05
-4.48022e-09
-4.90532e-09
1.01457e-11
8.97393e-12
-1.93641e-12
-5.29395e-13
-2.77401e-13
2.19116e-14
7.81598e-14
1.2465e-15
6.1839e-14
-1.09608e-13
1.47419e-13
4.19522e-14
-1.10721e-14
-5.74326e-14
2.83513e-14
9.49697e-14
5.43839e-14
1.15635e-13
2.07921e-14
7.72108e-14
2.08037e-13
-7.12213e-14
-1.71827e-13
-3.48899e-13
2.75161e-13
5.41983e-14
-1.46885e-10
9.91266e-14
-1.50044e-13
-1.83434e-13
-1.03979e-13
1.51249e-14
1.84535e-10
-7.63389e-14
2.39129e-11
1.02366e-13
1.68435e-08
-5.63246e-11
1.80583e-09
-6.67155e-12
0
9.50699e-14
-4.78336e-14
1.9033e-13
3.74514e-14
9.31547e-14
1.62307e-13
5.43948e-14
-1.04301e-13
1.11044e-13
-6.36654e-14
-8.51434e-14
7.58883e-14
2.36172e-14
-4.02668e-14
-7.41023e-14
-6.17633e-14
0
-1.77166e-13
-2.38392e-14
0
0
1.83457e-14
-7.78221e-14
-2.91655e-13
-2.14556e-13
1.15531e-13
-4.51531e-14
-3.02592e-13
1.09612e-13
1.28807e-13
5.0016e-14
-7.49333e-14
-1.3466e-13
1.68071e-13
7.46198e-14
-2.12252e-14
0
0
-2.93152e-13
4.75e-14
-2.27653e-14
1.05788e-13
1.865e-14
0
5.12881e-14
-4.61209e-14
-1.86902e-13
0
8.02304e-14
3.74029e-14
3.34796e-14
2.77949e-13
3.80532e-14
7.30163e-14
-2.05697e-13
-1.47528e-13
-1.74869e-14
0
-5.06848e-14
4.87276e-14
-8.97437e-14
1.38695e-13
-1.29169e-13
0
-3.98287e-14
-1.61449e-13
0
-8.47831e-14
1.38507e-13
-2.24901e-14
7.52024e-14
7.22911e-14
1.04918e-14
-9.74545e-15
4.22855e-14
6.13857e-14
-9.03887e-14
-4.494e-14
0
1.28098e-13
0
-2.87499e-14
4.65743e-14
-8.23426e-14
1.47538e-13
9.49548e-14
-9.50111e-14
-1.07071e-13
-1.6675e-13
-2.99454e-14
-4.81231e-14
2.21652e-13
0
6.25604e-14
4.7791e-14
2.3774e-13
2.63049e-13
-8.64107e-14
0
-2.02249e-13
-2.64368e-13
-1.39095e-13
6.33409e-15
-4.03e-14
-6.9102e-14
-1.69684e-14
-1.25684e-13
-2.82248e-13
1.54727e-14
-4.96064e-14
2.00084e-14
7.02634e-14
1.77613e-14
0
-6.56207e-14
6.36362e-15
1.01578e-13
4.93233e-14
2.80972e-14
4.917e-14
0
2.1133e-14
-4.25414e-14
7.70564e-14
-3.07099e-14
-3.59049e-14
2.95932e-14
-6.56445e-14
1.29973e-13
-5.65657e-14
-5.02042e-14
-1.10625e-13
2.36358e-14
-4.2646e-14
5.68065e-14
-2.01423e-14
-2.86805e-14
-5.25101e-15
-4.79701e-14
1.70919e-13
-1.0985e-13
2.63164e-14
1.54092e-13
-3.05046e-14
9.48099e-14
7.98204e-14
-1.75791e-13
-9.54666e-14
7.64186e-14
2.5937e-14
1.30766e-13
7.47233e-14
-1.0118e-14
2.41419e-14
-1.79047e-14
7.16189e-14
8.10119e-15
-9.57923e-14
-9.87821e-14
5.92692e-14
1.59023e-13
4.89334e-14
-1.10895e-15
-5.10239e-14
-1.63429e-14
2.40968e-14
-5.83692e-14
5.83692e-14
1.73634e-13
0
-7.85016e-14
-5.44639e-17
-8.4808e-15
4.95454e-14
-3.53455e-14
0
-5.05448e-14
0
4.84273e-14
9.68546e-14
-2.42136e-14
-7.26409e-14
6.39846e-14
2.66426e-17
-9.20943e-14
2.52386e-14
3.87314e-14
0
1.1149e-13
-9.27331e-14
-6.27941e-14
-1.56985e-14
3.02214e-14
-7.82458e-14
4.86245e-14
4.86245e-14
-5.38931e-14
-3.91021e-14
6.90446e-14
-2.30468e-14
-4.92762e-14
-1.7789e-14
1.15742e-13
-2.41095e-14
6.50874e-15
-4.99564e-14
0
0
6.03411e-15
0
8.66577e-14
0
3.02764e-14
6.38715e-14
-4.68449e-14
1.5615e-14
8.46906e-14
-2.25595e-14
-1.65671e-14
0
9.1542e-15
-5.72877e-14
0
6.81914e-14
-2.38979e-14
3.74569e-14
0
1.99618e-14
-5.44445e-14
9.32762e-14
-1.42856e-13
4.08159e-14
9.53158e-14
-1.85887e-13
-9.70658e-14
-1.6153e-15
-6.46006e-14
-1.52362e-14
-1.08947e-13
8.85564e-14
-1.01821e-13
-7.97148e-14
-2.406e-14
2.406e-14
0
1.30723e-13
-2.01713e-14
-1.00857e-13
4.74902e-14
1.75085e-13
5.64909e-14
-5.64909e-14
-1.40208e-13
-9.47035e-14
-3.29383e-14
-3.29383e-14
-7.05957e-14
-4.21824e-14
-3.713e-14
-1.8565e-14
7.36836e-14
1.27715e-13
-8.68374e-14
0
1.69737e-14
-2.26058e-14
-8.90976e-14
1.20372e-15
9.68953e-14
4.64153e-14
5.8576e-16
5.8576e-16
8.12657e-16
2.17963e-14
4.95055e-14
0
-2.02204e-14
-2.51475e-14
2.40875e-15
5.66188e-14
7.58808e-14
4.8051e-14
1.45054e-14
1.30549e-13
1.7339e-13
2.96429e-14
1.51153e-14
-1.07938e-15
-2.72035e-14
-2.10842e-14
-6.81859e-14
1.36372e-13
-5.78365e-14
-9.65095e-14
6.70004e-14
-4.31365e-14
-8.8602e-15
7.46833e-14
4.53633e-14
7.56054e-14
-1.40266e-14
-2.61547e-14
-3.79567e-15
-3.79567e-15
2.07658e-14
7.1515e-14
-5.49865e-14
-5.49865e-14
-1.8363e-15
1.11392e-13
-9.54255e-14
-6.81611e-14
7.2734e-14
1.55073e-13
5.92213e-16
5.92213e-16
7.36008e-14
1.30861e-13
-4.33136e-14
-1.01065e-13
1.44432e-13
1.44308e-13
-1.10962e-15
-1.10962e-15
-1.10962e-15
-3.44064e-14
-3.32968e-14
-7.00958e-17
-7.00958e-17
-7.00958e-17
-7.00958e-17
0
1.2927e-13
3.06746e-14
-3.50556e-14
-1.8623e-14
-3.28651e-14
7.47099e-14
9.43702e-14
-3.93109e-15
-1.02232e-13
-8.12617e-14
-8.10314e-14
0
0
0
0
0
1.63428e-14
3.26856e-14
4.90284e-14
6.53712e-14
3.72954e-14
4.38675e-15
4.38675e-15
4.38675e-15
0
-9.08012e-14
-9.08012e-14
0
0
0
-8.51933e-14
-8.51933e-14
-1.39628e-15
6.14515e-14
8.37971e-14
0
6.25495e-14
0
-6.25495e-14
-7.81869e-14
-7.96976e-14
6.69563e-16
6.69563e-16
4.08532e-14
2.00918e-14
4.05086e-14
-1.3965e-15
-1.3965e-15
-4.33016e-14
4.05086e-14
-3.49101e-15
-3.49101e-15
-3.49101e-15
2.26979e-14
5.23779e-14
-4.78281e-14
4.78281e-14
0
0
0
-7.44021e-16
2.15821e-14
-7.44021e-16
-7.44021e-16
0
-2.38443e-14
0
0
0
0
-3.29472e-14
0
6.58944e-14
3.29472e-14
-6.58944e-14
3.21312e-14
4.84346e-14
-4.75398e-16
-4.93854e-14
-3.315e-14
1.83077e-14
-1.09846e-13
1.83077e-14
0
0
9.09587e-14
-2.65165e-15
-2.65165e-15
-2.65165e-15
-2.49567e-15
-8.59089e-16
-8.59089e-16
-8.59089e-16
-7.8196e-14
-1.03116e-13
7.87971e-14
5.80613e-14
7.87971e-14
-2.4882e-14
-6.77356e-14
6.89712e-14
3.71377e-14
-2.65292e-14
-5.83626e-14
-4.77502e-14
-1.1301e-13
-1.1301e-13
0
4.5204e-14
2.2602e-14
7.54418e-14
2.76272e-14
-2.01873e-14
-9.98783e-14
-9.98783e-14
0.00786568
5.23744e-07
0.00789511
3.90808e-07
0.0078443
1.22113e-06
0.00763667
8.46953e-06
0.00796633
4.28267e-05
0.00783137
5.17238e-05
0.00795354
7.54184e-05
0.00768224
1.75869e-05
0.00788262
1.73871e-06
0.00860214
3.80007e-05
-1.53041e-07
4.78894e-05
4.79689e-05
5.45542e-07
9.10161e-08
1.25994e-07
1.0502e-07
3.72228e-08
0.00862331
3.90306e-05
-1.21594e-07
4.91816e-05
4.92452e-05
4.44469e-07
7.73163e-08
8.30459e-08
9.74069e-08
5.36433e-08
0.00822041
3.96823e-05
-2.21864e-08
4.99751e-05
4.99884e-05
1.27313e-06
5.77442e-08
5.90767e-08
6.74117e-08
3.80353e-08
0.00825922
4.09334e-05
2.60649e-07
5.17319e-05
5.1601e-05
8.84988e-06
4.06344e-07
4.32324e-07
4.72275e-07
2.44872e-07
0.00875257
4.44934e-05
1.83021e-06
5.62484e-05
5.52998e-05
4.40198e-05
1.53139e-06
1.60737e-06
1.68385e-06
8.65806e-07
0.00814712
2.03052e-05
2.56685e-06
1.83572e-05
1.70465e-05
5.36627e-05
2.71299e-06
2.88757e-06
3.08644e-06
1.62241e-06
0.00844016
3.27708e-05
3.63951e-06
3.75474e-05
3.57129e-05
7.8197e-05
3.79514e-06
4.02038e-06
4.26578e-06
2.23159e-06
0.00804016
1.21485e-05
6.35664e-07
6.46703e-06
6.04941e-06
1.83618e-05
1.14739e-06
1.23213e-06
1.32687e-06
6.8839e-07
0.00808509
9.18141e-06
-6.05706e-08
1.20996e-06
1.17327e-06
1.81966e-06
1.78764e-07
1.52889e-07
1.6077e-07
1.05655e-07
2.02601e-06
0.0271642
0.0275704
1.78826e-06
1.96488e-09
1.32799e-06
1.5203e-10
1.42133e-06
1.34268e-05
0.0252603
1.82654e-05
0.025976
1.50265e-13
-3.00745e-14
6.01464e-14
6.014e-14
9.03455e-14
3.00158e-14
-8.10962e-14
-6.08633e-14
-1.21714e-13
0
8.12639e-14
0
8.69562e-14
-9.57856e-14
8.70988e-14
-8.78478e-14
1.45529e-13
9.39e-14
5.84157e-14
1.87069e-13
-3.03004e-14
-2.78799e-14
-5.38234e-14
9.08246e-14
1.50378e-13
0
-2.99729e-14
-6.03158e-14
0
6.0185e-14
-2.02887e-14
-4.05499e-14
-2.02162e-14
0
6.081e-14
6.08982e-14
8.14768e-14
1.21548e-13
1.21548e-13
-1.18877e-13
-1.20212e-13
8.01988e-14
-1.66947e-30
-8.01988e-14
-4.00994e-14
0
1.22965e-13
-1.1762e-13
-7.75227e-14
8.28677e-14
-8.01952e-14
0
-8.01866e-14
0
0
0
4.28298e-14
-1.17784e-13
-3.74773e-14
2.67625e-15
0
3.80205e-14
-4.20217e-14
-2.00057e-15
-2.00057e-15
0
1.35611e-13
1.89675e-13
5.45146e-14
8.15466e-14
-1.62192e-13
0
0
0
0
0
5.58977e-14
1.09993e-13
-2.52448e-14
1.09993e-13
-1.0819e-13
-1.89315e-13
-1.35225e-13
2.7045e-14
-2.7045e-14
3.2454e-13
1.80542e-15
-1.60722e-13
-2.52825e-14
-1.06546e-13
1.89616e-13
8.05426e-14
1.0754e-13
5.35451e-14
-1.35437e-13
-1.0799e-13
1.17229e-13
1.28792e-15
1.28792e-15
1.28792e-15
0
-1.04659e-15
3.03587e-14
-6.38571e-14
6.17639e-14
6.28105e-14
1.16132e-13
0
3.87106e-14
0
-3.87106e-14
8.36427e-15
2.59354e-13
1.02485e-13
8.36427e-15
-2.19616e-13
-3.88077e-14
0
1.16423e-13
0
0
1.565e-13
0
0
-3.13e-14
0
1.1748e-13
6.48905e-16
6.48905e-16
6.48905e-16
0
1.55371e-13
-3.16977e-14
-5.1951e-16
-5.1951e-16
0
-1.6177e-13
-1.68294e-16
4.02322e-14
-1.68294e-16
0
3.74829e-14
3.09701e-16
3.09701e-16
3.09701e-16
0
-1.07647e-13
7.17646e-14
1.07647e-13
-1.07647e-13
-1.07647e-13
1.51374e-13
3.02749e-14
0
1.21099e-13
-4.23848e-13
8.08699e-14
-1.19634e-13
-7.95335e-14
6.68185e-16
2.40605e-13
4.00735e-14
1.2022e-13
8.0147e-14
-1.2022e-13
-1.2022e-13
-7.72641e-14
2.66361e-15
2.66361e-15
-1.17228e-13
1.19892e-13
-1.20632e-13
0
0
4.02105e-14
-4.02105e-14
-1.18857e-13
-7.87927e-14
8.14629e-14
-7.87927e-14
2.00319e-13
1.59825e-13
3.94548e-14
-6.68559e-16
-8.09152e-14
0
-1.08206e-13
-1.35258e-13
-2.70516e-14
2.70516e-14
2.43464e-13
-1.80178e-15
-1.80178e-15
-1.80178e-15
1.33365e-13
-1.35166e-13
5.92995e-14
-1.29385e-13
-4.85202e-14
2.21029e-13
-8.08648e-14
1.80797e-15
1.64565e-13
1.10312e-13
-1.06697e-13
-1.62757e-13
1.09908e-13
2.8828e-14
1.80134e-15
1.80134e-15
-2.16213e-13
-2.66149e-14
-1.07812e-13
-1.61944e-13
4.50987e-16
2.16527e-13
1.80318e-13
-1.20298e-13
-9.02173e-14
-9.02043e-14
0
-6.00324e-14
0
1.01439e-13
-1.01426e-13
0
-4.06317e-14
-2.02481e-14
5.79708e-14
-6.90919e-14
-2.90337e-14
-1.17651e-13
2.91062e-14
-1.72161e-14
0
2.33842e-14
-9.08993e-14
2.83364e-14
-1.0764e-13
-2.49846e-13
0
9.01639e-14
-1.49859e-13
-6.03175e-14
3.00473e-14
1.50469e-13
0
8.11001e-14
2.02173e-14
2.03443e-14
-8.10795e-14
2.02994e-14
8.01414e-14
1.60283e-13
1.20212e-13
-1.20212e-13
-1.20212e-13
2.67264e-15
2.67264e-15
-7.75261e-14
2.67264e-15
0
-2.67245e-15
1.17617e-13
-4.2769e-14
-2.67245e-15
4.00966e-14
-5.34414e-15
1.14928e-13
-5.34414e-15
-5.34414e-15
0
-1.24477e-13
-4.41685e-14
1.16448e-13
-4.01443e-15
4.01541e-14
4.00216e-14
8.00432e-14
4.00216e-14
-4.00216e-14
0
5.36137e-14
1.3471e-13
2.65816e-14
-4.50425e-16
0
-3.60583e-15
-1.11807e-13
-3.60583e-15
-3.60583e-15
0
2.7047e-14
-2.7047e-14
0
0
1.08188e-13
0
5.40919e-14
8.11379e-14
-5.40919e-14
-8.11379e-14
0
5.41756e-14
2.70878e-14
-2.70878e-14
-5.41756e-14
4.49848e-16
4.49848e-16
-5.35451e-14
4.49848e-16
0
-7.98702e-14
-1.95812e-13
-4.1223e-14
-2.57585e-15
2.31883e-13
2.09317e-15
9.63089e-14
2.09317e-15
2.09317e-15
0
-1.21295e-13
-1.21295e-13
-5.16028e-15
-4.38718e-14
3.87115e-14
0
2.19616e-13
9.41211e-14
-1.25495e-13
-6.27474e-14
1.16425e-13
1.16425e-13
0
-7.76164e-14
-1.55233e-13
8.3444e-15
8.34441e-15
8.34441e-15
3.96436e-14
0
6.4893e-16
6.4893e-16
6.4893e-16
6.4893e-16
0
-3.16985e-14
-9.40565e-14
-9.40565e-14
-5.19523e-16
2.18253e-13
-8.60163e-14
-5.21702e-15
-5.21702e-15
-5.21702e-15
0
-1.13031e-13
-1.13031e-13
3.14772e-16
3.14772e-16
2.26691e-13
0
1.794e-13
1.0764e-13
-1.0764e-13
-1.4352e-13
-1.03006e-13
1.92865e-13
1.27116e-13
-1.3588e-13
-9.86236e-14
8.15381e-14
1.21639e-13
1.33637e-15
1.33637e-15
-2.00504e-13
1.22889e-13
4.27437e-14
1.22889e-13
-3.7402e-14
-1.20219e-13
-7.45979e-14
-3.46354e-14
-3.46354e-14
1.25214e-13
-1.19887e-13
0
8.04234e-14
0
0
-2.01058e-13
4.27333e-14
-3.73929e-14
2.67022e-15
4.27333e-14
-4.00631e-14
2.41418e-13
6.68586e-16
-1.19706e-13
1.21043e-13
-1.20375e-13
1.08208e-13
2.70519e-14
-8.11557e-14
8.11557e-14
-1.35259e-13
3.60357e-15
-1.0453e-13
-5.04631e-14
1.11737e-13
1.622e-13
0
-1.07825e-13
-1.07825e-13
1.07825e-13
1.07825e-13
3.61587e-15
-7.77611e-14
-7.77611e-14
8.49929e-14
8.1377e-14
-2.43239e-13
0
1.08106e-13
-1.08106e-13
1.08106e-13
-4.50987e-16
-4.50987e-16
-2.75168e-14
-1.08714e-13
1.35329e-13
8.64288e-14
-1.59031e-14
-8.68625e-14
0
1.72223e-13
8.13876e-14
0
-2.03754e-14
-5.18822e-14
-1.80554e-14
7.87786e-14
1.4391e-13
0
1.63941e-13
-6.0084e-14
-8.72703e-14
-4.06882e-14
-3.43728e-14
8.08298e-14
2.76123e-14
-9.04383e-14
1.2504e-13
6.51354e-14
4.47748e-14
2.3622e-14
0
9.28742e-14
8.45267e-14
6.33846e-14
6.90725e-14
7.05975e-14
1.77881e-14
0
0
0
-4.43965e-14
3.61377e-14
0
-7.57555e-14
3.21596e-14
-1.6712e-13
1.55288e-13
-4.24084e-14
0
-4.24084e-14
0
4.24084e-14
-1.15817e-13
0
0
0
2.31633e-13
-1.72844e-13
-1.51239e-13
0
1.08028e-13
2.16055e-13
1.12264e-13
3.57209e-14
3.57209e-14
-1.17366e-13
-1.14815e-13
1.62775e-13
2.71292e-14
5.42584e-14
-1.62775e-13
-1.89904e-13
0
0
0
2.1464e-14
-2.1464e-14
9.20782e-14
-7.81452e-14
-2.18299e-13
1.22146e-13
1.45811e-13
2.60248e-15
3.09179e-14
-9.26489e-14
-1.54993e-13
2.62666e-13
3.20906e-15
-1.41234e-13
3.20906e-15
5.13567e-14
9.62952e-14
-1.18612e-13
-1.43004e-13
2.40704e-15
1.10017e-13
7.12787e-14
-2.50156e-13
-2.92796e-13
2.70039e-14
4.83239e-14
2.9848e-13
2.24647e-15
-9.88695e-14
2.24647e-15
2.24647e-15
-1.01116e-13
6.80062e-14
-7.77189e-14
-4.85632e-15
-4.85632e-15
0
1.0679e-14
5.0735e-14
-2.9377e-14
1.0679e-14
0
-1.1636e-13
1.1636e-13
1.1636e-13
0
-2.32721e-13
-1.53406e-15
2.49933e-13
-9.27254e-15
-4.36639e-13
2.43387e-13
-1.77212e-13
-8.55515e-14
6.10923e-15
-1.08467e-13
3.89558e-13
-1.79578e-15
-1.09569e-13
-1.79578e-15
-1.09569e-13
1.07773e-13
-3.19088e-14
4.90766e-15
4.17241e-14
4.90766e-15
0
4.01948e-14
2.41169e-13
8.03896e-14
0
-2.41169e-13
6.66718e-15
-9.3365e-14
6.66718e-15
6.66718e-15
0
1.15796e-13
0
0
0
-2.31592e-13
1.20394e-13
9.94753e-16
-1.18405e-13
-1.18405e-13
0
-1.21104e-14
-1.21104e-14
-1.21104e-14
-1.21104e-14
0
0
0
0
0
0
7.0998e-14
-3.30139e-15
-3.30139e-15
4.62315e-14
-4.95329e-14
1.12702e-13
0
0
-1.12702e-13
1.12702e-13
9.80032e-14
1.12519e-13
3.5272e-14
-1.6931e-13
4.89867e-14
1.22796e-13
0
1.22796e-13
0
-1.22796e-13
6.47531e-14
2.38767e-14
2.35394e-14
9.25367e-14
-8.32191e-14
-7.11525e-14
-7.11525e-14
2.37175e-14
4.7435e-14
2.37175e-14
0
0
0
0
0
0
0
9.40307e-14
0
-9.40307e-14
-2.40841e-13
-2.06435e-13
0
0
2.06435e-13
-8.87929e-14
0
0
1.18391e-13
1.18391e-13
0
-7.22754e-14
-4.81836e-14
-7.22754e-14
2.40918e-14
-1.34292e-13
4.47638e-14
-2.23819e-14
1.34292e-13
4.47638e-14
-5.03593e-14
3.42298e-09
1.97221e-08
5.01771e-09
2.71174e-09
-2.33865e-09
-7.49938e-11
-2.35201e-10
6.49673e-12
-8.86801e-09
-0.000133989
-5.60345e-08
-0.000218668
-3.00394e-07
-2.89087e-08
-0.000708231
-5.22219e-12
-1.18367e-10
1.66718e-12
8.72117e-13
-1.73461e-09
4.74487e-10
1.47721e-13
-1.924e-13
-1.19604e-08
-0.000126992
-6.62623e-08
-0.000186749
-3.18705e-07
-3.78951e-08
-0.000628139
-4.11283e-14
-7.68985e-13
3.27289e-14
0
-3.25199e-12
-6.78425e-13
3.57658e-14
-1.45192e-13
-1.62074e-09
2.57451e-08
-3.53743e-09
-2.56873e-08
-1.45401e-08
-2.08426e-09
-1.82895e-07
-1.14905e-14
-3.76125e-14
0
-3.01654e-14
-1.49583e-13
6.24598e-14
7.15337e-14
1.75304e-13
1.31043e-13
-1.13849e-09
-1.87984e-13
-2.23322e-09
-2.57602e-12
-4.50028e-13
-6.64787e-09
-1.5937e-13
-3.74728e-14
2.10633e-13
0
1.70385e-13
2.97747e-13
-1.64413e-13
0
1.20475e-13
1.97141e-14
2.88038e-14
1.05368e-14
2.13032e-13
0
-6.77784e-13
5.54683e-14
-2.16159e-13
5.43295e-15
2.71087e-14
2.39547e-13
2.93008e-13
5.02546e-14
5.11409e-14
-7.39208e-14
1.96929e-14
6.85956e-14
7.51851e-14
-2.41296e-13
2.4202e-13
-1.0269e-13
3.29235e-13
-1.36976e-13
-3.03282e-09
9.45645e-10
-4.36234e-14
-1.44517e-13
-9.37694e-11
3.93815e-13
7.4541e-14
0
3.64882e-13
-2.97054e-13
4.42759e-13
-2.31236e-13
8.5924e-14
-1.76379e-13
1.80232e-13
-6.04231e-13
2.54216e-13
-3.73095e-13
1.62347e-13
-8.00155e-14
3.00625e-14
0
-4.23048e-14
2.85918e-13
2.88114e-14
0
-2.49552e-13
4.41326e-13
-1.91971e-14
1.62439e-14
1.44037e-13
-9.95143e-14
0
3.39213e-13
1.56471e-13
2.04171e-13
1.31041e-13
0
1.2532e-13
1.48486e-13
1.94874e-13
9.01161e-14
0
4.16555e-14
4.88665e-15
6.59624e-14
1.42067e-13
-7.6059e-15
3.84368e-14
-1.92233e-13
-8.1072e-14
-1.47423e-13
1.79042e-13
-1.77541e-13
-2.14471e-13
5.06521e-13
3.70611e-13
3.82662e-13
-1.1796e-13
7.38511e-15
-2.789e-14
1.85178e-13
2.2318e-13
-9.75378e-14
-4.52099e-14
9.15554e-14
-1.05415e-13
-1.18285e-13
-1.92026e-14
7.37577e-14
-3.12446e-13
-9.50715e-14
1.12964e-13
-1.40234e-13
1.70173e-13
4.0552e-14
5.76627e-14
8.98303e-14
-9.76695e-14
-4.89966e-13
-2.42912e-13
7.39208e-14
-1.28004e-13
-6.85956e-14
-7.51851e-14
3.37814e-13
-3.6303e-14
1.0269e-13
)
;

boundaryField
{
    patch1
    {
        type            calculated;
        value           nonuniform List<scalar> 
2440
(
-0.000625254
-2.03204e-13
0
0
0
0
0
0
0
0
-0.000625254
-3.04806e-13
0
0
0
0
0
0
0
0
-0.000586318
6.19497e-06
2.70497e-05
0.000130249
-0.000111976
-0.00103606
-0.00138711
-0.000789966
0.0271642
-8.3513e-14
-7.09611e-10
8.28658e-09
0.000138175
0.000363034
7.22216e-08
-2.39032e-09
-5.19891e-13
0
0
0
0
0
0
0
0
0
0
0
0
0
0
0
0
0
0
0
0
0
0
0
0
0
0
0
0
0
0
0
0
0
0
0
0.0271642
0
0
0
0
0
0
0
0
0
0
0
0
0
0
0
0
0
0
0
0
0
0
0
0
0
0
0
0
0
0
0
0
0
0
0
0
0
0
0
0
0
0
0
0
0
0
0
0
0
0
0
0
0
0
0
0
0
-0.000668386
4.08219e-06
2.70335e-05
0.000130248
-0.000111978
-0.0010361
-0.00136659
-0.000875097
0.0271642
-7.56996e-14
-7.0898e-10
8.28679e-09
0.000138175
0.000363034
7.22213e-08
-2.39012e-09
-4.75344e-13
0
0
0
0
0
0
0
0
0
0
0
0
0
0
0
0
0
0
0
0
0
0
0
0
0
0
0
0
0
0
0
0
0
0
0
0.0271642
0
0
0
0
0
0
0
0
0
0
0
0
0
0
0
0
0
0
0
0
0
0
0
0
0
0
0
0
0
0
0
0
0
0
0
0
0
0
0
0
0
0
0
0
0
0
0
0
0
0
0
0
0
0
0
0
0
-1.65595e-07
-6.19751e-14
0
0
0
0
0
1.33111e-13
-1.0269e-13
-4.84041e-14
1.0269e-13
-1.65202e-07
0
0
0
0
0
0
2.4202e-13
-1.0269e-13
-3.6303e-14
1.0269e-13
-0.000111104
2.55995e-13
4.36893e-13
2.58123e-09
3.60069e-09
1.62654e-13
2.88066e-13
2.06913e-09
1.79305e-09
2.49745e-08
5.57894e-06
3.60692e-08
7.83468e-06
1.82253e-08
5.11397e-06
1.33752e-08
-7.65765e-07
6.92405e-14
1.55979e-13
-1.01168e-13
-9.08721e-14
0
-4.19222e-14
-3.24532e-14
-2.95643e-14
-4.55305e-14
3.22568e-14
-2.14712e-14
2.43696e-14
-1.43482e-13
-4.74342e-14
1.66815e-13
0
2.15981e-13
-3.46203e-14
-1.29983e-13
1.51753e-13
6.81541e-14
-5.58082e-14
-8.38444e-14
1.08176e-14
0
-6.07073e-14
3.72194e-14
4.29424e-14
-4.87386e-14
0
1.42303e-13
0
-1.45729e-13
0
0
0
0
0
0
0
0
0
0
0
0
0
0
0
0
0
0
0
0
0
0
0
0
0
0
0
0
0
0
0
0
0
0
0
0
0
0
0
0
0
6.12553
-0.000634224
6.34952
-0.000674937
6.4393
-0.00067526
6.62899
-0.000670233
6.98961
-0.000711239
2.02621
-0.000275131
4.34528
-0.000556993
0.724916
-0.000100725
0.150484
-1.82734e-05
2.02641e-06
0.0275704
1.78796e-06
-3.17938e-11
-3.20951e-07
2.28625e-06
0.0358746
0.0308277
6.63737e-06
-2.95068e-07
-5.02046e-11
4.04156e-13
1.90733e-13
2.58124e-09
3.6005e-09
8.48077e-15
1.52091e-13
2.06909e-09
1.79337e-09
2.49745e-08
5.57896e-06
3.60626e-08
7.85146e-06
1.82257e-08
5.11386e-06
1.33759e-08
-7.65801e-07
-1.33724e-13
-2.27762e-14
7.70564e-14
-1.25667e-13
6.56445e-14
-8.06061e-13
1.53177e-13
7.10767e-14
2.01423e-14
3.50067e-15
-6.98325e-12
-2.63169e-14
-3.05046e-14
2.66068e-14
-2.38666e-14
-9.07796e-12
1.97189e-13
-2.27702e-14
-3.85282e-14
0
-4.3763e-14
-5.65657e-14
1.70193e-14
-2.84307e-14
-1.00712e-13
-7.00135e-15
1.95336e-13
7.89493e-14
0
5.32136e-14
-1.19333e-13
2.5937e-14
0
0
0
0
0
0
0
0
0
0
0
0
0
0
0
0
0
0
0
0
0
0
0
0
0
0
0
0
0
0
0
0
0
0
0
0
0
0
0
0
0
6.12597
-0.000634258
6.35015
-0.000674985
6.44027
-0.000675253
6.62933
-0.000670174
6.98981
-0.000711251
2.02621
-0.000275125
4.34523
-0.000556968
0.724937
-0.000100726
0.150498
-1.82741e-05
2.02642e-06
0.0275704
1.78804e-06
1.30966e-06
1.43092e-06
0.02543
0.0255898
1.82534e-15
-3.22157e-14
-4.05535e-14
-3.43765e-13
2.39547e-13
3.58121e-13
0
-5.11409e-14
4.94445e-13
-5.50554e-15
3.78812e-14
-4.5111e-14
-2.41296e-13
4.41576e-14
7.82017e-14
-5.43189e-15
1.13827e-13
5.98868e-14
-6.5113e-14
-4.39713e-13
-1.91772e-13
-2.45002e-13
-4.87029e-14
-3.78812e-14
4.5111e-14
3.37814e-13
-0.000111101
3.17006e-13
4.70518e-13
2.58119e-09
3.60069e-09
2.61605e-13
2.85919e-13
2.06913e-09
1.79309e-09
2.49745e-08
5.57894e-06
3.60692e-08
7.83468e-06
1.82253e-08
5.11397e-06
1.33752e-08
-7.65765e-07
1.26188e-13
9.6491e-14
5.05842e-14
0
5.58082e-14
6.28833e-14
-4.86798e-14
2.95643e-14
6.07073e-14
-1.24065e-14
0
9.74782e-14
-1.14785e-13
-9.48683e-14
1.25111e-13
2.42882e-14
2.15981e-13
-1.26188e-13
-9.6491e-14
-5.05842e-14
0
0
0
-5.40879e-14
6.89833e-14
4.55305e-14
-4.21819e-14
2.14712e-14
1.46216e-13
-2.86963e-14
0
-2.08519e-14
-1.21441e-13
0
0
0
0
0
0
0
0
0
0
0
0
0
0
0
0
0
0
0
0
0
0
0
0
0
0
0
0
0
0
0
0
0
0
0
0
0
0
0
0
0
6.18205
-0.000647911
6.34952
-0.000672029
6.4393
-0.000675259
6.62899
-0.000670233
6.98961
-0.000711239
2.02621
-0.000275131
4.34528
-0.000556993
0.724916
-0.000100725
0.150484
-1.82734e-05
2.02641e-06
0.0275704
1.78796e-06
-3.03354e-11
-3.20949e-07
2.28625e-06
0.0358746
0.0308277
6.63737e-06
-2.95065e-07
-4.62126e-11
4.36213e-13
1.90932e-13
2.58128e-09
3.60043e-09
7.66945e-15
1.87322e-13
2.06906e-09
1.79334e-09
2.49744e-08
5.57896e-06
3.60626e-08
7.85146e-06
1.82257e-08
5.11386e-06
1.3376e-08
-7.65801e-07
-1.35666e-13
-8.45405e-14
3.85282e-14
-2.15429e-13
4.3763e-14
-8.34344e-13
4.25493e-14
7.10767e-14
1.00712e-13
-2.27544e-14
-7.00766e-12
0
-3.05046e-14
0
0
-9.07796e-12
4.91739e-14
2.11344e-14
7.70564e-14
-3.59049e-14
-6.56445e-14
-5.65657e-14
-1.10625e-13
-4.2646e-14
-2.01423e-14
-5.25101e-15
1.70919e-13
2.63164e-14
-3.05046e-14
7.98204e-14
-9.54666e-14
2.5937e-14
0
0
0
0
0
0
0
0
0
0
0
0
0
0
0
0
0
0
0
0
0
0
0
0
0
0
0
0
0
0
0
0
0
0
0
0
0
0
0
0
0
6.1825
-0.000647945
6.35015
-0.000672078
6.44027
-0.000675253
6.62933
-0.000670174
6.98981
-0.000711251
2.02621
-0.000275125
4.34523
-0.000556968
0.724937
-0.000100726
0.150498
-1.82741e-05
2.02642e-06
0.0275704
1.78804e-06
1.32792e-06
1.42129e-06
0.0252596
0.0259745
5.54655e-14
-2.16158e-13
5.43295e-15
2.71137e-14
2.39547e-13
2.93008e-13
5.02546e-14
5.11409e-14
-7.39208e-14
1.96929e-14
6.85956e-14
7.51851e-14
-2.41296e-13
-1.40236e-13
1.70174e-13
4.05528e-14
5.76668e-14
8.98303e-14
-9.76695e-14
-4.89966e-13
-2.42912e-13
7.39208e-14
-1.28004e-13
-6.85956e-14
-7.51851e-14
3.37814e-13
-0.000195695
1.3996e-13
-6.71458e-14
-0.000195695
1.30848e-13
-5.03593e-14
-6.94437e-05
1.84317e-08
4.90869e-05
2.81957e-08
4.0521e-05
-8.40764e-05
2.36984e-05
-0.000219915
7.3379e-06
5.22525e-06
0.00203731
0.00187321
0.00263745
0.00223611
-2.54467e-08
-1.64369e-11
-0.000189461
-9.87085e-07
-2.00402e-10
2.44588e-05
1.83933e-09
-8.4775e-06
-4.29963e-09
6.92096e-13
4.935e-16
-2.89016e-14
-3.21772e-12
-1.97956e-14
-4.77046e-14
-8.30325e-11
7.67545e-15
2.67086e-14
-7.08715e-10
2.50152e-13
-1.94049e-07
3.99491e-09
2.64858e-13
-4.47803e-14
1.90823e-13
9.73813e-14
-1.24855e-15
2.8068e-15
-2.51083e-14
5.18077e-15
1.09496e-13
-7.40867e-14
2.03943e-13
2.0415e-13
-3.48066e-14
-1.28648e-14
-3.16992e-16
1.26353e-14
2.51414e-14
5.62597e-14
-6.62247e-17
3.43295e-14
5.16169e-16
4.09728e-14
3.9315e-14
-1.35224e-14
-1.14093e-14
-1.17489e-13
3.567e-15
-3.31932e-14
0.00772569
0.00793054
0.00784299
0.00763609
0.00796608
0.00783132
0.00795361
0.00768226
0.0078823
0.0077263
0.00793126
0.0078443
0.00763667
0.00796633
0.00783137
0.00795354
0.00768224
0.00788262
-6.94427e-05
1.84318e-08
4.90869e-05
2.81956e-08
4.17727e-05
-6.17861e-05
2.33949e-05
-0.000220253
4.52797e-06
2.34202e-06
0.00204501
0.00188242
0.00263745
0.00223611
-2.54468e-08
-1.64166e-11
-0.000189461
-6.94426e-07
-2.69384e-10
2.44594e-05
1.84399e-09
-8.47747e-06
-4.29961e-09
5.82689e-13
-8.09254e-16
-1.51327e-14
-3.18279e-12
1.35224e-14
1.40843e-14
-8.30415e-11
-1.49367e-14
-2.02031e-14
-7.08793e-10
3.33535e-13
-1.94049e-07
3.99492e-09
2.02964e-13
2.05693e-13
9.54117e-14
0
-1.8221e-14
-2.6007e-14
6.74541e-14
3.44573e-14
6.39299e-14
-2.09459e-14
1.16642e-13
1.73092e-13
-8.35692e-14
4.57499e-15
1.08602e-14
3.76043e-14
3.775e-14
1.76829e-14
1.74303e-14
2.7305e-14
-1.76522e-16
1.12658e-14
6.37292e-14
2.31411e-15
5.46745e-14
-1.53515e-13
-1.90614e-14
-1.04512e-17
0.00786507
0.00789438
0.00784299
0.00763609
0.00796608
0.00783132
0.00795361
0.00768226
0.0078823
0.00786568
0.00789511
0.0078443
0.00763667
0.00796633
0.00783137
0.00795354
0.00768224
0.00788262
9.75588e-14
-8.81725e-14
1.9286e-13
1.02456e-13
1.2051e-14
1.2051e-14
1.2051e-14
-4.25021e-15
7.54608e-14
-4.25021e-15
-4.25021e-15
-4.25021e-15
-1.75117e-12
-7.73644e-13
-8.88461e-12
-2.28902e-08
-1.68153e-12
-8.96533e-13
-1.1301e-13
-1.1301e-13
0
4.5204e-14
2.2602e-14
7.54418e-14
2.76272e-14
-2.01873e-14
-9.98783e-14
-9.98783e-14
-1.34292e-13
4.47638e-14
-2.23819e-14
1.34292e-13
4.47638e-14
-6.25044e-14
-3.26893e-16
-2.18654e-09
1.53373e-13
1.47677e-08
9.31723e-10
-3.50002e-14
-1.72017e-13
-2.08398e-14
-8.84623e-15
-1.59747e-13
-2.5331e-14
3.39573e-14
1.04591e-13
2.95774e-14
-1.79774e-13
-3.05046e-14
1.65917e-13
2.66068e-14
1.17868e-10
-2.38666e-14
3.67759e-09
-9.07796e-12
-2.82956e-15
9.9168e-14
1.36013e-13
7.78914e-14
0
0
-5.53586e-14
-1.17277e-14
4.84273e-14
9.68546e-14
-2.42136e-14
-1.45282e-13
-4.38675e-15
-4.38675e-15
-4.38675e-15
-4.38675e-15
0
-9.08012e-14
0
0
0
0
-1.1934e-13
-8.78479e-14
-4.69487e-14
2.33842e-14
0
-2.18617e-13
-3.24518e-14
9.31691e-14
-1.04659e-15
-1.04659e-15
-1.00039e-30
8.36427e-15
1.96606e-13
1.02485e-13
-8.57568e-14
-6.27474e-14
3.12992e-14
0
0
3.12992e-14
0
5.19523e-16
-9.30175e-14
3.16985e-14
-3.06595e-14
1.24716e-13
-1.1366e-13
-1.1366e-13
-3.14772e-16
-3.14772e-16
2.26691e-13
-9.42414e-14
2.01629e-13
1.3588e-13
-1.27116e-13
-9.86236e-14
3.63313e-15
4.36064e-14
-2.90739e-14
7.26625e-15
7.26625e-15
7.62836e-32
-1.30863e-13
7.52634e-14
-1.14785e-13
2.4228e-13
4.42222e-14
-9.48683e-14
1.35674e-10
-3.98511e-14
1.25111e-13
3.31309e-09
7.25687e-12
2.42882e-14
-9.00289e-14
-3.27701e-14
5.953e-14
6.47897e-15
1.37477e-13
-2.55001e-14
-1.42273e-14
-1.05825e-13
-2.56029e-14
3.89395e-14
1.47625e-13
1.78277e-13
-4.76511e-14
-4.68607e-14
4.96766e-14
3.87741e-15
-1.01805e-13
-1.88069e-14
2.889e-14
6.95127e-14
-7.18685e-14
-6.8676e-14
-1.3291e-14
2.42162e-14
-2.42154e-14
-2.42154e-14
2.42162e-14
3.0715e-14
-2.19336e-15
-2.19336e-15
-2.19336e-15
-3.51018e-14
4.92551e-19
-3.02693e-14
4.92551e-19
3.02702e-14
3.02698e-14
2.52148e-14
9.49278e-14
2.13589e-13
1.24593e-13
-8.30645e-14
-3.26319e-13
-9.57856e-14
-8.78478e-14
9.39e-14
1.87069e-13
-2.78799e-14
9.08246e-14
-1.04659e-15
3.03587e-14
-6.38571e-14
6.17639e-14
6.28105e-14
8.36427e-15
2.59354e-13
1.02485e-13
8.36427e-15
-2.19616e-13
1.565e-13
0
0
-3.13e-14
0
1.55371e-13
-3.16977e-14
-5.1951e-16
-5.1951e-16
0
3.74829e-14
3.09701e-16
3.09701e-16
3.09701e-16
0
1.51374e-13
3.02749e-14
0
1.21099e-13
-4.23848e-13
-8.85134e-12
-2.28904e-08
-1.49679e-12
-7.74152e-13
-1.1301e-13
-1.1301e-13
0
4.5204e-14
2.2602e-14
1.15816e-13
6.80019e-14
2.01873e-14
-2.76272e-14
-4.35654e-14
-8.95277e-14
8.95277e-14
2.23819e-14
2.23819e-13
8.95277e-14
-3.28953e-14
1.10728e-13
2.0341e-13
1.13006e-13
0
0
0
4.25021e-15
5.20768e-14
4.25021e-15
4.25021e-15
4.25021e-15
-1.93637e-12
-5.2956e-13
0.000996783
20.8566
0.00123063
46.5283
0.001031
42.7998
0.000204288
6.83328
0
0
0
0
0
0
0
0
0
0
0
0
0
0
0
-2.38641e-13
6.54211e-14
-6.13389e-11
-8.44114e-13
-4.48181e-09
-4.90681e-09
0
-4.7802e-14
-8.56118e-14
7.10862e-14
7.80328e-14
-1.99162e-14
-4.75706e-14
-1.40027e-14
3.32775e-14
-6.65551e-14
-3.02619e-14
1.29094e-14
-7.08755e-14
1.06313e-13
3.91846e-14
-1.35121e-13
-1.62106e-14
1.1576e-15
3.21179e-14
7.53388e-16
3.51567e-14
-7.03133e-14
-2.62801e-14
4.35955e-14
7.22788e-14
-7.22788e-14
-7.29143e-14
0
3.23902e-14
0
-4.84576e-14
2.10847e-14
3.6705e-15
3.6705e-15
1.3487e-14
-3.48543e-14
-2.84754e-14
1.70852e-13
-2.396e-14
-9.24755e-14
-1.51772e-13
6.63439e-14
1.21129e-13
1.02233e-13
0
-5.77515e-14
-4.8144e-14
5.41157e-14
-7.50049e-14
-5.65421e-14
1.73092e-14
3.5772e-14
-5.6619e-14
3.93219e-14
0
0
-5.89828e-14
-7.86437e-14
7.81856e-14
9.38228e-14
0
-9.38228e-14
-7.81856e-14
1.47361e-13
6.98224e-16
6.98224e-16
-6.21573e-14
-8.38074e-14
0
2.39145e-14
0
0
0
7.15329e-14
9.53772e-14
0
-7.15329e-14
-9.53772e-14
5.20045e-16
8.96923e-14
5.20045e-16
-3.51489e-14
3.62633e-14
1.55976e-16
1.55976e-16
1.55976e-16
3.75994e-14
0
-1.09201e-13
-4.6997e-14
3.59412e-14
1.52067e-14
-5.52787e-15
-4.08168e-07
-4.9806e-07
3.07522e-07
7.9978e-06
4.22562e-05
5.18855e-05
7.49705e-05
1.80949e-05
2.43771e-06
0.000336845
0.000345107
0.000355798
0.000369216
0.000376884
0.000346788
0.000359793
0.000371565
0.00038398
0.000400026
0.000347384
0.000358999
0.000371891
0.000384296
0.00040094
0.000374573
0.000378195
0.000389777
0.000401407
0.000416581
0.000437791
0.000408292
0.000420123
0.000432425
0.000447116
0.000387813
0.000347928
0.000359928
0.000372237
0.000384719
0.00042826
0.000366302
0.00037873
0.000391832
0.000404332
0.0003389
0.000333727
0.000346293
0.000359072
0.000372774
0.000332241
0.000341907
0.00035469
0.000364435
0.000377881
0.000348948
0.0295632
9.01769e-08
6.58143e-06
-1.91296e-09
-2.54271e-07
-1.39163e-13
-2.0004e-11
2.24871e-14
0
-7.57734e-14
-2.95033e-14
-3.92057e-14
-1.42989e-13
-7.38e-14
9.91714e-14
1.03783e-13
2.23926e-14
-2.74958e-14
-8.22479e-14
-1.36683e-13
2.18064e-13
-1.0318e-13
9.02857e-14
1.2253e-13
5.80414e-14
-6.44887e-14
3.93378e-14
-3.93378e-14
-7.86756e-14
3.93378e-14
7.86756e-14
0
0
0
0
0
0
0
0
0
0
5.58266e-11
-8.50692e-14
6.24436e-11
6.40539e-14
-4.48179e-09
-4.90677e-09
-3.12678e-16
2.37314e-14
3.84497e-15
4.02579e-14
-5.81139e-14
3.98306e-14
-1.28404e-14
-3.85064e-14
3.32685e-15
-1.2978e-13
4.45551e-15
1.30809e-13
-2.95252e-16
-2.95252e-16
5.12415e-15
0
-6.947e-14
0
1.04767e-13
9.04233e-14
-5.8576e-16
6.97226e-14
2.92548e-14
-4.35926e-14
3.37313e-14
5.18013e-14
7.27885e-14
2.1701e-14
0
0
-2.21029e-14
-2.10842e-14
3.67033e-15
3.12046e-14
4.0067e-14
9.5843e-14
3.79567e-15
4.65073e-14
5.1113e-14
2.09605e-14
-1.36322e-13
-6.81611e-14
7.34471e-14
1.55073e-13
-5.77515e-14
-1.01065e-13
1.44432e-13
1.2627e-13
-5.40799e-14
-9.10048e-14
1.30744e-15
1.30744e-15
1.23053e-15
8.12617e-14
6.16015e-14
2.62073e-15
-3.66998e-14
-1.70395e-14
0
7.81869e-14
0
0
0
0
0
0
0
0
-2.39141e-14
0
0
0
0
-2.38443e-14
2.38443e-14
0
-2.38443e-14
0
-6.68607e-16
-6.68607e-16
-6.68607e-16
-6.68607e-16
-5.94318e-16
-9.09587e-14
2.65165e-15
9.6262e-14
2.65165e-15
-9.11147e-14
1.70033e-13
8.70894e-14
-5.80613e-14
-7.87971e-14
-1.52076e-14
-4.06902e-07
-4.94038e-07
3.15994e-07
7.99528e-06
4.22912e-05
5.18792e-05
7.49595e-05
1.80864e-05
2.43825e-06
0.000337202
0.000344671
0.000356273
0.000369185
0.000377063
0.000347078
0.000359843
0.000371611
0.000384032
0.000400081
0.000347386
0.000359463
0.000371629
0.000384267
0.000400662
0.000374548
0.000378497
0.000389611
0.000401225
0.000416429
0.000437633
0.000408396
0.000420032
0.000432078
0.000447567
0.000387796
0.000347942
0.000359814
0.000372349
0.000384629
0.000428241
0.000366326
0.000378718
0.000391446
0.00040452
0.000338855
0.000333816
0.000346132
0.000359165
0.000372776
0.000332253
0.000341943
0.000354686
0.000364448
0.000377895
-8.33528e-32
6.08633e-14
-4.05712e-14
0
0
-3.37661e-33
6.0866e-14
-9.7686e-31
2.02162e-14
-4.06892e-14
-2.027e-14
2.02994e-14
1.07678e-13
2.15806e-13
1.07678e-13
-4.50425e-16
-2.16257e-13
0
-5.41007e-14
0
0
0
5.22922e-14
2.52448e-14
-2.88502e-14
1.06387e-13
-1.0819e-13
-1.35225e-13
-1.6227e-13
0
-2.7045e-14
3.2454e-13
-1.80542e-15
-1.37245e-13
-1.80542e-15
-5.59813e-14
1.89616e-13
8.14423e-14
1.0844e-13
5.44448e-14
-1.34538e-13
-1.0799e-13
-1.62309e-13
-2.16412e-13
-2.70516e-14
1.35258e-13
1.62309e-13
-5.22648e-14
-1.33365e-13
-2.52315e-14
1.09935e-13
1.08133e-13
-5.38967e-15
-1.13209e-13
-1.13209e-13
2.1025e-13
-2.69712e-30
1.06697e-13
1.06697e-13
-1.80797e-15
-1.10312e-13
-1.08504e-13
1.06305e-13
1.06305e-13
-1.80134e-15
5.2252e-14
-2.70267e-13
-2.75168e-14
-1.08714e-13
-1.62846e-13
-4.50987e-16
2.16527e-13
-6.08222e-14
0
-6.08559e-14
0
-1.01579e-13
-4.04963e-14
-2.02889e-14
8.11001e-14
2.02173e-14
-2.03443e-14
-8.10795e-14
4.65079e-31
1.62643e-13
2.16707e-13
1.08579e-13
4.50425e-16
-2.16257e-13
3.60583e-15
3.60583e-15
-2.34445e-14
3.06562e-14
0
2.52443e-14
7.93384e-14
-1.8027e-15
-1.64085e-13
1.62282e-13
0
1.3523e-13
1.08184e-13
-1.08184e-13
-1.3523e-13
0
1.35439e-13
0
-2.70878e-14
0
5.35451e-14
-4.49848e-16
-5.44448e-14
-4.49848e-16
-6.7232e-32
1.08208e-13
1.08208e-13
0
0
-2.16415e-13
-3.60357e-15
-1.11737e-13
-3.60357e-15
1.0453e-13
1.08133e-13
1.34782e-13
-5.39127e-14
-1.34782e-13
5.39127e-14
0
-3.61587e-15
-3.61587e-15
-3.61587e-15
2.35098e-14
-2.71257e-14
-2.43239e-13
0
1.08106e-13
-1.08106e-13
1.08106e-13
4.50987e-16
4.50987e-16
-2.66149e-14
-1.07812e-13
1.35329e-13
1.76049e-13
7.87786e-14
-1.25089e-13
1.22468e-13
7.65247e-15
7.65247e-15
-1.07163e-13
-1.14815e-13
-1.22632e-13
-1.4785e-13
-2.40704e-15
1.4111e-13
7.12787e-14
7.75546e-15
1.24116e-13
7.75546e-15
7.75546e-15
-2.32721e-13
0.000996781
20.8566
0.00123057
46.5274
0.00101256
42.8003
0.000145876
4.75081
0
0
0
0
0
0
0
0
0
0
0
0
0
0
0
-1.64844e-13
3.2618e-13
-6.12809e-11
-1.02074e-12
-4.48171e-09
-4.9068e-09
4.95051e-14
-1.93686e-13
-3.90332e-14
2.78458e-14
2.98353e-16
-1.76072e-14
5.58351e-14
-4.71004e-14
0
0
-4.98002e-14
0
-3.23884e-14
5.48819e-16
-2.04723e-14
3.48538e-16
3.35788e-14
-1.1576e-15
1.42185e-14
-2.33606e-14
0
-1.23048e-13
-3.98942e-14
1.08989e-13
7.22788e-14
-5.42091e-14
-7.29143e-14
-2.32513e-14
-1.61951e-14
0
-4.93077e-14
2.10847e-14
0
0
3.39656e-14
-1.86716e-14
-2.84754e-14
7.11885e-14
0
-5.54853e-14
-1.34505e-13
6.99783e-14
1.51267e-13
7.00696e-14
1.44379e-14
0
2.4072e-14
0
1.05146e-15
1.05146e-15
1.05146e-15
1.05146e-15
1.12155e-15
5.89828e-14
0
0
-5.89828e-14
-5.89828e-14
9.27806e-14
3.0232e-14
-1.04222e-15
-9.4865e-14
-7.92279e-14
1.04061e-13
-6.98224e-16
-6.98224e-16
-8.45056e-14
-8.38074e-14
-2.39145e-14
2.39145e-14
0
0
2.39145e-14
9.53772e-14
7.15329e-14
0
-9.53772e-14
-9.53772e-14
1.15457e-15
8.26738e-14
1.15457e-15
-8.03647e-14
-8.04326e-14
-9.37645e-14
9.34525e-14
-1.55976e-16
-5.63211e-14
0
-9.81449e-14
5.52787e-15
5.52787e-15
5.52787e-15
2.62624e-14
-3.35377e-07
-5.00585e-07
3.07505e-07
7.9978e-06
4.22562e-05
5.18855e-05
7.49705e-05
1.80949e-05
2.43771e-06
0.000344282
0.000352653
0.000363582
0.000377272
0.000385091
0.000345275
0.000358232
0.000369953
0.000382314
0.000398303
0.000347384
0.000358999
0.00037189
0.000384296
0.00040094
0.000374573
0.000378195
0.000389777
0.000401407
0.000416581
0.000437791
0.000408292
0.000420123
0.000432425
0.000447116
0.000387813
0.000347928
0.000359928
0.000372237
0.000384719
0.00042826
0.000366302
0.00037873
0.000391832
0.000404332
0.0003389
0.000333727
0.000346293
0.000359072
0.000372774
0.000332241
0.000341907
0.00035469
0.000364435
0.000377881
0.000348948
0.0295632
9.01766e-08
6.58143e-06
-1.91295e-09
-2.54267e-07
-6.21221e-14
-1.45207e-11
3.45858e-15
0
-9.35094e-14
5.90067e-14
-2.99828e-14
-1.33766e-13
-6.45771e-14
1.08394e-13
1.03783e-13
0
5.49916e-14
-1.64496e-13
-8.20099e-14
1.90806e-13
-9.02857e-14
1.0318e-13
1.35425e-13
1.0318e-13
-9.6733e-14
1.57351e-13
0
-7.86756e-14
0
0
0
0
0
0
0
0
0
0
0
0
5.67044e-11
-2.05599e-13
6.17455e-11
5.32915e-15
-4.48168e-09
-4.90664e-09
7.81751e-14
1.22224e-15
1.47647e-13
4.18956e-14
-1.79047e-14
7.16189e-14
8.10119e-15
-9.57923e-14
-1.10895e-15
-5.10239e-14
-1.63429e-14
2.40968e-14
-3.29383e-14
-3.29383e-14
-7.05957e-14
-4.21824e-14
-8.68374e-14
0
1.69737e-14
-2.26058e-14
5.8576e-16
5.8576e-16
8.12657e-16
2.17963e-14
2.40875e-15
5.66188e-14
7.58808e-14
4.8051e-14
1.51153e-14
-1.07938e-15
-2.72035e-14
-2.10842e-14
6.70004e-14
-4.31365e-14
-8.8602e-15
7.46833e-14
-3.79567e-15
-3.79567e-15
2.07658e-14
7.1515e-14
-9.54255e-14
-6.81611e-14
7.2734e-14
1.55073e-13
-4.33136e-14
-1.01065e-13
1.44432e-13
1.44308e-13
-7.00958e-17
-7.00958e-17
-7.00958e-17
-7.00958e-17
0
7.47099e-14
9.43702e-14
-3.93109e-15
-1.02232e-13
-8.12617e-14
0
6.25495e-14
0
-6.25495e-14
-7.81869e-14
4.05086e-14
-1.3965e-15
-1.3965e-15
-4.33016e-14
4.05086e-14
-4.78281e-14
4.78281e-14
0
0
0
-2.38443e-14
0
0
0
0
3.21312e-14
4.84346e-14
-4.75398e-16
-4.93854e-14
-3.315e-14
9.09587e-14
-2.65165e-15
-2.65165e-15
-2.65165e-15
-2.49567e-15
7.87971e-14
5.80613e-14
7.87971e-14
-2.4882e-14
-6.77356e-14
-3.34556e-07
-4.96563e-07
3.15977e-07
7.99528e-06
4.22912e-05
5.18792e-05
7.49595e-05
1.80864e-05
2.43825e-06
0.000344646
0.000352207
0.000364067
0.000377241
0.000385273
0.000345563
0.000358282
0.00037
0.000382366
0.000398358
0.000347386
0.000359463
0.000371629
0.000384266
0.000400662
0.000374548
0.000378497
0.000389611
0.000401225
0.000416429
0.000437633
0.000408396
0.000420032
0.000432078
0.000447567
0.000387796
0.000347942
0.000359814
0.000372349
0.000384629
0.000428241
0.000366326
0.000378718
0.000391446
0.00040452
0.000338855
0.000333816
0.000346132
0.000359165
0.000372776
0.000332253
0.000341943
0.000354686
0.000364448
0.000377895
-8.10962e-14
-6.08633e-14
-1.21714e-13
0
8.12639e-14
2.27403e-32
-2.02887e-14
-4.05499e-14
-2.02162e-14
-7.94768e-31
6.081e-14
6.08982e-14
1.35611e-13
1.89675e-13
5.45146e-14
8.15466e-14
-1.62192e-13
0
0
0
0
0
5.58977e-14
1.09993e-13
-2.52448e-14
1.09993e-13
-1.0819e-13
-1.89315e-13
-1.35225e-13
2.7045e-14
-2.7045e-14
3.2454e-13
1.80542e-15
-1.60722e-13
-2.52825e-14
-1.06546e-13
1.89616e-13
8.05426e-14
1.0754e-13
5.35451e-14
-1.35437e-13
-1.0799e-13
-1.08206e-13
-1.35258e-13
-2.70516e-14
2.70516e-14
2.43464e-13
-1.80178e-15
-1.80178e-15
-1.80178e-15
1.33365e-13
-1.35166e-13
5.92995e-14
-1.29385e-13
-4.85202e-14
2.21029e-13
-8.08648e-14
1.80797e-15
1.64565e-13
1.10312e-13
-1.06697e-13
-1.62757e-13
1.09908e-13
2.8828e-14
1.80134e-15
1.80134e-15
-2.16213e-13
-2.66149e-14
-1.07812e-13
-1.61944e-13
4.50987e-16
2.16527e-13
-1.54698e-31
1.01439e-13
-1.01426e-13
0
-4.06317e-14
-2.02481e-14
0
8.11001e-14
2.02173e-14
2.03443e-14
-8.10795e-14
2.02994e-14
5.36137e-14
1.3471e-13
2.65816e-14
-4.50425e-16
-6.2507e-32
-3.60583e-15
-1.11807e-13
-3.60583e-15
-3.60583e-15
0
2.7047e-14
-2.7047e-14
0
0
1.08188e-13
0
5.40919e-14
8.11379e-14
-5.40919e-14
-8.11379e-14
0
5.41756e-14
2.70878e-14
-2.70878e-14
-5.41756e-14
4.49848e-16
4.49848e-16
-5.35451e-14
4.49848e-16
6.7232e-32
1.08208e-13
2.70519e-14
-8.11557e-14
8.11557e-14
-1.35259e-13
3.60357e-15
-1.0453e-13
-5.04631e-14
1.11737e-13
1.622e-13
0
-1.07825e-13
-1.07825e-13
1.07825e-13
1.07825e-13
3.61587e-15
-7.77611e-14
-7.77611e-14
8.49929e-14
8.1377e-14
-2.43239e-13
0
1.08106e-13
-1.08106e-13
1.08106e-13
-4.50987e-16
-4.50987e-16
-2.75168e-14
-1.08714e-13
1.35329e-13
1.72223e-13
7.87786e-14
-8.72703e-14
1.12264e-13
3.57209e-14
3.57209e-14
-1.17366e-13
-1.14815e-13
-1.18612e-13
-1.43004e-13
2.40704e-15
1.10017e-13
7.12787e-14
-1.1636e-13
1.1636e-13
1.1636e-13
0
-2.32721e-13
-8.7242e-14
7.52634e-14
-1.43482e-13
1.6152e-13
4.42222e-14
-4.74342e-14
1.35599e-10
-1.19553e-13
1.66815e-13
3.31312e-09
7.27893e-12
0
-9.00013e-14
-4.91409e-14
5.92616e-14
3.1092e-14
1.75036e-13
5.93214e-14
-9.11869e-14
-4.76264e-14
-5.64496e-14
2.71766e-17
1.36269e-13
9.61708e-14
1.06375e-14
-4.68607e-14
4.67787e-14
0
-1.66718e-13
3.90989e-14
-3.8514e-14
8.95412e-14
1.17789e-15
-7.81437e-14
-1.27441e-13
2.42154e-14
-2.42162e-14
-4.8432e-14
7.2647e-14
3.51018e-14
8.44644e-14
2.19336e-15
-1.42608e-14
1.86476e-14
-4.92551e-19
-9.08097e-14
-4.92551e-19
-4.92551e-19
0
-2.96581e-15
8.30645e-14
2.31391e-13
-5.93163e-15
-1.24593e-13
-2.07658e-13
-1.39754e-13
-7.05908e-14
9.39e-14
2.10453e-13
-5.57599e-14
9.08246e-14
-2.93121e-14
9.63089e-14
2.09317e-15
2.09317e-15
8.8075e-32
3.13737e-14
2.19616e-13
6.27473e-14
0
-2.19616e-13
1.252e-13
0
0
0
0
1.87589e-13
-6.18369e-14
5.1951e-16
3.16977e-14
0
3.68635e-14
1.1121e-13
-3.09701e-16
-3.09701e-16
0
1.81649e-13
9.08246e-14
0
6.05497e-14
-4.54123e-13
-3.78485e-14
-1.19952e-14
-2.18656e-09
6.70921e-14
1.47677e-08
9.31674e-10
-5.7248e-14
-9.67868e-14
-4.78693e-14
2.2773e-14
-1.63657e-13
-2.98973e-14
7.10499e-14
1.07292e-13
9.69814e-14
-1.79774e-13
-3.05046e-14
1.65917e-13
0
1.17912e-10
0
3.67756e-09
-9.07796e-12
5.43131e-14
1.15695e-13
2.05591e-14
7.72441e-14
-3.53455e-14
0
-5.05448e-14
0
4.84273e-14
9.68546e-14
-2.42136e-14
-7.26409e-14
3.72954e-14
4.38675e-15
4.38675e-15
4.38675e-15
0
-9.08012e-14
-9.08012e-14
0
0
0
-6.90919e-14
-1.17651e-13
-1.72161e-14
2.33842e-14
2.83364e-14
-2.49846e-13
2.09317e-15
9.63089e-14
2.09317e-15
2.09317e-15
1.00039e-30
0
2.19616e-13
9.41211e-14
-1.25495e-13
-6.27474e-14
8.3444e-15
8.34441e-15
8.34441e-15
3.96436e-14
-5.60971e-31
-3.16985e-14
-9.40565e-14
-9.40565e-14
-5.19523e-16
2.18253e-13
-1.13031e-13
-1.13031e-13
3.14772e-16
3.14772e-16
2.26691e-13
-1.03006e-13
1.92865e-13
1.27116e-13
-1.3588e-13
-9.86236e-14
2.3622e-14
-1.21104e-14
-1.21104e-14
-1.21104e-14
-1.21104e-14
-7.62836e-32
)
;
    }
    patch2
    {
        type            calculated;
        value           nonuniform List<scalar> 
348
(
-3.78956e-13
-3.78956e-13
0
0
4.54747e-13
0
0
0
0
1.51582e-13
0
-1.51582e-13
4.54747e-13
7.57912e-14
0
4.54747e-13
0
1.51582e-13
5.22949e-13
0
0
0
0
0
-7.57912e-14
-1.66843e-13
0
0
0
4.74946e-13
-7.57912e-14
0
-4.54747e-13
-4.54747e-13
0
0
-8.41364e-14
8.33703e-13
3.78956e-13
7.57912e-14
-4.54747e-13
4.54747e-13
0
0
-4.54747e-13
-7.57912e-14
-5.30539e-13
-4.54747e-13
-5.95822e-13
0
0
4.54747e-13
4.54747e-13
0
-7.57912e-14
-4.54747e-13
0
0
7.57912e-14
-4.54747e-13
0
-4.54747e-13
6.82121e-13
6.0633e-13
0
7.57912e-14
0
0
-4.54747e-13
7.57912e-14
0
1.51582e-13
0
0
0
0
-9.85286e-13
4.54747e-13
0
4.54747e-13
-7.57912e-14
4.54747e-13
0
0
0
-4.54747e-13
0
-6.0633e-13
4.54747e-13
0
0
0
0
7.57912e-14
0
-4.54747e-13
0
6.0633e-13
0
0
0
4.54747e-13
0
0
0
-7.57912e-14
0
0
4.54747e-13
1.51582e-13
4.54747e-13
0
0
-4.54747e-13
0
-4.54747e-13
-4.54747e-13
-4.54747e-13
-4.54747e-13
-4.54747e-13
0
-2.27374e-13
-1.51582e-13
4.54747e-13
4.54747e-13
5.22949e-13
4.54747e-13
0
2.27374e-13
0
-4.54747e-13
-7.57912e-14
8.34219e-14
4.9363e-13
5.30539e-13
-2.37118e-13
4.54747e-13
0
0
0
-4.54747e-13
7.57229e-13
9.09495e-13
4.54747e-13
-7.57912e-14
-4.54747e-13
0
-4.54747e-13
0
0
0
-7.57912e-14
4.54747e-13
1.70235e-13
0
-4.90303e-13
0
0
5.22949e-13
7.57912e-14
0
0
0
0
-7.57912e-14
0
-1.64544e-13
0
0
4.74946e-13
-7.57912e-14
0
-4.54747e-13
-4.54747e-13
0
-7.57912e-14
0
9.09495e-13
0
0
-4.54747e-13
4.54747e-13
0
0
-4.54747e-13
-7.57912e-14
-6.0633e-13
-4.54747e-13
-5.95822e-13
0
0
4.54747e-13
5.30539e-13
0
0
-4.54747e-13
0
0
0
-4.54747e-13
0
-4.54747e-13
7.57912e-13
6.0633e-13
0
0
0
-7.57912e-14
-4.54747e-13
7.57912e-14
7.57912e-14
7.57912e-14
0
7.57912e-14
0
0
-9.85286e-13
4.54747e-13
-7.57912e-14
4.54747e-13
-7.57912e-14
4.54747e-13
1.51582e-13
4.54747e-13
-4.54747e-13
-4.54747e-13
0
-5.30539e-13
4.54747e-13
0
0
0
7.57912e-14
7.57912e-14
0
0
0
5.30539e-13
0
0
0
4.54747e-13
0
7.57912e-14
0
-7.57912e-14
0
0
4.54747e-13
7.57912e-14
4.54747e-13
0
0
-4.54747e-13
0
-4.54747e-13
-4.54747e-13
-1.51582e-13
-4.54747e-13
-3.78956e-13
0
0
0
4.54747e-13
4.54747e-13
5.22949e-13
7.57912e-14
4.54747e-13
2.27374e-13
0
0
-7.57912e-14
0
4.11358e-13
4.54747e-13
-2.37118e-13
4.54747e-13
0
-7.57912e-14
0
-4.54747e-13
8.41366e-13
9.09495e-13
5.30539e-13
0
-4.54747e-13
0
-4.54747e-13
0
0
0
-1.51582e-13
4.54747e-13
8.51174e-14
0
-4.90303e-13
0
0
-6.06179e-14
5.18846e-13
-5.77112e-14
0
0
-1.06384e-13
0
0
-2.07597e-13
0
-2.60937e-13
0
0
-1.24516e-13
0
6.24301e-14
-1.15638e-13
-1.15437e-13
0
5.21407e-13
-3.00951e-13
0
0
6.21094e-14
4.35937e-13
0
8.04131e-13
0
0
0
0
0
4.9844e-14
-1.03799e-13
0
-3.13125e-13
0
0
-1.24516e-13
0
0
-3.45637e-13
0
0
5.21407e-13
-3.00951e-13
0
0
0
4.35937e-13
)
;
    }
    patch3
    {
        type            calculated;
        value           uniform 0;
    }
    patch4
    {
        type            calculated;
        value           nonuniform List<scalar> 
384
(
-24.9588
-4.9407
-1.79295
-0.52925
-2.61547
-6.53099
1.64961
-15.5322
-3.68451
3.00231
2.82943
-4.00451
-27.464
-4.94061
-1.79325
-0.52925
-2.61547
-6.53167
1.64993
-18.407
-4.01227
3.0023
2.82927
-4.33761
0.586193
-0.8524
0.566333
-0.691751
0.586185
-0.8524
0.566331
-0.691751
0.586193
-0.8524
0.566333
-0.691751
0.586185
-0.8524
0.566331
-0.691751
-1.08367
-1.20302
-1.10065
-1.20302
0.626025
205.112
1.94323
197.403
0.633989
205.114
1.94323
197.403
-1.10065
-1.20302
-1.08367
-1.20302
1.31892
1.32454
0.00629446
0.149916
-0.912881
-0.832304
0.0317182
287.577
-2.40927
277.846
1.29412
1.35833
0.00189542
0.137859
-0.91288
-0.832304
-0.00380975
287.597
-2.39928
277.851
1.42532
1.43093
0.00635685
0.149985
-0.912881
-0.832304
0.0314499
287.543
-2.40916
277.846
1.40063
1.46476
0.00186379
0.137927
-0.91288
-0.832304
-0.00412965
287.563
-2.39917
277.851
0.633989
205.114
1.94323
197.403
0.626025
205.112
1.94323
197.403
389.178
468.97
389.178
468.97
389.178
468.97
389.178
468.97
554.585
567.81
494.762
531.561
407.899
421.559
408.06
392.463
409.09
455.845
407.72
462.373
404.422
456.618
397.088
462.727
554.588
567.802
494.762
531.56
407.899
421.559
408.06
392.463
409.09
455.845
407.72
462.373
404.422
456.618
397.088
462.727
554.787
567.798
494.762
531.561
407.899
421.559
408.06
392.463
409.09
455.845
407.72
462.373
404.422
456.618
397.088
462.727
554.79
567.79
494.762
531.561
407.899
421.559
408.06
392.463
409.09
455.845
407.72
462.373
404.422
456.618
397.088
462.727
553.533
553.752
490.667
491.91
416.385
413.898
403.986
553.533
553.753
490.668
491.91
416.385
413.899
403.986
553.943
554.187
490.667
491.91
416.385
413.898
403.986
553.944
554.187
490.668
491.909
416.385
413.899
403.986
0.00808794
0.00828209
0.00821906
0.00825868
0.00875235
0.00829131
0.00865396
0.00804019
0.00808476
0.00888628
0.00907021
0.00822041
0.00825922
0.00875257
0.00796741
0.00818937
0.00804016
0.00808509
0.00822724
0.0082462
0.00821906
0.00825868
0.00875235
0.00829131
0.00865396
0.00804019
0.00808476
0.0090281
0.00903432
0.00822041
0.00825922
0.00875257
0.00796741
0.00818937
0.00804016
0.00808509
3.75997e-05
3.90092e-05
3.96585e-05
4.10619e-05
4.46026e-05
2.03203e-05
3.27672e-05
1.21392e-05
9.18152e-06
3.76602e-05
3.90311e-05
3.96823e-05
4.09334e-05
4.44934e-05
2.03052e-05
3.27708e-05
1.21485e-05
9.18141e-06
3.79399e-05
3.90086e-05
3.96585e-05
4.10619e-05
4.46026e-05
2.03203e-05
3.27672e-05
1.21392e-05
9.18152e-06
3.80007e-05
3.90306e-05
3.96823e-05
4.09334e-05
4.44934e-05
2.03052e-05
3.27708e-05
1.21485e-05
9.18141e-06
-1.40159e-07
-1.21908e-07
-2.28852e-08
2.58432e-07
1.82634e-06
2.5684e-06
3.64396e-06
6.37579e-07
-6.04028e-08
-1.39398e-07
-1.22783e-07
-2.21848e-08
2.60649e-07
1.83021e-06
2.56685e-06
3.63951e-06
6.35664e-07
-6.05706e-08
-1.53723e-07
-1.20719e-07
-2.28868e-08
2.58432e-07
1.82634e-06
2.5684e-06
3.64396e-06
6.37579e-07
-6.04028e-08
-1.53041e-07
-1.21594e-07
-2.21864e-08
2.60649e-07
1.83021e-06
2.56685e-06
3.63951e-06
6.35664e-07
-6.05706e-08
4.74478e-05
4.91788e-05
4.99668e-05
5.17306e-05
5.62459e-05
1.83584e-05
3.75527e-05
6.4666e-06
1.21002e-06
4.74515e-05
4.91821e-05
4.99751e-05
5.17319e-05
5.62484e-05
1.83572e-05
3.75474e-05
6.46703e-06
1.20996e-06
4.78858e-05
4.91783e-05
4.99668e-05
5.17306e-05
5.62459e-05
1.83584e-05
3.75527e-05
6.4666e-06
1.21002e-06
4.78894e-05
4.91816e-05
4.99751e-05
5.17319e-05
5.62484e-05
1.83572e-05
3.75474e-05
6.46703e-06
1.20996e-06
4.75208e-05
4.92421e-05
4.99805e-05
5.1599e-05
5.52973e-05
1.70473e-05
3.57143e-05
6.04825e-06
1.17317e-06
4.75241e-05
4.92463e-05
4.99884e-05
5.1601e-05
5.52998e-05
1.70465e-05
3.57129e-05
6.04941e-06
1.17327e-06
4.79656e-05
4.9241e-05
4.99805e-05
5.1599e-05
5.52973e-05
1.70473e-05
3.57143e-05
6.04825e-06
1.17317e-06
4.79689e-05
4.92452e-05
4.99884e-05
5.1601e-05
5.52998e-05
1.70465e-05
3.57129e-05
6.04941e-06
1.17327e-06
)
;
    }
}


// ************************************************************************* //
