/*--------------------------------*- C++ -*----------------------------------*\
| =========                 |                                                 |
| \\      /  F ield         | OpenFOAM: The Open Source CFD Toolbox           |
|  \\    /   O peration     | Version:  v2106                                 |
|   \\  /    A nd           | Website:  www.openfoam.com                      |
|    \\/     M anipulation  |                                                 |
\*---------------------------------------------------------------------------*/
FoamFile
{
    version     2.0;
    format      ascii;
    arch        "LSB;label=32;scalar=64";
    class       volScalarField;
    location    "1";
    object      gradTx;
}
// * * * * * * * * * * * * * * * * * * * * * * * * * * * * * * * * * * * * * //

dimensions      [0 -1 0 1 0 0 0];

internalField   nonuniform List<scalar> 
5712
(
-6083.16
-7762.88
-14475.2
-21083.2
-21615.4
-37170.5
-16725
-42217.6
-13542.7
-29604.4
-20171.7
-30623.9
-18082.6
-23675
-7949.82
-9077.84
-13704.3
-15770.1
-17629.6
-17592.4
-14119.1
-17622.6
-20554.3
-18679.8
-4932.4
-3682.45
-6130.13
-4103.27
-11446.4
-9093.07
-19523.9
-14086.3
-15218
-15832.3
-16904.2
-16073.8
-5827.83
-4602.9
-36007.1
-48224.6
-23393.8
-28688.7
-48486.3
-62911.5
-25355.9
-28966.2
-26662.2
-37689.9
-23316.5
-30902.6
-13539.5
-21899.9
-2573.54
-865.07
-2710.79
-974.696
-7785.7
-3128.75
-10692
-3920.02
-7628.21
-2923.8
-8161.51
-2608.58
-13912
-4417.48
-17962.1
-6047.17
-22519.1
-11226.4
-20553
-12314.5
-21444
-13996.5
-18787.6
-14339.8
-16007.4
-9561.43
-16017.1
-8155.78
-21145.1
-13719.1
-21171.1
-13860.3
-19740.4
-15173.9
-19949.1
-15258.3
-17268.6
-11071
-17879
-11355.1
-16226.4
-6978.42
-7492.76
-9015.39
-16317.8
-7614.24
-6496.32
-9068.54
-17183.9
-6962.26
-8523.06
-9124.63
-18039.2
-7139.18
-9288.6
-9559.43
-3340
-3642.95
-1114.04
-2134.53
-9827.88
-10387.6
-3748.97
-6535.16
-12600.5
-14078.4
-5938.44
-10041.6
-11831.5
-1109.35
-12832.1
-15586.8
-8325.22
-776.775
-7297.02
-11428.4
-18281.9
-12260.3
-9492.27
-11233.8
-9613.93
-8134.82
-12632.9
-3262.47
-2730.24
-1850.61
-1846.2
-9247.52
-7933.78
-5470.22
-5232.86
-11618.4
-10058.1
-7152.13
-6464.61
-5747.82
-7361.4
-11806.9
-12257.7
-13318.4
-12188.8
-14981.2
-13185.7
-9837.37
-8285.62
-8830.08
-9466.49
-11468.4
-9326.64
-10318.9
-7771.81
-8826.38
-6298.26
-10075.3
-6701.74
-9916.43
-4958.56
-8521.48
-9344.76
-12322.6
-16275.9
-13597.9
-19843.2
-6669.63
-7543.73
-8689.93
-3153.1
-7608.26
-14611.9
-7222.1
-15607.9
-13474.7
-24413.2
-13711.3
-25831.6
-5632.07
-12389.8
-5105.52
-13149.2
-7638.62
-5938.26
-10488.8
-4290.02
-7958.68
-1964.61
-9203.6
-1072.09
-7309.86
-8757.88
-10975.7
-5142.67
-6026.72
-10275.6
-9687.27
-6710.82
-2225.18
-1996.03
-1837.56
-1588.47
-1482.66
-1356.31
-6642.1
-5625.82
-4995.11
-4193.37
-3497.61
-3114.95
-8301.03
-7362.74
-6896.38
-5076.76
-4298.52
-4133.2
-6631.37
-6050.1
-5975.7
-10880.2
-8608.24
-7399.85
-10030.5
-7732.71
-6440.64
-10551.4
-8630.89
-7647.86
-6274.71
-4313.19
-3457.95
-15761.6
-14022.9
-12399.3
-9897.71
-8535.27
-7317.49
-8569.39
-6944.62
-5766.89
-7017.1
-5298.53
-4261.9
-6946.74
-4007.83
-2384.77
-10163.3
-13910
-7962.55
-10423.5
-10733.8
-15881
-9499.37
-13917.2
-212.33
-884.082
322.155
-227.498
-3182.9
-3614.69
-1435.22
-902.773
-1171.43
-3006.72
-9485.45
-13890.5
-6639.97
-3530.08
-9614.68
-9505.91
-14469
-15851.1
247.735
3437.91
-7573.05
-7101.08
-6411.81
-4941.69
-1157.43
-661.369
-707.568
-284.895
-2513.85
-734.409
-130.775
427.895
-9330.82
-2887.48
-6227.94
-1997.64
-8331.06
-2669.93
-9924.94
-3303.33
-9316.54
-12114.6
-8524.78
-11861.2
-13974.7
-14726.1
-13224.8
-13984.2
-6311.45
-10074.5
-7255.59
-9959.67
-8877.1
-11473.3
-9647.59
-11608.7
-13667.4
-13754.1
-14248.8
-13830.3
-6264.71
-9819.96
-6682.53
-10021.4
-1225.8
-2563.61
-8484.13
-6328.55
-751.721
-2178.23
-7872.57
-5694.98
-1498.99
-2654.41
-8703.68
-6800.88
-1852.34
-2841.48
-8813.74
-7097.76
315.21
402.396
-350.343
-260.33
1862.84
1922.93
-363.172
-327.499
-614.92
690.594
-2658.72
-2231.76
9598.79
9179.77
4646.89
2876.87
-630.662
10150.1
10436
3605.74
4950.87
-482.542
-10123
-8454.78
-8041.25
-7938.23
-5832.33
522.597
582.748
-220.074
-431.964
1705.77
2026.1
-743.234
-1187.7
1604.31
2611.36
-1858.37
-2547.59
4954.18
2299.47
7829.55
4947.05
2830.79
2164.08
2875.83
2675.2
-2039.56
-3410.94
-3903.84
-2528.46
-1581.63
630.9
-1989.79
5.38109
-3198.58
-1796.82
-4186.93
-4911.53
-5872.53
-5506.66
-10570.3
-6790.02
-8282.88
-8470
-12449.9
-10285.1
-9056.58
-6033
-5113.18
-5198.21
-12283.8
-6042.32
-13449.4
-6698.73
-13825.4
-10532.9
-14732.1
-11246.3
-10673.6
-5275.87
-11840.6
-5931.46
-8334.11
-7450.02
-7800.66
-11491.9
-5969.18
-6882.07
-6878.21
-10640.3
-9327.63
-7580.79
-8667.55
-13073.2
-10760.6
-8218.03
-10053.7
-13545.3
775.374
953.879
1136.21
-183.513
304.32
382.185
2991.16
3558.99
3689.72
-251.128
906.872
992.729
3703.53
4665.27
4969.8
-1607.6
797.071
1288.17
1354.36
1251
972.461
3914.64
4309.35
4142.68
3033.88
3928.51
4034.52
3756.56
4652.07
4753.9
-2850.28
156.643
509.139
-3558.25
-1911.54
-890.166
830.896
2436.75
3284.65
536.795
2720.8
3669.05
-309.889
2194.16
2937.77
-4248.9
383.199
999.486
-44.5311
7.49311
25.4004
24.7987
230.039
142.277
98.9408
67.7881
-189.362
-10.6789
46.7973
45.8848
319.829
240.361
190.664
136.684
-561.356
-118.745
23.182
30.4126
-93.6476
122.991
188.785
176.317
-115.925
73.376
116.603
99.8867
-356.897
-75.1936
24.056
37.1963
-1478.72
-434.522
-66.4906
41.4334
-2201.05
-621.073
-167.943
-69.695
-1166.69
-293.177
-10.8199
66.6591
-1869.84
-503.856
-136.149
-78.1546
-1501.51
-462.427
-90.4487
2.22264
-2416.78
-706.821
-192.664
-69.1387
-1601.04
-536.287
-142.82
-35.3802
-2561.93
-777.956
-230.725
-87.5947
-67.3242
-8.97168
7.79338
5.42195
-29.5718
8.23312
13.2935
3.72538
-116.592
2.21674
33.3723
25.3837
7.37289
53.8222
48.725
17.4236
-815.537
-217.083
-43.7215
-21.9777
-551.119
-106.931
6.72518
-7.14433
-469.623
-23.9315
68.784
56.3204
-335.981
-11.8167
31.5882
-31.7681
-1705.26
-433.481
-115.684
-102.633
43.8429
31.4463
18.097
8.4828
159.855
63.4764
29.1804
18.322
45.1832
65.0604
48.4952
26.0848
394.684
166.01
81.7124
51.771
-138.482
42.9473
54.9173
28.9313
447.705
223.95
117.852
75.4939
-468.175
-3.76191
52.3513
20.8095
222.672
223.205
134.289
87.6677
-1067.58
-136.872
29.5217
30.8869
-177.834
169.058
137.16
99.6288
-1951.57
-328.79
-19.606
16.4378
-732.517
-18.9068
65.3317
63.4748
-1625.05
-225.178
22.0148
35.8061
-591.815
58.4566
103.111
88.0898
-2242.7
-448.676
-84.5937
-22.9208
-869.908
-94.2445
14.6697
25.2168
-2447.52
-567.272
-157.15
-63.7561
-1002.62
-182.198
-43.277
-13.3489
24.8732
17.3929
11.2786
7.66619
6.04552
46.8497
29.9814
19.0338
12.8719
10.1399
57.1904
40.0576
25.9675
17.6483
13.9169
103.371
66.6381
42.3919
28.6858
22.6011
68.64
49.1865
31.9518
21.7206
17.1277
136.674
87.9479
55.8882
37.8092
29.7889
68.9646
44.5216
28.3394
19.1904
15.128
32.8129
22.3979
14.4906
9.85727
7.78141
75.7045
51.6105
33.21
22.5333
17.7641
26.4027
19.3678
12.624
8.59007
6.7758
100.89
65.1757
41.3384
27.9399
22.0005
29.354
20.5196
13.2244
8.97036
7.06679
39.8572
29.5259
19.3541
13.1965
10.4204
22.2571
16.5418
10.812
7.36491
5.81439
12.2411
12.5394
8.70322
6.01399
4.76808
3.43539
5.03312
3.59754
2.49879
1.98424
17.2352
12.7155
8.28763
5.63536
4.44415
16.9347
11.1565
7.07991
4.78152
3.76486
48.1898
33.6029
21.608
14.6429
11.5379
47.772
30.4813
19.1935
12.9376
10.1817
51.8602
38.9265
25.319
17.2022
13.5623
69.0623
43.1918
27.0847
18.2457
14.3627
82.8786
52.163
32.7962
22.1124
17.3969
58.0264
34.6261
21.5196
14.4716
11.3906
48.3936
29.4602
18.4085
12.3941
9.74159
-370.476
-470.945
-862.278
-1162.41
-966.903
-1473.99
-521.408
-1252.37
82.6669
-406.645
-783.929
-1222.36
-29.1161
-91.6902
-1108.25
-1711.18
-1359.22
-1924.21
-540.787
-124.315
-27.806
-6.10508
-1.5239
-200.959
-84.0714
-12.1415
-3.13502
-1.31816
-1662.18
-380.614
-85.4268
-18.6645
-4.66695
-486.368
-126.578
-30.0486
-6.26741
-1.66467
-2804.4
-643.708
-144.837
-31.7448
-7.92469
-761.988
-211.704
-50.3436
-11.497
-2.8702
-3788.75
-872.42
-197.044
-43.2839
-10.7934
-883.009
-265.055
-65.1032
-15.0403
-3.73143
-4772.63
-1110.06
-252.345
-55.6177
-13.842
-966.959
-319.414
-80.8575
-18.9013
-4.69491
-5741.54
-1377.99
-317.791
-70.785
-17.8479
-1436.13
-435.566
-106.892
-24.5015
-6.22057
-5311.32
-1268.96
-291.119
-64.3928
-16.008
-1142.95
-373.27
-93.9345
-21.8034
-5.43425
-5949.54
-1431.28
-330.907
-73.9204
-18.7482
-1610.6
-474.535
-114.851
-25.9163
-6.49683
-6217.33
-1483.81
-343.578
-76.6652
-19.3725
-1663.44
-492.375
-120.254
-25.1481
-6.6109
-691.71
-6558.61
-6019.02
-2318.73
1365.27
2431.31
6853.88
10154.7
1044.77
7225.96
-1834.87
2103.5
2107.07
4370.01
8237.99
11824.6
12675.8
15964.6
5151.82
6702.95
-19596.5
-14322.3
-5133.19
-4118.35
-2967.53
-4273.19
-3908.44
-12189.8
-11925.5
-10172.6
-11173.7
-9379.25
-6768.19
-8672.82
-5861.46
-5007.89
-6116.08
-4215.84
-19722.1
-10541.6
-3880.66
-6587.71
-8749.42
-6185.05
-6847.14
-5126.81
-3168.55
-4508.33
-4700.81
-5080.97
-19327.7
-12872.6
-12290.4
-8988.77
-9062.8
-9390.66
-4233.87
-5645.17
-6990.48
-14551.8
-13256.3
-12039
-12322.7
-12041.3
-9605.13
-6932.27
-5836.57
-4956.06
-2829.23
-4570.54
-3833.86
-2913.49
-1840.74
-636.074
-3696.5
-3115.11
-2361.88
-1477.92
-504.23
-2647.84
-2214.61
-1665.32
-1034.55
-351.365
-3835.47
-3228.06
-2439.87
-1520.01
-516.571
-3489.28
-2924.1
-2207.37
-1378.27
-470.107
-8174.81
-6670.55
-5765.8
-6033.27
-7343.33
-6760.76
-5273.64
-4118.62
-3746.74
-2798.48
-6498.89
-4075.65
-3071.8
-2379.3
-1268.42
-5870.28
-4134.18
-2946.98
-2322.3
-1442.19
-4422.15
-2835.29
-1855.69
-1380.48
-707.826
-5421.8
-4124.57
-2926.36
-1805.29
-639.131
-5972.48
-3907.87
-2664.4
-1690.5
-670.988
-3862.29
-2306.93
-1403.98
-782.989
-273.77
-4164.57
-3257.99
-2336.65
-1426.69
-489.387
-4917.37
-3709.24
-2566.98
-1521.3
-512.423
-3536.73
-2780.9
-1990.72
-1203.64
-406.681
-13565
-10963.2
-9665.49
-9637.36
-10404.4
-7950.02
-5979.6
-4643.02
-3408.91
-1680.75
-3265.72
-2597.74
-1903.33
-1191.05
-419.947
-5651.42
-4599.99
-3454.58
-2212.99
-797.218
-7303.88
-5896.92
-4517.34
-3050.47
-1214.38
-5339.9
-4393.12
-3348.96
-2181.49
-796.878
-5999.41
-4984.05
-3798.69
-2444.2
-871.183
-4505.54
-3734.62
-2818.81
-1782.28
-620.418
-2750.38
-2236.67
-1645.01
-1010.34
-342.733
-3993.67
-3318.79
-2487.13
-1546.07
-526.764
-4034.74
-3256.28
-2394.92
-1484.08
-511.099
-4440.97
-3655.3
-2736.9
-1717.54
-594.903
-13990.3
-12229.8
-11047.6
-10959.6
-10930.8
-9210.24
-6909.72
-5719.12
-4648.19
-2619.13
-9359.43
-7752.55
-6339.01
-5133.54
-2754.07
-7236.94
-5688.19
-4516.98
-3288.65
-1448.09
-7699.3
-6324.95
-4906.62
-3330.78
-1310.83
-7498.72
-5845.18
-4614.45
-3349.8
-1460.83
-3678.13
-3025.39
-2284.69
-1460.98
-519.459
-5012.91
-4185.14
-3159.23
-1980.72
-679.514
-6091.17
-5030.69
-3816.81
-2449.19
-870.912
-5140.71
-10401.6
-10949.6
-29720.9
-10851.6
-39821.4
-5881.63
-14153.6
-10901.2
-8518.9
-17901.3
-15045.5
-10972.1
-10491.3
-20151.8
-16182.2
-3778.46
-2801.64
-7265.57
-4983.95
-8487.42
-6386.66
-22594.5
-16666.7
-13981.5
-10693.8
-14415
-8647.69
-1140.86
-3447.8
-37139.8
-48680.8
-22602.2
-28546.9
-49135.7
-63170.1
-24469.6
-28749.8
-27654.8
-38197.9
-22608.7
-30845.3
-14889.8
-22535.7
-1797.39
-473.434
-3140.18
-1070.35
-6114.11
-2717.15
-12348.7
-4452.36
-2741.45
-1533.8
-6759.84
-2119.8
-13942.5
-4373.42
-18128
-6094.46
-15574.3
-8142.86
-17815.6
-10727.2
-14423.2
-10431.2
-16042.6
-12626
-14104.2
-8319.31
-11219.6
-5819.04
-20082.6
-12999.7
-20904.2
-13662.9
-18645.1
-14427.7
-19655.7
-15054.6
-16564.2
-10493
-17711.5
-11195
-15317.3
-6731.07
-6689.91
-8731.7
-13737.1
-6876.57
-5002.86
-8552.27
-16938.2
-6901.92
-8148.23
-8984.66
-18009.2
-7135.19
-9182.62
-9518.27
-1040.82
-933.262
-249.882
-1081.89
-4218.45
-4349.95
-2611.84
-5141.78
-2376.06
-2956.36
-4041.55
-7612.84
-11605.7
-9510.6
-8832.78
-10873.3
-7083.2
-7480.31
-7896.82
-6470.34
-12565.5
-10720.5
-11233.2
-9197.01
-6266.9
-5281.03
-11499.2
-1004.63
-758.86
-555.52
-622.55
-3928.87
-3140.61
-3291.54
-2905.2
-591.528
464.222
-3888.63
-3059.83
-10014.4
-10703.2
-9255.08
-8520.49
-6748.36
-4932.83
-8709.61
-6971.47
-7637.29
-5993.38
-11385.4
-11656.1
-9567.21
-7596.93
-6971.86
-4824.61
-6048.69
-3895.44
-8886.31
-5448.87
-9033.28
-5078.67
-8081.25
-9207.68
-12861.5
-17176.7
-13594
-19803.1
-6078.21
-7253.66
-7372.64
-2902.38
-7453.72
-14454.4
-7186.77
-15550
-13427.9
-24500
-13692.1
-25809.4
-5413.41
-12193.8
-5054.57
-13090.2
-7189.06
-5731.8
-10295.8
-4225.12
-6955.28
-1819.2
-8867.83
-1243.55
-7131.8
-8626.81
-10889.3
-5104.53
-5980.52
-10234.3
-9664.77
-6694.34
-751.464
-700.436
-502.326
-580.537
-2405.91
-1764.82
-2151.07
-1958.2
1007.15
565.476
-2527.33
-2816.1
-10649.2
-10148.3
-7562.97
-6594
-3932.51
-3352.66
-5477.25
-4551.28
-5037.11
-3698.11
-18116
-15980.2
-7750.82
-6708.39
-5765.49
-4490.79
-4684.77
-3096.5
-4912.39
-2206.65
-5615.41
-9115.76
-4878.32
-9145.36
-8034.55
-10139.8
-8887.43
-12213.8
-1026.53
-789.077
-796.118
-690.294
-3643.89
-2683.84
-2949.06
-1757.97
-1706.82
-2085.27
-8349.84
-9018.75
-4514.5
-3979.9
-9083.68
-9386.01
-13661.5
-15627.1
41.5436
3255.43
-7344.69
-7111.01
-6297.48
-4986.73
-1125.34
-1044.25
-1141.91
-945.638
-2124.23
-1646.78
-997.01
-905.66
-8046.78
-4173.5
-6786.03
-3486.63
-8573.24
-3573.39
-10040.5
-3677.27
-5922.01
-10480.5
-7374.44
-10995.5
-8732.38
-11541.3
-11203.8
-12504.3
-5866.86
-9862.53
-5411.39
-9746.96
-8413.93
-11119.9
-9512.74
-11515.8
-12820.1
-13137
-14007.6
-13663.3
-6159.56
-9761.03
-6666.54
-10015.4
-1757.27
-3370.47
-8880.98
-6977.99
-1749.6
-3454.35
-8710.1
-6648.63
-1918.4
-3229.6
-8929.2
-7202.04
-2030.74
-3075.37
-8881.96
-7237
-1156.91
-1305.75
-1108.02
-1256.84
-2476.3
-2616.99
-1894.47
-2155.16
-8596.62
-8162.2
-4713.67
-4988.24
-4260.62
-5431.74
-4702.94
-1363.64
-2803.26
-1570.67
-1726.42
-4010.87
1576.75
-2098.66
-13664.8
-12042.3
-11313.7
-10262.1
-7419.69
-1332.96
-1248.06
-1452.64
-1931.45
-2670.61
-2177.91
-2794.31
-3731.32
-8551.15
-8624.74
-5461.26
-7260.69
-5255.75
-6908.5
-3578.79
-5531.48
-5472.64
-5926.37
-2188.48
-2481.48
-4441.43
-6363.82
-9813.6
-8148.16
-8152.99
-6113.83
-7577.5
-5600.36
-7311.56
-5751.63
-6373.36
-7231.88
-8980.14
-8989.46
-11867.5
-8047.77
-10612.8
-11484.7
-13211.1
-11291.9
-10611.4
-7249.14
-8093.66
-8233.08
-12799.8
-6829.01
-13584.1
-6890.59
-14043.3
-11187.2
-14777
-11387.5
-11396.4
-6045.19
-12045.5
-6137.03
-9816.1
-8556.59
-9129.37
-12751.4
-8499.05
-9320.06
-8774.41
-12643.3
-10109.5
-8311.61
-9428.42
-13884.1
-11006
-8448.87
-10300.9
-13778.4
-1078.21
-914.898
-1422.8
-981.895
-1800.01
-1987.51
-2287.5
-1528.1
-8585.13
-7521.75
-5070.98
-2232.58
-8077.68
-7669.3
-6597.46
-5897.29
-5742.98
-4848.17
-2600.22
-2456.36
-6077.05
-2616.74
-8873.95
-7560.5
-5379.62
-4100.09
-4535.8
-2621.82
-3794.46
-1472.42
-6476.58
-328.626
-307.048
-149.514
-75.6566
-43.2826
-267.164
-170.341
-104.715
-70.0199
-833.472
-392.362
-176.595
-91.8975
-709.446
-419.68
-229.729
-148.053
-1374.45
-592.632
-244.433
-108.284
-1303.78
-666.695
-351.752
-223.043
-880.086
-444.575
-240.864
-139.379
-693.976
-311.012
-140.044
-76.208
-2083.59
-807.243
-325.484
-161.47
-2555.49
-809.431
-278.178
-95.5321
-1998.26
-762.896
-315.403
-163.257
-2318.5
-723.241
-254.616
-77.5852
-1944.17
-749.922
-281.257
-118.321
-2657.18
-843.072
-281.607
-108.014
-1783.77
-659.011
-225.749
-89.2312
-2650.28
-830.259
-265.391
-102.407
-290.457
-126.438
-58.5334
-28.184
-252.059
-95.8895
-47.7285
-23.1088
-744.972
-325.809
-149.751
-75.4666
-626.954
-247.264
-127.341
-65.1295
-1508.68
-570.514
-228.158
-91.5323
-1369.02
-490.443
-211.801
-87.7371
-1630.39
-636.979
-288.729
-139.714
-1249.16
-450.227
-201.794
-65.6875
-2336.6
-716.55
-260.638
-59.8954
-176.708
-68.9428
-36.2229
-20.5772
-68.5352
-43.5237
-28.0977
-19.9032
-537.887
-201.094
-103.32
-58.2412
-237.282
-131.348
-80.8046
-56.0299
-966.859
-338.438
-166.041
-89.7699
-514.418
-234.116
-132.218
-88.2495
-1481.09
-488.579
-229.103
-116.978
-943.823
-351.151
-179.034
-113.198
-1979.36
-598.249
-259.653
-138.568
-1305.09
-430.221
-207.437
-131.157
-2688.42
-786.32
-313.968
-153.78
-1339.42
-415.739
-191.125
-113.693
-2566.95
-760.992
-315.074
-159.395
-1461.91
-455.324
-212.368
-131.473
-2692.03
-742.191
-276.906
-131.025
-1225.55
-345.214
-149.294
-82.8998
-2595.43
-666.676
-222.994
-100.836
-1114.61
-264.206
-97.3903
-48.6918
-28.2123
-17.7961
-11.2573
-7.6176
-6.00722
-47.7141
-29.9128
-18.9011
-12.7911
-10.0888
-66.0734
-41.2041
-25.9745
-17.5634
-13.8523
-107.334
-66.866
-42.2037
-28.5586
-22.5249
-82.6294
-50.9605
-32.0156
-21.6306
-17.0671
-143.699
-88.4725
-55.6925
-37.6665
-29.7071
-74.4142
-45.1324
-28.3204
-19.1392
-15.0819
-40.7218
-23.6384
-14.6272
-9.84997
-7.75987
-89.8966
-53.3723
-33.3046
-22.4764
-17.7294
-35.6645
-20.5525
-12.7335
-8.57846
-6.77041
-109.598
-65.8628
-41.2032
-27.8214
-21.9932
-36.5732
-21.3466
-13.2712
-8.94788
-7.09283
-55.8186
-31.7704
-19.6
-13.1886
-10.3633
-31.7678
-17.8103
-10.9529
-7.36681
-5.78466
-31.3883
-15.4572
-9.10632
-6.05742
-4.74409
-14.6147
-6.61308
-3.81154
-2.52394
-1.96946
-20.6147
-13.081
-8.27041
-5.59353
-4.40739
-17.8984
-11.1395
-7.00962
-4.73591
-3.72835
-54.8968
-34.2371
-21.5421
-14.555
-11.4654
-49.3708
-30.3249
-19.0181
-12.8411
-10.1027
-65.8226
-40.477
-25.3693
-17.1265
-13.4866
-71.1104
-42.9575
-26.8491
-18.1236
-14.2199
-87.499
-52.1953
-32.5831
-21.9802
-17.4214
-57.3069
-34.1415
-21.2921
-14.3716
-11.2581
-49.9647
-29.3377
-18.2781
-12.3201
-9.84261
-73.1263
-199.163
-148.806
-511.194
-123.679
-711.29
123.535
-659.77
364.935
-164.778
-761.624
-1207.71
17.3643
-129.862
-1101.93
-1701.46
-1358.04
-1921.14
-532.744
-125.215
-28.2149
-6.21573
-1.55424
-145.917
-78.15
-10.938
-2.981
-1.32183
-1647.06
-383.908
-86.7229
-19.0021
-4.75901
-352.486
-106.01
-26.9313
-5.78538
-1.58994
-2780.85
-647.742
-146.62
-32.2309
-8.05968
-607.981
-187.552
-46.5866
-10.933
-2.77703
-3758.51
-874.891
-198.615
-43.7545
-10.9313
-765.005
-244.918
-61.7599
-14.5049
-3.6367
-4750.05
-1111.3
-253.491
-55.9974
-13.961
-913.245
-307.439
-78.5614
-18.4994
-4.61907
-5734.55
-1377.63
-318.021
-70.9062
-17.895
-1431.59
-433.839
-106.44
-24.4061
-6.19946
-5302.16
-1269.18
-291.695
-64.6215
-16.0876
-1129.23
-367.793
-92.644
-21.5486
-5.38148
-5944.06
-1430.66
-330.934
-73.9693
-18.7717
-1608.96
-474.044
-114.724
-25.8919
-6.49296
-6215.35
-1483.56
-343.579
-76.6828
-19.3872
-1663.15
-492.311
-120.24
-25.1479
-6.61539
-702.598
-6481.81
-5755.52
-2240.27
-1549.47
-948.036
-3681.99
-2691.56
-6102.96
-5664.55
-2879.46
-2177.16
-454.445
-691.937
-1177.36
-1891.79
-2799
-3798.63
-326.759
-697.468
-1438.77
-2479.11
-3685.88
-4873.2
-347.068
-160.402
-592.837
-407.492
-1083.16
-903.713
-1789.23
-1668.87
-2539.37
-2454.74
-3271.17
-2974.27
-4624.25
-5125.14
-5461.92
-7932.85
-8709.82
-9488.05
-5813.95
-6286.08
-6151.67
-5518.76
-4641.96
-4000.84
-411.025
-348.731
-265.3
-165.858
-56.4196
-625.601
-530.581
-403.511
-252.212
-85.7874
-1064.07
-902.101
-685.87
-428.657
-145.804
-1708.77
-1447.9
-1100.51
-687.788
-233.97
-2525.82
-2138.49
-1624.88
-1015.71
-345.655
-3422.05
-2893.52
-2198.01
-1375.18
-468.529
-295.481
-250.644
-190.645
-119.172
-40.537
-630.445
-534.555
-406.46
-254.037
-86.4078
-1300.03
-1101.94
-837.744
-523.603
-178.114
-2238.76
-1896.72
-1441.72
-901.238
-306.65
-3325.41
-2815.33
-2139.7
-1338.18
-455.592
-4389.94
-3712.71
-2821.92
-1766.94
-602.38
-313.929
-266.369
-202.649
-126.691
-43.0954
-145.083
-123.098
-93.6455
-58.5408
-19.9126
-536.065
-454.693
-345.815
-216.147
-73.5178
-368.483
-312.554
-237.707
-148.569
-50.5307
-979.098
-830.174
-631.202
-394.463
-134.162
-816.926
-692.676
-526.633
-329.083
-111.917
-1616.37
-1369.69
-1040.94
-650.395
-221.2
-1507.53
-1277.25
-970.431
-606.152
-206.109
-2291.71
-1940.05
-1473.45
-920.46
-313.076
-2214.72
-1873.95
-1422.22
-887.759
-301.79
-2946.21
-2489.62
-1889.1
-1180.3
-401.709
-2677.01
-2259.43
-1711.37
-1067.16
-362.683
-4152.87
-3504.23
-2662.69
-1670.44
-571.056
-4574.59
-3846.43
-2927.49
-1849.71
-638.323
-4814.79
-4023.26
-3077.3
-1978.55
-700.465
-6811.14
-5634.8
-4375.18
-2938.76
-1119.6
-7107
-5776.76
-4596.04
-3320.3
-1457.47
-7432.12
-5964.59
-4828.34
-3668.21
-1759.42
-5224.46
-4411.87
-3355.2
-2106.26
-720.183
-5625.56
-4739.97
-3610.01
-2277.96
-783.745
-5466.21
-4589.63
-3506.52
-2235.05
-779.237
-4838.33
-4038.96
-3107.2
-2022.22
-727.108
-3954.28
-3262.94
-2545.63
-1729.07
-668.244
-3297.3
-2685.57
-2127.09
-1511.62
-628.359
-477.17
-761.123
-1295.79
-2063.64
-3031.67
-4078.9
-359.025
-795.294
-1603.85
-2709.33
-3966.27
-5164.88
-369.051
-179.586
-660.072
-467.004
-1199.4
-1009.57
-1961.32
-1829.56
-2786.52
-2730.26
-3586.87
-3390.05
-4912.22
-5389.41
-5702.35
-8074.99
-8770.68
-9506.61
-6058.36
-6427.8
-6170.56
-5439.09
-4534.08
-3952.09
-431.681
-366.366
-278.804
-174.345
-59.3151
-688.542
-584.369
-444.74
-278.147
-94.64
-1172
-994.537
-756.887
-473.413
-161.097
-1865.86
-1582.94
-1204.67
-753.644
-256.514
-2739.47
-2323.17
-1768.13
-1106.71
-376.887
-3681.48
-3119.9
-2375.32
-1488.7
-507.666
-324.798
-275.661
-209.79
-131.2
-44.6393
-719.413
-610.555
-464.692
-290.654
-98.9045
-1450.44
-1230.73
-936.666
-585.933
-199.411
-2449.17
-2077.56
-1581.17
-989.393
-336.825
-3582.87
-3037.86
-2312.31
-1447.83
-493.228
-4659.81
-3948.1
-3006.23
-1884.91
-643.055
-333.895
-283.396
-215.674
-134.869
-45.8842
-162.493
-137.93
-104.978
-65.6499
-22.3355
-597.185
-506.875
-385.773
-241.261
-82.0862
-422.544
-358.67
-272.988
-170.727
-58.0872
-1084.96
-920.769
-700.749
-438.265
-149.123
-913.321
-775.148
-589.926
-368.936
-125.528
-1773.69
-1504.92
-1145.25
-716.34
-243.774
-1654.66
-1403.97
-1068.37
-668.17
-227.358
-2518.68
-2136.24
-1625.64
-1017.13
-346.254
-2468.08
-2093.33
-1592.69
-996.204
-339.039
-3238.65
-2745.02
-2089.26
-1308.5
-445.911
-3061.63
-2594.82
-1973.87
-1235.09
-420.552
-4423.21
-3743.95
-2853.47
-1794.18
-614.054
-4829.03
-4078.22
-3116.78
-1975.1
-682.504
-5055.89
-4251.55
-3270.38
-2110.31
-747.993
-6979.68
-5814.99
-4543.64
-3064.31
-1169
-7203.77
-5892.08
-4713.45
-3416.6
-1500.94
-7468.11
-6009.04
-4875.13
-3708.34
-1778.58
-5453.93
-4615.4
-3517.26
-2211.44
-756.745
-5764.01
-4868.11
-3716.25
-2349.18
-809.004
-5494.56
-4625.09
-3542.93
-2263.22
-790.121
-4777.63
-3998.36
-3085.52
-2014.47
-726.198
-3866.25
-3196.29
-2502.05
-1707.15
-662.934
-3257.11
-2654.45
-2106.16
-1500.81
-625.708
-19531.6
-14375.9
-5505.01
-4525.71
-3427.04
-4858.81
-4393.03
-12919.7
-14632.8
-11679.4
-13432.8
-8209.82
-11544.8
-6336.97
-6596.87
-4858.29
-20365.9
-11511.3
-4559.49
-7471.75
-9590.13
-6680.19
-7496.1
-5695.16
-3518.06
-5152.46
-5601.09
-5774.32
-19202.6
-13063.6
-12924.7
-9373.23
-9493.01
-9906.47
-4897.26
-6278.06
-7609.74
-14566.6
-13333.3
-12158.5
-12487.3
-12198.5
-9699.98
-7031.86
-5934.05
-5038.25
-2865.54
-4930.81
-4164.04
-3184.43
-2020.81
-699.637
-4078.36
-3453.11
-2630.31
-1651.65
-564.509
-3084.86
-2607.66
-1982.19
-1241.99
-423.768
-4383.18
-3711.78
-2823.25
-1767.74
-602.418
-3951.09
-3340.06
-2542.91
-1597.89
-546.75
-9874.46
-8662.05
-7696.35
-7668.53
-8544.43
-11308.4
-10169.4
-8664.04
-7342.79
-4670.27
-8626.1
-6275.77
-4996.44
-3736.77
-1766.11
-10311
-8835.63
-7220.64
-5543.43
-2801.06
-7039.81
-5752.31
-4344.89
-2781.71
-989.062
-9216.18
-7020.83
-5295.9
-3487.68
-1322.55
-5553.92
-4603.59
-3483.46
-2207.79
-768.754
-5762.19
-4764.89
-3603.11
-2286.35
-797.87
-4289.45
-3571.97
-2702.13
-1703.68
-588.103
-14928.5
-12611.7
-11321.4
-11078.6
-11434.7
-9171.21
-7268.4
-5808.91
-4255.64
-2020.78
-3991.07
-3313.6
-2522.17
-1616.16
-572.781
-6570.02
-5491.46
-4218.5
-2736.71
-986.463
-8240.26
-6846.26
-5357.99
-3645.86
-1439.81
-5862.72
-4907.77
-3796.1
-2492.37
-910.864
-6643.74
-5587.74
-4303.73
-2785.49
-993.46
-5072.3
-4267.77
-3265.38
-2083.22
-727.49
-3135.42
-2629.92
-1994.59
-1254.57
-430.975
-4621.84
-3898.22
-2964.73
-1863.86
-638.743
-4958.02
-4142.77
-3147.34
-1994.79
-693.211
-5138.76
-4316.53
-3293.36
-2093.32
-728.619
-14127.1
-12526.7
-11447.9
-11424.1
-11405.1
-9501.87
-7219.05
-6016.56
-4889.73
-2729.53
-10289.6
-8755.93
-7297.24
-5888.23
-3099.86
-7695.5
-6169.97
-4959.73
-3618.45
-1577.46
-8190.67
-6835.75
-5370.8
-3668.19
-1441.77
-8126.83
-6496.71
-5213.91
-3794.02
-1638
-4335.37
-3639.3
-2795.93
-1804.48
-641.788
-5627.05
-4748.66
-3621.54
-2287.34
-787.388
-6728.36
-5646.26
-4343.85
-2810.76
-1001.45
-553.13
-1541.33
-2389.63
-3151.62
-3857
-4508.65
-2455.94
-6615.21
-6353.91
-2427.71
-8466.7
-7172.03
-8575.75
-9608.89
-2213.57
-1430.81
-5154.95
-3006.8
-9849.56
-7015.43
153.318
-2006.23
-5551.2
-5271.84
-1973.84
-7257.45
-5912.53
-7263.3
-8271.01
-1840.73
-859.236
-4443.29
-1612.64
-8229.95
-4265.8
1349.29
-1486.37
-4279
-4069.28
-1473.49
-5813.53
-3666.44
-5989.78
-6720.57
-1403.51
-785.333
-3190.13
-1677.22
-6654.48
-1823.18
1479.15
-1115.6
-3368.5
-3281.62
-1150.17
-4533.3
-2330.93
-5067.57
-6018.89
-1071.06
-824.21
-2370.32
-1696.46
-5929.03
-498.673
1103.34
-916.281
-2896.11
-2871
-986.397
-3705.16
-1966.66
-4601.48
-5877.39
-859.905
-894.003
-1738.02
-1631.27
-5221.57
-281.25
65.8367
-818.238
-2612.82
-2660.64
-902.776
-3458.95
-2206.15
-4294.59
-5638.27
-675.419
-705.039
-1462.01
-1603.22
-5147.42
-1011.33
-482.289
-1395.99
-3462.04
-4818.61
-1852.79
-5597.35
-9604.6
-7118
-10299.6
-1067.89
-796.74
-3970.74
-2546.13
-1678.33
-9441.22
-4746.3
-1314.37
-3267.72
-4286.07
-1629.75
-5237.01
-8766.44
-6495.68
-8870.21
-1111.31
-727.52
-4185.41
-2458.23
-846.629
-9296.85
-3658.52
-1182.13
-2948.02
-3591.77
-1340.31
-4860.1
-7963.12
-5640.85
-7935.7
-1021.16
-844.82
-3697.89
-2643.89
-987.636
-7661.11
-3596.92
-1049.92
-2715.3
-3058.24
-1119.21
-4611.2
-7377.75
-5124.31
-7330.88
-966.274
-904.787
-3526.11
-2883.4
-705.532
-7239.53
-3813.3
-966.171
-2479.4
-2763.48
-998.598
-4242.6
-6896.9
-4743.9
-7049.74
-921.891
-986.391
-3267.91
-3172
-765.368
-7090.73
-4072.51
-905.576
-2229.55
-2587
-929.318
-3942.58
-6865.19
-4443.89
-6856.31
-950.536
-1103.59
-2927.74
-3016.02
-985.228
-7345.26
-4560.88
5531.6
6973.38
14507.7
21152.3
21643.5
37156.9
16732.8
42220.1
13554.5
29609.5
20212.5
30625.7
18095.4
23749
6835.18
7740.85
13715.7
15772.8
17625
17590.2
14120.6
17620.7
20551.8
18677.1
4549.07
3428.26
5577.91
3746.92
11447.4
9067.37
19568.3
14105.8
15197
15836.5
16897
16074.6
5826.64
4583.89
36012
48230.6
23394.3
28690.4
48492.2
62918.4
25355.8
28967
26665.8
37695.2
23316.1
30904.9
13544.6
21904.6
2428.75
829.851
2492.5
906.342
7759.48
3116.66
10695.5
3920.72
7623.43
2920.96
8150.21
2604.2
13912.7
4417.48
17964.6
6047.99
22518.9
11225.6
20551.7
12313.4
21441.6
13994.6
18785.3
14338
16005.1
9560.34
16016.4
8154.85
21144.7
13718.3
21171
13859.6
19739.2
15172.6
19948.3
15257.2
17268.1
11070.4
17879.4
11354.6
16223.2
6977.33
7491.66
9015.25
16315.4
7613.18
6495.06
9068.23
17183.7
6962.27
8522.56
9124.73
18040.2
7139.63
9288.38
9559.66
3138.7
3386.16
1069
2006.05
9783.89
10349.6
3729.01
6506.12
12592.9
14070.4
5934.94
10035.9
11831.6
1110.11
12831.3
15583.8
8323.89
777.6
7297.28
11427.8
18278.4
12258.2
9491.06
11232.9
9612.76
8132.94
12632.2
2981.65
2470.25
1674.65
1691.85
9265.36
7949.32
5514.22
5259.87
11612.1
10055.4
7149.69
6464.1
5747.98
7361.34
11806.8
12257.4
13317.5
12188.1
14978.1
13184
9836.38
8285.53
8829.51
9466.24
11467.8
9326.46
10318.1
7771.47
8825.16
6297.76
10075.1
6701.86
9915.91
4958.52
8520.76
9344.55
12321.6
16275.4
13596.7
19842.4
6669.1
7543.69
8689.43
3153.11
7607.58
14611.7
7221.45
15607.7
13473.7
24412.5
13710.3
25830.9
5631.63
12389.9
5105.09
13149.2
7638.41
5938.35
10489.1
4290.22
7958.24
1964.68
9203.8
1072.36
7309.79
8758.04
10976.1
5142.87
6026.62
10275.9
9687.62
6711.06
1984.06
1791.81
1673.4
1455.67
1367.09
1261.35
6663.21
5633.02
4994.17
4217.53
3508.59
3117.9
8300.98
7363.49
6897.15
5077.84
4300.85
4135.72
6631.4
6050.27
5975.91
10880.1
8608.43
7400.13
10030.2
7732.93
6441.02
10551.2
8631.43
7648.63
6275.2
4314.29
3459.23
15761.5
14023.1
12399.7
9897.59
8535.35
7317.71
8569.25
6944.74
5767.19
7016.95
5298.68
4262.25
6946.83
4008.13
2385.22
10140.5
13895.6
7937.75
10411
10723.2
15872.9
9486.6
13910.1
233.063
780.539
-259.943
176.504
3182.3
3680.74
1437.06
975.326
1149.18
2983.87
9471.07
13872.5
6624.34
3518.92
9608.33
9503.12
14465.3
15849.5
-252.921
-3439.55
7564.79
7097.26
6407
4939.86
1023.63
604.955
604.909
246.457
2562.93
743.439
186.029
-410.989
9320.99
2886.18
6222.52
1998.19
8325.17
2668.62
9921.86
3302.4
9307.8
12110.1
8517.93
11857.7
13968.7
14722.6
13220.1
13981.4
6305.25
10071.2
7247.9
9955.69
8872.93
11470.8
9645.32
11607
13664.5
13752.1
14247.1
13828.8
6260.86
9817.61
6680.51
10019.9
1222.58
2563.32
8481.78
6327.7
747.786
2177.63
7869.96
5694.08
1496.52
2653.88
8701.86
6800.1
1851.05
2841.12
8812.5
7097.18
-304.459
-388.028
324.238
231.819
-1843.61
-1899.28
365.062
338.109
615.901
-689.699
2658.26
2231.27
-9598.77
-9179.05
-4647.21
-2877.18
630.451
-10149.1
-10434.9
-3605.74
-4950.02
482.44
10121.2
8452.07
8038.55
7936.06
5831.42
-516.795
-569.844
173.013
371.987
-1671.76
-1993.54
773.44
1216
-1603.39
-2609.14
1857.79
2546.46
-4954.01
-2299.5
-7829.33
-4947.03
-2831.14
-2164.24
-2875.62
-2674.61
2039.12
3410.25
3902.98
2528.13
1580.4
-631.266
1988.67
-5.68127
3197.8
1796.62
4186.4
4911.02
5870.63
5505.76
10568.4
6789
8281.38
8469.23
12448.2
10284.2
9054.76
6032.1
5111.48
5197.37
12282.3
6041.45
13448.2
6698.01
13824.1
10532.1
14731
11245.5
10672.1
5275.12
11839.4
5930.86
8332.77
7449.24
7799.88
11491.2
5967.9
6881.31
6877.45
10639.5
9326.52
7580.08
8666.85
13072.4
10759.6
8217.46
10053.1
13544.7
-756.437
-895.409
-1059.75
131.995
-306.523
-373.552
-2952.14
-3538.11
-3675.88
289.841
-887.336
-979.89
-3700.2
-4662.02
-4967.53
1605.52
-796.476
-1287.7
-1354.33
-1250.88
-972.335
-3914.6
-4309.14
-4142.45
-3033.72
-3928.11
-4034.13
-3755.51
-4650.62
-4752.62
2849.32
-156.646
-508.933
3558.05
1911.63
890.366
-831.026
-2436.58
-3284.39
-536.848
-2720.52
-3668.69
309.95
-2193.73
-2937.26
4248.35
-383.26
-999.408
42.7037
-5.85546
-23.299
-23.4658
-216.277
-132.874
-92.1239
-62.9735
189.686
10.708
-46.2843
-44.9662
-314.345
-238.186
-189.42
-135.679
561.413
118.79
-23.1184
-30.3449
94.4971
-122.644
-188.586
-176.172
115.977
-73.3221
-116.565
-99.8574
356.891
75.2199
-24.0313
-37.1764
1478.81
434.639
66.5846
-41.3555
2200.93
621.103
167.992
69.7647
1166.65
293.242
10.8922
-66.5944
1869.72
503.885
136.194
78.2175
1501.49
462.496
90.5154
-2.16532
2416.65
706.844
192.709
69.2057
1601.03
536.348
142.881
35.4341
2561.84
777.989
230.772
87.6604
63.8029
9.25675
-7.01067
-5.43254
25.0588
-7.90458
-12.452
-3.85837
116.614
-2.16427
-32.8413
-24.4927
-3.10027
-52.2729
-47.6611
-16.4125
815.513
217.128
43.7729
22.0118
551.24
107.072
-6.6252
7.18696
469.657
24.0301
-68.7039
-56.2661
336.087
11.9424
-31.5105
31.8177
1705.16
433.525
115.736
102.699
-48.9825
-31.0857
-17.4332
-8.35401
-154.495
-60.1591
-27.4335
-17.1935
-35.8733
-62.3916
-47.299
-25.1229
-388.37
-164.51
-81.1046
-51.3498
138.854
-42.7303
-54.7823
-28.848
-446.743
-223.525
-117.645
-75.3587
468.315
3.91221
-52.2505
-20.7309
-222.314
-222.962
-134.152
-87.5727
1067.55
136.943
-29.4618
-30.8233
177.947
-168.932
-137.078
-99.5654
1951.39
328.778
19.6235
-16.3931
732.435
18.9019
-65.3224
-63.4588
1624.92
225.202
-21.9784
-35.7523
591.787
-58.4169
-103.074
-88.0547
2242.53
448.656
84.6054
22.9633
869.821
94.2258
-14.6702
-25.2074
2447.39
567.269
157.17
63.8007
1002.56
182.19
43.2816
13.3607
-23.133
-16.0681
-10.3962
-7.06037
-5.56561
-43.2492
-27.6004
-17.5016
-11.8298
-9.31648
-56.813
-39.8967
-25.8796
-17.5901
-13.8709
-102.819
-66.3675
-42.2363
-28.5827
-22.5198
-68.5995
-49.1728
-31.9474
-21.7184
-17.1264
-136.598
-87.9155
-55.8733
-37.8006
-29.7826
-68.9499
-44.5163
-28.3378
-19.19
-15.1275
-32.807
-22.3963
-14.4904
-9.85745
-7.78155
-75.6684
-51.5962
-33.2042
-22.5303
-17.7624
-26.3902
-19.3633
-12.6224
-8.58943
-6.7757
-100.861
-65.1654
-41.3356
-27.9391
-22.0018
-29.3416
-20.5152
-13.2229
-8.96981
-7.06761
-39.8393
-29.5195
-19.3518
-13.1955
-10.4191
-22.2501
-16.5397
-10.8115
-7.36486
-5.81394
-12.2278
-12.5349
-8.70142
-6.01313
-4.76692
-3.42905
-5.03118
-3.59681
-2.49847
-1.98363
-15.936
-11.6696
-7.58717
-5.15355
-4.06166
-15.5473
-10.173
-6.43846
-4.34275
-3.41647
-47.9025
-33.4964
-21.5519
-14.6057
-11.5078
-47.5715
-30.4227
-19.165
-12.9184
-10.1657
-51.8266
-38.9162
-25.3164
-17.201
-13.5611
-69.0137
-43.178
-27.0808
-18.2442
-14.36
-82.8562
-52.1556
-32.7948
-22.1123
-17.3997
-58.0063
-34.6199
-21.5184
-14.4716
-11.3889
-48.3838
-29.4568
-18.4079
-12.394
-9.74541
317.514
415.687
878.844
1180.72
970.768
1476.84
522.747
1253.46
-82.148
407.122
784.051
1222.49
29.3569
91.9583
1108.33
1711.27
1359.29
1924.29
475.74
108.605
24.2149
5.30392
1.32211
175.108
74.4891
10.4039
2.68799
1.16881
1682.89
385.968
86.6516
18.9354
4.7349
496.818
129.685
30.7636
6.44933
1.70727
2803.09
643.406
144.771
31.7301
7.92079
762.828
211.961
50.4163
11.5145
2.87396
3788.63
872.37
197.031
43.2802
10.7921
883.376
265.165
65.1361
15.0487
3.73345
4772.75
1110.07
252.346
55.6168
13.8414
967.169
319.478
80.876
18.9063
4.69621
5741.8
1378.05
317.803
70.7876
17.8486
1436.23
435.596
106.9
24.5036
6.2212
5311.53
1269.01
291.127
64.3939
16.0081
1143.1
373.313
93.9467
21.8068
5.43523
5949.83
1431.34
330.922
73.9237
18.7491
1610.69
474.561
114.857
25.9177
6.49721
6217.64
1483.88
343.595
76.6689
19.3734
1663.53
492.4
120.26
25.1493
6.61122
689.862
6557.54
6015.88
2313.28
-1188.5
-2164.07
-6867.54
-10164
-1085.33
-7274.3
1819.51
-2123.67
-2120.53
-4385.53
-8269.11
-11861
-12604.7
-15883.1
-4436.78
-5778.71
19595.9
14321.9
5133
4118.21
2967.45
4273.06
3908.32
12189.5
11925.5
10172.4
11173.9
9379.51
6768.12
8672.76
5861.55
5007.84
6116.09
4215.81
19721.5
10541.2
3880.59
6587.53
8749.13
6184.84
6846.91
5126.65
3168.49
4508.21
4700.72
5080.83
19327.1
12872.1
12290
8988.45
9062.47
9390.34
4233.75
5644.99
6990.25
14551.1
13255.6
12038.4
12322
12040.7
9604.69
6931.87
5836.21
4955.78
2829.09
4570.37
3833.71
2913.36
1840.66
636.046
3696.37
3115
2361.79
1477.86
504.211
2647.76
2214.55
1665.26
1034.52
351.353
3835.35
3227.96
2439.79
1519.96
516.554
3489.17
2924
2207.29
1378.22
470.09
8174.34
6670.06
5765.32
6032.82
7342.89
6760.71
5273.57
4118.54
3746.63
2798.28
6498.65
4075.43
3071.59
2379.13
1268.32
5870.34
4134.22
2947.04
2322.36
1442.16
4422.31
2835.43
1855.85
1380.64
707.864
5421.72
4124.49
2926.29
1805.25
639.112
5972.4
3907.79
2664.34
1690.45
670.961
3862.35
2306.99
1404.04
783.032
273.783
4164.51
3257.94
2336.61
1426.66
489.375
4917.38
3709.24
2566.98
1521.3
512.423
3536.69
2780.87
1990.69
1203.62
406.675
13564.3
10962.4
9664.72
9636.67
10403.8
7949.68
5979.27
4642.73
3408.69
1680.65
3265.65
2597.68
1903.28
1191.01
419.932
5651.24
4599.82
3454.44
2212.89
797.181
7303.58
5896.63
4517.09
3050.29
1214.3
5339.7
4392.93
3348.8
2181.38
796.836
5999.18
4983.84
3798.52
2444.09
871.141
4505.39
3734.48
2818.7
1782.21
620.391
2750.33
2236.63
1644.97
1010.32
342.725
3993.56
3318.69
2487.06
1546.02
526.746
4034.65
3256.2
2394.85
1484.03
511.083
4440.84
3655.17
2736.8
1717.48
594.88
13989.6
12229
11046.8
10958.9
10930.2
9209.8
6909.31
5718.75
4647.89
2618.98
9358.96
7752.08
6338.57
5133.18
2753.89
7236.61
5687.88
4516.71
3288.44
1448
7698.97
6324.64
4906.35
3330.6
1310.75
7498.38
5844.86
4614.17
3349.58
1460.73
3678.02
3025.28
2284.6
1460.91
519.436
5012.74
4184.99
3159.11
1980.64
679.486
6090.94
5030.48
3816.64
2449.07
870.869
4758.98
9468.95
10969.4
29833.7
10883
39971
5427.64
12775.9
10889.5
8511.66
17855.1
15028.9
10960.5
10485.4
20103.5
16168.5
3504.45
2631.13
6629.55
4552.61
8487.81
6350.64
22691.8
16720.6
13945.5
10686.1
14397.2
8639.81
1136.16
3418.96
37147.8
48688.4
22598.9
28548
49142.4
63177.5
24466.6
28750.1
27661.2
38204.8
22604.9
30847.2
14898.5
22542.3
1730.63
472.683
2887.06
994.618
6069.68
2699.31
12362.1
4455.67
2732.98
1530.19
6742.42
2113.73
13942.7
4373.26
18130.6
6095.35
15569.5
8139.99
17808.9
10724.1
14419.4
10428.6
16037.3
12623.3
14097.9
8316.63
11215.7
5816.47
20079.8
12998
20903.7
13661.9
18642.5
14425.9
19654.6
15053.4
16562
10491.5
17711.4
11194.3
15312.3
6729.51
6687.96
8731.38
13733.8
6875.33
5000.88
8551.87
16937.6
6901.82
8147.27
8984.65
18010.3
7135.64
9182.27
9518.47
1047.35
930.023
274.544
1043.2
4145.86
4278.07
2582.8
5100.59
2371.61
2953.49
4038.6
7608.21
11603.9
9509.46
8831.17
10872.2
7082.26
7480.08
7896.3
6469.62
12565.4
10719.2
11230.8
9194.3
6264.61
5279.18
11498.7
947.524
724.625
489.592
575.017
3913.35
3115.46
3323.83
2913.25
588.485
-465.59
3886.4
3059.47
10014.3
10703.4
9255.16
8520.9
6748.22
4933.11
8708.77
6971.01
7636.52
5993.27
11384.3
11655.8
9566.11
7596.82
6971.06
4824.58
6048.04
3895.34
8886.28
5448.99
9031.95
5078.42
8079.85
9207.24
12860.2
17176
13592.6
19802.2
6077.11
7253.44
7371.61
2902.25
7452.69
14454.1
7186.02
15549.8
13426.8
24499.2
13691.2
25808.7
5412.61
12193.7
5054.04
13090.2
7188.56
5731.78
10296.1
4225.26
6954.69
1819.16
8868.01
1243.64
7131.54
8626.9
10889.6
5104.7
5980.36
10234.5
9665.12
6694.58
718.76
689.874
466.653
553.93
2379.5
1732.32
2155.55
1952.51
-1007.67
-565.636
2527.32
2816.62
10649.4
10148.6
7563.34
6594.46
3932.89
3353.13
5477.16
4551.41
5037.17
3698.35
18115.8
15980.3
7750.82
6708.55
5765.53
4490.96
4684.79
3096.59
4912.49
2206.76
5617.79
9115.6
4883.4
9145.37
8033.62
10137.4
8884.41
12209.6
919.116
668.979
698.942
576.331
3679.77
2753.35
2996.53
1835.34
1711.4
2087.31
8351.13
9019.26
4516.38
3984.25
9082.98
9384.91
13659.2
15625.9
-40.5592
-3255.11
7345.08
7110.11
6297.52
4986.42
988.569
954.212
1001.67
858.859
2170.04
1656.26
1043.13
917.448
8049.91
4174.86
6790.85
3489.58
8573.83
3574.23
10039.7
3677.25
5921.77
10479.7
7373.86
10994.5
8730.59
11539.6
11201.2
12502.4
5867.21
9862.06
5411.76
9746.61
8413.02
11118.9
9511.42
11514.5
12818.3
13135.5
14006.2
13662
6159.38
9760.32
6665.67
10014.3
1759.12
3371.66
8880.94
6978.15
1751.33
3455.34
8710.19
6648.88
1919.27
3230.23
8928.82
7201.95
2030.66
3075.48
8881.18
7236.66
1020.62
1142.75
1016.46
1141.48
2519.76
2674.69
1899.93
2168.74
8598.21
8162.58
4714.48
4988.34
4260.75
5431.45
4703.14
1364.65
2803.87
1570.93
1726.68
4010.77
-1576.19
2098.93
13663.1
12041.4
11313.3
10262.2
7419.95
1140.88
1034.74
1295.03
1732.68
2741.99
2263.04
2836.16
3786.95
8551.63
8625.4
5460.81
7258.96
5255.81
6908.55
3578.91
5531.38
5472.46
5925.99
2188.58
2481.3
4441.45
6363.22
9812.93
8147.94
8152.63
6113.68
7577.33
5600.2
7311.58
5751.53
6373.48
7231.71
8979.66
8989.11
11866.8
8047.35
10611.9
11484.2
13210
11291.3
10610.9
7248.88
8093.49
8232.86
12799
6828.58
13583.1
6890.03
14042.3
11186.6
14775.9
11386.8
11395.8
6044.91
12044.6
6136.59
9815.92
8556.4
9129.37
12751.1
8499.05
9319.89
8774.52
12643.2
10109.1
8311.35
9428.25
13883.7
11005.3
8448.46
10300.5
13777.9
830.343
698.852
1249.9
853.323
1904.08
2073.59
2361.66
1588
8587.54
7525.31
5068.06
2233.51
8077.71
7669.39
6597.26
5897.22
5742.61
4848.03
2600.31
2457.12
6076.03
2616.5
8873.81
7560.55
5379.5
4100.1
4535.67
2621.84
3794.39
1472.59
6476.24
328.509
280.576
136.487
69.116
40.0269
243.372
156.23
96.2922
64.5769
834.258
392.793
176.735
91.6116
713.054
420.946
230.152
147.883
1375.12
592.996
244.669
108.421
1305.24
667.374
352.073
223.17
880.625
444.856
241.015
139.451
694.203
311.145
140.122
76.2524
2084.19
807.56
325.666
161.571
2555.69
809.571
278.273
95.6018
1998.78
763.192
315.596
163.388
2318.74
723.394
254.715
77.6516
1944.53
750.141
281.388
118.396
2657.28
843.175
281.686
108.086
1783.91
659.136
225.838
89.2949
2650.27
830.322
265.451
102.475
265.24
115.211
53.1974
25.9173
225.677
85.9524
42.9951
21.1202
745.181
325.935
149.903
75.2674
629.972
247.971
127.509
64.9411
1509.08
570.728
228.316
91.6556
1369.43
490.625
211.917
87.844
1630.83
637.255
288.904
139.834
1249.53
450.432
201.908
65.7621
2336.87
716.724
260.749
59.9631
152.113
60.8717
32.621
18.9027
55.2634
38.652
25.6321
18.3857
546.386
202.762
103.688
58.0914
244.206
132.362
80.974
55.9866
967.557
338.684
166.131
89.8432
515.619
234.507
132.329
88.2932
1481.49
488.815
229.227
117.067
944.336
351.44
179.158
113.266
1979.62
598.438
259.773
138.659
1305.37
430.44
207.557
131.234
2688.57
786.47
314.073
153.864
1339.53
415.849
191.2
113.748
2567.17
761.181
315.2
159.488
1462.09
455.481
212.468
131.543
2692.09
742.284
276.978
131.094
1225.6
345.279
149.341
82.9363
2595.39
666.713
223.035
100.89
1114.6
264.228
97.4116
48.7129
26.1274
16.4651
10.4108
7.04388
5.55527
44.0193
27.5865
17.4276
11.7935
9.3024
65.9234
41.1277
25.93
17.5342
13.8294
107.032
66.6912
42.0969
28.4871
22.4687
82.6903
50.9985
32.0403
21.6476
17.0802
143.751
88.5042
55.7131
37.6805
29.718
74.4442
45.1493
28.331
19.1465
15.0879
40.74
23.6479
14.6329
9.8538
7.76294
89.9402
53.3967
33.3199
22.4869
17.7375
35.6831
20.5623
12.7396
8.58259
6.77351
109.664
65.9009
41.2275
27.8383
22.0057
36.5953
21.3588
13.2789
8.9532
7.09629
55.8461
31.7846
19.6085
13.1943
10.3683
31.7836
17.8184
10.9577
7.36998
5.7875
31.408
15.4662
9.11133
6.06058
4.74696
14.6241
6.61712
3.81376
2.52527
1.97083
18.9893
12.0343
7.60497
5.14297
4.05369
16.3888
10.1862
6.40668
4.32819
3.40956
54.8162
34.2058
21.5258
14.5446
11.4571
49.3512
30.3303
19.024
12.8454
10.1059
65.8798
40.5127
25.3923
17.1421
13.499
71.1602
42.9903
26.8703
18.1378
14.2314
87.5559
52.2284
32.6043
21.9951
17.4318
57.3448
34.1644
21.3067
14.3813
11.2666
49.9939
29.3544
18.2887
12.3279
9.84666
51.9576
170.792
161.857
524.755
125.919
712.864
-122.868
660.312
-364.728
164.982
761.67
1207.78
-17.2871
129.967
1101.98
1701.53
1358.1
1921.21
468.315
109.302
24.5554
5.398
1.3481
124.922
69.0893
9.2877
2.54425
1.17224
1669.08
389.603
88.0231
19.2887
4.83046
363.017
109.27
27.6885
5.97739
1.63471
2779.5
647.465
146.561
32.2178
8.0561
608.551
187.794
46.6603
10.9507
2.78088
3758.45
874.87
198.61
43.7525
10.9304
765.201
245.003
61.7893
14.5129
3.6387
4750.27
1111.34
253.499
55.9983
13.9608
913.362
307.483
78.5766
18.5038
4.62034
5734.87
1377.7
318.037
70.9097
17.8959
1431.67
433.866
106.447
24.408
6.20007
5302.45
1269.24
291.708
64.624
16.088
1129.32
367.825
92.6541
21.5517
5.38244
5944.38
1430.73
330.951
73.9731
18.7727
1609.05
474.07
114.73
25.8933
6.49333
6215.68
1483.64
343.596
76.6866
19.3882
1663.24
492.336
120.246
25.1491
6.61569
702.264
6481.27
5753.92
2240.47
1419.49
832.859
3705.98
2745.14
6132.19
5737.24
2648.74
1931.75
454.429
691.912
1177.31
1891.72
2798.9
3798.49
326.747
697.443
1438.72
2479.02
3685.74
4873.02
347.056
160.396
592.816
407.477
1083.13
903.681
1789.17
1668.81
2539.28
2454.66
3271.06
2974.18
4624.08
5124.96
5461.72
7932.56
8709.52
9487.74
5813.73
6285.84
6151.44
5518.56
4641.79
4000.71
411.01
348.719
265.291
165.852
56.4176
625.579
530.562
403.496
252.203
85.7842
1064.03
902.068
685.844
428.641
145.798
1708.71
1447.85
1100.47
687.763
233.961
2525.73
2138.42
1624.82
1015.68
345.642
3421.92
2893.41
2197.93
1375.13
468.51
295.47
250.635
190.638
119.168
40.5355
630.422
534.536
406.445
254.027
86.4046
1299.98
1101.9
837.712
523.583
178.108
2238.68
1896.65
1441.67
901.204
306.638
3325.29
2815.23
2139.61
1338.13
455.574
4389.77
3712.57
2821.81
1766.87
602.356
313.918
266.359
202.642
126.686
43.0939
145.078
123.093
93.6421
58.5387
19.9119
536.046
454.677
345.802
216.139
73.515
368.469
312.543
237.699
148.564
50.5288
979.063
830.144
631.179
394.449
134.157
816.897
692.652
526.614
329.071
111.913
1616.31
1369.64
1040.9
650.371
221.192
1507.48
1277.21
970.397
606.13
206.102
2291.63
1939.98
1473.39
920.426
313.065
2214.65
1873.89
1422.17
887.728
301.779
2946.1
2489.53
1889.03
1180.26
401.694
2676.92
2259.35
1711.31
1067.12
362.671
4152.71
3504.09
2662.58
1670.37
571.033
4574.41
3846.28
2927.36
1849.63
638.295
4814.6
4023.09
3077.16
1978.45
700.432
6810.85
5634.54
4374.96
2938.61
1119.54
7106.69
5776.47
4595.79
3320.11
1457.39
7431.81
5964.3
4828.08
3668.01
1759.33
5224.26
4411.69
3355.06
2106.17
720.153
5625.34
4739.78
3609.86
2277.86
783.711
5466
4589.44
3506.37
2234.95
779.202
4838.14
4038.79
3107.06
2022.12
727.073
3954.12
3262.79
2545.5
1728.98
668.211
3297.17
2685.45
2126.99
1511.54
628.328
477.153
761.097
1295.75
2063.57
3031.57
4078.76
359.013
795.267
1603.79
2709.24
3966.13
5164.7
369.039
179.58
660.05
466.989
1199.36
1009.54
1961.26
1829.5
2786.43
2730.17
3586.75
3389.94
4912.05
5389.22
5702.15
8074.7
8770.38
9506.3
6058.14
6427.57
6170.34
5438.89
4533.92
3951.96
431.667
366.354
278.794
174.339
59.313
688.519
584.349
444.725
278.137
94.6368
1171.96
994.503
756.861
473.397
161.092
1865.8
1582.89
1204.63
753.618
256.505
2739.38
2323.09
1768.07
1106.67
376.874
3681.35
3119.79
2375.24
1488.64
507.648
324.787
275.652
209.783
131.195
44.6378
719.389
610.535
464.676
290.645
98.9012
1450.4
1230.68
936.634
585.913
199.404
2449.09
2077.49
1581.12
989.358
336.813
3582.75
3037.76
2312.23
1447.78
493.211
4659.65
3947.96
3006.12
1884.84
643.032
333.884
283.387
215.666
134.864
45.8826
162.487
137.925
104.974
65.6477
22.3348
597.165
506.858
385.76
241.253
82.0834
422.53
358.658
272.979
170.721
58.0852
1084.92
920.738
700.726
438.25
149.118
913.291
775.122
589.907
368.924
125.524
1773.63
1504.87
1145.21
716.316
243.766
1654.6
1403.93
1068.33
668.148
227.35
2518.59
2136.17
1625.59
1017.1
346.242
2468
2093.26
1592.64
996.171
339.028
3238.54
2744.92
2089.19
1308.45
445.896
3061.53
2594.73
1973.8
1235.05
420.538
4423.06
3743.82
2853.37
1794.12
614.032
4828.86
4078.07
3116.66
1975.03
682.479
5055.71
4251.39
3270.26
2110.23
747.966
6979.42
5814.77
4543.46
3064.19
1168.95
7203.49
5891.83
4713.24
3416.45
1500.88
7467.81
6008.77
4874.89
3708.17
1778.5
5453.73
4615.23
3517.13
2211.36
756.717
5763.8
4867.93
3716.1
2349.09
808.973
5494.35
4624.91
3542.79
2263.13
790.089
4777.44
3998.2
3085.39
2014.38
726.168
3866.09
3196.16
2501.93
1707.07
662.905
3256.98
2654.33
2106.06
1500.74
625.679
19531.1
14375.4
5504.83
4525.56
3426.94
4858.66
4392.89
12919.3
14632.7
11679.1
13432.7
8209.66
11544.6
6336.82
6596.72
4858.17
20365.2
11510.9
4559.38
7471.53
9589.83
6679.98
7495.86
5694.99
3517.97
5152.31
5600.95
5774.15
19202
13063.2
12924.3
9372.91
9492.69
9906.14
4897.12
6277.87
7609.5
14566
13332.7
12157.9
12486.7
12198.1
9699.57
7031.5
5933.75
5038.01
2865.42
4930.64
4163.89
3184.32
2020.74
699.612
4078.23
3453
2630.22
1651.6
564.49
3084.77
2607.59
1982.13
1241.95
423.756
4383.05
3711.66
2823.16
1767.69
602.399
3950.97
3339.96
2542.83
1597.84
546.733
9874.09
8661.75
7696.12
7668.35
8544.27
11308.2
10169.2
8663.84
7342.6
4670.1
8625.87
6275.6
4996.31
3736.67
1766.06
10310.9
8835.48
7220.5
5543.33
2800.97
7039.66
5752.18
4344.79
2781.64
989.039
9215.99
7020.67
5295.78
3487.6
1322.52
5553.79
4603.48
3483.37
2207.74
768.735
5762.05
4764.78
3603.03
2286.29
797.85
4289.34
3571.88
2702.06
1703.63
588.087
14927.9
12611.2
11321
11078.3
11434.5
9170.91
7268.16
5808.73
4255.52
2020.73
3990.97
3313.51
2522.1
1616.12
572.766
6569.83
5491.29
4218.37
2736.63
986.434
8240
6846.03
5357.82
3645.75
1439.76
5862.53
4907.6
3795.98
2492.29
910.835
6643.52
5587.55
4303.58
2785.4
993.427
5072.15
4267.63
3265.28
2083.15
727.468
3135.34
2629.85
1994.54
1254.54
430.963
4621.7
3898.11
2964.64
1863.81
638.725
4957.89
4142.66
3147.25
1994.74
693.192
5138.61
4316.4
3293.27
2093.26
728.597
14126.5
12526.1
11447.4
11423.7
11404.7
9501.49
7218.73
6016.3
4889.53
2729.43
10289.2
8755.61
7296.99
5888.05
3099.78
7695.22
6169.74
4959.55
3618.32
1577.41
8190.37
6835.5
5370.6
3668.06
1441.72
8126.54
6496.48
5213.72
3793.89
1637.95
4335.24
3639.19
2795.85
1804.43
641.77
5626.88
4748.51
3621.42
2287.27
787.363
6728.14
5646.07
4343.71
2810.67
1001.41
553.116
1541.29
2389.57
3151.54
3856.91
4508.55
2271.42
6620.97
6359.93
2244.34
8463.78
7168.42
8572.78
9605.8
2054.7
1378.79
5135.66
2931.73
9849.32
7012.17
-149.67
1851.74
5557.35
5278.02
1821.45
7257.28
5910.74
7262.87
8269.44
1708
844.761
4419.27
1527.9
8232.98
4265.4
-1341.84
1369.16
4283.44
4073.67
1357.48
5815.36
3666.8
5991.11
6720.62
1298.71
765.241
3169.74
1614.22
6657.98
1824.91
-1474.25
1026.94
3370.93
3283.82
1059.56
4535.15
2331.91
5068.85
6019.44
993.42
797
2350.82
1636.67
5931.87
500.503
-1100.16
843.385
2897.59
2872.04
909.126
3706.67
1967.65
4602.37
5877.95
799.07
844.328
1719.51
1594.6
5223.95
282.902
-63.5472
753.325
2613.75
2661.07
832.459
3460.16
2206.96
4295.2
5638.75
630.211
673.155
1443.33
1574
5149.53
1012.8
484.399
1287.04
3465.78
4824.21
1709.37
5598.45
9604.28
7118.16
10298.1
961.208
682.489
3997.07
2607.4
1678.33
9441.01
4745.87
1211.8
3271.1
4291.08
1502.52
5237.9
8766.24
6496.47
8869.51
1000.91
611.669
4210.04
2528.81
845.837
9296.22
3657.28
1089.91
2950.8
3595.31
1234.99
4860.74
7963.11
5642.06
7935.79
920.498
714.346
3717.7
2714.43
986.336
7660.32
3594.82
968.416
2717.24
3060.15
1031.65
4611.46
7377.74
5125.22
7331.19
870.884
774.29
3545.56
2942
703.983
7238.6
3810.78
891.648
2480.68
2764.46
921.006
4242.55
6896.82
4744.45
7050.01
830.48
857.018
3286.96
3215.32
763.539
7089.74
4069.78
835.776
2230.5
2587.51
857.411
3942.47
6865.1
4444.24
6856.52
854.03
969.758
2950.54
3054.32
983.862
7344.54
4559.34
)
;

boundaryField
{
    patch1
    {
        type            calculated;
        value           nonuniform List<scalar> 
2440
(
-5827.83
-6639.97
-9390.66
-4233.87
-5645.17
-6990.48
-9906.47
-4897.26
-6278.06
-7609.74
5826.64
6624.34
9390.34
4233.75
5644.99
6990.25
9906.14
4897.12
6277.87
7609.5
-6083.16
-14475.2
-21615.4
-16725
-13542.7
-20171.7
-18082.6
-7949.82
-129.041
1365.27
6853.88
1044.77
-1834.87
2107.07
8237.99
12675.8
5151.82
-19596.5
-14322.3
-5133.19
-4118.35
-2967.53
-4273.19
-3908.44
-12189.8
-11925.5
-10172.6
-11173.7
-9379.25
-6768.19
-8672.82
-5861.46
-5007.89
-6116.08
-4215.84
-19722.1
-10541.6
-3880.66
-6587.71
-8749.42
-6185.05
-6847.14
-5126.81
-3168.55
-4508.33
-4700.81
-5080.97
-19327.7
-12872.6
-12290.4
-8988.77
-9062.8
-22.9541
-347.068
-160.402
-592.837
-407.492
-1083.16
-903.713
-1789.23
-1668.87
-2539.37
-2454.74
-3271.17
-2974.27
-369.051
-179.586
-660.072
-467.004
-1199.4
-1009.57
-1961.32
-1829.56
-2786.52
-2730.26
-3586.87
-3390.05
-19531.6
-14375.9
-5505.01
-4525.71
-3427.04
-4858.81
-4393.03
-12919.7
-14632.8
-11679.4
-13432.8
-8209.82
-11544.8
-6336.97
-6596.87
-4858.29
-20365.9
-11511.3
-4559.49
-7471.75
-9590.13
-6680.19
-7496.1
-5695.16
-3518.06
-5152.46
-5601.09
-5774.32
-19202.6
-13063.6
-12924.7
-9373.23
-9493.01
5531.6
14507.7
21643.5
16732.8
13554.5
20212.5
18095.4
6835.18
128.228
-1188.5
-6867.54
-1085.33
1819.51
-2120.53
-8269.11
-12604.7
-4436.78
19595.9
14321.9
5133
4118.21
2967.45
4273.06
3908.32
12189.5
11925.5
10172.4
11173.9
9379.51
6768.12
8672.76
5861.55
5007.84
6116.09
4215.81
19721.5
10541.2
3880.59
6587.53
8749.13
6184.84
6846.91
5126.65
3168.49
4508.21
4700.72
5080.83
19327.1
12872.1
12290
8988.45
9062.47
22.7462
347.056
160.396
592.816
407.477
1083.13
903.681
1789.17
1668.81
2539.28
2454.66
3271.06
2974.18
369.039
179.58
660.05
466.989
1199.36
1009.54
1961.26
1829.5
2786.43
2730.17
3586.75
3389.94
19531.1
14375.4
5504.83
4525.56
3426.94
4858.66
4392.89
12919.3
14632.7
11679.1
13432.7
8209.66
11544.6
6336.82
6596.72
4858.17
20365.2
11510.9
4559.38
7471.53
9589.83
6679.98
7495.86
5694.99
3517.97
5152.31
5600.95
5774.15
19202
13063.2
12924.3
9372.91
9492.69
-16073.8
-13890.5
11.3906
9.74159
-11.2581
-9.84261
-4508.65
-1011.33
-482.289
-7345.26
-4560.88
16074.6
13872.5
-11.3889
-9.74541
11.2666
9.84666
4508.55
1012.8
484.399
7344.54
4559.34
-15832.3
281.808
34.6193
174.611
839.267
-663.373
-638.272
-551.293
-509.515
-20.5643
-47.2614
1402.51
1938.77
-526.97
-374.81
-321.065
-222.244
-1837.56
-1356.31
-4995.11
-3114.95
-6896.38
-4133.2
-5975.7
-7399.85
-6440.64
-7647.86
-3457.95
-12399.3
-7317.49
-5766.89
-4261.9
-2384.77
-3006.72
1136.21
382.185
3689.72
992.729
4969.8
1288.17
972.461
4142.68
4034.52
4753.9
509.139
-890.166
3284.65
3669.05
2937.77
999.486
8.4828
18.322
26.0848
51.771
28.9313
75.4939
20.8095
87.6677
30.8869
99.6288
16.4378
63.4748
35.8061
88.0898
-22.9208
25.2168
-63.7561
-13.3489
6.04552
10.1399
13.9169
22.6011
17.1277
29.7889
15.128
7.78141
17.7641
6.7758
22.0005
7.06679
10.4204
5.81439
4.76808
1.98424
4.44415
3.76486
11.5379
10.1817
13.5623
14.3627
17.3969
-1.54472
-1.24826
-4.72942
-1.46156
-8.02853
-2.54127
-10.9338
-3.28915
-14.0115
-4.16324
-17.9136
-5.89991
-16.1227
-4.87496
-18.7758
-6.36999
-19.3788
-6.588
26.3417
-60.2829
-1160.53
2635.65
8937.56
6148.85
3368.49
5228.24
10772.2
14719.4
6760.91
-289.96
-272.713
94.6578
705.598
-810.329
-681.189
-607.542
-530.169
-23.6311
-48.8086
1347.04
1759.36
-541.027
-379.306
-329.119
-225.793
-700.468
-580.576
-1764.82
-1958.2
565.476
-2816.1
-10148.3
-6594
-3352.66
-4551.28
-3698.11
-15980.2
-6708.39
-4490.79
-3096.5
-2206.65
-914.927
-981.915
-1987.51
-1528.1
-7521.75
-2232.58
-7669.3
-5897.29
-4848.17
-2456.36
-2616.74
-7560.5
-4100.09
-2621.82
-1472.42
-328.626
-20.5772
-19.9032
-58.2412
-56.0299
-89.7699
-88.2495
-116.978
-113.198
-138.568
-131.157
-153.78
-113.693
-159.395
-131.473
-131.025
-82.8998
-100.836
-48.6918
-6.00722
-10.0888
-13.8523
-22.5249
-17.0671
-29.7071
-15.0819
-7.75987
-17.7294
-6.77041
-21.9932
-7.09283
-10.3633
-5.78466
-4.74409
-1.96946
-4.40739
-3.72835
-11.4654
-10.1027
-13.4866
-14.2199
-17.4214
-1.576
-1.24874
-4.82403
-1.3786
-8.16678
-2.43777
-11.0746
-3.18469
-14.1324
-4.08016
-17.9608
-5.87796
-16.2027
-4.81848
-18.7993
-6.36601
-19.3935
-6.59249
-32.5601
407.62
-1132.62
-312.736
-691.912
-1561.83
-835.628
-818.205
-2612.8
-2660.57
-902.694
-3458.95
-2206.15
-4294.59
-5638.27
-675.419
-705.039
-1462.01
-1603.22
-5147.42
-905.549
-2229.53
-2586.94
-929.243
-3942.58
-6865.19
-4443.89
-6856.31
-950.536
-1103.59
-2927.74
-3016.02
-985.228
15836.5
-281.7
-34.6394
-174.634
-839.194
663.367
638.277
551.298
509.529
20.5707
47.3044
-1402.45
-1938.64
526.988
374.837
321.079
222.259
1673.4
1261.35
4994.17
3117.9
6897.15
4135.72
5975.91
7400.13
6441.02
7648.63
3459.23
12399.7
7317.71
5767.19
4262.25
2385.22
2983.87
-1059.75
-373.552
-3675.88
-979.89
-4967.53
-1287.7
-972.335
-4142.45
-4034.13
-4752.62
-508.933
890.366
-3284.39
-3668.69
-2937.26
-999.408
-8.35401
-17.1935
-25.1229
-51.3498
-28.848
-75.3587
-20.7309
-87.5727
-30.8233
-99.5654
-16.3931
-63.4588
-35.7523
-88.0547
22.9633
-25.2074
63.8007
13.3607
-5.56561
-9.31648
-13.8709
-22.5198
-17.1264
-29.7826
-15.1275
-7.78155
-17.7624
-6.7757
-22.0018
-7.06761
-10.4191
-5.81394
-4.76692
-1.98363
-4.06166
-3.41647
-11.5078
-10.1657
-13.5611
-14.36
-17.3997
1.34109
1.10382
4.79738
1.50427
8.02462
2.54512
10.9324
3.29123
14.0109
4.16457
17.9143
5.90054
16.1227
4.87596
18.7766
6.37036
19.3798
6.58832
-27.8349
55.9237
1153.08
-2370.07
-8945.93
-6183.53
-3382.28
-5240.26
-10803.1
-14647.4
-5852.29
290.011
272.619
-94.7579
-705.576
810.273
681.18
607.493
530.166
23.567
48.7825
-1347.06
-1759.39
540.999
379.297
329.117
225.797
689.903
553.965
1732.32
1952.51
-565.636
2816.62
10148.6
6594.46
3353.13
4551.41
3698.35
15980.3
6708.55
4490.96
3096.59
2206.76
698.878
853.342
2073.59
1588
7525.31
2233.51
7669.39
5897.22
4848.03
2457.12
2616.5
7560.55
4100.1
2621.84
1472.59
328.509
18.9027
18.3857
58.0914
55.9866
89.8432
88.2932
117.067
113.266
138.659
131.234
153.864
113.748
159.488
131.543
131.094
82.9363
100.89
48.7129
5.55527
9.3024
13.8294
22.4687
17.0802
29.718
15.0879
7.76294
17.7375
6.77351
22.0057
7.09629
10.3683
5.7875
4.74696
1.97083
4.05369
3.40956
11.4571
10.1059
13.499
14.2314
17.4318
1.36794
1.10427
4.89549
1.42348
8.1632
2.44168
11.0737
3.18672
14.1322
4.08144
17.9617
5.87855
16.2032
4.81943
18.8002
6.36637
19.3945
6.59279
33.101
-410.109
1133.28
254.498
729.608
1616.23
718.75
753.295
2613.72
2661
832.384
3460.16
2206.96
4295.2
5638.75
630.211
673.155
1443.33
1574
5149.53
835.751
2230.48
2587.45
857.341
3942.47
6865.1
4444.24
6856.52
854.03
969.758
2950.54
3054.32
983.862
-13739.9
4680.21
-4508.65
13739.3
-4680.22
4508.55
-13704.3
-15770.1
-14119.1
-17622.6
-4932.4
-3682.45
-11446.4
-9093.07
-3862.29
-4341.2
-10433.8
-11112.4
-11463.4
-12447
-9768.96
-3129.61
-14054.6
-3446.26
-2964.08
-8892.07
-7950.41
-9381.86
-8083.48
-2350.79
-2081.4
-1898.06
-6570.12
-5425.7
-4758.77
-6596.2
-5841.6
-5563.84
-10163.3
-13910
-10733.8
-15881
-212.33
-884.082
-3182.9
-3614.69
539.407
486.636
2289.28
2049.18
846.515
1342.13
5586.98
2545.88
5658.71
524.905
555.733
1623.37
1805.34
1626.87
2205.08
1004.19
1155.53
1313.88
3377.93
3903.25
3927.52
3875.07
4723
4953.87
-269.785
-520.333
-306.86
430.264
975.633
138.796
556.931
21.4362
0.71048
44.1784
222.22
529.127
979.173
1137.68
145.605
576.984
20.3568
-0.658623
13715.7
15772.8
14120.6
17620.7
4549.07
3428.26
11447.4
9067.37
3618.47
4028.79
10398
11081
11459.7
12442.8
9768.98
3129.71
14054.1
3154.59
2686.78
8908.89
7965.29
9378.66
8082.3
2098.72
1870.23
1730.02
6590.69
5433.07
4758.43
6596.45
5842.45
5564.74
10140.5
13895.6
10723.2
15872.9
233.063
780.539
3182.3
3680.74
-510.812
-464.51
-2272.94
-2029.16
-845.51
-1341.48
-5587.2
-2546.01
-5658.7
-517.776
-543.015
-1594.38
-1776.61
-1626.4
-2204.01
-959.17
-1074.81
-1219.94
-3341.97
-3884.1
-3915.28
-3873.36
-4721.22
-4952.66
227.748
536.258
310.336
-429.171
-975.282
-138.765
-556.824
-21.4246
-0.7066
-53.7427
-209.687
-527.152
-978.669
-1137.58
-145.627
-576.989
-20.3726
0.653932
2530.01
6022.84
70.3949
40.1681
24.7625
16.6203
13.0671
87.617
51.8769
32.2416
21.6835
17.0483
-2277.9
-344.392
3164.67
9355.58
1637.92
-31.5075
66.409
39.2578
24.4735
16.5095
13.0375
87.0453
51.2904
31.9809
21.5799
17.1358
553.116
1541.29
2389.57
3151.54
3856.91
-3249.94
-3343.26
-9645.43
-9786.51
-14079.3
-13066.5
-3349.17
-3126.3
-2958.02
-9636.09
-8951.25
-8435.27
-11509.3
-10363.2
-9734.91
0
0
0
0
0
0
0
0
-2454.65
-1148.95
-622.684
-384.496
-522.556
-368.211
-269.674
-188.809
-225.838
-159.114
-113.448
-79.1292
-109.908
-68.216
-43.0879
-29.1735
-23.0214
-48.0101
-29.7755
-18.7992
-12.724
-10.0375
-39.44
-305.557
-820.931
-1625.84
-2498.69
-3011.2
-35.6988
-30.3156
-23.0832
-14.4406
-4.91399
-276.488
-234.711
-178.652
-111.733
-38.0161
-742.703
-630.372
-479.756
-300.035
-102.084
-1470.49
-1247.76
-949.506
-593.82
-202.054
-2258.86
-1915.94
-1457.72
-911.736
-310.279
-2719.74
-2305.16
-1753.44
-1097.02
-373.493
-3805.46
-3395.83
-2849.45
-2158.48
-1353.95
-463.623
0
0
0
0
0
0
0
0
0
0
0
0
1290.85
-284.825
135.225
-172.233
-2528.7
-2533.19
-5739.28
-5359.47
-4983.31
-5147.05
-2507.76
-2441.57
-2367.87
-5353.58
-5505.01
-5499.58
-6075.98
-6633.52
-6796.08
-560.479
-375.42
-257.204
-186.593
-214.721
-154.726
-109.206
-77.5119
-112.704
-69.1164
-43.3688
-29.2633
-23.0482
-48.0332
-29.8588
-18.8396
-12.7403
-10.0424
3203.23
2781.35
2259.66
1656.94
1012.91
341.998
22.8844
253.633
726.492
1477.25
2210.42
2581.4
20.6851
17.5358
13.3283
8.32573
2.83081
229.353
194.538
147.947
92.4638
31.4474
656.767
556.909
423.426
264.592
89.9838
1334.54
1130.78
859.179
536.664
182.479
1994.39
1687.56
1280.72
799.382
271.731
2323.55
1961.09
1485.2
925.923
314.624
-3164.6
-9355.58
-1643.7
29.9966
-66.368
-39.2332
-24.4578
-16.4987
-13.0296
-86.9966
-51.2623
-31.9631
-21.5674
-17.1279
-553.13
-1541.33
-2389.63
-3151.62
-3857
-2530.09
-6022.82
-70.377
-40.1626
-24.7617
-16.6205
-13.0682
-87.6044
-51.8727
-32.2413
-21.6841
-17.0526
2279.42
345.284
-7995.02
-10819.3
-17928.1
-20057
-19943.2
-22336.6
-9195.64
-9775.26
-1588.47
-1482.66
-1356.31
-4193.37
-3497.61
-3114.95
-5076.76
-4298.52
-4133.2
-6274.71
-4313.19
-3457.95
-6946.74
-4007.83
-2384.77
426.098
-5.36304
-610.829
186.709
-690.94
312.743
-118.894
110.929
1484.83
1369.59
398.653
209.569
125.757
80.5391
721.336
385.91
235.542
150.238
234.63
82.4524
37.0352
23.9585
599.355
216.905
102.838
67.2685
732.326
290.257
146.127
98.2576
580.226
290.363
160.722
112.401
291.255
239.913
157.921
121.288
132.205
139.346
113.357
97.3961
116.945
172.89
136.789
115.948
101.54
92.2383
74.7226
64.0536
39.7572
32.7279
25.7393
21.8772
50.3507
31.2469
19.6577
13.2614
10.4405
98.1585
60.8186
38.2487
25.8038
20.316
62.286
36.6546
22.7525
15.3081
12.0537
72.1796
42.8716
26.6881
17.9621
14.1384
48.156
28.9167
18.0554
12.1711
9.58769
18.2461
11.1515
7.00811
4.73517
3.73303
19.0241
11.806
7.40188
4.98487
3.92248
51.795
31.1994
19.416
13.052
10.2656
73.2272
43.547
27.038
18.1737
14.2986
-252.809
-490.462
-341.444
344.508
1282.65
-16.0733
757.511
-236.502
-256.503
-65.1985
-47.3991
-2.28951
-0.881568
-0.814
-64.9849
-2.00833
0.699145
0.869559
0.162131
-66.3999
-7.28746
-0.288384
0.07206
0.0844953
30.3994
4.01304
0.779525
0.189839
0.168178
177.897
20.5939
2.06334
0.136688
0.144805
-116.234
-39.6453
-10.56
-2.56074
-0.53261
12.5955
-19.7324
-6.76397
-1.71034
-0.284635
-159.09
-45.0704
-11.3172
-2.60328
-0.480392
-160.263
-46.0009
-11.3941
-2.51468
-0.460723
7833.09
10816.7
14722.2
17814.1
18321.1
21274.5
7097.18
8786.02
-2741.49
-7733.08
-5360.31
-3671.52
-2446.78
-2046.33
-1537.85
-954.402
-323.852
-3612.75
-2285.32
-1430.93
-1035.9
-531.451
-3499.93
-2045.49
-1200.2
-637.695
-214.027
-3094.9
-2442.28
-1750.21
-1056.4
-355.769
-502.326
-580.537
-2151.07
-1958.2
-2527.33
-2816.1
-5037.11
-3698.11
-4912.39
-2206.65
-411.483
-396.993
-1308.53
-468.505
-1070.18
68.4907
-874.46
-746.32
-2.53463
-221.277
-177.813
-142.296
-101.747
-73.767
-343.463
-274.625
-184.953
-134.615
-1.62793
-31.2991
-25.671
-20.7975
-40.6504
-93.1038
-72.2102
-57.8503
-196.181
-165.814
-114.154
-88.8083
-447.023
-233.975
-144.2
-108.805
-618.542
-268.582
-157.894
-120.419
-325.493
-186.894
-123.411
-98.7154
-556.551
-253.34
-152.392
-118.153
-158.073
-109.224
-78.3001
-64.3258
-43.2358
-34.3894
-26.1591
-21.9271
-49.4162
-30.8446
-19.4652
-13.1687
-10.3861
-96.9043
-60.1733
-37.9413
-25.6687
-20.2452
-59.6102
-35.9787
-22.5625
-15.2522
-11.976
-71.2709
-42.3979
-26.4914
-17.8975
-14.0835
-46.8316
-28.5475
-17.949
-12.1408
-9.5629
-18.1578
-11.116
-6.99612
-4.73227
-3.73508
-18.9275
-11.6347
-7.3058
-4.93405
-3.88426
-50.4387
-30.6326
-19.1775
-12.9446
-10.1858
-71.4783
-42.8177
-26.7323
-18.0414
-14.1675
7.53859
110.425
311.173
763.775
1339.76
-18.6501
709.26
-239.089
-258.189
-3.32435
-39.4852
-0.580576
-0.623147
-0.79686
85.2536
24.1835
5.15514
1.64345
0.30644
101.285
22.9042
5.03742
0.995026
0.2666
151.871
27.9703
5.30981
1.02825
0.344514
226.742
33.6571
4.9512
0.724725
0.276942
-114.263
-38.3742
-10.1326
-2.45058
-0.501593
22.2226
-14.8817
-5.44797
-1.40775
-0.21049
-159.261
-44.9
-11.2162
-2.57291
-0.471302
-160.594
-46.0276
-11.3851
-2.50939
-0.458204
-37.2613
-421.949
-1193.34
-2286.28
-3573.62
-4844.7
-5822.35
-6213.09
-5735.14
-4193.71
-1987.53
-285.96
-33.6461
-28.4917
-21.6341
-13.5055
-4.59071
-381.353
-323.3
-245.788
-153.597
-52.2404
-1078.31
-914.027
-694.882
-434.297
-147.73
-2064.79
-1749.43
-1329.77
-831.22
-282.811
-3224.37
-2729.91
-2074.73
-1297.45
-441.691
-4364.41
-3691.16
-2805.46
-1756.51
-598.793
-5231.84
-4418.13
-3360.22
-2109.68
-721.429
-5560.13
-4685.53
-3569.89
-2253.8
-775.742
-5099.7
-4285.24
-3276.17
-2088.72
-727.927
-3695.77
-3094.13
-2377.34
-1536.97
-546.317
-1737.36
-1450.58
-1120.36
-734.025
-265.988
-250.867
-210.621
-163.692
-107.866
-39.2943
-67.9633
-515.839
-1354.06
-2515.18
-3857.93
-5142.23
-6053.58
-6293.55
-5625.59
-3945.23
-1742
-184.894
-61.5169
-52.2455
-39.7902
-24.8996
-8.47481
-466.664
-396.094
-301.496
-188.593
-64.177
-1224.63
-1039.19
-790.911
-494.751
-168.375
-2273.84
-1928.94
-1468.07
-918.579
-312.701
-3485.29
-2955.28
-2249.43
-1408.36
-479.747
-4639.61
-3931.1
-2993.24
-1876.67
-640.212
-5449.18
-4611.16
-3514.12
-2209.67
-756.213
-5641.57
-4763.62
-3636.71
-2299.67
-792.241
-5006.29
-4211.67
-3225.01
-2059.65
-718.795
-3470.37
-2901.85
-2230.36
-1445.06
-515.229
-1509.75
-1251.63
-964.229
-633.86
-231.393
-156.138
-126.885
-97.1858
-64.6672
-24.2023
-3279.5
-13432.8
-4546.18
-2953.22
-2496.84
-1897.46
-1188.12
-405.13
-10311
-8835.63
-7220.64
-5543.43
-2801.06
-4022.03
-3353.1
-2535.27
-1595.1
-549.099
8004.2
10824
17961.5
20057.7
19955.1
22399
7880.76
8353.57
1455.67
1367.09
1261.35
4217.53
3508.59
3117.9
5077.84
4300.85
4135.72
6275.2
4314.29
3459.23
6946.83
4008.13
2385.22
-355.154
-20.9982
610.183
-135.896
684.099
-314.343
73.4108
-112.452
-1445.7
-1358.1
-370.817
-194.705
-116.897
-74.7974
-717.734
-384.491
-234.724
-149.579
-224.653
-78.0073
-34.8215
-22.4917
-593.018
-215.383
-102.227
-66.8464
-731.352
-289.831
-145.922
-98.1219
-579.868
-290.139
-160.595
-112.314
-291.134
-239.81
-157.853
-121.237
-132.233
-139.355
-113.359
-97.3957
-116.935
-172.862
-136.765
-115.927
-101.573
-92.258
-74.7344
-64.0619
-39.7721
-32.7382
-25.7461
-21.8823
-46.5968
-28.8561
-18.1355
-12.2288
-9.62521
-97.792
-60.6402
-38.1468
-25.7364
-20.2629
-62.2874
-36.6559
-22.7541
-15.3095
-12.0535
-72.1732
-42.8697
-26.6885
-17.9631
-14.1386
-48.1606
-28.9195
-18.0575
-12.1727
-9.5887
-18.2495
-11.1535
-7.00939
-4.73611
-3.73388
-17.4682
-10.7714
-6.73527
-4.53026
-3.56187
-51.6027
-31.1433
-19.3889
-13.0339
-10.2506
-73.1855
-43.5351
-27.0349
-18.1727
-14.2966
212.775
508.269
344.108
-343.511
-1282.24
16.1297
-757.34
236.528
256.52
46.9811
39.8989
1.11986
0.565329
0.693765
75.8522
5.23439
0.0489113
-0.679111
-0.117179
67.4146
7.60228
0.377445
-0.0501101
-0.0793938
-29.9903
-3.88486
-0.740466
-0.17928
-0.165386
-177.709
-20.5335
-2.04421
-0.131062
-0.143165
116.269
39.6571
10.5637
2.56186
0.532986
-12.5086
19.7608
6.77301
1.71314
0.285527
159.107
45.0758
11.3187
2.60367
0.480498
160.273
46.0038
11.3948
2.51484
0.460754
-7841.99
-10824.5
-14748.7
-17842.6
-18259.4
-21202
-5992.31
-7449.52
2741.42
7733.35
5360.44
3671.5
2446.71
2046.28
1537.81
954.374
323.843
3612.93
2285.49
1431.1
1036.06
531.494
3500.03
2045.59
1200.28
637.755
214.047
3094.87
2442.26
1750.19
1056.39
355.764
466.653
553.93
2155.55
1952.51
2527.32
2816.62
5037.17
3698.35
4912.49
2206.76
353.523
315.177
1341.82
524.174
1071.59
-67.6394
765.842
682.606
35.6854
229.271
163.288
131.424
93.9833
68.2242
345.864
275.491
185.278
134.541
-7.28834
27.2088
23.3664
19.2329
47.555
94.1334
72.3836
57.8065
197.338
166.197
114.263
88.8504
447.472
234.231
144.313
108.869
618.765
268.756
157.995
120.488
325.59
186.976
123.47
98.7608
556.689
253.46
152.474
118.214
158.13
109.27
78.3327
64.3512
43.2534
34.4026
26.1682
21.9341
45.7335
28.5374
18.0059
12.1811
9.60753
96.7229
60.07
37.8785
25.6268
20.2124
59.6361
35.9937
22.5718
15.2585
11.9819
71.3073
42.419
26.5046
17.9062
14.0909
46.8486
28.5573
17.9551
12.1449
9.56646
18.1629
11.1189
6.99793
4.73353
3.73608
17.3357
10.6422
6.67931
4.51055
3.55295
50.42
30.6377
19.183
12.9486
10.1886
71.5259
42.8486
26.7523
18.0548
14.1782
-22.016
-97.2511
-309.745
-763.32
-1339.63
18.6472
-709.229
239.088
258.197
-9.78023
32.5986
-0.476716
0.322492
0.677444
-74.3437
-20.812
-4.36645
-1.44327
-0.259394
-100.595
-22.6204
-4.95087
-0.973623
-0.26159
-151.68
-27.8836
-5.27802
-1.01904
-0.341973
-226.678
-33.627
-4.93849
-0.720375
-0.275551
114.273
38.3789
10.1345
2.45129
0.501871
-22.1958
14.8938
5.45318
1.40974
0.211208
159.267
44.9024
11.217
2.57314
0.471364
160.601
46.0297
11.3856
2.5095
0.458225
37.2597
421.933
1193.29
2286.2
3573.49
4844.52
5822.14
6212.85
5734.92
4193.56
1987.46
285.951
33.6446
28.4904
21.6331
13.5049
4.5905
381.339
323.288
245.778
153.591
52.2384
1078.27
913.994
694.856
434.28
147.725
2064.72
1749.37
1329.72
831.189
282.801
3224.25
2729.81
2074.65
1297.4
441.674
4364.24
3691.02
2805.35
1756.45
598.769
5231.64
4417.96
3360.08
2109.59
721.399
5559.91
4685.34
3569.74
2253.7
775.708
5099.49
4285.06
3276.02
2088.63
727.893
3695.63
3094
2377.23
1536.9
546.292
1737.3
1450.52
1120.31
733.995
265.977
250.86
210.615
163.687
107.864
39.2933
67.9613
515.822
1354.02
2515.1
3857.79
5142.06
6053.36
6293.32
5625.38
3945.07
1741.93
184.885
61.5151
52.244
39.7891
24.8988
8.47456
466.649
396.081
301.486
188.586
64.1749
1224.59
1039.15
790.885
494.734
168.369
2273.77
1928.88
1468.02
918.548
312.69
3485.17
2955.18
2249.35
1408.31
479.73
4639.45
3930.96
2993.13
1876.61
640.189
5448.99
4610.99
3513.99
2209.59
756.184
5641.36
4763.44
3636.57
2299.58
792.21
5006.1
4211.5
3224.88
2059.57
718.765
3470.22
2901.73
2230.26
1444.99
515.205
1509.68
1251.57
964.18
633.826
231.381
156.129
126.876
97.1779
64.6617
24.2002
3279.4
13432.7
4546.07
2953.14
2496.77
1897.4
1188.09
405.118
10310.9
8835.48
7220.5
5543.33
2800.97
4021.94
3353.02
2535.21
1595.06
549.085
0
0
0
0
0
0
0
0
0
0
0
0
-1294.55
284.225
-136.268
171.885
2528.67
2533.18
5739.35
5359.57
4983.29
5147.18
2507.77
2441.58
2367.87
5353.71
5505.17
5499.72
6076.3
6633.93
6796.45
560.487
375.426
257.203
186.593
214.625
154.682
109.183
77.5
112.709
69.1168
43.3674
29.2616
23.0464
48.0273
29.855
18.8369
12.7382
10.0406
-3203.28
-2781.39
-2259.7
-1656.97
-1012.93
-342.005
-22.8854
-253.643
-726.518
-1477.3
-2210.5
-2581.48
-20.686
-17.5366
-13.3288
-8.32609
-2.83094
-229.361
-194.546
-147.953
-92.4673
-31.4486
-656.79
-556.929
-423.441
-264.602
-89.987
-1334.59
-1130.82
-859.209
-536.683
-182.486
-1994.46
-1687.62
-1280.76
-799.41
-271.74
-2323.62
-1961.16
-1485.25
-925.955
-314.635
3249.96
3343.26
9645.37
9786.46
14078.7
13066.1
3349.18
3126.34
2958.08
9636.16
8951.46
8435.56
11509.4
10363.6
9735.44
0
0
0
0
0
0
0
0
2456.37
1150.17
623.396
384.9
523.17
368.522
269.839
188.89
226.021
159.205
113.497
79.1552
109.947
68.2391
43.1026
29.1837
23.0294
48.0231
29.7832
18.8041
12.7274
10.0403
39.4389
305.547
820.904
1625.78
2498.61
3011.11
35.6977
30.3147
23.0825
14.4402
4.91384
276.479
234.703
178.647
111.73
38.0149
742.679
630.351
479.74
300.025
102.08
1470.44
1247.72
949.474
593.801
202.047
2258.79
1915.88
1457.67
911.707
310.269
2719.65
2305.09
1753.38
1096.99
373.481
3805.37
3395.74
2849.37
2158.42
1353.91
463.611
)
;
    }
    patch2
    {
        type            calculated;
        value           nonuniform List<scalar> 
348
(
-553.13
553.116
-1460.83
-519.459
-679.514
-870.912
-1638
-641.788
-787.388
-1001.45
1460.73
519.436
679.486
870.869
1637.95
641.77
787.363
1001.41
-12041.3
-2829.23
-636.074
-504.23
-351.365
-516.571
-470.107
-7343.33
-2798.48
-1268.42
-1442.19
-707.826
-639.131
-670.988
-273.77
-489.387
-512.423
-406.681
-10404.4
-1680.75
-419.947
-797.218
-1214.38
-796.878
-871.183
-620.418
-342.733
-526.764
-511.099
-594.903
-10930.8
-2619.13
-2754.07
-1448.09
-1310.83
-56.4196
-85.7874
-145.804
-233.97
-345.655
-468.529
-40.537
-86.4078
-178.114
-306.65
-455.592
-602.38
-43.0954
-19.9126
-73.5178
-50.5307
-134.162
-111.917
-221.2
-206.109
-313.076
-301.79
-401.709
-362.683
-571.056
-638.323
-700.465
-1119.6
-1457.47
-1759.42
-720.183
-783.745
-779.237
-727.108
-668.244
-628.359
-59.3151
-94.64
-161.097
-256.514
-376.887
-507.666
-44.6393
-98.9045
-199.411
-336.825
-493.228
-643.055
-45.8842
-22.3355
-82.0862
-58.0872
-149.123
-125.528
-243.774
-227.358
-346.254
-339.039
-445.911
-420.552
-614.054
-682.504
-747.993
-1169
-1500.94
-1778.58
-756.745
-809.004
-790.121
-726.198
-662.934
-625.708
-12198.5
-2865.54
-699.637
-564.509
-423.768
-602.418
-546.75
-8544.43
-4670.27
-1766.11
-2801.06
-989.062
-1322.55
-768.754
-797.87
-588.103
-11434.7
-2020.78
-572.781
-986.463
-1439.81
-910.864
-993.46
-727.49
-430.975
-638.743
-693.211
-728.619
-11405.1
-2729.53
-3099.86
-1577.46
-1441.77
12040.7
2829.09
636.046
504.211
351.353
516.554
470.09
7342.89
2798.28
1268.32
1442.16
707.864
639.112
670.961
273.783
489.375
512.423
406.675
10403.8
1680.65
419.932
797.181
1214.3
796.836
871.141
620.391
342.725
526.746
511.083
594.88
10930.2
2618.98
2753.89
1448
1310.75
56.4176
85.7842
145.798
233.961
345.642
468.51
40.5355
86.4046
178.108
306.638
455.574
602.356
43.0939
19.9119
73.515
50.5288
134.157
111.913
221.192
206.102
313.065
301.779
401.694
362.671
571.033
638.295
700.432
1119.54
1457.39
1759.33
720.153
783.711
779.202
727.073
668.211
628.328
59.313
94.6368
161.092
256.505
376.874
507.648
44.6378
98.9012
199.404
336.813
493.211
643.032
45.8826
22.3348
82.0834
58.0852
149.118
125.524
243.766
227.35
346.242
339.028
445.896
420.538
614.032
682.479
747.966
1168.95
1500.88
1778.5
756.717
808.973
790.089
726.168
662.905
625.679
12198.1
2865.42
699.612
564.49
423.756
602.399
546.733
8544.27
4670.1
1766.06
2800.97
989.039
1322.52
768.735
797.85
588.087
11434.5
2020.73
572.766
986.434
1439.76
910.835
993.427
727.468
430.963
638.725
693.192
728.597
11404.7
2729.43
3099.78
1577.41
1441.72
-183.513
304.32
382.185
-251.128
906.872
992.729
-1607.6
797.071
1288.17
-2850.28
156.643
509.139
-4248.9
383.199
999.486
-1422.8
-981.895
-2287.5
-1528.1
-5070.98
-2232.58
-6077.05
-2616.74
-6476.58
-328.626
131.995
-306.523
-373.552
289.841
-887.336
-979.89
1605.52
-796.476
-1287.7
2849.32
-156.646
-508.933
4248.35
-383.26
-999.408
1249.9
853.323
2361.66
1588
5068.06
2233.51
6076.03
2616.5
6476.24
328.509
)
;
    }
    patch3
    {
        type            calculated;
        value           nonuniform List<scalar> 
96
(
-454.445
-691.937
-1177.36
-1891.79
-2799
-3798.63
-326.759
-697.468
-1438.77
-2479.11
-3685.88
-4873.2
-4624.25
-5125.14
-5461.92
-7932.85
-8709.82
-9488.05
-5813.95
-6286.08
-6151.67
-5518.76
-4641.96
-4000.84
-477.17
-761.123
-1295.79
-2063.64
-3031.67
-4078.9
-359.025
-795.294
-1603.85
-2709.33
-3966.27
-5164.88
-4912.22
-5389.41
-5702.35
-8074.99
-8770.68
-9506.61
-6058.36
-6427.8
-6170.56
-5439.09
-4534.08
-3952.09
454.429
691.912
1177.31
1891.72
2798.9
3798.49
326.747
697.443
1438.72
2479.02
3685.74
4873.02
4624.08
5124.96
5461.72
7932.56
8709.52
9487.74
5813.73
6285.84
6151.44
5518.56
4641.79
4000.71
477.153
761.097
1295.75
2063.57
3031.57
4078.76
359.013
795.267
1603.79
2709.24
3966.13
5164.7
4912.05
5389.22
5702.15
8074.7
8770.38
9506.3
6058.14
6427.57
6170.34
5438.89
4533.92
3951.96
)
;
    }
    patch4
    {
        type            calculated;
        value           nonuniform List<scalar> 
384
(
-9348.99
-25937.3
-43893.4
-60402
-49137.7
-38506.3
-27953.4
-10470.9
-12585
-35585.3
-52766.6
-19191.9
8356.69
26024.2
43901.5
60417.2
49154.4
38519.7
28036.5
8893.19
11397
35744.8
52962
17266.6
-41174.6
-59445.1
-66545.5
-91146.7
-42776.1
-60173.2
-67617
-91645.7
41181.6
59454.1
66555.5
91158.6
42789.4
60185.1
67629.4
91659
-18560.2
-30337.8
20232.5
31227.7
-15551.7
-5453.43
-20129.7
-7350.3
16236.1
5724.1
20562.5
7521.29
-20221.1
-31218.1
18566.4
30344.7
-7322.31
-4863.56
-22882.2
-16095
-28971.4
-42364.4
-3094.03
-1088.43
-11392.8
-4048.88
-8586.09
-5804.31
-26139.7
-18814.8
-30527.1
-43162.6
-3598.13
-1212.16
-13142.8
-4621.55
6628.71
4416.87
22954.3
16137.8
28977.4
42371.9
2828.19
1005.12
11411.6
4054.97
7784.01
5264.69
26274.6
18897.8
30538.8
43173
3282.9
1116.24
13175.1
4631.56
-16231.1
-5722.18
-20557.2
-7519.22
15555.1
5454.8
20134
7352.04
-12260.3
-12632.9
-10720.5
-11499.2
12258.2
12632.2
10719.2
11498.7
-865.07
-974.696
-3128.75
-3920.02
-2923.8
-2608.58
-4417.48
-6047.17
-6978.42
-9015.39
-7614.24
-9068.54
-6962.26
-9124.63
-7139.18
-9559.43
-473.434
-1070.35
-2717.15
-4452.36
-1533.8
-2119.8
-4373.42
-6094.46
-6731.07
-8731.7
-6876.57
-8552.27
-6901.92
-8984.66
-7135.19
-9518.27
829.851
906.342
3116.66
3920.72
2920.96
2604.2
4417.48
6047.99
6977.33
9015.25
7613.18
9068.23
6962.27
9124.73
7139.63
9559.66
472.683
994.618
2699.31
4455.67
1530.19
2113.73
4373.26
6095.35
6729.51
8731.38
6875.33
8551.87
6901.82
8984.65
7135.64
9518.47
-1114.04
-2134.53
-3748.97
-6535.16
-5938.44
-10041.6
-8325.22
-249.882
-1081.89
-2611.84
-5141.78
-4041.55
-7612.84
-7083.2
1069
2006.05
3729.01
6506.12
5934.94
10035.9
8323.89
274.544
1043.2
2582.8
5100.59
4038.6
7608.21
7082.26
-784.332
-2410.92
-4085.47
-5565.66
-6927.26
-8671.78
-7943.94
-9057.25
-9283.86
-798.063
-2452.06
-4128.05
-5583.82
-6926.8
-8664.93
-7941.73
-9050.33
-9281.06
694.697
2432.44
4084.49
5565.61
6927.44
8672.17
7944.25
9057.69
9284.33
707.05
2475.04
4127.18
5583.96
6927.16
8665.41
7942.18
9050.83
9281.55
-163.15
-498.742
-843.154
-1144.37
-1431.95
-1847.44
-1673.4
-1940.36
-1989.38
-166.442
-508.355
-854.916
-1152.94
-1436.16
-1847.14
-1674.59
-1939.63
-1989.04
143.315
504.283
842.938
1144.34
1431.97
1847.52
1673.45
1940.45
1989.48
146.166
514.257
854.75
1152.96
1436.22
1847.24
1674.67
1939.73
1989.15
-36.0613
-110.212
-186.423
-253.388
-318.741
-417.033
-375.607
-439.324
-450.825
-36.8677
-112.573
-189.579
-256.147
-320.557
-417.347
-376.465
-439.377
-450.825
31.5849
111.474
186.371
253.375
318.74
417.048
375.615
439.344
450.847
32.2818
113.914
189.54
256.146
320.567
417.368
376.481
439.4
450.848
-7.94126
-24.2971
-41.1625
-56.0287
-70.6333
-93.1748
-83.4833
-98.5471
-101.14
-8.129
-24.8501
-41.9375
-56.7678
-71.1874
-93.3364
-83.8036
-98.6137
-101.161
6.94352
24.5747
41.1494
56.024
70.6318
93.178
83.4844
98.5517
101.145
7.10659
25.1444
41.9273
56.7659
71.1883
93.3408
83.8065
98.6188
101.166
-2.01257
-6.14364
-10.3965
-14.1491
-17.7825
-23.6401
-20.9432
-25.3278
-26.0744
-2.06158
-6.2877
-10.6036
-14.3579
-17.9527
-23.7037
-21.054
-25.3599
-26.0898
1.75875
6.21303
10.3929
14.1475
17.7816
23.641
20.9432
25.329
26.0757
1.80144
6.36074
10.6006
14.3568
17.9524
23.7048
21.0543
25.3613
26.0912
)
;
    }
}


// ************************************************************************* //
