/*--------------------------------*- C++ -*----------------------------------*\
| =========                 |                                                 |
| \\      /  F ield         | OpenFOAM: The Open Source CFD Toolbox           |
|  \\    /   O peration     | Version:  v2106                                 |
|   \\  /    A nd           | Website:  www.openfoam.com                      |
|    \\/     M anipulation  |                                                 |
\*---------------------------------------------------------------------------*/
FoamFile
{
    version     2.0;
    format      ascii;
    arch        "LSB;label=32;scalar=64";
    class       volScalarField;
    location    "1";
    object      gradTz;
}
// * * * * * * * * * * * * * * * * * * * * * * * * * * * * * * * * * * * * * //

dimensions      [0 -1 0 1 0 0 0];

internalField   nonuniform List<scalar> 
5712
(
6618.28
21767
5245.93
22345.6
3931.37
23146.8
6221.24
35711.1
7670.32
49074.9
7611.83
35732
7337.36
29630.5
7623.34
26452.3
4602.87
2849.16
12352.2
7331.13
4509.75
2470
13544.7
6788.57
5017.93
3600.4
16118.5
11253.9
3784.76
2688.32
15874.4
11453
8908.41
3753.21
7684.03
3410.47
3494.46
8272.72
31071.1
8432.48
11126.5
3777.26
40065.1
10891.6
10479.9
3640.88
22137.2
6880.03
11357
3970.09
19182.4
6113.35
5097.13
2525.39
7799.97
3015.45
5516.12
2985.73
7629.54
2900.05
7105.35
4024.08
6579.33
2829.92
9863.87
3524.22
3401.94
1181.1
11348.8
7832.85
7011.42
5134.93
13061.2
10789
7084.89
6200.98
6517.08
4355.92
9114.6
6004.67
4633.02
3417.33
2388.9
1962.75
4570.21
3992.83
2407.57
2329.88
4373.06
2843.83
2268.74
1444.72
5739.38
3094.3
4246.43
5177.83
7767.75
5496.65
6074.97
8785.6
3830.19
1799.32
2519.86
2985.27
1921.7
789.099
1096.55
1108.5
6529.95
11735
4457.77
13139.3
7731.97
11538.6
5517.13
13836.9
8896.93
10534.5
7183.2
13636.4
11273.8
13937.7
8102.99
7636
8395.07
13930.3
12329.9
11660
11685.3
16964.7
11308.6
8338.85
6924.4
7641.84
12150
13488.1
11950.5
15689.1
14941.1
12359.5
11377.2
15552.3
14678.8
10742.6
10392.3
14667.6
14211.4
10156.8
7918.27
8945.33
7647.53
9454.22
8223.98
9925.96
9321.04
13650.3
13750.4
9478.48
8121.29
8633.06
8024.84
8611.24
8813.38
9535.98
10398.8
12451.4
14059.8
7627.64
5954.33
5279.03
6750.33
10691.8
13138.4
7447.16
11834.3
4338.76
5768.22
6406.43
5238.32
1259.73
4499.77
673.13
1625.61
3838.75
7993.9
1432.52
2782.72
514.8
3725.77
314.486
1307.17
4188.22
4265.89
4738.24
2874.11
6586.4
5203.6
7724.44
5222.97
898.92
2330.65
2335.75
1280.05
1329.97
1746.5
1901.42
1428.6
9412.6
5669.43
1759.67
10696.1
6078.35
1979.2
9023.31
5611.66
1871.84
10566.3
6094.95
1977.77
8322.36
5150.58
1680.02
10362.9
6151.91
2047.08
5072.16
2662.45
691.648
6101.64
3980.75
1389.65
7026.91
4846.11
1669.48
7968.3
5106.23
1685.99
10304.4
6354.82
2226.3
6079.18
3332.11
1025.92
5614.08
3999.73
1496.65
6438.34
4748.6
1727.17
8028.52
5604.16
1987.14
10402.5
6403.3
2254.89
256.339
1949.08
2590.06
3959.05
1966
2359.8
4986.07
4891.43
569.968
1024.77
609.641
1069.64
429.306
1340.86
814.3
1784.24
3010.06
1520.07
4000.54
2340.98
2124.17
3586.76
3279.13
928.18
5683.68
1416.88
-1700.99
669.282
1842.65
1308.36
1132.29
1074.28
9919.19
5123.02
2733.17
1879.75
10123.4
5356.18
3342.56
2295.88
10143.6
5810.9
4881.54
3673.24
3268.02
2456.11
1644.11
1626.92
12647.2
11296.5
5957.64
6246.54
13197.1
12432.4
6467.37
6597.79
5521.15
5761.2
11206.9
9515.03
3563.52
3761.35
2036.27
2288.89
3989.77
4009.7
2236.02
2392.28
3247.81
3523.22
1872.3
2226.52
5132.15
3936.03
5269.04
4187.81
8032.72
5423.3
7818.85
5868.41
3097.58
2734.31
3301.04
2682.73
1774.58
1680.28
2041.88
1501.93
12410.2
10073.2
7111.58
8179.68
12448
10161.7
7194.86
8157.49
12882.5
10203.3
7316.47
7872.3
13927.7
14571.9
13059.1
9310.64
6127.26
13931.7
13512.5
13236.4
11681.8
8924.46
12953.8
12106.4
10142.2
8392.43
6157.84
9829.21
9734.43
9925.32
12397.4
9748.82
9253.15
9833.07
12017
9589.54
8591.12
9643.94
11480.3
10593.9
7580.92
10475
7609.72
9008.1
7716.07
9122.98
8474.28
8813.43
11083.3
8794.7
7727.48
8276.77
7482.92
7679.46
7360.58
7556.43
8087.54
7170.76
10658.1
7372.03
5248.41
4884.98
3122.94
9076.52
7109.85
6310.36
5139.08
4323.55
2990.03
6326.42
5113.75
4804.88
2451.66
1770.98
1070.93
4933.46
3636.86
1742.34
1462.63
4346.53
2264.7
1703.28
987.236
4100.71
4289.49
4142.29
6464.6
5783.9
6104.57
5468.44
8538.84
3743.88
2881.98
2752.58
4162.91
1271.45
768.008
526.836
981.205
6987.98
2907.19
837.15
8471.65
2153.4
562.586
6832.09
3056.17
923.219
8295.65
2207.94
598.622
6014.99
2865
745.377
7907.61
2196.23
513.124
4704.02
2359.35
505.202
4774.18
2334.36
548.97
5262.11
2587.61
703.929
5800.75
2754.82
593.447
7672.88
2088.07
338.215
5998.76
3012.76
788.105
5963.47
3029.5
834.27
6014.01
3028.95
884.474
6391
2725.04
666.134
8168.12
1856.96
442.019
2152.75
842.617
348.895
188.984
875.865
360.308
152.59
76.9786
2278.3
914.643
393.919
219.828
1079.8
477.103
227.359
123.131
2459.02
1012.16
463.124
266.995
1808.82
885.936
478.896
310.636
1290.77
763.667
478.86
337.179
1192.83
823.482
565.919
397.698
2006.11
927.698
490.671
322.468
1763.23
775.685
446.379
328.498
2466.88
1005.26
480.943
301.946
2249.5
887.25
470.723
359.008
1552.48
826.907
488.495
327.815
1318.55
666.782
420.575
310.603
1096.65
697.767
467.998
334.583
861.118
541.738
384.779
298.027
2850.92
1046.56
428.132
257.173
2980.64
996.223
388.032
287.963
2841.75
1051.85
442.862
273.587
2885.53
966.104
384.211
289.024
2783.86
1044.57
453.588
279.088
2679.35
908.122
370.74
291.215
2394.4
926.861
443.69
300.687
2922.5
1000.48
444.513
378.048
2188.34
825.842
426.343
342.801
2475.51
710.108
276.309
223.553
1012.79
258.741
107.319
76.8147
2501.2
737.906
294.996
233.521
1032.73
272.312
115.956
83.1978
2463.61
761.238
312.566
243.587
1012.22
282.816
129.383
96.5467
2196.06
708.286
302.367
236.844
956.698
283.546
138.189
107.554
1972.74
683.097
320.585
241.552
816.59
281.327
153.088
124.663
1366.12
535.807
321.091
264.065
715.378
340.817
232.972
196.141
1611.17
562.129
298.983
243.86
738.585
301
189.967
160.441
1060.41
499.959
333.958
277.028
629.031
358.06
262.164
220.857
703.73
438.189
322.361
271.983
510.813
358.079
271.909
228.836
57.3648
24.431
13.3915
8.68091
6.76776
27.1559
12.5976
7.11777
4.65389
3.6361
83.6652
41.7857
24.5229
16.2333
12.7225
60.0166
33.4248
20.3189
13.5815
10.6699
117.549
63.4701
38.3502
25.6045
20.1099
173.69
102.871
63.8412
42.9291
33.7783
197.901
119.869
74.942
50.5201
39.7805
244.515
151.598
95.5791
64.6227
50.9348
152.218
86.8771
53.459
35.8835
28.2321
137.098
78.662
48.5105
32.5874
25.6532
129.207
70.7765
43.1069
28.8522
22.6764
132.738
76.671
47.4118
31.8608
25.0742
172.337
101.262
62.8236
42.2739
33.2777
153.18
90.9234
56.6108
38.1356
30.0369
199.689
122.77
77.2546
52.2142
41.153
166.518
101.446
63.7056
43.0365
33.9268
54.0498
19.9389
10.4754
6.71752
5.22414
23.3619
7.83413
4.03415
2.57796
2.00395
69.5444
30.4526
17.2447
11.3124
8.84692
28.9099
11.6097
6.46108
4.22376
3.3012
84.0896
41.3375
24.4329
16.2259
12.7272
46.7792
23.83
14.2934
9.53108
7.48473
119.981
65.3946
39.872
26.6882
20.9491
73.4919
40.116
24.5221
16.4254
12.8985
132.999
78.0247
48.404
32.5409
25.5874
1383.01
3169.15
1375.64
3124.88
1479.05
3087.24
1770.32
3219.72
1866.79
3348.23
720.751
1171.16
1216.59
1996.34
367.666
557.076
120.071
175.645
7289.78
1733.46
395.309
87.8346
21.6903
1978.1
531.005
140.759
31.8572
6.87599
7236.05
1705.85
388.494
85.5717
21.287
2011.13
592.435
145.457
33.6619
8.3111
6967.34
1629.75
369.527
81.2563
20.2402
1952.25
573.684
140.512
32.3553
8.01481
6452.69
1494.69
337.66
74.1722
18.5015
1904.72
548.115
132.481
30.2376
7.45581
5472.76
1260.35
284.714
62.6027
15.6363
1814.57
507.688
121.33
27.5447
6.80502
2645.21
636.849
146.161
32.265
7.98215
887.009
252.083
59.618
13.2239
3.2025
3905.33
926.931
211.176
46.4446
11.5185
1306.63
366.652
87.6004
19.8385
4.90444
1561.19
378.982
87.3699
19.3766
4.79953
492.721
145.92
34.2446
7.59859
1.87085
538.241
129.805
29.968
6.66886
1.65713
195.234
51.8008
11.0982
3.16683
0.60214
85.2074
442.436
4180.65
-771.681
694.535
744.422
2146.51
2753.31
1669.36
3224.94
2696.83
4203.29
3289.92
4089.98
1702.59
2301.62
1826.39
2165.85
953.038
990.636
2266.43
1689.41
495.778
-521.607
-831.03
-999.371
-329.481
12631.8
2946.36
4130.95
2637.2
-226.384
-95.2141
2949.04
-1501.03
-872.296
-1165.72
-605.133
6928.51
3664.78
1217.87
1025.36
3692.24
2018.59
628.052
1395.64
-1598.43
-951.733
680.451
528.758
8563.62
4317.83
5254.17
2849.03
4151.22
4381.22
1540.31
-985.1
897.048
1655.72
1414.37
1288.82
1258.86
1096.31
1364.23
1130.26
920.579
682.613
310.386
444.473
380.754
300.574
198.573
70.8985
-465.221
-387.4
-288.376
-176.785
-59.4569
-743.131
-621.249
-464.788
-286.248
-96.4702
-895.033
-749.698
-562.133
-346.906
-117.063
-284.647
-225.289
-155.931
-87.8652
-27.6083
9579.07
8827.93
8184.54
8304.11
8600.72
2818.25
2694.07
2722.38
2464.79
1416.7
3285.58
2779.83
2530.26
2158.67
1227.4
2161.31
1904.41
1799.11
1491.85
670.969
-21.0687
66.3871
210.391
230.181
117.235
31.5765
145.639
214.566
202.043
89.4864
2591.3
2274.74
1905.25
1413.59
613.905
-906.296
-425.415
-143.827
1.29951
23.4843
-689.438
-482.986
-282.27
-125.312
-28.744
-820.889
-502.63
-248.452
-86.0661
-12.9261
-545.812
-451.808
-328.293
-193.826
-62.4843
5351.51
5103.3
4735.07
4818.47
5105.34
2908.02
2408.23
2136.7
1755.14
933.692
1180.44
1130.48
1020.06
775.033
320.749
933.192
835.948
709.928
513.65
203.76
3145.68
2621.58
2088.12
1458.81
589.372
1827.8
1599.34
1305.15
899.958
335.613
560.434
486.232
396.264
274.317
103.687
1253.31
1075.74
850.905
564.306
203.107
-1389.69
-1124.49
-814.202
-487.822
-161.343
-835.264
-679.065
-489.535
-289.534
-94.4938
631.846
573.029
487.456
348.513
133.897
494.07
451.18
385.511
275.06
104.462
5724.91
4412.25
4088.57
4144.4
4071.65
3373.73
2718.06
2209.86
1678.68
809.347
3985.34
3408.47
2930.87
2458.99
1309.77
2327.36
1963.46
1601.58
1187.65
548.345
3597.73
3020.57
2388.41
1630.1
625.415
3407.31
2630.2
2283.38
1855.7
863.031
1371.74
1172.51
930.178
623.013
227.384
-872.885
-719.023
-526.875
-317.011
-104.865
817.037
730.708
618.514
444.119
172.077
-25352
-41517.6
-21027.8
-33641
-22614.7
-47305.6
-27045.6
-60010.3
-16090.7
-11031.8
-18093.1
-11274.1
-14923.1
-9659.91
-18397.6
-9719.79
-20911.2
-15706.4
-30488.2
-21917.4
-17965.9
-14270.2
-25510.3
-19126.5
-14426.7
-14734.2
-11848.1
-11385.2
-13904.8
-13119.2
-35352.8
-9750.35
-13448
-5007.88
-43256.7
-11979.6
-12050.9
-4453.91
-26266.7
-8274.32
-13761.4
-5264.19
-23319.9
-7258.37
-10742
-4313.04
-13721.3
-4965.23
-10191.1
-4472.02
-11936.6
-4312.44
-10585.2
-5116.39
-9541.51
-3778.26
-12271.4
-4325.44
-4311.21
-1511.98
-9258.98
-6140.87
-7967.57
-4863.1
-8287.29
-6705.55
-7069.13
-5088.74
-8051.61
-4560.41
-9430.06
-5838.66
-5451.87
-3254.2
-2942.98
-1803.15
-4745.2
-3294.89
-2468.92
-1756.7
-5512.58
-2984.31
-3058.81
-1527.75
-7068.81
-3579.25
-4544.88
-5305.97
-8959.76
-6000.95
-6386.11
-8938.53
-4801.22
-2148.83
-2723.9
-3071.44
-2606.99
-1047.69
-1238.4
-1171.08
-10522.2
-12762.5
-5912.49
-14390.8
-10948.3
-12189.7
-6791.24
-14723.7
-11086.3
-11127.9
-8101.09
-14032.9
-7687.77
-6303.01
-8337.05
-9191.1
-9145.24
-8710.63
-9847.64
-11294.5
-12038
-17047.3
-5958.43
-6009.9
-6455.09
-7773.3
-12183.2
-12098.1
-8441.15
-15304.9
-11760
-11223
-8317.98
-15083.1
-11713.5
-9952.82
-7773.82
-14083.2
-11595.2
-7212.01
-5779.23
-7239.43
-5783.17
-7965.98
-6401.64
-8605.01
-7256.56
-12849.5
-11655
-6775.34
-5857.63
-6617.7
-5671.76
-7154.25
-6589.23
-8527.53
-8361.73
-11900.9
-12164.2
-6075.92
-4835.17
-4475.93
-5900.72
-7809.23
-10903.5
-5910.11
-10047
-4038.2
-5379.49
-5764.35
-4702.25
-752.595
-3893.67
-207.085
-1142.49
-2848.34
-6923.65
-610.682
-1919.93
-325.571
-3437.38
-112.108
-1064.65
-4122.93
-4122.72
-4738.84
-2829.23
-6381.18
-4946.33
-7663.79
-5013.47
-863.575
-2225.5
-2327.68
-1247.24
-1271.42
-1646.56
-1877.4
-1384.83
-5115.28
-1760.28
-6896.67
-2355.48
-5232.07
-1837
-7062.67
-2538.08
-5196.54
-1810.7
-7490.7
-2896.38
-3402.88
-948.509
-4101.82
-1582.75
-4533.79
-1769.25
-5385.87
-2047.36
-7901.65
-3157.67
-4347.87
-1303.45
-3701.2
-1855.34
-4372.13
-2116.46
-5886.36
-2600.62
-8163.7
-3094.51
-5919.59
-5626.07
-4276.29
-4329.39
-9575.49
-7422.24
-7650.94
-6437.45
-4224.45
-3861.4
-1697.56
-1312
-3997.32
-4015.45
-1557.76
-1655.29
-2822.35
-4718.04
-3452.89
-5063.58
-4030.69
-2386.7
-3028.65
-433.62
-6255.51
-1599.86
2352.17
486.95
-959.195
-226.799
281.749
730.311
-2938.45
-2379.55
-1066.31
-776.09
-3052.62
-2518.98
-1426.79
-834.673
-3393.76
-2957.65
-1890.33
-1104.62
-990.489
0.359243
721.486
1141.26
-5139.46
-5547.42
-3895.69
-3715.44
-6575.56
-6638.44
-5393.06
-4596.87
-2779.34
-3141.57
-4213.92
-4831.11
-2328.58
-2061.2
-976.021
-889.086
-3436.06
-2731.75
-1731.46
-1361.7
-1442.24
-1626.27
-307.444
-609.013
-2094.76
-1766.79
-2946.19
-2529.75
-3331.08
-3159.23
-4525.63
-4056.5
-829.436
-640.289
-1451.66
-1132.57
255.579
413.174
-388.619
-2.57308
-4465.05
-5860.48
-4185.19
-6441.47
-4425.95
-5758.5
-4296.9
-6451.52
-4566.28
-5259.89
-4504.99
-6150.68
-2974.77
-4566.45
-2839.23
-2921.41
-3523.44
-6948.17
-5292.22
-5367
-6067.45
-7083.05
-5532.62
-4907.11
-4526.18
-4647.61
-4356.22
-7190.52
-7484.65
-10074.9
-15388.1
-6711.9
-6699.61
-9660.84
-14624.8
-6021.78
-5948.59
-8941.37
-13423.6
-6837.83
-5332.48
-6493.3
-5088.72
-6145.85
-5105.88
-6806.11
-6573.5
-8227.04
-12485.9
-5586.58
-5340.3
-5077.49
-5203.83
-5040.29
-5473.34
-5776.93
-7072.76
-6242.48
-11371.6
-4208.81
-3221.02
-2856.78
-1284.07
-5578.86
-4991.71
-4298.25
-3239.46
-2500.96
-1367.44
-3842.29
-3402.64
-3258.11
-1172.53
-451.408
67.0638
-3538.8
-2385.1
-610.141
-367.449
-2840.17
-1099.18
-336.356
78.3715
-2689.32
-3163.7
-3243.22
-5992.3
-4121.9
-5004.08
-4648.06
-8379.92
-2433.52
-1966.35
-1737.74
-3565.73
12.0816
140.803
557.876
-261.213
-5382.9
-1572.65
-10498.3
-1243.38
-5003.45
-1666.25
-10173.9
-1291.22
-3805.2
-1040.45
-9288.93
-1125.49
-2969.35
-668.237
-2959.5
-710.106
-3505.5
-1094.8
-4081.86
-852.994
-8766.67
-1312.73
-4160.69
-829.957
-4150.96
-735.968
-4617.45
-1003.11
-5626.09
-970.788
-9177.82
-1174.11
-1109.99
-324.275
-15.6866
73.7347
-381.187
-101.205
7.77122
33.3027
-1110.05
-291.121
19.898
104.96
-295.037
-21.5749
62.32
73.1728
-1155.55
-256.88
57.7162
142.277
-155.379
184.283
277.897
255.643
543.094
499.998
422.817
315.582
1042.46
769.848
565.15
398.459
-600.832
16.4296
207.293
228.916
-532.096
104.548
216.831
221.844
-1256.6
-240.698
81.3865
172.321
-1027.51
-60.4771
154.423
223.934
-3.52002
268.379
301.495
254.42
-87.366
247.949
275.524
244.102
556.591
500.999
413.924
319.569
375.69
394.186
337.458
278.011
-1750.61
-504.847
-62.5875
86.9009
-2182.14
-568.119
-107.023
86.1146
-1691.35
-457.745
-32.7571
109.291
-2100.83
-532.048
-92.0381
94.2759
-1591.8
-385.465
-4.54225
121.766
-1911.75
-463.568
-63.8802
114.478
-1115.55
-178.843
85.3811
176.303
-2002.03
-429.796
-28.3441
164.196
-1063.59
-94.7675
135.75
235.987
-2040.49
-427.116
-87.8273
56.0732
-890.811
-160.431
-30.387
13.47
-1916.79
-382.25
-64.8687
69.7541
-851.59
-146.17
-21.1336
21.1838
-1663.07
-293.047
-24.4662
90.4538
-732.844
-108.681
-1.12221
36.3168
-1384.82
-213.267
7.4232
102.903
-611.771
-70.6988
21.7201
54.6238
-1056.95
-90.7848
70.3775
129.698
-352.622
16.1257
65.8822
83.7861
-537.171
88.2232
168.86
189.737
37.1226
215.147
187.818
171.731
-877.319
-40.06
100.379
151.572
-110.419
127.803
129.013
128.143
-124.767
225.666
235.941
224.35
188.424
283.963
233.663
204.146
287.087
342.212
289.575
254.533
341.512
332.036
262.624
223.334
36.0317
20.5781
12.681
8.53168
6.72265
18.5189
10.9463
6.79588
4.57879
3.60848
63.5557
38.0881
23.7917
16.0616
12.6676
51.5754
31.7124
19.9339
13.477
10.6289
98.5446
59.8961
37.5957
25.4165
20.0632
161.771
100.079
63.124
42.7236
33.6961
188.194
117.51
74.3489
50.3632
39.7568
242.854
150.938
95.3561
64.5504
50.9238
135.212
83.6172
52.7563
35.7118
28.1208
125.724
76.3959
47.9901
32.4568
25.4667
110.865
67.4931
42.408
28.6802
22.6359
125.734
75.0859
46.9626
31.7406
24.9402
157.326
98.3179
62.1979
42.1317
33.255
145.599
89.272
56.2107
38.035
29.9649
197.188
122.165
77.0863
52.169
41.1643
164.473
100.948
63.5723
43.0072
33.9472
30.3771
16.1254
9.8106
6.58481
5.18548
12.4386
6.23156
3.76036
2.52019
1.98317
47.0794
26.77
16.5621
11.1575
8.7976
18.4575
10.05
6.17839
4.15653
3.27638
65.0873
38.1946
23.8061
16.0664
12.6945
38.7049
22.5081
13.997
9.44004
7.43596
106.838
62.9298
39.2651
26.4788
21.1608
66.1604
38.7927
24.173
16.2964
12.98
130.353
76.903
47.9637
32.3758
25.6591
-1636.94
-3066.9
-1673.01
-3064.97
-1805.01
-3075.78
-1968.33
-3146.42
-1897.48
-3157.17
-729.584
-1155.63
-1228
-1932.95
-361.505
-542.82
-103.137
-155.635
-7768.87
-1830.84
-414.938
-91.7631
-22.5689
-2086.99
-560.599
-148.073
-33.3597
-7.16636
-7640.55
-1789.39
-405.704
-89.0525
-22.0845
-2127.26
-625.677
-152.882
-35.2206
-8.66185
-7236.59
-1689.17
-382.439
-83.9791
-20.8862
-2058.25
-602.791
-147.022
-33.7304
-8.32984
-6581.35
-1528.22
-345.762
-76.0039
-18.9597
-1978.1
-569.315
-137.437
-31.3184
-7.71115
-5507.77
-1274.28
-288.739
-63.6083
-15.9062
-1845.23
-519.774
-124.529
-28.2925
-6.99141
-2644.64
-637.751
-146.659
-32.436
-8.03838
-888.272
-253.951
-60.3544
-13.4372
-3.26525
-3910.63
-930.976
-212.678
-46.876
-11.6462
-1313
-371.536
-89.157
-20.2397
-5.01285
-1558.93
-378.945
-87.505
-19.4405
-4.82264
-490.661
-146.232
-34.5202
-7.70097
-1.90266
-535.377
-129.492
-29.9862
-6.69573
-1.67184
-190.752
-51.354
-11.1539
-3.21922
-0.628501
201.817
-960.055
-4987.81
770.147
-6211.87
-2699.3
-6014.37
-2721.53
-10603.8
-5608.3
-11873.8
-6255.96
-150.532
-586.109
-917.281
-1078.94
-970.84
-412.377
-244.873
-904.124
-1366.64
-1503.75
-1210.17
-422.61
-128.006
-136.663
-471.382
-474.602
-672.234
-663.752
-648.669
-610.399
-582.514
-550.172
-463.583
-404.424
864.757
2270.01
3667.56
2590.2
2382.46
1144.75
830.342
2397.46
3862.45
4454.02
3704.43
1681.58
-135.93
-115.101
-87.3837
-54.5388
-18.5353
-529.848
-449.282
-341.593
-213.456
-72.5932
-829.193
-703.088
-534.564
-334.051
-113.61
-975.071
-826.525
-628.227
-392.496
-133.472
-877.002
-742.891
-564.141
-352.131
-119.674
-372.818
-315.214
-237.943
-147.245
-49.6963
-221.058
-187.137
-142.052
-88.6583
-30.1323
-817.105
-692.683
-526.583
-329.056
-111.914
-1234.95
-1046.83
-795.837
-497.379
-169.184
-1358.31
-1151
-874.906
-546.836
-186.033
-1092.51
-925.278
-703.101
-439.436
-149.513
-381.835
-323.252
-245.035
-152.56
-51.7436
-115.644
-97.9761
-74.4198
-46.464
-15.7938
-123.515
-104.695
-79.562
-49.6934
-16.8949
-426.218
-361.482
-274.879
-171.78
-58.4209
-429.168
-364.021
-276.835
-173.013
-58.8419
-607.784
-515.43
-391.916
-244.907
-83.2889
-600.096
-508.891
-386.934
-241.791
-82.2287
-586.368
-497.113
-377.825
-235.997
-80.2356
-551.634
-467.563
-355.33
-221.952
-75.4656
-526.138
-445.446
-337.914
-210.65
-71.523
-496.619
-420.303
-318.899
-198.925
-67.5828
-417.984
-352.545
-265.774
-164.478
-55.5498
-364.397
-307.519
-232.422
-144.402
-48.926
775.988
656.93
503.794
320.14
110.581
2028.16
1711.93
1312.71
837.093
290.93
3245.69
2730.11
2105.97
1364.79
485.617
2277.23
1911.6
1478.77
963.219
343.877
2124.74
1786.8
1372.65
872.294
280.295
1049.7
897.762
695.396
439.384
135.388
744.793
629.214
480.486
303.677
104.44
2145.24
1809.47
1381.92
875.265
302.017
3439.52
2894.87
2216.28
1413.7
492.266
3944.46
3311.33
2541.22
1632.67
573.958
3280.95
2755.36
2117.55
1362.01
476.303
1503.22
1272.96
984.07
633.982
220.717
319.356
751.677
1076
1227.77
1105.97
549.331
477.841
1129.08
1573.02
1677.32
1337.46
506.299
261.613
249.661
599.293
582.839
787.445
760.26
742.852
683.177
663.855
558.933
600.195
444.815
-708.13
-2030.96
-3253.38
-2035.72
-1702.64
-399.721
-760.407
-2283.17
-3610.1
-4001.24
-3054.29
-907.435
289.101
245.556
187.022
117.029
39.8301
680.155
577.394
439.521
274.915
93.5443
973.472
826.262
628.881
393.328
133.833
1110.66
942.609
717.378
448.662
152.661
1000.6
849.208
646.195
404.033
137.445
498.46
423.691
321.977
200.553
67.9757
432.54
367.376
279.814
175.11
59.6024
1021.47
867.028
659.978
412.84
140.489
1422.74
1207.35
918.919
574.821
195.621
1516.63
1286.74
979.316
612.702
208.553
1208.99
1025.53
780.525
488.44
166.298
458.521
389.367
296.178
184.969
62.8509
236.822
201.138
153.177
95.8399
32.616
225.987
191.918
146.139
91.4265
31.1121
542.303
460.387
350.45
219.191
74.5802
527.406
447.728
340.801
213.147
72.5216
712.486
604.787
460.314
287.882
97.9484
687.858
583.854
444.364
277.901
94.5513
672.16
570.543
434.204
271.509
92.3661
618.044
524.527
399.166
249.615
84.9247
600.816
509.982
387.958
242.425
82.4252
505.569
428.97
326.345
204.013
69.3955
543.776
461.645
350.696
218.562
74.1367
402.422
341.357
259.429
161.936
55.0138
-632.365
-533.007
-407.896
-259.397
-89.7814
-1809.36
-1523.53
-1167.31
-745.314
-259.616
-2863.73
-2398.11
-1847.46
-1200.67
-429.596
-1751.28
-1440.84
-1100.77
-715.832
-256.938
-1473.74
-1200.59
-898.112
-557.639
-167.243
-334.606
-252.12
-171.089
-90.461
-10.0448
-681.102
-574.713
-438.677
-277.39
-95.4788
-2041.58
-1721.2
-1314.6
-833.184
-287.74
-3208.41
-2695.71
-2062.43
-1316.48
-459.067
-3524.84
-2944.8
-2253.87
-1448.53
-510.373
-2673.29
-2219.94
-1693.77
-1087.63
-380.604
-776.884
-630.331
-473.176
-301.76
-104.504
-1369.23
-884.004
-194.076
777.273
1092.21
1390.61
670.534
-10532.6
-1578.58
-3039.22
-1458.72
316.792
-3996.79
926.876
2597.46
1267.34
-5683.01
-2581.51
-363.429
-487.919
-3350.39
-1220.16
-198.885
-993.59
2318.75
1490.75
-467.677
-97.8438
-7533.63
-3553.51
-4133.85
-2008.91
-3544.59
-3192.52
-1029.39
1519.46
-304.632
-689.844
-504.492
-505.326
-697.796
-865.84
-561.701
-385.806
-298.739
-254.664
-148.914
-165.195
-137.091
-109.917
-76.7653
-29.0034
702.86
595.724
452.238
282.007
95.7889
986.38
835.018
633.383
394.755
133.984
1256.05
1063.7
807.37
503.61
171.039
606.068
511.316
383.993
235.737
78.9046
-7877.44
-7463.93
-7277.68
-8044.9
-9123.91
-1085.93
-866.985
-1150.99
-1433.77
-1064.66
-2210.6
-1748.38
-1674.82
-1612.43
-1066.88
-975.452
-708.285
-725.649
-709.054
-349.643
282.163
218.166
129.801
45.6374
0.547308
-3399.62
-2871.46
-2307.32
-1650.44
-697.966
836.377
697.149
510.341
300.866
95.0887
2275.31
1877.02
1403.63
873.969
298.088
1141.19
960.714
723.27
446.815
150.077
-4137.84
-4069.02
-3975.66
-4448.38
-5201.74
-1828.04
-1396.7
-1308.89
-1223.08
-765.049
-305.028
-296.07
-320.452
-308.487
-158.524
-408.526
-353.846
-316.427
-255.808
-114.766
-2849.85
-2378.25
-1910.43
-1356.63
-560.664
-1053.24
-892.51
-731.221
-523.894
-204.459
-156.194
-126.746
-110.082
-89.2706
-39.7422
-874.581
-739.28
-583.654
-392.041
-143.738
2078.18
1746.13
1317.2
818.376
277.071
1344.05
1133
852.898
526.211
176.886
-403.24
-344.974
-289.065
-212.631
-85.7651
-77.0453
-70.3927
-75.4859
-71.4224
-33.5421
-4749.14
-3525.16
-3372.46
-3702.53
-3992.67
-2641.41
-2054.09
-1670.29
-1322.4
-683.829
-2840.51
-2361.76
-2066.27
-1888.55
-1090.71
-1520.89
-1230.71
-1007.21
-797.866
-414.418
-3027.36
-2514.01
-1987.48
-1373.65
-538.194
-2268.9
-1575.6
-1433.2
-1311.16
-679.907
-894.14
-751.398
-597.908
-409.957
-154.217
1372.04
1159.21
875.245
541.84
182.703
-246.203
-212.204
-198.816
-169.985
-77.0047
-10.8642
27.892
97.6708
146.015
124.793
31.1625
-17947.1
-15864.3
-15250.8
-17335.1
-13209.8
-10493.9
-12033.9
-9205.07
-15468.9
-13501
-14266.8
-13362
-12541.7
-10694.3
-13140.1
-14779.9
-13224.8
-12296.7
-13834.3
-11145.3
-9476.49
-10104.3
-8167.97
-13866.9
-12250
-12786.5
-11584
-11087.8
-10389.9
-10636
-11627.3
-10668.3
-9799.73
-10693.5
-9282.41
-7994.7
-8499.29
-7357.99
-11606.3
-10454.2
-10813.5
-9779.85
-9419.41
-8738.7
-8894.34
-8147.7
-7673.34
-6991.8
-7396.5
-6900.76
-6204.5
-6381.55
-5880.57
-8350.29
-8374.02
-7884.87
-7890.64
-7034.87
-6369.97
-7011.33
-5228.87
-5001.69
-4543.49
-4731.71
-4639.35
-4208.65
-4249.9
-3947.34
-5535.56
-5479.66
-5294.65
-5120.28
-4821.12
-4363.61
-4667.73
-1886.81
-1820.97
-1653.34
-1709.36
-1718.51
-1610.37
-1565.57
-1465.52
-2106.16
-2078.45
-1970.34
-1853.94
-1815.47
-1670.37
-1767
-7287.1
-7225.72
-10486.6
-11253
-6971.49
-6264.89
-9281.6
-7635.25
-6035.18
-4977.86
-6031.17
-4955.95
-6140.11
-5863.03
-5042.03
-7350.17
-7022.04
-9399.74
-10207.6
-6580.5
-6030.18
-8242.59
-7179.08
-6176.44
-4760.36
-6093.21
-4918.67
-5665.93
-5459.17
-5207.31
-6861.54
-6586.15
-8075.99
-8620.98
-6240.45
-5864.02
-7286.49
-6522.49
-5421.98
-5349.95
-5404.35
-5492.26
-5111.47
-5066.33
-5535.83
-5731.82
-5552.81
-6180.08
-6463.59
-5302.71
-4999.94
-5762.2
-5309.44
-5370.45
-5087.16
-5279.45
-5267.09
-4978.18
-4872.36
-5175.99
-4070.35
-3962.1
-4159.34
-4302.96
-3700.22
-3447.43
-3939.6
-3644.82
-3920.27
-4015.1
-3822.49
-4083.4
-3589.24
-3461.64
-3769.48
-1538.63
-1497.88
-1535.54
-1581.96
-1390.83
-1285.14
-1461.24
-1353.76
-1328.83
-1500.68
-1396.87
-1560.21
-1349.73
-1286.22
-1394.6
6588
21315.9
5216.93
22343.6
3916.35
23148.4
6217.28
35718.3
7665.72
49085
7596.59
35728.4
7306.01
29614.3
7601.48
25877.1
4596.24
2847.59
12352.9
7331.19
4508.3
2469.81
13547.5
6789.58
4986.28
3575.9
15794
11041.5
3765.78
2680.42
15887.6
11469
8913.92
3747.08
7684.4
3408.3
3490.09
8279.78
31079.3
8433.59
11128.3
3777.26
40074.2
10893.5
10481.9
3641.44
22148.6
6882.08
11360.2
3970.59
19197.4
6116.04
5045.71
2500.45
7660.63
2963.28
5516.74
2986.13
7642.48
2904.92
7104.44
4024.18
6583.49
2831.91
9871.99
3527.28
3403.88
1181.86
11347.8
7832.21
7011.24
5134.73
13059.7
10787.9
7084.99
6200.82
6517.16
4355.86
9113.87
6004.37
4633.34
3417.34
2388.55
1962.56
4570.77
3992.94
2407.59
2329.86
4373.76
2843.88
2268.51
1444.53
5740.1
3094.76
4246.55
5178.06
7767.56
5496.88
6074.97
8785.88
3831.38
1799.83
2520
2985.43
1921.81
789.183
1096.45
1108.51
6488.36
11728.4
4428.87
13129
7733.65
11534.6
5519.86
13833.9
8896.98
10533.4
7183.8
13635.7
11272.9
13935.8
8102.54
7636.3
8395.65
13928.5
12328.8
11659.1
11684.8
16964.6
11307.2
8338.03
6923.98
7641.77
12150.3
13507
11983
15691.9
14923.3
12353.1
11372.2
15545
14674.2
10740.1
10389.1
14666.2
14209.5
10155.5
7917.3
8944.31
7646.52
9453.15
8222.7
9924.48
9319.32
13649.6
13749.3
9477.45
8120.34
8632.27
8023.88
8610.56
8812.41
9535.41
10397.9
12451.4
14059.3
7627.18
5954.09
5278.84
6750.27
10690.9
13137.7
7446.79
11833.9
4338.69
5768.27
6406.18
5238.2
1259.61
4499.75
673.041
1625.57
3838.62
7993.73
1432.51
2782.68
514.706
3725.81
314.378
1307.13
4188.28
4265.96
4738.39
2874.15
6586.35
5203.58
7724.61
5222.98
898.902
2330.69
2335.83
1280.06
1329.95
1746.52
1901.45
1428.61
9435.68
5680.74
1766.42
10700.4
6085.9
1981.79
9019.84
5610.45
1871.66
10563.2
6093.2
1977.43
8320.04
5149.35
1679.68
10361.1
6150.61
2046.7
5071.42
2661.97
691.484
6100.74
3980.13
1389.44
7025.71
4845.3
1669.2
7966.72
5105.21
1685.66
10303.2
6353.83
2225.95
6078.42
3331.59
1025.72
5613.19
3999.06
1496.39
6437.34
4747.82
1726.87
8027.5
5603.31
1986.8
10401.6
6402.44
2254.53
261.237
1950.98
2602.91
3963.07
1968.12
2360.78
4993.2
4893.73
554.165
1012.12
591.619
1052.64
433.418
1340.91
818.441
1783.81
3021.06
1524.89
4004.75
2342.2
2127.72
3593.93
3283.36
931.676
5686.22
1418.65
-1690.21
676.783
1847.81
1313.01
1140.98
1081.24
9924.28
5115.4
2720.24
1869.64
10116.2
5356.75
3341.06
2296.04
10139.4
5810.35
4882.89
3672.97
3271.6
2456.49
1648.53
1628.5
12644
11294.8
5958.54
6246.62
13194.8
12430.9
6467.87
6597.78
5522.14
5761.24
11203.7
9513.52
3565.47
3761.88
2037.85
2289.42
3990.94
4010.04
2236.77
2392.54
3250.04
3523.76
1874.36
2227.14
5132.61
3936.14
5269
4187.79
8030.73
5422.84
7817.81
5867.99
3099.21
2734.84
3301.46
2682.97
1776.51
1681.21
2042.46
1502.35
12433.7
10080.4
7110.91
8181.32
12441
10161.3
7194.17
8157.89
12875.8
10200.3
7315.2
7871.43
13923.3
14568.6
13054.6
9307.63
6126.48
13929.1
13509.1
13232.6
11678.8
8923.36
12951.7
12104
10140
8390.92
6157.26
9834.65
9749.05
9922.12
12392.4
9746.47
9252.49
9830.58
12016.3
9587.49
8589.45
9643.43
11479.9
10592.2
7579.83
10472.8
7608.42
9005.93
7714.68
9121.05
8472.88
8812.61
11082.6
8793.29
7726.37
8275.04
7481.66
7677.81
7359.35
7555.14
8086.49
7170.12
10657.3
7370.62
5247.52
4884.53
3122.53
9075.25
7109
6309.92
5138.65
4323.19
2989.71
6325.25
5112.97
4804.88
2451.54
1771.21
1071.02
4933.41
3636.72
1742.46
1462.66
4346.53
2264.63
1703.55
987.354
4100.46
4289.18
4142.13
6464.29
5783.1
6103.94
5468.05
8538.31
3743.89
2881.9
2752.63
4162.8
1271.74
768.139
527.104
981.32
7001.5
2917.04
841.47
8483.41
2167.29
566.141
6830.02
3056.29
923.276
8292.61
2205.64
598.654
6013.69
2864.54
745.346
7906.75
2195.36
512.94
4703.3
2358.92
505.062
4773.39
2333.93
548.835
5261.22
2587.16
703.801
5799.74
2754.31
593.292
7672.25
2087.64
338.073
5997.97
3012.29
787.94
5962.62
3029.04
834.115
6013.17
3028.5
884.328
6390.23
2724.62
665.985
8167.55
1856.73
441.941
2145.06
838.258
345.999
186.711
867.847
356.222
150.275
75.4144
2278.87
914.851
394.041
219.952
1080.05
477.223
227.415
123.181
2459.08
1012.21
463.165
267.049
1808.71
885.922
478.896
310.634
1290.79
763.69
478.887
337.198
1193.33
823.717
566.045
397.763
2006.17
927.751
490.719
322.515
1763.29
775.738
446.423
328.55
2466.79
1005.25
480.961
301.982
2249.43
887.242
470.734
359.047
1552.68
827.021
488.574
327.875
1318.71
666.888
420.647
310.66
1097.05
697.977
468.12
334.654
861.376
541.894
384.881
298.097
2850.14
1045.75
427.104
256.135
2984.17
997.429
388.058
287.834
2841.32
1051.61
442.764
273.6
2884.9
965.825
384.099
288.981
2783.53
1044.43
453.54
279.11
2678.86
907.912
370.649
291.199
2394.13
926.744
443.637
300.683
2922.13
1000.33
444.449
378.063
2188.18
825.788
426.315
342.804
2482.45
713.013
277.148
224.13
1017.46
260.303
107.927
77.2235
2497.66
736.805
294.59
233.302
1031.18
271.869
115.803
83.0977
2462.87
760.911
312.421
243.527
1011.81
282.645
129.303
96.4923
2195.68
708.112
302.284
236.822
956.492
283.45
138.135
107.518
1972.52
683.007
320.54
241.548
816.483
281.273
153.051
124.637
1366.13
535.841
321.119
264.097
715.401
340.835
232.982
196.149
1611.09
562.114
298.98
243.875
738.541
300.977
189.949
160.428
1060.52
500.04
334.016
277.078
629.123
358.125
262.207
220.889
703.913
438.315
322.446
272.05
510.963
358.186
271.981
228.89
56.077
23.6367
12.888
8.33995
6.49904
26.2878
12.0701
6.7859
4.42944
3.45895
83.6957
41.8039
24.5355
16.2422
12.7297
60.0343
33.4358
20.3268
13.587
10.6742
117.562
63.478
38.3568
25.6098
20.1147
173.675
102.866
63.8415
42.9305
33.7796
197.901
119.872
74.9461
50.5242
39.7847
244.546
151.619
95.5935
64.6335
50.9441
152.225
86.8816
53.4633
35.8872
28.2338
137.108
78.6676
48.5152
32.5912
25.6528
129.21
70.7788
43.11
28.8552
22.6794
132.733
76.6702
47.4135
31.8633
25.074
172.356
101.273
62.8312
42.2799
33.2831
153.198
90.9335
56.6179
38.1411
30.0404
199.724
122.791
77.2681
52.2241
41.1619
166.55
101.465
63.7174
43.0451
33.9346
53.4259
19.5213
10.2034
6.53244
5.07874
23.1788
7.69371
3.9399
2.51344
1.9533
69.518
30.4466
17.2437
11.3125
8.84774
28.8815
11.6016
6.45795
4.22212
3.30032
84.0878
41.3384
24.4352
16.2282
12.73
46.77
23.8274
14.2933
9.5315
7.48515
119.973
65.392
39.8729
26.6894
20.9586
73.4797
40.1123
24.5219
16.4257
12.9028
132.982
78.0193
48.4038
32.5422
25.5927
1357.76
3152.24
1374.8
3123
1478.57
3086.69
1770.01
3219.32
1866.63
3347.99
720.718
1171.13
1216.53
1996.26
367.637
557.056
120.029
175.613
7294.71
1732.33
394.972
87.7514
21.6688
1993.14
535.012
141.584
32.035
6.92404
7232.2
1704.63
388.159
85.4869
21.2649
2006.77
591.158
145.136
33.5794
8.29023
6967.32
1629.65
369.471
81.2361
20.2341
1951.4
573.409
140.434
32.3347
8.00925
6452.58
1494.62
337.625
74.1595
18.4974
1904.41
548.01
132.447
30.2275
7.45276
5472.78
1260.32
284.699
62.5969
15.6343
1814.45
507.644
121.314
27.5392
6.80324
2645.3
636.865
146.163
32.265
7.98201
887
252.077
59.6147
13.2227
3.202
3905.42
926.939
211.174
46.443
11.5178
1306.6
366.635
87.5934
19.8359
4.9035
1561.25
378.994
87.372
19.377
4.79961
492.717
145.917
34.243
7.59804
1.87066
538.256
129.808
29.9686
6.66899
1.65718
195.226
51.7976
11.0971
3.1666
0.602078
92.2139
446.26
4187.72
-759.73
659.479
706.639
2149.36
2756.58
1676.8
3233.72
2698.98
4206.15
3289.42
4089.67
1703.85
2303.53
1825.26
2164.75
898
932.824
2266.4
1689.37
495.735
-521.604
-831.016
-999.354
-329.5
12631
2945.88
4130.57
2636.82
-226.536
-95.3272
2948.78
-1501.15
-872.369
-1165.82
-605.137
6928.19
3664.51
1217.66
1025.24
3692.03
2018.44
627.998
1395.54
-1598.42
-951.743
680.356
528.678
8563.38
4317.68
5253.97
2848.91
4151.03
4380.97
1540.2
-985.1
896.949
1655.71
1414.38
1288.84
1258.88
1096.31
1364.21
1130.25
920.585
682.621
310.389
444.432
380.717
300.545
198.554
70.8918
-465.219
-387.399
-288.375
-176.784
-59.4567
-743.119
-621.238
-464.781
-286.243
-96.4686
-895.017
-749.685
-562.123
-346.9
-117.061
-284.665
-225.305
-155.943
-87.8737
-27.6113
9578.2
8827.04
8183.71
8303.4
8600.17
2817.77
2693.61
2721.97
2464.48
1416.56
3285.2
2779.46
2529.94
2158.43
1227.29
2160.95
1904.07
1798.82
1491.63
670.875
-21.2039
66.2643
210.285
230.102
117.203
31.4698
145.542
214.486
201.988
89.4664
2591.04
2274.49
1905.04
1413.43
613.844
-906.412
-425.521
-143.918
1.235
23.4607
-689.507
-483.048
-282.322
-125.348
-28.7569
-820.984
-502.716
-248.524
-86.1154
-12.9439
-545.817
-451.813
-328.297
-193.829
-62.4855
5351.13
5102.91
4734.7
4818.13
5105.06
2907.75
2407.97
2136.48
1754.98
933.62
1180.24
1130.3
1019.91
774.929
320.71
933.08
835.845
709.842
513.591
203.738
3145.47
2621.38
2087.95
1458.69
589.327
1827.65
1599.21
1305.05
899.886
335.587
560.382
486.186
396.227
274.292
103.678
1253.21
1075.65
850.836
564.26
203.09
-1389.69
-1124.49
-814.201
-487.822
-161.343
-835.274
-679.074
-489.543
-289.54
-94.496
631.756
572.947
487.388
348.467
133.88
493.994
451.111
385.455
275.022
104.449
5724.64
4412
4088.34
4144.19
4071.46
3373.6
2717.94
2209.77
1678.61
809.314
3985.14
3408.29
2930.7
2458.86
1309.71
2327.25
1963.36
1601.49
1187.59
548.318
3597.54
3020.4
2388.27
1630
625.378
3407.05
2629.97
2283.17
1855.54
862.967
1371.63
1172.42
930.102
622.962
227.366
-872.886
-719.025
-526.877
-317.013
-104.865
816.941
730.621
618.442
444.07
172.059
-25440.4
-41251.8
-20988.3
-33685.6
-22567.7
-47353.3
-27196.5
-59772.3
-16078.4
-11027.3
-18110.4
-11277.1
-14912.3
-9656.53
-18413.6
-9721.65
-20961.2
-15738.7
-30272.4
-21761.6
-17934.2
-14249.7
-25545.8
-19152
-14439.9
-14723.2
-11851
-11379
-13894.3
-13131.8
-35384.3
-9757.8
-13454.9
-5011.48
-43282.9
-11986
-12055.1
-4456.1
-26292.7
-8281.46
-13770
-5268.47
-23347.7
-7264.66
-10747.9
-4302.51
-13619.6
-4924.02
-10185.9
-4471.03
-11952.6
-4318.32
-10580.3
-5115.44
-9547.16
-3780.71
-12284.2
-4329.84
-4315.15
-1513.36
-9256.63
-6139.83
-7968.07
-4863.15
-8285.28
-6704.42
-7069.23
-5088.55
-8052.42
-4560.61
-9427.81
-5837.91
-5454.12
-3254.79
-2944.34
-1803.55
-4746.56
-3295.18
-2469.58
-1756.83
-5515.25
-2984.95
-3060.43
-1528.2
-7069.84
-3579.84
-4545.17
-5306.34
-8958.3
-6000.89
-6385.8
-8938.86
-4803.68
-2149.73
-2724.46
-3071.77
-2608.34
-1048.18
-1238.75
-1171.26
-10528.1
-12771.2
-5897.53
-14402.5
-10944.2
-12185.2
-6793.07
-14721.3
-11082.1
-11125.8
-8100.81
-14032.5
-7685.38
-6301.02
-8334.55
-9189.49
-9145.49
-8708.08
-9844.63
-11291.6
-12036.2
-17047.4
-5957.04
-6008.45
-6453.93
-7772.72
-12183.5
-12114.2
-8460.12
-15336.7
-11752.6
-11221.3
-8312.8
-15077.9
-11711.7
-9951.56
-7772.51
-14082.8
-11594.6
-7210.16
-5778.17
-7237.23
-5781.95
-7964.08
-6400.53
-8603.71
-7255.67
-12849.3
-11654.8
-6774.13
-5856.68
-6616.39
-5670.71
-7153.2
-6588.38
-8526.95
-8361.24
-11901.1
-12164.2
-6075.1
-4834.84
-4475.71
-5900.68
-7808.29
-10902.8
-5909.71
-10046.7
-4038.17
-5379.62
-5763.82
-4702.1
-752.671
-3893.75
-207.229
-1142.59
-2848.26
-6923.49
-610.696
-1919.9
-325.706
-3437.56
-112.293
-1064.78
-4123.07
-4122.9
-4739.13
-2829.4
-6381.04
-4946.37
-7664.11
-5013.65
-863.751
-2225.68
-2327.9
-1247.37
-1271.65
-1646.73
-1877.59
-1384.96
-5123.83
-1761.62
-6894.55
-2355.12
-5230.53
-1836.45
-7061.63
-2537.35
-5195.76
-1810.46
-7490.22
-2896.11
-3402.37
-948.356
-4101.23
-1582.57
-4533.21
-1769.06
-5385.31
-2047.16
-7901.44
-3157.55
-4347.28
-1303.24
-3700.54
-1855.1
-4371.57
-2116.25
-5885.99
-2600.47
-8163.62
-3094.43
-5918.29
-5624.86
-4273.75
-4328.43
-9571.02
-7420.12
-7651.67
-6437.4
-4219.63
-3856.85
-1691.83
-1306.99
-3998.91
-4014.2
-1556.42
-1651.61
-2820.13
-4718.03
-3451.77
-5063.1
-4030.92
-2384.16
-3027.82
-431.819
-6256.45
-1599.93
2354.45
491.047
-957.591
-223.881
284.894
734.695
-2933.9
-2378.59
-1064.07
-775.442
-3052.35
-2520.53
-1424.4
-834.81
-3393.93
-2958.15
-1887.97
-1103.28
-987.293
2.40625
725.184
1143.34
-5138.57
-5546.6
-3894.93
-3714.82
-6574.16
-6637.41
-5392.65
-4596.43
-2778.48
-3140.9
-4213.44
-4830.48
-2327.81
-2060.67
-974.815
-888.452
-3436.23
-2731.58
-1731.16
-1361.42
-1440.98
-1625.55
-305.712
-608.218
-2093.88
-1766.18
-2945.56
-2529.28
-3330.95
-3159.19
-4525.15
-4056.2
-827.928
-639.249
-1450.94
-1132.03
257.418
414.29
-387.85
-2.03925
-4461.07
-5860.24
-4181.29
-6433.31
-4429.01
-5762.78
-4298.53
-6453.98
-4567.36
-5260.67
-4505.77
-6151.53
-2974.04
-4565.1
-2838.97
-2921.55
-3523.6
-6946.4
-5291.27
-5366.69
-6067.63
-7083.39
-5531.49
-4906.32
-4525.68
-4647.31
-4356.07
-7188.29
-7477.12
-10047
-15357.7
-6711.13
-6703.41
-9659.12
-14624.5
-6021.99
-5948.09
-8942.37
-13424.3
-6836.48
-5331.68
-6492.49
-5088.18
-6145.52
-5105.56
-6806.14
-6573.29
-8227.37
-12486
-5585.69
-5339.59
-5076.91
-5203.35
-5039.97
-5473.04
-5776.8
-7072.59
-6242.49
-11371.5
-4208.31
-3220.69
-2856.39
-1283.83
-5578.11
-4991.2
-4297.82
-3239.14
-2500.61
-1367.25
-3841.97
-3402.43
-3257.71
-1172.3
-451.107
67.2353
-3538.54
-2384.9
-609.986
-367.334
-2839.71
-1098.97
-335.981
78.5594
-2689.02
-3163.49
-3242.97
-5992.06
-4121.71
-5003.91
-4647.94
-8379.74
-2433.1
-1966.12
-1737.42
-3565.47
12.4196
140.968
558.129
-261.052
-5381.67
-1577.14
-10495.3
-1248.13
-4998.21
-1664.04
-10167.2
-1286.6
-3803.85
-1039.67
-9288.49
-1124.69
-2968.94
-668.114
-2959.17
-709.992
-3505.17
-1094.64
-4081.38
-852.687
-8766.57
-1312.55
-4160.23
-829.801
-4150.62
-735.854
-4617.19
-1003.01
-5625.88
-970.686
-9177.7
-1174.07
-1111.06
-326.535
-17.8404
71.8358
-380.702
-102.221
6.35956
32.031
-1110.69
-291.319
19.8899
105.058
-295.136
-21.5593
62.3998
73.2614
-1155.65
-256.851
57.7823
142.372
-154.693
184.654
278.123
255.784
544.061
500.484
423.074
315.71
1043.37
770.3
565.392
398.586
-600.457
16.6604
207.446
229.019
-531.782
104.758
216.972
221.934
-1256.45
-240.567
81.4879
172.411
-1027.26
-60.2921
154.555
224.033
-2.9744
268.675
301.663
254.515
-87.0225
248.163
275.664
244.192
557.133
501.282
414.09
319.67
376.013
394.381
337.586
278.097
-1752.73
-506.997
-63.8784
85.951
-2185.92
-570.321
-108.02
85.7135
-1691.45
-457.78
-32.8042
109.314
-2100.35
-531.886
-92.0593
94.2715
-1591.79
-385.4
-4.50782
121.818
-1911.59
-463.459
-63.8598
114.511
-1115.37
-178.68
85.4903
176.401
-2001.93
-429.684
-28.2821
164.264
-1063.39
-94.6013
135.881
236.112
-2044.69
-429.425
-88.6513
56.0282
-894.126
-161.574
-30.7321
13.4488
-1913.55
-381.493
-64.7543
69.7187
-850.099
-145.868
-21.0768
21.1711
-1662.48
-292.792
-24.4079
90.4796
-732.501
-108.549
-1.08256
36.329
-1384.59
-213.108
7.48796
102.947
-611.625
-70.6108
21.7635
54.6526
-1056.77
-90.6385
70.4653
129.761
-352.518
16.2107
65.9405
83.8318
-536.972
88.3659
168.962
189.817
37.2904
215.282
187.916
171.809
-877.174
-39.9445
100.464
151.641
-110.288
127.913
129.094
128.208
-124.531
225.827
236.053
224.433
188.613
284.107
233.765
204.225
287.317
342.367
289.68
254.612
341.696
332.171
262.717
223.405
34.7904
19.7983
12.1867
8.19676
6.45726
17.7082
10.438
6.4746
4.36153
3.43695
63.6237
38.1312
23.8193
16.0805
12.6822
51.6266
31.7448
19.9547
13.4913
10.6403
98.6086
59.9354
37.6207
25.4337
20.0767
161.847
100.125
63.1535
42.744
33.7124
188.259
117.549
74.3737
50.3805
39.7702
242.919
150.976
95.3806
64.5675
50.9374
135.272
83.6533
52.7792
35.7274
28.1341
125.777
76.4271
48.0095
32.4697
25.4794
110.923
67.5285
42.4305
28.6957
22.648
125.796
75.1221
46.9852
31.7554
24.9534
157.382
98.3511
62.219
42.1464
33.2665
145.65
89.3017
56.2293
38.0478
29.9758
197.241
122.197
77.1062
52.1828
41.1751
164.519
100.974
63.5886
43.0186
33.9561
29.6979
15.6943
9.53538
6.39761
5.036
12.2058
6.08121
3.66391
2.45456
1.93062
47.0972
26.7833
16.5708
11.1633
8.80099
18.4553
10.0505
6.17886
4.15684
3.27575
65.1236
38.217
23.8203
16.0762
12.7014
38.7262
22.5212
14.0053
9.44575
7.44008
106.897
62.9644
39.2871
26.4952
21.1692
66.1984
38.8152
24.1873
16.3069
12.9858
130.425
76.9446
47.99
32.394
25.6714
-1619.82
-3056.11
-1672.41
-3063.65
-1804.84
-3075.61
-1968.27
-3146.33
-1897.5
-3157.17
-729.665
-1155.7
-1228.07
-1933
-361.584
-542.891
-103.2
-155.69
-7779.72
-1830.44
-414.706
-91.6966
-22.5506
-2104.08
-565.031
-148.981
-33.5531
-7.21768
-7637.56
-1788.29
-405.391
-88.9725
-22.0634
-2123.09
-624.41
-152.559
-35.1377
-8.64087
-7237.33
-1689.23
-382.416
-83.966
-20.8815
-2057.68
-602.573
-146.955
-33.7121
-8.32483
-6581.69
-1528.26
-345.753
-75.9968
-18.9567
-1978.01
-569.264
-137.415
-31.3109
-7.7087
-5508.03
-1274.32
-288.74
-63.606
-15.9049
-1845.26
-519.771
-124.522
-28.2891
-6.99013
-2644.79
-637.783
-146.665
-32.4369
-8.03845
-888.317
-253.961
-60.3553
-13.4369
-3.26499
-3910.84
-931.017
-212.684
-46.8762
-11.6459
-1313.04
-371.544
-89.1562
-20.2385
-5.01227
-1559.02
-378.966
-87.5092
-19.4414
-4.82284
-490.697
-146.24
-34.5215
-7.70108
-1.90263
-535.414
-129.501
-29.9881
-6.69614
-1.67196
-190.777
-51.3597
-11.155
-3.21948
-0.628549
204.564
-960.975
-4991.97
771.424
-6219.68
-2697.57
-6013.82
-2720.09
-10594.3
-5601.21
-11909
-6259.27
-150.525
-586.087
-917.248
-1078.9
-970.808
-412.369
-244.862
-904.089
-1366.59
-1503.7
-1210.13
-422.598
-128
-136.657
-471.364
-474.585
-672.21
-663.729
-648.647
-610.378
-582.497
-550.155
-463.575
-404.413
864.713
2269.91
3667.41
2590.1
2382.38
1144.73
830.305
2397.36
3862.3
4453.85
3704.29
1681.54
-135.923
-115.095
-87.3794
-54.5361
-18.5343
-529.828
-449.265
-341.58
-213.448
-72.5904
-829.163
-703.062
-534.544
-334.039
-113.605
-975.037
-826.496
-628.205
-392.482
-133.467
-876.974
-742.867
-564.122
-352.119
-119.67
-372.811
-315.209
-237.939
-147.243
-49.6955
-221.048
-187.128
-142.046
-88.654
-30.1309
-817.074
-692.656
-526.562
-329.043
-111.91
-1234.9
-1046.79
-795.807
-497.361
-169.177
-1358.26
-1150.96
-874.873
-546.815
-186.026
-1092.47
-925.244
-703.075
-439.42
-149.507
-381.824
-323.242
-245.027
-152.556
-51.742
-115.638
-97.9715
-74.4162
-46.4618
-15.793
-123.509
-104.69
-79.5584
-49.6912
-16.8942
-426.202
-361.468
-274.869
-171.773
-58.4187
-429.153
-364.007
-276.824
-173.006
-58.8397
-607.763
-515.411
-391.902
-244.898
-83.2858
-600.074
-508.873
-386.92
-241.782
-82.2257
-586.348
-497.096
-377.812
-235.989
-80.2328
-551.615
-467.547
-355.317
-221.945
-75.4629
-526.122
-445.433
-337.904
-210.644
-71.5208
-496.603
-420.29
-318.888
-198.918
-67.5806
-417.977
-352.538
-265.769
-164.476
-55.5489
-364.387
-307.511
-232.416
-144.399
-48.9247
775.947
656.894
503.765
320.121
110.575
2028.07
1711.85
1312.65
837.049
290.915
3245.54
2729.98
2105.87
1364.72
485.592
2277.14
1911.52
1478.71
963.178
343.863
2124.67
1786.75
1372.61
872.271
280.289
1049.68
897.757
695.398
439.389
135.392
744.759
629.185
480.463
303.662
104.435
2145.15
1809.39
1381.86
875.225
302.003
3439.38
2894.75
2216.18
1413.63
492.243
3944.31
3311.2
2541.11
1632.59
573.933
3280.83
2755.26
2117.47
1361.96
476.286
1503.18
1272.93
984.05
633.971
220.713
319.347
751.653
1075.96
1227.73
1105.94
549.318
477.828
1129.04
1572.97
1677.26
1337.42
506.284
261.606
249.654
599.274
582.82
787.42
760.235
742.829
683.154
663.836
558.915
600.18
444.803
-708.095
-2030.87
-3253.24
-2035.62
-1702.55
-399.684
-760.375
-2283.08
-3609.96
-4001.07
-3054.15
-907.38
289.093
245.549
187.017
117.026
39.829
680.134
577.376
439.507
274.906
93.5413
973.44
826.235
628.86
393.315
133.829
1110.63
942.578
717.354
448.647
152.656
1000.57
849.182
646.175
404.02
137.441
498.448
423.681
321.97
200.548
67.9742
432.528
367.365
279.806
175.105
59.6007
1021.44
867
659.957
412.827
140.484
1422.7
1207.31
918.888
574.801
195.614
1516.58
1286.7
979.283
612.681
208.545
1208.95
1025.5
780.499
488.423
166.293
458.508
389.355
296.17
184.964
62.8492
236.815
201.133
153.173
95.8372
32.6151
225.98
191.912
146.135
91.4238
31.1112
542.286
460.372
350.439
219.184
74.5779
527.389
447.713
340.79
213.14
72.5193
712.463
604.767
460.299
287.873
97.9452
687.835
583.834
444.35
277.892
94.5482
672.139
570.525
434.19
271.5
92.3631
618.024
524.51
399.153
249.607
84.922
600.799
509.967
387.947
242.418
82.4228
505.553
428.957
326.335
204.007
69.3933
543.763
461.635
350.688
218.557
74.1351
402.411
341.347
259.422
161.932
55.0123
-632.332
-532.979
-407.874
-259.383
-89.7764
-1809.28
-1523.46
-1167.26
-745.278
-259.604
-2863.6
-2398
-1847.37
-1200.61
-429.574
-1751.18
-1440.76
-1100.7
-715.784
-256.921
-1473.66
-1200.51
-898.041
-557.59
-167.225
-334.563
-252.074
-171.046
-90.429
-10.033
-681.073
-574.688
-438.657
-277.377
-95.4743
-2041.5
-1721.12
-1314.54
-833.147
-287.727
-3208.28
-2695.59
-2062.33
-1316.42
-459.046
-3524.69
-2944.66
-2253.76
-1448.45
-510.347
-2673.16
-2219.83
-1693.67
-1087.57
-380.581
-776.828
-630.277
-473.129
-301.727
-104.492
-1369.19
-883.954
-194.052
777.259
1092.19
1390.58
670.53
-10532
-1578.32
-3038.98
-1458.61
316.818
-3996.63
926.872
2597.42
1267.31
-5682.73
-2581.32
-363.337
-487.859
-3350.24
-1220.06
-198.852
-993.527
2318.69
1490.72
-467.635
-97.8094
-7533.38
-3553.37
-4133.68
-2008.81
-3544.43
-3192.33
-1029.32
1519.43
-304.58
-689.752
-504.375
-505.202
-697.682
-865.765
-561.637
-385.732
-298.666
-254.605
-148.888
-165.172
-137.07
-109.901
-76.7545
-28.9996
702.847
595.714
452.23
282.002
95.7873
986.355
834.997
633.367
394.746
133.98
1256.02
1063.67
807.35
503.597
171.034
606.065
511.314
383.992
235.736
78.9046
-7876.89
-7463.49
-7277.34
-8044.64
-9123.71
-1085.72
-866.832
-1150.88
-1433.69
-1064.64
-2210.4
-1748.23
-1674.71
-1612.35
-1066.85
-975.362
-708.218
-725.597
-709.016
-349.628
282.187
218.186
129.817
45.6482
0.55127
-3399.49
-2871.34
-2307.23
-1650.39
-697.943
836.373
697.147
510.339
300.865
95.0885
2275.28
1876.99
1403.61
873.953
298.082
1141.16
960.693
723.254
446.805
150.074
-4137.57
-4068.77
-3975.44
-4448.19
-5201.59
-1827.88
-1396.57
-1308.78
-1223.01
-765.018
-304.946
-296
-320.397
-308.451
-158.511
-408.471
-353.798
-316.389
-255.782
-114.757
-2849.71
-2378.13
-1910.33
-1356.57
-560.641
-1053.15
-892.427
-731.153
-523.848
-204.442
-156.163
-126.718
-110.059
-89.2549
-39.7364
-874.522
-739.228
-583.613
-392.014
-143.728
2078.13
1746.09
1317.17
818.358
277.064
1344.02
1132.98
852.884
526.202
176.883
-403.202
-344.94
-289.039
-212.614
-85.759
-77.0135
-70.365
-75.4637
-71.4078
-33.5369
-4748.87
-3524.92
-3372.23
-3702.33
-3992.52
-2641.27
-2053.95
-1670.17
-1322.3
-683.787
-2840.33
-2361.58
-2066.11
-1888.42
-1090.64
-1520.78
-1230.61
-1007.12
-797.801
-414.39
-3027.21
-2513.87
-1987.37
-1373.58
-538.166
-2268.72
-1575.46
-1433.08
-1311.07
-679.872
-894.074
-751.339
-597.861
-409.926
-154.206
1372.01
1159.18
875.229
541.83
182.7
-246.153
-212.159
-198.779
-169.96
-76.9958
-10.8632
27.8929
97.6713
146.015
124.794
31.1633
-18018.3
-15844.6
-15231.4
-17415.4
-13200
-10488.9
-12025.6
-9201.3
-15517.2
-13537
-14248.9
-13348
-12532.8
-10688.5
-13132.1
-14840.9
-13213.4
-12286.3
-13896
-11138.1
-9472.25
-10098.2
-8164.71
-13902.1
-12269
-12777.2
-11577.4
-11081.8
-10385.4
-10632.2
-11668.1
-10663.2
-9795.23
-10732.3
-9278.18
-7991.79
-8495.65
-7355.62
-11635.1
-10467.5
-10810.3
-9780.39
-9416.47
-8736.11
-8892.79
-8168.83
-7672.13
-6990.87
-7415.27
-6899.15
-6203.05
-6380.13
-5879.32
-8369.12
-8374.91
-7884.21
-7885.77
-7033.72
-6368.77
-7010.65
-5239.13
-5001.48
-4543.4
-4740.62
-4638.78
-4208.02
-4249.38
-3946.75
-5547.27
-5478.54
-5294.53
-5120.05
-4820.61
-4363.05
-4667.24
-1889.86
-1820.96
-1653.36
-1712.04
-1718.37
-1610.19
-1565.44
-1465.34
-2115.51
-2082.5
-1970.3
-1853.73
-1815.3
-1670.2
-1766.8
-7302.63
-7226.25
-10481.5
-11288.9
-6970.47
-6263.69
-9277.62
-7632.85
-6038.7
-4976.69
-6034.1
-4958.91
-6140.43
-5862.68
-5043.01
-7364.53
-7021.62
-9395.86
-10242.1
-6579.44
-6029.05
-8239.34
-7176.91
-6187.65
-4760.74
-6094.27
-4922.64
-5666.04
-5458.84
-5207.88
-6873.94
-6585.84
-8074.11
-8645.51
-6239.65
-5863.11
-7284.4
-6520.87
-5428.54
-5356.99
-5404.64
-5493.28
-5111.41
-5066.01
-5536.01
-5740.25
-5552.76
-6179.7
-6476.99
-5302.26
-4999.37
-5761.29
-5308.52
-5375.06
-5100.43
-5279.52
-5271.89
-4977.98
-4872.04
-5175.64
-4075.43
-3962.02
-4159.3
-4309.81
-3699.91
-3447.08
-3939.22
-3644.36
-3922.68
-4030.02
-3822.09
-4081.86
-3588.83
-3461.3
-3768.7
-1540.45
-1497.78
-1535.52
-1584.15
-1390.68
-1285.01
-1461.13
-1353.61
-1328.82
-1506.46
-1396.42
-1558.97
-1349.45
-1286.03
-1394.08
)
;

boundaryField
{
    patch1
    {
        type            calculated;
        value           nonuniform List<scalar> 
2440
(
0
0
4381.22
1540.31
-985.1
897.048
-3192.52
-1029.39
1519.46
-304.632
0
0
4380.97
1540.2
-985.1
896.949
-3192.33
-1029.32
1519.43
-304.58
0
0
0
0
0
0
0
0
-895.771
0
0
0
0
0
0
0
0
2266.43
1689.41
495.778
-521.607
-831.03
-999.371
-329.481
12631.8
2946.36
4130.95
2637.2
-226.384
-95.2141
2949.04
-1501.03
-872.296
-1165.72
-605.133
6928.51
3664.78
1217.87
1025.36
3692.24
2018.59
628.052
1395.64
-1598.43
-951.733
680.451
528.758
8563.62
4317.83
5254.17
2849.03
4151.22
384.248
-128.006
-136.663
-471.382
-474.602
-672.234
-663.752
-648.669
-610.399
-582.514
-550.172
-463.583
-404.424
261.613
249.661
599.293
582.839
787.445
760.26
742.852
683.177
663.855
558.933
600.195
444.815
-1369.23
-884.004
-194.076
777.273
1092.21
1390.61
670.534
-10532.6
-1578.58
-3039.22
-1458.72
316.792
-3996.79
926.876
2597.46
1267.34
-5683.01
-2581.51
-363.429
-487.919
-3350.39
-1220.16
-198.885
-993.59
2318.75
1490.75
-467.677
-97.8438
-7533.63
-3553.51
-4133.85
-2008.91
-3544.59
0
0
0
0
0
0
0
0
-891.895
0
0
0
0
0
0
0
0
2266.4
1689.37
495.735
-521.604
-831.016
-999.354
-329.5
12631
2945.88
4130.57
2636.82
-226.536
-95.3272
2948.78
-1501.15
-872.369
-1165.82
-605.137
6928.19
3664.51
1217.66
1025.24
3692.03
2018.44
627.998
1395.54
-1598.42
-951.743
680.356
528.678
8563.38
4317.68
5253.97
2848.91
4151.03
383.26
-128
-136.657
-471.364
-474.585
-672.21
-663.729
-648.647
-610.378
-582.497
-550.155
-463.575
-404.413
261.606
249.654
599.274
582.82
787.42
760.235
742.829
683.154
663.836
558.915
600.18
444.803
-1369.19
-883.954
-194.052
777.259
1092.19
1390.58
670.53
-10532
-1578.32
-3038.98
-1458.61
316.818
-3996.63
926.872
2597.42
1267.31
-5682.73
-2581.32
-363.337
-487.859
-3350.24
-1220.06
-198.852
-993.527
2318.69
1490.72
-467.635
-97.8094
-7533.38
-3553.37
-4133.68
-2008.81
-3544.43
0
0
12.8985
25.5874
12.98
25.6591
31.1625
0
0
0
0
0
0
12.9028
25.5927
12.9858
25.6714
31.1633
0
0
0
0
0
1203.15
1353.13
1326.69
1629.64
54.009
127.846
-47.4042
42.5113
860.354
432.727
2181.81
2530.35
-292.741
-239.538
750.499
779.378
0
0
0
0
0
0
0
0
0
0
0
0
0
0
0
0
0
0
0
0
0
0
0
0
0
0
0
0
0
0
0
0
0
223.553
76.8147
233.521
83.1978
243.587
96.5467
236.844
107.554
241.552
124.663
264.065
196.141
243.86
160.441
277.028
220.857
271.983
228.836
6.76776
3.6361
12.7225
10.6699
20.1099
33.7783
39.7805
50.9348
28.2321
25.6532
22.6764
25.0742
33.2777
30.0369
41.153
33.9268
5.22414
2.00395
8.84692
3.3012
12.7272
7.48473
20.9491
21.9751
5.96655
21.5595
7.44111
20.4957
7.1933
18.728
6.70936
15.8211
6.17043
8.05662
3.10291
11.664
4.55776
4.83166
1.87154
1.66492
0.611645
-66.0623
-11.4877
-1590.57
-302.487
4863.05
4625.66
2609.21
2486.93
4574.81
5525.68
544.481
-493.579
-759.199
-1150.77
-1441.03
455.045
345.188
255.278
192.041
-837.81
-426.28
-2104.66
-2327.74
351.568
258.753
-655.497
-737.618
-0.220222
0.0194734
0
0
0
0
0
0
0
0
0
0
0
0
0
0
0.445331
-0.221072
0
0
0
0
0
0
0
0
0
0
0
0
0
0
56.0732
13.47
69.7541
21.1838
90.4538
36.3168
102.903
54.6238
129.698
83.7861
189.737
171.731
151.572
128.143
224.35
204.146
254.533
223.334
6.72265
3.60848
12.6676
10.6289
20.0632
33.6961
39.7568
50.9238
28.1208
25.4667
22.6359
24.9402
33.255
29.9649
41.1643
33.9472
5.18548
1.98317
8.7976
3.27638
12.6945
7.43596
21.1608
-22.8668
-6.21519
-22.368
-7.75665
-21.1497
-7.48237
-19.1909
-6.94835
-16.0931
-6.34818
-8.11298
-3.1654
-11.7923
-4.66387
-4.8548
-1.90335
-1.67963
-0.638008
342.972
-651.876
1553.29
240.979
275.282
751.637
452.269
-0.623861
-0.160078
-0.154267
-0.693486
0
0
0
0
0
0
0
0
0
0.713452
0.237544
0.386192
0.797584
0
0
0
0
0
0
0
0
0
0
1203.04
1353.17
1326.75
1629.58
54.0422
127.825
-47.3844
42.4696
860.378
432.678
2181.78
2530.23
-292.749
-239.58
750.489
779.363
0
0
0
0
0
0
0
0
0
0
0
0
0
0
0
0
0
0
0
0
0
0
0
0
0
0
0
0
0
0
0
0
0
224.13
77.2235
233.302
83.0977
243.527
96.4923
236.822
107.518
241.548
124.637
264.097
196.149
243.875
160.428
277.078
220.889
272.05
228.89
6.49904
3.45895
12.7297
10.6742
20.1147
33.7796
39.7847
50.9441
28.2338
25.6528
22.6794
25.074
33.2831
30.0404
41.1619
33.9346
5.07874
1.9533
8.84774
3.30032
12.73
7.48515
20.9586
21.9513
6.01666
21.5374
7.42073
20.4895
7.18796
18.7239
6.70642
15.819
6.16869
8.05648
3.1024
11.6632
4.55683
4.83175
1.87135
1.66497
0.611584
-58.9811
-5.2781
-1580.03
-464.657
4867.96
4652.21
2620.11
2493.16
4588.61
5498.89
269.23
-493.522
-759.361
-1150.96
-1441.02
454.868
345.07
255.091
191.908
-837.961
-426.356
-2104.72
-2327.8
351.427
258.676
-655.648
-737.723
-0.217491
0.0212736
0
0
0
0
0
0
0
0
0
0
0
0
0
0
0.446745
-0.220817
0
0
0
0
0
0
0
0
0
0
0
0
0
0
56.0282
13.4488
69.7187
21.1711
90.4796
36.329
102.947
54.6526
129.761
83.8318
189.817
171.809
151.641
128.208
224.433
204.225
254.612
223.405
6.45726
3.43695
12.6822
10.6403
20.0767
33.7124
39.7702
50.9374
28.1341
25.4794
22.648
24.9534
33.2665
29.9758
41.1751
33.9561
5.036
1.93062
8.80099
3.27575
12.7014
7.44008
21.1692
-22.846
-6.26843
-22.347
-7.73609
-21.145
-7.47752
-19.188
-6.94595
-16.0918
-6.34691
-8.11306
-3.16513
-11.792
-4.66328
-4.85499
-1.90332
-1.67975
-0.638056
345.535
-655.408
1554.24
239.275
300.533
787.086
439.565
-0.625772
-0.160087
-0.154264
-0.699778
0
0
0
0
0
0
0
0
0
0.711147
0.237581
0.386229
0.790936
0
0
0
0
0
0
0
0
0
11652
13240.1
0
11651.1
13236.3
0
0
0
0
0
0
0
0
0
6529.95
11754.2
7731.97
11569.6
8899.56
10518.1
11273.8
13937.7
8098.76
13488
11920.7
12359.5
11376.8
10742.7
10383.4
9412.6
5669.43
1762.32
9023.31
5611.66
1875.95
8320.55
5148.96
1678.61
0
0
0
0
0
0
0
0
12410.2
10070.9
12448
10156.3
12885.9
10196.7
13927.7
14571.9
13062.6
9829.21
9730.98
9748.82
9248.83
9589.54
8592.95
6987.98
2907.19
829.367
6832.09
3056.17
927.352
6014.81
2864.94
745.394
-19.3706
-119.039
-126.176
273.575
937.781
317.954
817.191
85.964
8.67349
-3.17202
-50.8261
-217.598
-622.551
-1093.58
-333.545
-846.607
-81.6304
8.04112
0
0
0
0
0
0
0
0
6488.36
11746.2
7733.65
11565.9
8899.61
10517.1
11272.9
13935.8
8098.31
13506.9
11950.7
12353.1
11371.9
10740.2
10380.2
9435.68
5680.74
1769.42
9019.84
5610.45
1875.76
8318.23
5147.73
1678.27
0
0
0
0
0
0
0
0
12433.7
10078.3
12441
10155.7
12879.2
10193.8
13923.3
14568.6
13058.1
9834.65
9745.05
9746.46
9248.25
9587.49
8591.28
7001.5
2917.04
832.976
6830.02
3056.29
927.438
6013.51
2864.48
745.361
-14.8938
-122.682
-127.605
272.88
937.444
317.882
817.034
85.9177
8.62612
-3.51457
-47.9596
-216.786
-622.231
-1093.49
-333.596
-846.615
-81.6938
7.98386
13931.7
13512.5
58.6454
33.4637
20.6295
13.8462
10.8861
97.8926
57.961
36.0229
24.2266
19.0477
3197.15
1731.16
13928.5
12328.8
-2317.92
9.44982
55.3165
32.7004
20.3856
13.7519
10.8598
97.268
57.314
35.7368
24.1143
19.1483
0
0
0
0
0
10156.8
7912.22
8945.35
7653.83
9454.2
8225.03
5072.16
2662.45
691.646
6101.64
3980.75
1389.65
7028.01
4848.08
1671.95
-3701.2
-1855.34
-4372.13
-2116.46
-5886.36
-2600.62
-8163.7
-3094.51
3394.13
1659.76
2727.65
1812.1
782.004
551.027
403.566
282.552
1135.56
800.057
570.44
397.878
164.477
102.085
64.4809
43.6581
34.4515
241.404
149.717
94.5264
63.9788
50.4709
270.123
657.83
927.27
1010.84
1089.85
1313.39
244.5
207.63
158.096
98.9034
33.6557
595.248
505.306
384.619
240.549
81.8444
838.909
712.027
541.901
338.9
115.307
914.257
775.779
590.342
369.2
125.624
985.245
835.673
635.81
397.671
135.334
1186.27
1005.44
764.797
478.488
162.906
1659.81
1481.14
1242.83
941.455
590.546
202.217
5613.19
3999.06
1496.39
6437.34
4747.82
1726.87
8027.5
5603.31
1986.8
10401.6
6402.44
2254.53
-1768.95
435.023
-436.19
920.604
10592.2
7579.48
10472.8
7609.47
9005.97
7711.1
4703.3
2358.92
505.063
4773.39
2333.93
548.835
5258.96
2585.13
701.729
838.767
561.823
384.91
279.239
1079.65
777.986
549.105
389.741
168.664
103.434
64.9021
43.793
34.492
241.518
150.134
94.7285
64.0601
50.4945
-1525.47
-1324.56
-1076.12
-789.082
-482.379
-162.869
-156.735
-546.044
-820.598
-918.481
-1059.63
-1229.24
-141.671
-120.102
-91.2848
-57.0227
-19.3881
-493.771
-418.819
-318.513
-199.064
-67.7028
-741.841
-629.049
-478.274
-298.866
-101.64
-829.755
-703.062
-534.195
-333.671
-113.457
-956.071
-808.983
-613.951
-383.208
-130.262
-1106.46
-933.859
-707.244
-440.919
-149.822
13930.3
12329.9
-2325.91
2.42301
55.2824
32.68
20.3725
13.7428
10.8532
97.2135
57.2826
35.7169
24.1003
19.1395
0
0
0
0
0
13929.1
13509.1
58.6306
33.4592
20.6288
13.8464
10.887
97.8786
57.9563
36.0225
24.2272
19.0525
3199.23
1735.29
7670.29
49121
7611.78
35724.6
7337.44
29627.1
7623.49
26453.8
10696.1
6078.35
1979.2
10566.3
6094.95
1977.77
10362.9
6151.91
2047.08
10304.4
6354.82
2226.3
10402.5
6403.3
2254.89
139.068
40.2109
-410.873
129.135
-1031.42
1335.44
-25.3721
24.0155
903.841
911.324
84.993
44.6802
26.8114
17.171
496.675
265.718
162.182
103.446
17.6299
6.19538
2.78278
1.80021
136.941
49.5588
23.4965
15.3696
287.676
114.02
57.4026
38.5981
332.214
166.25
92.0227
64.3563
234.858
193.457
127.342
97.8025
240.98
253.997
206.625
177.531
138.011
204.034
161.43
136.835
331.236
300.894
243.755
208.952
409.648
337.22
265.211
225.417
10.7348
6.66186
4.19104
2.82733
2.22592
67.5869
41.8766
26.3361
17.7672
13.9886
118.187
69.5516
43.1726
29.0469
22.8717
102.614
60.9485
37.9413
25.5359
20.1
144.552
86.8008
54.1977
36.5345
28.7799
164.879
100.769
63.3282
42.789
33.7333
1.84759
1.14658
0.718858
0.484122
0.380944
15.2156
9.16535
5.70378
3.83426
3.0157
38.9488
23.1622
14.3812
9.66642
7.60526
290.078
211.651
217.868
387.538
1234.07
476.986
1234.88
87.0557
8.79624
193.183
52.665
13.3966
2.99835
0.476661
189.23
56.6936
13.9118
3.29029
0.578781
191.52
57.1575
14.269
3.24053
0.59546
259.8
68.6537
16.2922
3.64877
0.716285
405.823
88.0359
18.6839
3.9107
0.778851
129.162
25.7612
4.80078
0.7961
-0.00419444
272.911
51.9194
10.3771
2.1268
0.388777
30.7149
9.63442
1.49674
0.24855
-0.0199111
44.8948
7.16901
0.212223
0.904027
-0.0125197
3289.92
4105.79
1702.44
2297.45
1826.14
2152.3
952.8
986.08
-1305.66
-3682.9
-2553.18
-1748.26
-1165.3
-974.584
-732.417
-454.542
-154.238
-1720.58
-1088.39
-681.484
-493.35
-253.105
-1667.06
-974.292
-571.668
-303.741
-101.944
-1473.69
-1162.94
-833.393
-503.027
-169.406
-6896.67
-2355.48
-7062.67
-2538.08
-7490.7
-2896.38
-7901.65
-3157.67
-8163.7
-3094.51
44.1456
47.6641
880.341
303.342
1559.16
-192.375
187.324
158.593
74.1699
171.559
37.9097
30.3376
21.6925
15.7272
236.491
189.093
127.349
92.6889
0.122254
2.3505
1.92784
1.56185
9.28491
21.2657
16.4935
13.2135
77.0834
65.1517
44.8533
34.8946
255.939
133.961
82.5607
62.2955
498.776
216.578
127.322
97.1028
593.339
340.687
224.965
179.947
656.779
298.963
179.836
139.431
515.656
356.305
255.426
209.84
445.49
354.34
269.537
225.931
10.5355
6.57607
4.14999
2.80758
2.21432
66.7233
41.4323
26.1244
17.6742
13.9398
113.104
68.2657
42.8099
28.9395
22.7232
101.329
60.2793
37.6641
25.4458
20.0232
140.581
85.6951
53.8801
36.4447
28.7063
164.081
100.449
63.2199
42.7628
33.7518
1.8373
1.12939
0.709178
0.478951
0.377047
14.824
9.00298
5.63628
3.80443
2.99363
38.0132
22.7711
14.2166
9.59468
7.5345
-337.14
-370.512
-485.108
-621.933
-1274.14
-471.397
-1180.46
-76.72
10.7383
-212.289
-56.8001
-14.3099
-3.17128
-0.503075
-234.701
-65.6977
-15.5987
-3.6054
-0.634789
-262.846
-71.0507
-16.8369
-3.71035
-0.685279
-327.045
-83.0019
-19.1431
-4.20131
-0.831782
-442.509
-98.8066
-21.1556
-4.42589
-0.894643
-131.9
-27.8887
-5.55002
-1.00073
-0.0531106
-282.91
-57.3538
-11.9091
-2.48663
-0.47848
-29.2352
-10.0529
-1.7824
-0.349264
-0.0102543
-40.4746
-6.73037
-0.268133
-0.955903
-0.013141
-282.991
-1018.29
-1554.99
-1754.97
-1481.05
-638.792
766.482
2573.66
4404.78
5469.92
4802.88
2170.92
-255.534
-216.388
-164.306
-102.571
-34.8654
-920.321
-780.221
-593.16
-370.675
-126.072
-1405.1
-1191.03
-905.473
-565.915
-192.501
-1584.95
-1342.88
-1020.74
-638.051
-217.088
-1336.31
-1131.39
-859.853
-537.717
-183.055
-575.464
-486.693
-369.91
-231.603
-78.9531
688.744
581.623
442.354
277.728
94.9723
2303.19
1940.9
1478.77
933.597
321.338
3916.74
3291.21
2516.21
1604.21
559.073
4820.45
4035.72
3100.79
2004.69
712.569
4198.36
3505.35
2707.35
1773.78
642.764
1904.51
1598.97
1242.7
818.889
298.31
516.165
1244.88
1764.68
1930.3
1598.88
678.023
-796.705
-2607.24
-4319.81
-5146.43
-4209.68
-1403.66
467.207
396.793
302.198
189.106
64.3642
1126.2
955.894
727.602
455.132
154.879
1596.01
1354.32
1030.76
644.786
219.435
1745.08
1480.39
1126.69
704.972
239.985
1444.45
1224.79
932.255
583.682
198.827
611.75
518.33
394.67
247.446
84.4144
-717.161
-606.871
-462.49
-290.813
-99.5244
-2337.14
-1973.43
-1506.58
-952.688
-328.203
-3844.26
-3234.09
-2476.44
-1581.58
-551.953
-4526.99
-3785.38
-2909.44
-1885.03
-672.101
-3648.43
-3024.66
-2330.13
-1531.77
-559.179
-1185.35
-963.27
-737.804
-490.933
-183.736
1430.48
0
1982.91
1288.16
1089.09
827.649
518.245
176.713
0
0
0
0
0
1754.29
1462.52
1105.81
695.737
239.5
7665.69
49131.2
7596.54
35721.1
7306.09
29610.9
7601.64
25879
10700.4
6085.9
1981.79
10563.2
6093.2
1977.43
10361.1
6150.61
2046.7
10303.2
6353.83
2225.95
10401.6
6402.44
2254.53
119.668
48.6103
-410.438
95.6781
-1021.82
1342.95
-14.2686
22.2021
878.007
903.518
72.0071
37.8087
22.6997
14.5245
494.195
264.741
161.619
102.993
15.7339
5.46336
2.43878
1.57524
135.494
49.2111
23.3569
15.2732
287.293
113.853
57.3217
38.5448
332.009
166.122
91.9503
64.3063
234.76
193.375
127.287
97.7614
241.031
254.013
206.628
177.531
137.999
204.001
161.401
136.81
331.345
300.958
243.794
208.979
409.802
337.327
265.281
225.47
9.0484
5.60343
3.52164
2.37465
1.86907
67.3345
41.7537
26.266
17.7208
13.952
118.19
69.5542
43.1756
29.0497
22.8713
102.605
60.9459
37.9418
25.5374
20.1002
144.566
86.8093
54.204
36.5395
28.7829
164.91
100.787
63.3398
42.7975
33.7409
1.55154
0.956721
0.598229
0.402379
0.316366
15.1591
9.14886
5.69581
3.82893
3.01128
38.9266
23.1559
14.3796
9.66587
7.60423
292.751
207.579
216.834
386.983
1233.75
476.913
1234.7
87.0141
8.75775
194.448
53.3061
13.4567
3.01732
0.488028
186.676
55.9297
13.7324
3.24413
0.567859
191.107
57.0278
14.2318
3.23114
0.593272
259.572
68.5801
16.2692
3.64239
0.714581
405.676
87.9875
18.6683
3.90603
0.777491
129.116
25.7443
4.79511
0.794284
-0.00483781
272.824
51.8897
10.3673
2.12365
0.387754
30.6883
9.62473
1.4936
0.247669
-0.0201858
44.8788
7.16358
0.210622
0.903692
-0.0126104
3289.41
4105.46
1703.7
2299.36
1825.01
2151.18
897.761
927.415
-1305.62
-3683.03
-2553.24
-1748.25
-1165.27
-974.557
-732.396
-454.529
-154.233
-1720.67
-1088.47
-681.565
-493.424
-253.125
-1667.1
-974.336
-571.707
-303.77
-101.953
-1473.68
-1162.93
-833.384
-503.021
-169.404
-6894.55
-2355.12
-7061.63
-2537.35
-7490.22
-2896.11
-7901.44
-3157.55
-8163.62
-3094.43
20.7364
21.0501
902.746
339.992
1561.14
-188.392
149.58
132.021
96.1276
177
31.7082
25.5206
18.2501
13.2481
238.144
189.689
127.573
92.638
-0.510173
1.90457
1.63561
1.34627
10.862
21.5009
16.5331
13.2035
77.5382
65.3022
44.8964
34.9111
256.196
134.107
82.6249
62.332
498.955
216.718
127.403
97.1582
593.515
340.837
225.072
180.03
656.941
299.105
179.933
139.503
515.843
356.455
255.532
209.923
445.672
354.476
269.631
226.004
8.88076
5.54153
3.49648
2.36539
1.86564
66.5985
41.3611
26.0812
17.6453
13.9172
113.153
68.2941
42.8275
28.9513
22.7343
101.381
60.3093
37.6829
25.4582
20.0337
140.632
85.7243
53.8983
36.4571
28.717
164.127
100.475
63.2363
42.7742
33.7608
1.53901
0.944779
0.592968
0.400432
0.31542
14.8185
9.00448
5.6379
3.80561
2.99445
38.0385
22.7875
14.2273
9.60179
7.54015
-337.4
-367.514
-484.569
-621.687
-1274.04
-471.433
-1180.45
-76.7698
10.6906
-213.124
-57.3917
-14.3577
-3.1884
-0.514365
-232.167
-64.9078
-15.4111
-3.5572
-0.623417
-262.576
-70.9387
-16.8019
-3.70145
-0.683175
-326.948
-82.9555
-19.1253
-4.19594
-0.830267
-442.47
-98.7856
-21.146
-4.42244
-0.893518
-131.902
-27.8858
-5.5479
-0.999734
-0.0526587
-282.895
-57.3442
-11.9041
-2.48454
-0.47768
-29.2458
-10.0536
-1.78192
-0.348999
-0.0101332
-40.4916
-6.73385
-0.268719
-0.956053
-0.0131605
-282.978
-1018.25
-1554.93
-1754.9
-1481
-638.768
766.453
2573.57
4404.62
5469.71
4802.71
2170.85
-255.523
-216.378
-164.298
-102.567
-34.8637
-920.286
-780.191
-593.138
-370.661
-126.067
-1405.05
-1190.99
-905.439
-565.893
-192.494
-1584.89
-1342.83
-1020.71
-638.027
-217.08
-1336.26
-1131.35
-859.821
-537.697
-183.048
-575.442
-486.675
-369.896
-231.594
-78.9499
688.718
581.6
442.337
277.716
94.9683
2303.1
1940.82
1478.7
933.556
321.324
3916.58
3291.07
2516.1
1604.14
559.047
4820.26
4035.55
3100.66
2004.6
712.536
4198.2
3505.21
2707.24
1773.71
642.738
1904.45
1598.93
1242.66
818.868
298.303
516.15
1244.84
1764.63
1930.23
1598.83
678
-796.677
-2607.14
-4319.65
-5146.23
-4209.5
-1403.59
467.193
396.781
302.189
189.101
64.3623
1126.17
955.863
727.578
455.117
154.873
1595.96
1354.28
1030.72
644.764
219.428
1745.02
1480.34
1126.65
704.948
239.977
1444.4
1224.75
932.222
583.661
198.82
611.729
518.312
394.656
247.438
84.4113
-717.136
-606.848
-462.473
-290.802
-99.5207
-2337.05
-1973.35
-1506.53
-952.651
-328.19
-3844.11
-3233.96
-2476.34
-1581.51
-551.93
-4526.8
-3785.21
-2909.3
-1884.95
-672.07
-3648.26
-3024.51
-2330.01
-1531.69
-559.149
-1185.28
-963.201
-737.745
-490.891
-183.721
1430.44
0
1982.86
1288.13
1089.06
827.625
518.23
176.708
0
0
0
0
0
1754.25
1462.49
1105.78
695.719
239.494
5614.08
3999.73
1496.65
6438.34
4748.6
1727.17
8028.52
5604.16
1987.14
10402.5
6403.3
2254.89
-1774.1
434.155
-441.044
918.914
10593.9
7580.57
10475
7610.77
9008.14
7712.49
4704.02
2359.35
505.203
4774.18
2334.36
548.97
5259.84
2585.58
701.857
838.778
561.832
384.909
279.24
1079.16
777.764
548.988
389.682
168.67
103.434
64.9
43.7904
34.4893
241.489
150.115
94.7147
64.0497
50.4855
-1525.5
-1324.58
-1076.14
-789.096
-482.388
-162.873
-156.742
-546.064
-820.627
-918.512
-1059.67
-1229.28
-141.677
-120.108
-91.2888
-57.0252
-19.389
-493.789
-418.835
-318.525
-199.072
-67.7054
-741.867
-629.071
-478.292
-298.877
-101.643
-829.784
-703.086
-534.214
-333.683
-113.461
-956.104
-809.01
-613.973
-383.222
-130.267
-1106.49
-933.889
-707.268
-440.933
-149.827
10155.5
7911.26
8944.33
7652.82
9453.14
8223.75
5071.42
2661.97
691.482
6100.74
3980.13
1389.44
7026.81
4847.27
1671.67
-3700.54
-1855.1
-4371.57
-2116.25
-5885.99
-2600.47
-8163.62
-3094.43
3396.52
1661.54
2731.02
1814.09
782.922
551.492
403.813
282.674
1136.48
800.518
570.687
398.009
164.535
102.12
64.5029
43.6733
34.4635
241.47
149.756
94.551
63.996
50.4845
270.115
657.808
927.239
1010.81
1089.82
1313.35
244.493
207.624
158.091
98.9005
33.6548
595.228
505.289
384.606
240.541
81.8418
838.882
712.003
541.883
338.889
115.303
914.227
775.753
590.323
369.187
125.62
985.213
835.646
635.789
397.658
135.33
1186.23
1005.41
764.773
478.472
162.901
1659.77
1481.11
1242.8
941.43
590.53
202.211
)
;
    }
    patch2
    {
        type            calculated;
        value           nonuniform List<scalar> 
348
(
-10.8642
-10.8632
863.031
227.384
-104.865
172.077
-679.907
-154.217
182.703
-77.0047
862.967
227.366
-104.865
172.059
-679.872
-154.206
182.7
-76.9958
1096.31
310.386
70.8985
-59.4569
-96.4702
-117.063
-27.6083
8600.72
1416.7
1227.4
670.969
117.235
89.4864
613.905
23.4843
-28.744
-12.9261
-62.4843
5105.34
933.692
320.749
203.76
589.372
335.613
103.687
203.107
-161.343
-94.4938
133.897
104.462
4071.65
809.347
1309.77
548.345
625.415
-18.5353
-72.5932
-113.61
-133.472
-119.674
-49.6963
-30.1323
-111.914
-169.184
-186.033
-149.513
-51.7436
-15.7938
-16.8949
-58.4209
-58.8419
-83.2889
-82.2287
-80.2356
-75.4656
-71.523
-67.5828
-55.5498
-48.926
110.581
290.93
485.617
343.877
280.295
135.388
104.44
302.017
492.266
573.958
476.303
220.717
39.8301
93.5443
133.833
152.661
137.445
67.9757
59.6024
140.489
195.621
208.553
166.298
62.8509
32.616
31.1121
74.5802
72.5216
97.9484
94.5513
92.3661
84.9247
82.4252
69.3955
74.1367
55.0138
-89.7814
-259.616
-429.596
-256.938
-167.243
-10.0448
-95.4788
-287.74
-459.067
-510.373
-380.604
-104.504
-865.84
-148.914
-29.0034
95.7889
133.984
171.039
78.9046
-9123.91
-1064.66
-1066.88
-349.643
0.547308
-697.966
95.0887
298.088
150.077
-5201.74
-765.049
-158.524
-114.766
-560.664
-204.459
-39.7422
-143.738
277.071
176.886
-85.7651
-33.5421
-3992.67
-683.829
-1090.71
-414.418
-538.194
1096.31
310.389
70.8918
-59.4567
-96.4686
-117.061
-27.6113
8600.17
1416.56
1227.29
670.875
117.203
89.4664
613.844
23.4607
-28.7569
-12.9439
-62.4855
5105.06
933.62
320.71
203.738
589.327
335.587
103.678
203.09
-161.343
-94.496
133.88
104.449
4071.46
809.314
1309.71
548.318
625.378
-18.5343
-72.5904
-113.605
-133.467
-119.67
-49.6955
-30.1309
-111.91
-169.177
-186.026
-149.507
-51.742
-15.793
-16.8942
-58.4187
-58.8397
-83.2858
-82.2257
-80.2328
-75.4629
-71.5208
-67.5806
-55.5489
-48.9247
110.575
290.915
485.592
343.863
280.289
135.392
104.435
302.003
492.243
573.933
476.286
220.713
39.829
93.5413
133.829
152.656
137.441
67.9742
59.6007
140.484
195.614
208.545
166.293
62.8492
32.6151
31.1112
74.5779
72.5193
97.9452
94.5482
92.3631
84.922
82.4228
69.3933
74.1351
55.0123
-89.7764
-259.604
-429.574
-256.921
-167.225
-10.033
-95.4743
-287.727
-459.046
-510.347
-380.581
-104.492
-865.765
-148.888
-28.9996
95.7873
133.98
171.034
78.9046
-9123.71
-1064.64
-1066.85
-349.628
0.55127
-697.943
95.0885
298.082
150.074
-5201.59
-765.018
-158.511
-114.757
-560.641
-204.442
-39.7364
-143.728
277.064
176.883
-85.759
-33.5369
-3992.52
-683.787
-1090.64
-414.39
-538.166
8471.65
2153.4
562.586
8295.65
2207.94
598.622
7907.61
2196.23
513.124
7672.88
2088.07
338.215
8168.12
1856.96
442.019
-10498.3
-1243.38
-10173.9
-1291.22
-9288.93
-1125.49
-8766.67
-1312.73
-9177.82
-1174.11
8483.41
2167.29
566.141
8292.61
2205.64
598.654
7906.75
2195.36
512.94
7672.25
2087.64
338.073
8167.55
1856.73
441.941
-10495.3
-1248.13
-10167.2
-1286.6
-9288.49
-1124.69
-8766.57
-1312.55
-9177.7
-1174.07
)
;
    }
    patch3
    {
        type            calculated;
        value           nonuniform List<scalar> 
96
(
-150.532
-586.109
-917.281
-1078.94
-970.84
-412.377
-244.873
-904.124
-1366.64
-1503.75
-1210.17
-422.61
864.757
2270.01
3667.56
2590.2
2382.46
1144.75
830.342
2397.46
3862.45
4454.02
3704.43
1681.58
319.356
751.677
1076
1227.77
1105.97
549.331
477.841
1129.08
1573.02
1677.32
1337.46
506.299
-708.13
-2030.96
-3253.38
-2035.72
-1702.64
-399.721
-760.407
-2283.17
-3610.1
-4001.24
-3054.29
-907.435
-150.525
-586.087
-917.248
-1078.9
-970.808
-412.369
-244.862
-904.089
-1366.59
-1503.7
-1210.13
-422.598
864.713
2269.91
3667.41
2590.1
2382.38
1144.73
830.305
2397.36
3862.3
4453.85
3704.29
1681.54
319.347
751.653
1075.96
1227.73
1105.94
549.318
477.828
1129.04
1572.97
1677.26
1337.42
506.284
-708.095
-2030.87
-3253.24
-2035.62
-1702.55
-399.684
-760.375
-2283.08
-3609.96
-4001.07
-3054.15
-907.38
)
;
    }
    patch4
    {
        type            calculated;
        value           nonuniform List<scalar> 
384
(
29893.2
30759.4
31889.6
58626.2
85560.5
52758.3
41174.1
37175.2
-51622.8
-42429.7
-67372.8
-85204.1
29181
30788
31919.2
58649.5
85592.1
52779.8
41182.4
36269.3
-51042.2
-42544.4
-67491.6
-84572.5
34724.7
10796.3
52770.3
16768.3
-39337.9
-12171.4
-56258.8
-17906.4
34734.4
10798
52782.2
16771.3
-39373.1
-12179.8
-56289
-17914
22823.8
7932.51
-27216.5
-9137.17
11038.8
4233.38
3863.68
1446.67
-13927.7
-5254.56
-4833.17
-1803.95
-27186.7
-9130.24
22839.6
7935.66
21515.8
14777.2
20865.4
14504.6
23784.4
7876.44
9595.82
3548.54
8687.48
3089.51
-36467.8
-25720.4
-30779.1
-22389.3
-28315.6
-9332.6
-15867.8
-5630.08
-13135.2
-4561.19
21002.7
14447.3
20919.8
14555.9
23797.5
7878.98
9387.73
3471.57
8723.3
3102.29
-35996.1
-25382.7
-30870.3
-22459.1
-28345.4
-9340.48
-15656.7
-5550.1
-13179.7
-4576.93
-13911.4
-5248.74
-4828.69
-1802.33
11048.9
4237.38
3866.01
1447.62
16964.7
12150
-17047.3
-12183.2
16964.6
12150.3
-17047.4
-12183.5
2525.39
3015.45
2985.73
2900.05
4024.08
2829.92
3524.22
1181.1
3094.3
5177.83
5496.65
8785.6
1799.32
2985.27
789.099
1108.5
-4313.04
-4965.23
-4472.02
-4312.44
-5116.39
-3778.26
-4325.44
-1511.98
-3579.25
-5305.97
-6000.95
-8938.53
-2148.83
-3071.44
-1047.69
-1171.08
2500.45
2963.28
2986.13
2904.92
4024.18
2831.91
3527.28
1181.86
3094.76
5178.06
5496.88
8785.88
1799.83
2985.43
789.183
1108.51
-4302.51
-4924.02
-4471.03
-4318.32
-5115.44
-3780.71
-4329.84
-1513.36
-3579.84
-5306.34
-6000.89
-8938.86
-2149.73
-3071.77
-1048.18
-1171.26
4457.77
13139.3
5517.13
13836.9
7183.2
13636.4
8395.07
-5912.49
-14390.8
-6791.24
-14723.7
-8101.09
-14032.9
-9145.24
4428.87
13129
5519.86
13833.9
7183.8
13635.7
8395.65
-5897.53
-14402.5
-6793.07
-14721.3
-8100.81
-14032.5
-9145.49
10681.8
10508.9
10082.9
9247.32
7714.37
3924.35
5699.51
2336.14
789.432
-11464.4
-11160.1
-10512.6
-9452.27
-7772.29
-3923.87
-5709.56
-2333.57
-786.479
10642.9
10508.6
10083.7
9247.34
7714.44
3924.5
5699.67
2336.23
789.461
-11430.6
-11161.3
-10514.4
-9452.91
-7772.69
-3924.09
-5709.87
-2333.7
-786.53
2274.33
2222.2
2114.8
1922.41
1595.23
841.778
1202.56
505.928
171.218
-2405.1
-2333.47
-2192.95
-1965.56
-1612.23
-842.713
-1207.27
-505.871
-170.894
2263.11
2221.8
2114.92
1922.36
1595.22
841.802
1202.58
505.946
171.223
-2394.22
-2333.28
-2193.28
-1965.66
-1612.3
-842.756
-1207.32
-505.898
-170.905
510.285
496.833
470.664
426.276
353.79
189.483
268.756
114.405
38.753
-535.467
-518.722
-486.901
-436.25
-358.509
-190.019
-270.45
-114.548
-38.7704
507.67
496.659
470.641
426.241
353.774
189.486
268.754
114.408
38.7541
-532.87
-518.587
-486.926
-436.248
-358.513
-190.027
-270.459
-114.554
-38.7727
113.408
110.192
104.16
94.2166
78.2244
42.0387
59.4552
25.5176
8.67371
-118.414
-114.62
-107.582
-96.4718
-79.4109
-42.2277
-59.949
-25.5863
-8.70064
112.823
110.137
104.144
94.2024
78.2179
42.039
59.4536
25.5183
8.67395
-117.827
-114.573
-107.576
-96.4648
-79.4086
-42.229
-59.9495
-25.5875
-8.70117
28.4964
27.7418
26.2517
23.7791
19.7358
10.5106
14.882
6.44022
2.20611
-29.6359
-28.7679
-27.0723
-24.3491
-20.059
-10.5741
-15.0309
-6.46558
-2.22083
28.3456
27.726
26.2463
23.7746
19.7335
10.5106
14.8811
6.44041
2.20619
-29.4838
-28.7537
-27.0688
-24.3459
-20.0575
-10.5743
-15.0305
-6.46588
-2.22098
)
;
    }
}


// ************************************************************************* //
