/*--------------------------------*- C++ -*----------------------------------*\
| =========                 |                                                 |
| \\      /  F ield         | OpenFOAM: The Open Source CFD Toolbox           |
|  \\    /   O peration     | Version:  v2106                                 |
|   \\  /    A nd           | Website:  www.openfoam.com                      |
|    \\/     M anipulation  |                                                 |
\*---------------------------------------------------------------------------*/
FoamFile
{
    version     2.0;
    format      ascii;
    arch        "LSB;label=32;scalar=64";
    class       volScalarField;
    location    "1";
    object      gradTy;
}
// * * * * * * * * * * * * * * * * * * * * * * * * * * * * * * * * * * * * * //

dimensions      [0 -1 0 1 0 0 0];

internalField   nonuniform List<scalar> 
5712
(
10765.9
6205.5
17472.9
11433.3
19025.1
14065.2
29775.3
36878.7
39090.4
47837.8
25333
22000.3
16110.1
12757.5
8092.21
5470.46
18120
18676.3
15562
18388.2
24397.1
21969.6
28079.9
22872.5
7628.34
5539.52
4276.47
3181.37
9146.95
7493.73
5529.03
4470.06
16564.8
17270.6
16976.6
14451.6
13339.2
10332.8
10306.6
11707.4
16687.6
16590.3
34797.6
35995.1
24754.8
25477
14117.7
11906.2
15411.3
10994.3
7170.89
7353.92
5800.04
7898.85
3029.12
3592.73
7975.3
10672.9
4732.76
5465.82
8895.21
14605
6140.31
9943.75
2349.3
5941.43
1956.45
4450.35
16650.6
20664.6
17061.2
20492.4
20336
20698.4
20563.1
20339.5
14474.2
19682.1
14978.1
19497.9
16750.6
20305.2
16718
20238.6
20651
20025.4
20543.8
19814.5
13342.8
19737.6
12868.1
19797.1
16139
18736
20446.2
28196.7
17087.9
21486.6
20249.6
30423.5
15311.6
16564.6
20544.9
27212.8
15155.1
15535.8
20776.7
27058.8
4582.99
5915.47
11618.5
19931.3
5757.41
6485.06
15131
22950
7284.98
7344.78
19421.1
26071.6
23128.5
25006.3
19303.1
18365
25927.9
25329.6
23793.8
19793.4
16950.7
29393.1
22951.6
22571.4
19901.3
19416
33981.8
1820.87
2174.73
3831.63
8405.27
2608.76
2917.2
5394.9
9621.88
3955.89
3344.22
7458.47
11310.8
25386.5
25655.2
22784.8
22909.1
19219.4
18035.3
14410.6
12956.6
9940.9
13514.9
22959.9
22661.8
23015.2
23066.9
19782.1
18840.9
16125.2
14607.2
10648.1
13799.5
22621
25741.9
22503.8
26300.6
21974.9
23118.1
21390.7
23179.4
20351.8
20824.3
20204.8
20251.5
22304.1
26383.4
22180.5
26331.3
20729.8
23408.2
20538.5
23328.1
20430.1
20784.6
20412.4
20761.6
16962.5
16174.9
10879.2
12031.4
16827.9
15719.9
10696.7
11986.7
17218.4
16151.9
11128.5
12127.1
17292.1
15997.6
11480.4
12156.9
1538.01
1091.49
783.478
920.129
669.944
631.823
2121.62
1354.5
1061.56
1842.17
1534.47
1361.9
2545.65
2259.36
2327.64
3267.57
2770.14
2538.12
25311.8
23646
22340.9
23063.1
22036.6
21057.5
16412.2
15705.9
15329.8
10946.7
9866.72
9432.18
4955.38
3827.08
3321.37
22719.6
21810.5
20813.1
23051.7
21739.8
20559.8
16865
15062.1
14004.2
10866.3
9089.66
8378.71
5279.23
3823.52
3149.66
24698.6
24465.9
26753.1
24205.7
27711.2
24423.4
33341.9
25557.8
18933.9
19253.9
18600.4
17086.4
21384
20131.2
20818.6
17575.2
20380.1
20455.1
19154.9
20855.8
25679.8
22618.1
25406.7
25760.3
27661.9
28579.7
20681
21531.3
18830.6
18320.3
22520
23038.9
14431.3
6428.94
13203.7
7297.12
14677
6459.39
13099.8
7168.82
14719.9
6508.18
13316.7
7587.51
12878.6
8033.96
13010
7954.09
19674.2
16941.9
19322.3
16813.7
21843.2
19896
21865.8
19594.5
18717.7
13770.3
19821.5
13682.5
19619.9
16673.9
19812.5
16468.8
22315.8
19372.1
22284.7
19104.8
18367.6
13758.4
18233.3
13659.4
11645.9
6418.66
10341.8
4942.25
10887.8
5528.14
9954.41
4414.33
11887.3
6976.86
10483.2
5174.41
11866.6
7346.79
10429.9
5213.65
1824.42
667.036
2467.49
93.7441
1978.67
965.244
2657.04
500.792
2578.67
1799.17
3105.89
1406.33
12073.1
19295.6
8242.73
7638.35
3915.59
19045.3
12979
7038.78
6981.83
2758.26
19720.5
15379.4
11968.3
8725.27
3507.14
88.7567
-22.3744
-1016.99
-1338.51
432.202
144.499
-472.434
-782.599
1238.83
1053.01
425.413
-57.3729
19692.1
19701.3
13230.4
13340.9
8224.9
9071.98
6652.98
6781.73
1912.03
1214.77
18350.5
17253.5
14186.1
13078.8
10876.3
10377
7690.14
7670.88
2858.7
3632.86
14467.3
12350.4
14526.6
11974.2
17358.1
14907.3
17262.6
14577.7
12096.5
10514
11711.6
10611
14515.8
11740.2
14425.4
11723.1
17177.6
14788.4
17000.2
14730.6
12337.3
10325.7
12325.4
10506.9
8864.42
8192.96
4054.34
5489.62
8507.88
8040.56
3698.58
5174.69
9324.77
8419.87
4225.27
6039
9636.07
8509.05
4535.97
6198.51
2488.06
2218.61
1825.83
12401.8
6146.12
4871.19
2288.34
2354.08
2085.67
12950.5
7034.35
5824
3080.68
3564.43
3649.86
13570.3
8482.75
7448.64
19424.2
18920
18379.8
13684.5
13955.5
14008.1
10358.1
10820.3
11051.3
9563.93
9634.29
9509.13
14789.9
10214.3
9166.56
16471
15920
15419.2
12745.8
12559.3
12357.9
11166.2
10971.5
10709
11630.7
10662.1
9954.73
17874.4
11444.1
10241.2
2007.05
407.906
-4.88598
-144.987
2687.73
712.733
97.261
-106.494
1983.92
382.743
4.3793
-129.408
2777.13
769.572
145.362
-72.5251
1880.75
305.779
14.1748
-103.918
2834.24
782.277
190.731
-33.5056
3268.91
997.632
248.91
-3.50941
3440.49
1135.08
328.016
61.1599
2145.83
473.888
93.6567
-59.9565
803.108
-86.3389
-71.8856
-89.1121
1390.05
121.24
-37.5755
-110.159
390.794
-255.285
-127.394
-110.569
2631.9
734.999
193.007
-6.60701
1036.92
41.1405
-20.9
-58.1818
2892.22
905.939
277.22
53.0223
1119.26
129.137
29.7592
-12.0564
634.276
-110.694
-162.984
-195.993
-1066.99
-768.481
-366.152
-260.766
574.309
-148.061
-161.083
-183.636
-1011.6
-750.563
-351.635
-250.468
565.06
-186.244
-153.43
-167.49
-719.493
-662.826
-313.969
-225.923
338.996
-316.769
-194.091
-167.022
-496.441
-615.387
-267.052
-177.606
-174.896
-459.829
-209.715
-142.624
-3070.82
-1326.69
-472.854
-90.7897
-5662.07
-1677.43
-570.468
-139.232
-2797.05
-1241.38
-448.582
-88.4793
-5247.22
-1576.6
-544.945
-134.001
-2291.22
-1092.57
-396.364
-71.0242
-4572.79
-1411.37
-493.412
-119.922
-1706.11
-929.354
-358
-67.344
-3927.4
-1244.04
-441.994
-107.615
-1396.55
-803.028
-316.213
-71.3596
-3974.34
-1143.54
-394.934
-96.8124
-1347.99
-695.176
-252.878
-62.5842
-4725.04
-1098.59
-329.405
-78.2822
-1369.88
-743.473
-287.323
-67.7203
-4719.17
-1122.78
-355.608
-85.7068
-1375.14
-659.534
-205.922
-44.4293
-4865.46
-1071.99
-293.432
-65.176
-1331.25
-612.498
-157.033
-24.212
-4731.67
-1024.04
-255.319
-50.5545
-176.759
-114.86
-66.9511
-34.2963
-10.5035
-152.642
-107.405
-64.0297
-33.0237
-10.1322
-164.589
-104.731
-60.9952
-31.2456
-9.57024
-132.286
-93.3884
-55.7928
-28.7997
-8.83927
-152.376
-92.824
-53.6515
-27.4364
-8.40107
-109.243
-77.1483
-46.1085
-23.8096
-7.3097
-69.6234
-52.3371
-31.9007
-16.5821
-5.10154
-14.7144
-17.5689
-11.6875
-6.23187
-1.93138
-110.419
-71.328
-41.4709
-21.2574
-6.51488
-126.386
-66.157
-36.8113
-18.6717
-5.70856
-149.632
-86.0835
-48.9292
-24.9227
-7.6246
-162.082
-79.5335
-43.9244
-22.225
-6.7884
-69.2456
-48.2713
-28.5207
-14.7016
-4.51466
-87.1973
-45.2367
-25.1443
-12.7787
-3.91231
-18.3743
-15.7696
-9.74575
-5.10115
-1.57513
-40.2575
-16.7486
-8.8913
-4.49272
-1.3777
-215.542
-124.096
-69.9828
-35.5212
-10.853
-268.506
-131.444
-71.96
-36.2801
-11.0671
-207.67
-116.779
-65.668
-33.3149
-10.1787
-260.359
-125.535
-68.6011
-34.5793
-10.5487
-196.914
-105.402
-58.875
-29.8373
-9.11552
-244.478
-114.517
-62.4249
-31.4669
-9.60106
-193.414
-95.2072
-52.4121
-26.4896
-8.08877
-228.002
-101.111
-55.0991
-27.7916
-8.48332
-193.847
-88.2617
-48.393
-24.4414
-7.46121
8237.72
12558.8
8715.88
12905
9442.19
13389.2
10006.2
13774.4
9745.5
13414
9227.75
10361.6
9169.59
10733
9320.86
10342.3
9504.18
10503.5
7234.71
1233.38
261.998
58.4093
10.2938
8029.5
2277.02
550.114
124.112
21.8675
7355.35
1230.16
259.206
57.537
10.1096
8155.3
2279.67
548.2
123.028
21.4824
7508.67
1237.01
258.133
56.9995
9.98835
8303.17
2292.04
547.572
122.33
21.3173
7545.34
1215.31
251.075
55.254
9.67047
8313.07
2270.43
539.913
120.326
20.9359
7262.95
1140.42
234.983
51.8401
9.08923
7975.5
2180.86
520.019
116.168
20.2364
6624.47
1082.11
230.253
51.6172
9.11853
6773.35
1940.74
474.735
107.75
18.9422
6795.41
1091.79
229.506
51.1223
9.00194
7094.09
2027.98
491.687
110.718
19.3619
6572
1084.27
231.89
52.1237
9.21813
6687.63
1906.76
467.055
106.37
18.7552
6568.25
1079.57
230.798
51.9175
9.17546
6721.54
1903.87
465.359
106.27
18.7104
30562.2
43490.5
42475
29642.2
17316
18202.9
25648.9
26736.3
20060.1
22498.7
32108.4
43763.1
40521.4
53679.7
26366.3
30059.8
20690.5
22080.4
11191.2
12266.1
4896.02
3346.29
1116.75
912.084
1007.94
906.707
1057.07
4889.14
4973.38
3093.45
4385.53
4305
1966.12
2610.88
2438.59
1680.18
1907.36
1607.69
4383.97
2561.23
1778.83
1597.89
1941.18
1715.56
1402.7
1353.52
1304.09
1170.44
1502.41
1374.97
4535.39
2887.03
3260.18
2206.78
1885.04
2517.59
1432.47
1188.62
1550.76
10126.3
10597.3
11331.6
13628.1
25193.8
7554.2
9000.91
10319.1
12235.7
14971.5
2959.39
4282.31
5332.62
6078.25
6474.89
2429.77
3540.06
4426.09
5047.42
5370.01
2681.34
3896.81
4858.14
5525.6
5869.16
2416.32
3521.17
4400.53
5013.49
5329.44
2808.09
4074.29
5076.58
5777.48
6142.07
10448.6
11124
11503.1
13056.1
23021.9
10605.1
11119.5
11307.6
12250.3
14783.3
7233.64
8864.41
9969.96
11133.8
12438
9658.55
10491
10638.4
10983.4
11583.2
9462.03
10336.3
10385.8
10449.5
10661.6
4967.72
6724.98
7963.81
8841.3
9358.88
6305.58
8030.12
9130.86
9973.83
10585.7
5954.97
7671.6
8718.43
9395.07
9780.07
4329.58
6014.52
7239.42
8075.35
8524.26
4833.54
6556.8
7742.38
8528.71
8949.31
4163.81
5820.69
7029.1
7840.2
8261.94
9565.46
10552.3
11241.2
13070.2
23265.6
6200.28
7989.49
9327.7
10634.7
11940.5
4560.05
6302.86
7594.06
8534.68
9095.55
4140.2
5811.2
7088.3
8024.01
8571.5
4913.58
6698.45
8048.66
9132.11
9895.63
4416.29
6157.68
7511.23
8563.49
9232.8
3672.47
5234.91
6470.15
7385.87
7912.67
3557.01
5087.77
6283.26
7137.86
7604.22
3435.45
4921.84
6063.73
6847.48
7252.9
3098.4
4471.36
5543.75
6286.75
6671.77
3916.86
5533.31
6753.17
7601.75
8058.55
3608.61
5148.37
6336.64
7172.83
7622.58
9630.51
10385.2
11159.9
13294.3
24285.7
6737.96
8367.97
9759.04
11479
13613.5
7720.24
9378.47
10566.5
12415.1
16044.2
5476.62
7323.87
8810.43
10214.6
11418.5
4796.52
6601.74
8026.54
9219.13
10066
6107.76
7919.78
9339.06
10796
12277.4
3747.05
5331.19
6572.56
7483.13
8001.87
3143.04
4531.71
5621.92
6387.75
6791.92
4029.8
5682.44
6963.08
7912.13
8469.48
16900.6
11193.3
17438.1
12414.2
22567.5
32110.5
23548.5
31924.1
17969
19103.5
15358.4
18377.5
20402.7
19520.7
25836.9
21299.8
13014.6
12112.1
6368.95
5416.96
14209.7
12938.5
7327.22
5964.26
17578.1
19045.2
18056.8
16541.7
18372.6
12091.1
10113.9
11668.6
16576.3
16551
34277.4
35876
24047.6
25280.7
14639.5
12015.1
16004.8
11095
7749.86
7492.39
12670.8
13972.3
5305.71
5769.6
13975.5
15879.8
6633
7303.18
13379.9
18600.5
7772.28
11941.3
2723.48
6625.4
2030.74
4583.74
16903.6
19446.6
16813.1
19780.5
18474.2
18859.3
19377.3
19305.7
15287
19454.1
17345.4
19181
16522.4
19923.7
16632.1
20114.9
20036.7
19494.4
20361.5
19649.3
13562.8
19590.6
12895.5
19742.5
16931.9
19918.3
20632.6
28554.9
18432.9
23522.7
20674.4
31204.1
15666.1
17123.9
20605.1
27363.2
15244.2
15689.3
20783.8
27097.3
17369.8
18796.3
21676
32058.9
17522.2
17974.8
23232.5
32524
17338.4
17079.1
25064.7
32366.5
17166.4
18065.8
18198.7
19218
28594.2
17424.3
16196
19464.4
17622.7
32618.1
18162.7
18890.1
18606.7
19969.5
35385.6
10623.4
9791.34
9739.5
12502.2
11627.7
10732.6
10106.7
12876.4
12792.2
11187.5
10597.9
13206.5
17025.7
16612
15885.9
15636
18166.6
17167.7
14924.1
13539.5
11130.4
13818.6
18000.1
18072
18978.3
19325.2
18060.4
17145.3
16239.9
14502.1
10987
13400
20658.2
23472
21499.2
25078.1
19624.8
20775.1
20249.8
22019.3
19776
20093.1
19225.9
19065.5
21809.4
25786.9
22029.5
26152.9
20192.4
22843.4
20378.5
23162.6
20117.3
20408.1
20313.1
20648.1
16783.7
15869.2
10885.5
11943.6
16663
15359.9
10828.6
11930.8
17092.8
15971.1
11106.5
12061.4
17247.3
15939.3
11468
12131.6
9020.22
9165.47
3852.58
3562.84
10069.6
9772.72
4321.94
4149.82
9837.92
9271.95
4937.5
4784.23
16616
16299.2
16026.6
16231.5
15800.7
15442.1
11774.8
10632.8
5815.19
4840.46
18681.1
18133.1
19716.8
19125.3
15457
14474.4
10990.4
9550.81
5364.05
4091.32
20203.5
19359.8
24630
21654.2
22605
20284.6
30793.1
23352.2
18165.5
14642.2
19709.9
15294.7
18102
15011
19814.5
15568.1
18333.6
16360.8
16934.4
15927.5
18989.9
19990.1
24117.7
25366.6
26578.1
28262.3
19392.9
21073.4
17836
18034.5
21027.4
22538.8
11429.6
7426.52
11763.1
7648.97
11773.6
7339.36
11938.8
7472.63
12021.1
7246.83
12192.7
7711.99
12238.6
8032.13
12804.6
7947.47
15933.1
15661.6
17463.4
16018.7
18440.1
17813.2
20055.7
18429.7
16947.6
13478.7
16243.6
13413.1
18696.4
16249.2
19537.3
16339.6
21428.9
18782
22026.1
18925.6
17493.7
13573.3
17979.3
13601.6
11242.9
6794.74
10543.2
5300.3
10833.7
6533.12
10551.4
5183.55
11573.8
7108.5
10545.2
5339.26
11755.9
7376.37
10445.4
5267.27
11164.3
11863.4
6786.09
5968.4
11433.6
12064.4
6638.52
5903.37
11594.1
11634
6425.03
5836.02
14248.5
16960.8
14817.7
10522.1
6211.24
15788.3
14767.3
16344.3
10812.6
5906.55
17434.2
15418.1
13519
10804.4
5073.9
13248.3
15530.5
6182.5
7405.71
13074.5
14959.6
6079.93
7214.36
12111.1
13479
5659.66
6140.17
15826
15329.7
14392
14320
14873.5
16074.1
11313.8
12971.8
5343.19
5444.24
16031.9
15066
14512
13781
12992.2
13152.9
10490.2
11387
4650.3
6043.18
14158.5
12692
14217.8
12084.2
15947.1
13936.8
16453.4
14079.1
12263.4
11079.9
12334
11897
14320.4
11787.9
14364.4
11736
16770.9
14544.7
16878.5
14661.1
12356.5
10572.2
12317.4
10569.3
9364.35
8999.42
4529.69
6221.77
9649.31
9731.66
4646.47
6658.89
9523.87
8779.73
4444.37
6431.61
9692.8
8614.61
4610.93
6322.49
20308
20407.7
31078.2
25194.1
19175.8
19531.4
29626.6
23914.6
16660.4
17753.7
26940
22064.8
15196.6
14925.2
14347.5
14455
17069.8
18003.3
16601
16999.4
24564.3
20188.1
14513.6
14105.2
13795.3
13990.2
14641.3
15434
16579.1
16475.4
24443.5
18700.7
3376.55
1353.51
588.735
302.921
3694
1521.95
647.704
313.43
3229.19
1262.83
545.455
278.511
3619.58
1470.75
618.887
290.291
2950.91
1081.06
481.873
246.987
3490.17
1347.15
584.645
268.934
3650.15
1351.99
520.602
216.625
3567.98
1258.11
419.218
137.659
2707.64
919.056
416.747
210.365
1178.53
227.834
150.335
112.607
2280.07
756.373
377.488
214.244
1008.03
232.434
164.628
124.581
2940.41
999.676
397.004
167.875
1238.41
217.038
120.097
81.3313
2987.2
994.461
347.695
114.38
1182.5
186.235
78.1924
35.9289
2697.91
1030.35
484.236
280.16
1507.84
543.228
333.881
245.344
2494.8
934.04
443.847
259.418
1365.17
490.904
313.836
233.921
2206.11
779.769
385.832
232.01
1264.45
428.005
283.328
210.269
1606.16
494.364
264.791
179.956
1047.39
316.993
231.839
169.223
745.814
203.427
151.179
116.117
-333.988
48.6828
173.43
55.5327
-3283.1
-297.992
86.2183
47.9009
-260.863
53.6202
165.432
53.9198
-3007.84
-282.735
81.3859
45.874
-141.178
42.8031
145.467
44.0834
-2628.67
-280.574
67.5215
39.6145
-146.314
-10.7237
119.067
40.8679
-2522.62
-324.876
40.6029
31.571
-461.188
-139.003
67.8728
37.9433
-3231.15
-457.197
-2.59269
21.73
-1074.2
-419.689
-11.668
28.9285
-4618.01
-807.249
-120.598
-4.84457
-854.741
-300.104
34.422
36.6538
-4405.84
-658.065
-61.0202
8.95332
-1242.19
-510.08
-57.9995
15.4242
-4839.32
-914.829
-170.355
-19.4661
-1293.87
-565.088
-108.044
-3.79773
-4731.13
-975.102
-215.424
-35.4177
194.44
116.751
66.7295
34.0339
10.4143
185.901
112.46
64.407
32.8726
10.0609
180.695
106.708
60.8619
31.0291
9.49434
166.864
98.7276
56.3001
28.7086
8.78473
163.355
93.9473
53.4574
27.2484
8.33817
143.266
82.2159
46.6638
23.7674
7.2701
104.473
58.3776
32.7939
16.6466
5.08556
49.2936
24.1962
12.8366
6.3909
1.94301
122.085
72.931
41.5032
21.158
6.47392
96.3534
62.4459
36.1295
18.5009
5.67272
146.562
85.1517
48.4778
24.7266
7.57134
125.639
74.8559
43.0173
22.0117
6.75924
84.4214
50.82
28.8593
14.6864
4.48557
56.9976
42.0238
24.6793
12.6517
3.86497
34.91
18.5859
10.2473
5.16383
1.57373
9.26382
13.6625
8.55252
4.43031
1.35407
206.36
121.271
68.9454
35.1163
10.7421
221.976
124.534
70.3308
35.7785
10.9421
196.327
113.927
64.6932
32.9441
10.0768
213.55
118.813
67.0564
34.1096
10.4306
180.341
102.12
57.9358
29.5069
9.02471
197.045
108.106
61.0248
31.0468
9.49025
161.767
90.2818
51.3473
26.1786
8.01003
177.057
95.0244
53.8562
27.4135
8.36641
146.245
82.7715
47.3207
24.1885
7.42965
10454.9
13733
10522
13756.2
10667.1
13786.7
10527.9
13656.5
9883.49
13029.2
9238.65
10328.2
9237.31
10691.9
9315.1
10314.8
9499.96
10492.6
7990.12
1324.82
277.185
61.3138
10.761
8604.57
2423.2
581.039
130.317
22.8728
7966.1
1304.6
271.905
60.0285
10.517
8577.69
2395.95
573.947
128.341
22.3536
7883.08
1284.3
266.853
58.8292
10.3003
8498.61
2363.56
565.424
126.289
21.9944
7686.63
1235.68
255.639
56.351
9.87172
8309.08
2299.69
549.815
122.843
21.3977
7280.29
1144.64
236.586
52.3364
9.19156
7889.24
2185.87
524.367
117.538
20.5126
6619.46
1081.28
230.239
51.6673
9.13528
6759.14
1938.71
474.857
107.924
18.9928
6800.09
1092.05
229.869
51.297
9.04506
7073.67
2027.51
492.988
111.28
19.4924
6565.49
1083.37
231.792
52.1296
9.22348
6676.36
1904.75
466.849
106.397
18.7706
6565.44
1079.18
230.747
51.9147
9.17604
6717
1903.05
465.247
106.265
18.7121
30132.4
43204.1
41491.1
28355.9
22128.2
26289.3
21418.3
26204.4
24962.7
39495.1
26427.7
40410
398.551
417.611
459.855
527.628
624.943
756.017
414.51
433.935
476.789
544.89
640.711
766.864
386.409
380.404
406.773
402.879
452.016
452.976
525.163
535.39
628.999
651.155
762.315
788.299
925.042
1135.68
1401.97
1746.58
2139.12
2420.72
925.387
1116.82
1340.93
1587.89
1821.31
1971.93
1067.43
1567.11
1970.94
2254.49
2400.68
1118.34
1641.54
2064.18
2360.85
2513.77
1231.17
1806.48
2270.84
2596.66
2764.57
1411.99
2070.44
2601.24
2973.48
3165.34
1671.06
2447.51
3072.25
3510.24
3736.2
2018.53
2950.38
3698.16
4222.97
4494.64
1110.1
1629.6
2049.37
2344.09
2496.03
1161.94
1705.29
2144.09
2452.08
2610.84
1276.29
1872.24
2353.11
2690.51
2864.44
1457.77
2136.78
2683.96
3067.82
3265.84
1712.5
2506.88
3145.92
3594.49
3826.34
2046.39
2989.25
3746.14
4278.74
4555.43
1034.96
1519.53
1911.2
2186.23
2328.03
1018.89
1495.99
1881.63
2152.45
2292.07
1089.38
1599.16
2011.03
2300.15
2449.18
1078.97
1583.93
1991.92
2278.33
2425.96
1210.27
1776.02
2232.74
2553.17
2718.3
1212.87
1779.85
2237.57
2558.69
2724.15
1405.54
2061.26
2589.91
2960.53
3151.48
1432.89
2101.28
2640.01
3017.58
3212.06
1682.14
2464.07
3093.05
3533.6
3760.61
1741.19
2550.06
3200.17
3655.1
3889.32
2035.83
2976.23
3730.08
4257.76
4530.07
2104.93
3076.25
3853.54
4396.32
4675.76
2462.8
3586.29
4484.9
5118.97
5450.73
3007.34
4349.66
5420.31
6188.35
6601.97
3674.33
5248
6501.99
7438.16
7977.61
4489.77
6267.3
7690.63
8846.16
9611.16
5340.86
7202.89
8713.07
10100.5
11217.4
5922.52
7796.72
9339.42
10887.8
12283.6
2462.73
3584.9
4483.73
5120.4
5455.03
2958.96
4283.32
5342.24
6103.23
6512.89
3527.62
5062.55
6289.16
7194.91
7704.32
4134.45
5860.49
7242.02
8307.21
8948.99
4685.19
6546.54
8041.87
9255.86
10049.2
5032.1
6965.5
8525.3
9837.31
10740
401.645
427.033
476.016
551.194
656.758
796.997
417.668
443.519
493.11
568.379
671.703
805.218
389.563
383.685
416.41
412.938
468.669
470.476
549.742
561.519
662.493
686.356
806.975
836.32
974.41
1189.17
1452.38
1784.09
2158.89
2426.25
969.616
1163.41
1384.53
1622.47
1842.7
1979.02
1075.76
1579.45
1986.59
2272.52
2419.95
1143.72
1679.15
2111.95
2415.94
2572.69
1274.76
1871.23
2353.28
2691.89
2866.55
1475.71
2165.47
2722.72
3114.27
3316.37
1757.45
2577.19
3239.11
3704.66
3945.37
2130.52
3120.21
3918.86
4482.14
4774.67
1118.61
1642.23
2065.42
2362.61
2515.85
1187.79
1743.67
2192.94
2508.5
2671.25
1320.37
1937.86
2436.82
2787.38
2968.27
1521.37
2231.83
2805.7
3209.17
3417.6
1796.74
2633.53
3309.12
3784.88
4031.31
2151.21
3148.23
3952.75
4521.39
4817.64
1043.44
1532.08
1927.09
2204.53
2347.58
1027.72
1509.03
1898.14
2171.44
2312.36
1115.32
1637.56
2059.73
2356.25
2509.15
1106.04
1623.98
2042.69
2336.78
2488.43
1255.16
1842.62
2317.43
2650.92
2822.91
1260.03
1849.82
2326.51
2661.32
2833.98
1471.97
2160.27
2716.36
3107
3308.55
1503.54
2206.63
2774.66
3173.64
3379.45
1773.12
2600.74
3269.01
3738.72
3981.35
1837.01
2694.48
3386.74
3873.16
4124.32
2158.05
3161.99
3972.02
4542.34
4837.81
2236.77
3277.67
4117.2
4707.68
5013.2
2599.12
3796.3
4761.93
5448.05
5808.54
3157.54
4586.68
5739.74
6573.99
7025.06
3820.28
5487.69
6835.73
7850.85
8436.76
4605.27
6470.04
7986.35
9224.57
10041.9
5409.17
7334.2
8913.81
10366.8
11529.9
5944.16
7841.5
9409.99
10983.7
12398.5
2584.58
3771.99
4729.75
5411.99
5771.73
3088.82
4486.15
5613.17
6428.24
6868.28
3651.34
5260.49
6559.09
7523.85
8067.31
4235.09
6026.67
7474.34
8595.73
9271.18
4749.47
6656.36
8199.01
9454.58
10274
5053.95
7003.7
8580.75
9908.23
10820.9
4876.62
3344.83
1179.91
967.159
1081.05
967.471
1126.37
4525.72
4429.69
3000.38
3749.09
2007.06
2545.31
1744.64
1901.69
1655.95
4223.32
2568.86
1845.97
1673.01
1999.35
1780.24
1464.82
1428.75
1395.31
1258.05
1583.91
1456.93
4478.28
2891.95
3223.78
2237.38
1936.19
2534.86
1501.91
1264.03
1623.14
10123.4
10652.4
11439
13804.1
25517.9
7568.38
9051.02
10409.2
12369.7
15147.3
3137.82
4566.34
5718.17
6545.89
6989.06
2582.25
3775.88
4738.24
5419.14
5774.66
2885.97
4218.59
5290.81
6047.07
6440.59
2584.82
3782.47
4747.37
5427.42
5780.59
3003.15
4383.33
5494.43
6282.71
6696.44
10178.9
11739.6
12974.8
15349.9
26637.4
10197.6
12034.7
13515.9
15618.5
19055.1
7284.92
9496.88
11300
13108.3
14847.3
9157.79
11445.7
12987
14627.7
16055.1
5199.81
7319.72
8991.15
10258.8
11012.7
6404.11
8692.44
10476.6
11941.7
12933.9
4582.3
6559.36
8125.15
9265.7
9897.43
4967.42
7060.22
8707.2
9917.25
10598.8
4367.65
6284.18
7804.05
8897.06
9488.93
9455.94
10931.7
12163.7
14526.2
25682.1
6357.81
8493.41
10250.9
11952.7
13533.2
4812.6
6831.71
8442.31
9668.19
10401.7
4385.25
6269.14
7782.04
8924.8
9596.6
5140.99
7185.87
8838.29
10196.2
11133.3
4628.42
6555.85
8116.56
9353.26
10136.1
3856.1
5544.46
6909.58
7935.86
8528.13
3780.45
5466.85
6823.76
7815.03
8361.05
3706.98
5384.43
6726.54
7681.35
8186.93
3349.45
4879.06
6106.91
6978.39
7437.13
4181.1
6024.94
7496.31
8564.3
9150.74
3856.86
5579.1
6960.17
7960.84
8506.59
9622.46
10557
11500.9
13843
25290.6
6792.79
8521.03
10023.7
11860
14096.2
7762.01
9682.74
11178.2
13346.5
17308.6
5596.2
7576.5
9216.76
10768.1
12076.1
4970.02
6936.45
8543.41
9902.39
10856.4
6246.57
8312.1
10040.9
11797.1
13495.2
3955.92
5690.59
7090.07
8136.11
8734.99
3360.49
4887.38
6115.33
6994.83
7464.02
4257.28
6092.54
7571.64
8693.82
9354.97
11600.5
10820.3
9505.09
7766.06
5542.47
2146.48
17262.6
17619.5
19984.9
20566.6
17020.2
18143.2
19196.6
18710.2
14149.4
17299.8
14794.1
17854.5
17042.9
15394.5
23651.4
16660.3
16890.5
18949.7
19311.9
16180.4
17287.5
18441.8
18136.8
14130.9
20910.9
14702.1
20867.4
17258.5
18704.5
25424.1
16021.7
16136.1
17668.8
17809
15612.8
17095.7
17462.7
17614.9
16269.6
18611.6
17014.8
18667.9
18806.1
20649.8
23025.2
15483.5
15617.3
16606.4
16602.6
15384.3
17108.1
16554.7
16965.9
15383.3
16395.6
16110.7
16033.3
17355.3
18770.2
20089.3
14905.5
15071.5
15946.7
15867.1
15275.8
17162.7
16029
16615.5
14696.7
13669.7
15455.3
13180.2
16120.5
16040.3
16779
14705.8
14910.8
15539.8
15432.5
15051.9
16640.7
15724.5
16225.7
14141.1
11870.1
14725.6
11679.7
15130.9
14274.6
15333.1
19720.4
19008.7
20830.8
21821.7
18481.7
18603
19515.3
18769.9
17307.3
12269.8
17359.3
12450.7
15373.8
14193.5
16405.8
18754.7
18261.6
19363.4
19995.2
18020
18292.4
18523.5
17907.9
16266.9
11962.3
16335.1
12147.5
14255.6
12700.6
15295.9
17560.2
17298.8
17660.9
17939.1
17224.8
17494.9
17289.4
16958.4
15727.8
12153.8
15587.5
11972.4
13924
11655.1
15548
16582.4
16462.3
16511.2
16606.5
16449.6
16658.3
16445.5
16201.9
15381.9
13366.3
15322.8
13116.6
13906.6
12232.5
16781.2
16290.2
16231
16006.7
16025.4
16036.5
16231.4
16059.7
15940.2
15750.5
15386.9
15712.7
15327.4
14560
13340.1
18332.9
16081.3
16019.8
15784.7
15781.5
15845.8
16216
15797.9
15795.8
16048.2
16662
16077.6
16619.4
15047.5
14290.6
19603.8
10590.3
6007.24
17465.8
11439.6
19044.4
14053.4
29800.5
36890.8
39136
47860
25378
22000.5
16116.8
12781.1
7849.62
5221.12
18122.6
18678.3
15560.6
18389
24408.8
21974.6
28087.2
22876.3
7471.79
5430.25
4132.49
3085.77
9121.74
7484.87
5527.7
4482.51
16560.4
17266.3
16975.1
14451.9
13335.3
10335.6
10307.4
11708.7
16689
16591.7
34803.7
35999.2
24757.7
25479.1
14118.5
11907.6
15412.6
10995.5
7171.92
7354.9
5696.41
7772.05
2948
3503.5
7976.86
10684
4745.78
5480.96
8896.26
14610.5
6145.91
9950.79
2350.54
5944.16
1956.88
4451.39
16651.5
20665.5
17062.4
20493.3
20338.5
20699.7
20565.1
20340.6
14475.9
19683.2
14978.2
19498.8
16751.7
20306
16718.9
20239.3
20652.5
20026.1
20544.8
19815
13344
19738.6
12869
19798.1
16140.7
18739.4
20447.7
28198.9
17089.3
21490
20251.1
30426.1
15313.2
16567
20546.3
27214.8
15156.6
15537.8
20778.2
27060.8
4507.08
5840.52
11458.4
19756
5762.47
6488.61
15145
22966.7
7287.23
7346.67
19427.2
26078
23128.5
25007
19302.7
18366
25931.4
25330
23793.7
19792.6
16951.3
29396.8
22952.5
22571.9
19901.8
19417.4
33984.8
1782.46
2144.7
3752.05
8321.85
2612.83
2920.99
5405.14
9630.41
3957.71
3345.32
7461.83
11312.9
25386.6
25655.3
22784.7
22909.1
19218.8
18035
14411.4
12957.3
9942.62
13516.1
22960.2
22661.9
23015.5
23067.1
19782.5
18841.3
16126.2
14608.1
10649.2
13800.3
22621.5
25742.1
22504.3
26300.8
21975.4
23118.2
21391.2
23179.5
20352.5
20824.8
20205.4
20252
22304.6
26383.6
22180.9
26331.5
20730.1
23408.2
20538.7
23328.1
20430.8
20785
20413
20762
16963.4
16175.5
10879.9
12032
16828.8
15720.6
10697.5
11987.4
17219.2
16152.5
11129.1
12127.7
17292.8
15998.1
11481
12157.4
1516.39
1074.36
769.161
915.358
664.517
625.379
2127.35
1357.6
1063.1
1847.81
1538.2
1364.27
2546.23
2260.14
2328.5
3268.61
2771.56
2539.58
25311.9
23646.3
22341.3
23063.3
22037.2
21058.2
16412.5
15706.6
15330.6
10947.4
9867.51
9433.08
4956.03
3827.86
3322.11
22719.7
21810.8
20813.5
23051.9
21740.3
20560.5
16865.4
15062.6
14004.9
10866.9
9090.26
8379.4
5279.68
3823.97
3150.08
24702.6
24467.1
26755.8
24206.9
27723.8
24428.4
33353
25562.1
18770.6
19203.7
18409.9
17027.7
21356.7
20106
20787.7
17550.3
20375.2
20451.2
19154.8
20854.3
25664.8
22604.6
25407.5
25760.5
27665
28581.4
20679.3
21530.4
18829.8
18319.4
22513.3
23035.8
14436.3
6436.74
13203.5
7306.43
14660
6454.85
13085.3
7165.49
14708.9
6503.99
13307.2
7583.25
12873.3
8030.74
13007.2
7952.1
19672.7
16941.6
19321.4
16813.4
21845
19896.8
21867.4
19595
18712.9
13769.2
19815.4
13681.1
19619.4
16673.5
19812.1
16468.4
22317
19372.4
22285.2
19104.9
18364.7
13757.5
18231.6
13658.6
11643.1
6416.46
10340.2
4941.1
10884.8
5525.95
9952.66
4413.07
11885.2
6975.02
10482
5173.44
11865.1
7345.4
10428.9
5212.84
1815.67
655.008
2458.18
80.2134
1978.99
966.122
2656.71
501.268
2577.86
1799.02
3104.43
1405.65
12073.8
19296.7
8242.44
7637.01
3914.22
19046.2
12979.3
7038.78
6980.9
2757.32
19721.2
15379.4
11967.4
8723.9
3506.02
72.7575
-42.9449
-1029.34
-1333.6
433.483
144.093
-472.745
-783.926
1239.1
1053.78
425.232
-56.8835
19692.4
19701.3
13230.3
13340.6
8224.68
9071.59
6652.45
6781.57
1911.5
1214.72
18350.8
17253.5
14186
13078.6
10875.7
10376.6
7689.36
7670.5
2857.97
3632.43
14467.1
12350.1
14526.3
11973.9
17358.5
14907.3
17262.8
14577.7
12095.9
10513.5
11710.9
10610.5
14515.6
11739.9
14425.1
11722.8
17177.7
14788.3
17000.2
14730.5
12336.7
10325.2
12324.9
10506.5
8863.6
8192.41
4053.63
5489.01
8506.99
8040.01
3697.8
5174.08
9324.06
8419.36
4224.65
6038.42
9635.43
8508.58
4535.42
6197.99
2444.94
2183
1797.69
12345.2
6095.24
4822.28
2284.22
2352.2
2085.64
12944.3
7033.93
5824.29
3081.62
3565.11
3650.41
13570.5
8483.49
7449.52
19424.2
18920
18379.8
13684.1
13955.2
14007.8
10357.6
10819.8
11050.8
9563.87
9634.16
9508.98
14789.7
10214.5
9166.92
16470.9
15919.9
15419.2
12745.6
12559.1
12357.7
11165.9
10971.3
10708.8
11630.4
10662
9954.68
17873.6
11443.9
10241.3
2009.82
408.573
-5.17839
-145.458
2688.44
711.763
96.2034
-107.401
1982.87
382.355
4.20816
-129.492
2776.69
769.446
145.295
-72.5675
1879.59
305.382
13.9955
-104.017
2833.13
781.939
190.579
-33.5906
3267.79
997.264
248.749
-3.60201
3439.62
1134.76
327.875
61.0762
2144.9
473.5
93.4775
-60.0592
802.484
-86.6724
-72.0627
-89.2244
1389.14
120.851
-37.7634
-110.267
390.136
-255.629
-127.576
-110.683
2631.04
734.628
192.831
-6.71072
1036.36
40.831
-21.0673
-58.2916
2891.5
905.619
277.068
52.9308
1118.77
128.862
29.6096
-12.1553
636.459
-109.551
-162.813
-196.135
-1065.8
-768.201
-366.166
-260.775
573.472
-148.413
-161.251
-183.733
-1012.43
-750.795
-351.738
-250.562
564.212
-186.6
-153.606
-167.592
-720.182
-663.107
-314.114
-226.023
338.244
-317.118
-194.275
-167.139
-497.096
-615.692
-267.216
-177.712
-175.527
-460.162
-209.896
-142.743
-3066.19
-1326.26
-472.718
-90.7519
-5654.49
-1678.16
-570.828
-139.288
-2797.95
-1241.42
-448.682
-88.5329
-5248.44
-1576.39
-544.915
-134.006
-2291.8
-1092.76
-396.468
-71.0547
-4573.29
-1411.48
-493.473
-119.944
-1706.61
-929.619
-358.135
-67.3804
-3927.74
-1244.26
-442.104
-107.65
-1397.03
-803.325
-316.371
-71.4052
-3974.6
-1143.8
-395.07
-96.8533
-1348.38
-695.455
-253.032
-62.6268
-4725.21
-1098.85
-329.552
-78.327
-1370.32
-743.769
-287.48
-67.7632
-4719.36
-1123.05
-355.754
-85.7507
-1375.48
-659.789
-206.065
-44.466
-4865.6
-1072.22
-293.568
-65.2176
-1331.56
-612.726
-157.159
-24.2434
-4731.8
-1024.25
-255.44
-50.5912
-177.069
-115.223
-67.2006
-34.4305
-10.5451
-153.326
-107.967
-64.393
-33.2162
-10.1916
-164.656
-104.759
-61.0128
-31.2558
-9.57349
-132.32
-93.4062
-55.8058
-28.8075
-8.84175
-152.449
-92.8584
-53.6711
-27.4469
-8.40438
-109.301
-77.1785
-46.1263
-23.8191
-7.31266
-69.6871
-52.3736
-31.9211
-16.5924
-5.10463
-14.774
-17.6045
-11.7072
-6.24175
-1.93441
-110.496
-71.3673
-41.4923
-21.2683
-6.51822
-126.482
-66.2025
-36.8348
-18.6836
-5.71232
-149.714
-86.1229
-48.9505
-24.9339
-7.62817
-162.179
-79.5783
-43.9476
-22.2373
-6.79269
-69.3214
-48.3126
-28.5428
-14.7123
-4.51771
-87.2907
-45.2821
-25.1677
-12.7896
-3.91524
-18.4426
-15.8081
-9.76648
-5.11129
-1.57816
-40.3425
-16.7902
-8.91295
-4.50295
-1.38057
-215.631
-124.359
-70.1726
-35.6237
-10.8847
-268.525
-131.67
-72.1201
-36.3657
-11.0935
-207.752
-116.807
-65.686
-33.3254
-10.182
-260.436
-125.554
-68.6167
-34.589
-10.5517
-196.995
-105.438
-58.895
-29.848
-9.11882
-244.561
-114.551
-62.4443
-31.4774
-9.60417
-193.504
-95.2488
-52.434
-26.5007
-8.09217
-228.094
-101.151
-55.1207
-27.8019
-8.48593
-193.945
-88.3056
-48.4157
-24.4538
-7.46569
8191.82
12507.4
8717.91
12906.3
9443.51
13389.8
10007
13774.9
9746.14
13414.4
9228.28
10362.2
9170.14
10733.5
9321.36
10342.8
9504.69
10504
7223.7
1224.95
259.849
57.9194
10.2075
8014.4
2271.58
548.593
123.752
21.8016
7353.11
1230.69
259.306
57.5504
10.1105
8153.74
2279.13
548.018
122.972
21.4705
7508.12
1237.06
258.138
56.9953
9.98675
8302.72
2291.84
547.5
122.305
21.3114
7545.34
1215.32
251.07
55.2502
9.66932
8313.05
2270.38
539.885
120.314
20.933
7263.15
1140.44
234.984
51.839
9.08882
7975.66
2180.88
520.014
116.164
20.2351
6624.78
1082.16
230.262
51.6189
9.1188
6773.66
1940.82
474.752
107.753
18.9427
6795.7
1091.83
229.512
51.1231
9.002
7094.37
2028.04
491.697
110.718
19.3617
6572.33
1084.33
231.901
52.1259
9.21853
6687.96
1906.85
467.076
106.375
18.7559
6568.59
1079.62
230.809
51.92
9.17591
6721.88
1903.96
465.382
106.275
18.7113
30563.3
43494.9
42482.6
29644.3
17051.2
17881.1
25650
26728.7
20087.4
22523.9
32135.9
43787.5
40565.2
53715.8
26402.8
30095.8
20663.3
22046.4
10769.9
11788.4
4895.97
3346.23
1116.72
912.054
1007.91
906.678
1057.04
4889.13
4973.37
3093.42
4385.52
4305
1966.08
2610.85
2438.56
1680.14
1907.33
1607.66
4383.96
2561.19
1778.79
1597.85
1941.14
1715.52
1402.66
1353.48
1304.05
1170.41
1502.38
1374.93
4535.36
2886.98
3260.15
2206.73
1885
2517.55
1432.43
1188.58
1550.72
10126.1
10597
11331.1
13627.5
25192.7
7554.04
9000.64
10318.7
12235.2
14970.9
2959.29
4282.17
5332.44
6078.03
6474.65
2429.69
3539.94
4425.93
5047.24
5369.82
2681.25
3896.68
4857.98
5525.41
5868.96
2416.25
3521.06
4400.38
5013.31
5329.25
2808
4074.16
5076.41
5777.28
6141.85
10448.5
11123.7
11502.6
13055.4
23020.6
10605
11119.3
11307.3
12249.9
14782.6
7233.53
8864.2
9969.65
11133.4
12437.5
9658.47
10490.8
10638.1
10983.1
11582.9
9461.99
10336.1
10385.7
10449.3
10661.5
4967.61
6724.81
7963.58
8841.03
9358.58
6305.48
8029.95
9130.62
9973.53
10585.4
5954.88
7671.46
8718.24
9394.84
9779.83
4329.48
6014.37
7239.21
8075.1
8523.99
4833.44
6556.64
7742.18
8528.47
8949.05
4163.71
5820.54
7028.9
7839.96
8261.69
9565.35
10552
11240.8
13069.5
23264.3
6200.16
7989.27
9327.38
10634.2
11940
4559.94
6302.69
7593.82
8534.39
9095.23
4140.09
5811.03
7088.07
8023.73
8571.18
4913.46
6698.25
8048.39
9131.77
9895.25
4416.17
6157.49
7510.97
8563.16
9232.44
3672.36
5234.73
6469.92
7385.59
7912.37
3556.9
5087.61
6283.04
7137.6
7603.94
3435.35
4921.69
6063.54
6847.26
7252.66
3098.3
4471.22
5543.57
6286.53
6671.54
3916.76
5533.15
6752.96
7601.51
8058.28
3608.51
5148.21
6336.43
7172.59
7622.32
9630.37
10384.9
11159.4
13293.7
24284.5
6737.82
8367.72
9758.67
11478.5
13612.9
7720.11
9378.2
10566.1
12414.5
16043.4
5476.48
7323.64
8810.1
10214.2
11418
4796.4
6601.53
8026.25
9218.76
10065.6
6107.63
7919.55
9338.72
10795.6
12276.8
3746.94
5331.02
6572.33
7482.85
8001.57
3142.95
4531.57
5621.73
6387.53
6791.68
4029.69
5682.27
6962.85
7911.84
8469.16
16868.3
11123.4
17442
12435.4
22555.3
32076.2
23588.8
31988.2
17969.2
19103.4
15362
18378.1
20397.6
19518.4
25824.6
21296.8
12959.3
12053.6
6294.61
5341.95
14217.3
12944.7
7349.69
5990.95
17583.2
19047
18056.5
16542.5
18377.9
12104.4
10114.9
11669.7
16577
16552.2
34277
35878.6
24046.6
25281.6
14643.4
12017
16007.5
11096.5
7754.6
7494.15
12603.6
13885.2
5229.91
5685.77
13982.4
15893.6
6654.51
7323.69
13385.7
18608.2
7783.86
11952.1
2726.37
6629.58
2031.49
4585.07
16904.5
19447
16814.8
19781
18473.1
18858.7
19376.3
19305.4
15292
19455.5
17348.5
19182.4
16523.4
19924.3
16632.9
20115.5
20036.4
19494.4
20362
19649.6
13565.3
19591.8
12896.8
19743.6
16935.3
19923.2
20634.8
28557.9
18435.8
23527.5
20676.6
31207.5
15668.6
17127.2
20606.9
27365.6
15246
15691.6
20785.4
27099.4
17326.3
18777.9
21601.1
31996.8
17520.2
17966.9
23243.9
32537.3
17340.2
17078.7
25070.3
32371.3
17166.8
18064.9
18200.1
19219.9
28598.1
17423.5
16196.4
19465
17623.9
32621.8
18162.1
18890.4
18607.8
19971.4
35389.3
10628
9794.63
9720.28
12485.5
11622.3
10726.8
10113.5
12881.1
12791.2
11186.6
10599.3
13207.5
17025.2
16611.9
15886
15636
18166.3
17167.1
14924.7
13539.6
11131.4
13819.3
17999.7
18071.7
18978.4
19325.2
18061
17145.5
16241
14502.7
10988.1
13400.7
20658.4
23471.9
21499.4
25078.1
19624.3
20774.7
20249.5
22018.9
19776.7
20093.6
19226.7
19066
21809.7
25786.9
22029.8
26153
20192.3
22843.1
20378.5
23162.5
20117.9
20408.5
20313.7
20648.5
16784.8
15869.9
10886.4
11944.3
16664.2
15360.6
10829.6
11931.6
17093.7
15971.8
11107.2
12062
17248.1
15939.8
11468.7
12132.1
9025.23
9177.88
3894.77
3601.95
10060.8
9763.11
4323.67
4149.91
9836.99
9271.22
4937.53
4784.42
16615.9
16299.2
16026.5
16231.4
15800.2
15441.6
11774.8
10632.7
5815.28
4840.55
18680.9
18133
19716.7
19125.2
15457
14474.3
10990.6
9550.82
5364.2
4091.39
20198.9
19356.8
24622.7
21650.3
22597.2
20281.1
30775.8
23347
18191.8
14655.4
19734.4
15307.1
18100.3
15008.1
19813.4
15566.5
18329.9
16357.9
16931.5
15925.2
18986.9
19987.2
24115.2
25365.7
26576
28262.5
19390.1
21071.7
17834.1
18033.4
21024.7
22536.4
11440.8
7437.02
11774.4
7661.4
11772.4
7340.91
11937.8
7474.28
12020
7246.7
12191.6
7711.83
12237.4
8031.5
12803
7946.31
15931.2
15660.3
17461.3
16017.5
18438
17811.8
20053.3
18428.6
16945.8
13477.6
16241.9
13412
18694.9
16248.4
19536.5
16339
21427.7
18781.4
22026
18925.4
17492.1
13572.4
17977.9
13600.7
11241.7
6794.21
10542.4
5299.73
10832.6
6532.67
10550.6
5183.04
11572.6
7107.75
10544.4
5338.63
11754.6
7375.34
10444.5
5266.57
11171.3
11866.8
6794.69
5975.67
11431.8
12062.9
6639.11
5903.45
11592.9
11633
6424.67
5835.41
14247.3
16959.5
14816.4
10521.1
6210.74
15787.3
14766.3
16343
10811.8
5906
17433
15416.9
13517.9
10803.6
5073.42
13247.1
15541.9
6200.69
7466.53
13072.5
14948.9
6078.86
7209.08
12110.2
13478.3
5659.03
6139.96
15825.4
15329.5
14391.4
14319.7
14872.6
16073.5
11313.2
12971.4
5342.65
5443.88
16031.1
15065.6
14511.2
13780.5
12991.4
13152.3
10489.6
11386.5
4649.82
6042.76
14157.7
12691.4
14217.1
12083.7
15946.4
13936.3
16452.8
14078.7
12262.7
11079.4
12333.2
11896.5
14319.9
11787.4
14364
11735.6
16770.5
14544.4
16878.3
14660.9
12355.8
10571.7
12316.8
10568.8
9363.74
8998.94
4529.23
6221.33
9648.68
9731.17
4646.02
6658.45
9523.26
8779.26
4443.9
6431.16
9692.18
8614.15
4610.43
6322.02
20307.1
20409.3
31078.1
25207.6
19149.7
19507.2
29613.3
23907.7
16659.6
17752.7
26939.5
22064.4
15196.6
14925.2
14347.3
14454.9
17069.2
18002.7
16600.7
16999
24563.8
20187.7
14513.4
14105
13795
13989.9
14640.9
15433.6
16578.7
16475
24442.9
18700.2
3385.09
1357.87
590.884
304.028
3701.52
1526.03
649.96
314.783
3229.5
1263
545.581
278.586
3620.4
1471.15
619.104
290.381
2950.96
1081.13
481.943
247.028
3490.33
1347.27
584.734
268.977
3649.98
1351.95
520.605
216.622
3567.45
1257.91
419.134
137.607
2707.45
918.984
416.743
210.365
1178.25
227.689
150.273
112.572
2279.91
756.339
377.507
214.263
1007.79
232.335
164.592
124.561
2940.07
999.526
396.946
167.841
1238.06
216.847
120.005
81.2745
2986.67
994.221
347.585
114.313
1182.09
186
78.0687
35.8485
2707.85
1034.8
486.313
281.087
1518.88
546.961
335.543
246.026
2494.79
934.134
443.941
259.483
1364.7
491.046
313.941
233.988
2206
779.816
385.897
232.054
1264.14
428.063
283.403
210.314
1605.95
494.341
264.806
179.966
1047.11
316.992
231.875
169.24
745.574
203.362
151.159
116.098
-316.919
52.7397
174.822
55.8802
-3258.3
-294.704
87.1005
48.1161
-261.77
53.9869
165.565
53.9619
-3009.54
-282.144
81.6039
45.9286
-141.678
42.9083
145.549
44.1055
-2629.41
-280.429
67.6314
39.6463
-146.642
-10.7345
119.103
40.88
-2523.02
-324.879
40.6483
31.587
-461.437
-139.074
67.8665
37.9462
-3231.4
-457.26
-2.59004
21.7343
-1074.42
-419.827
-11.7175
28.9225
-4618.15
-807.371
-120.654
-4.85834
-854.966
-300.21
34.3974
36.6542
-4406.01
-658.16
-61.05
8.94781
-1242.43
-510.248
-58.0755
15.4109
-4839.44
-914.978
-170.434
-19.4878
-1294.14
-565.287
-108.147
-3.82105
-4731.25
-975.28
-215.527
-35.4477
195.04
117.178
66.986
34.1669
10.4553
186.793
113.071
64.7732
33.0622
10.1192
180.737
106.719
60.8682
31.0328
9.4956
166.884
98.7271
56.2993
28.7087
8.78488
163.374
93.9496
53.458
27.249
8.3384
143.271
82.2102
46.6598
23.7657
7.26966
104.455
58.3623
32.7847
16.6421
5.08429
49.2518
24.1693
12.8215
6.38338
1.94071
122.073
72.9213
41.4973
21.1552
6.47314
96.3219
62.4302
36.1209
18.4966
5.67138
146.564
85.1484
48.4755
24.7256
7.57105
125.622
74.8461
43.0119
22.0087
6.75806
84.39
50.8006
28.8484
14.6812
4.48418
56.9471
41.9993
24.6662
12.6457
3.86344
34.8573
18.5553
10.2307
5.15569
1.57128
9.19383
13.6284
8.53456
4.42178
1.35166
206.787
121.596
69.1411
35.2181
10.7736
222.312
124.805
70.4935
35.8632
10.9685
196.372
113.944
64.7026
32.9495
10.0787
213.597
118.829
67.066
34.1155
10.4328
180.367
102.127
57.9391
29.5089
9.02544
197.075
108.116
61.0296
31.0498
9.49149
161.774
90.2806
51.3462
26.1784
8.01005
177.069
95.0257
53.8563
27.4143
8.36714
146.239
82.7658
47.3176
24.1866
7.4287
10432.4
13708.3
10524
13757.8
10668.3
13787.7
10528.8
13657.2
9884.26
13029.9
9239.29
10328.8
9238.01
10692.6
9315.67
10315.4
9500.49
10493.1
7987.63
1316.76
275.038
60.8181
10.6733
8598.85
2419.04
579.685
129.979
22.8096
7965
1305.33
272.039
60.0483
10.5191
8577.3
2395.72
573.818
128.295
22.3435
7883.09
1284.46
266.883
58.8306
10.2997
8498.74
2363.57
565.399
126.274
21.9903
7686.94
1235.75
255.651
56.3511
9.87129
8309.41
2299.77
549.823
122.84
21.3962
7280.69
1144.7
236.597
52.3377
9.19159
7889.64
2185.97
524.386
117.54
20.5123
6619.85
1081.34
230.251
51.6698
9.13569
6759.54
1938.82
474.882
107.929
18.9937
6800.49
1092.11
229.881
51.2992
9.04537
7074.08
2027.62
493.012
111.284
19.4929
6565.86
1083.43
231.804
52.1323
9.22395
6676.73
1904.85
466.874
106.402
18.7715
6565.79
1079.24
230.759
51.9173
9.17652
6717.35
1903.15
465.272
106.271
18.713
30131.6
43205.8
41488.3
28352.1
22181.3
26359.4
21412
26190.5
24946
39439.9
26505.9
40558
398.537
417.597
459.839
527.61
624.922
755.991
414.496
433.92
476.773
544.872
640.689
766.838
386.395
380.391
406.759
402.865
452
452.96
525.145
535.372
628.978
651.133
762.29
788.273
925.012
1135.65
1401.93
1746.53
2139.07
2420.66
925.356
1116.79
1340.88
1587.84
1821.26
1971.88
1067.4
1567.06
1970.87
2254.42
2400.59
1118.3
1641.48
2064.11
2360.77
2513.68
1231.12
1806.41
2270.76
2596.56
2764.48
1411.94
2070.37
2601.15
2973.38
3165.23
1671
2447.42
3072.14
3510.12
3736.06
2018.46
2950.28
3698.03
4222.82
4494.48
1110.07
1629.55
2049.3
2344.01
2495.94
1161.9
1705.23
2144.01
2451.99
2610.75
1276.24
1872.18
2353.02
2690.41
2864.34
1457.72
2136.71
2683.87
3067.72
3265.72
1712.44
2506.8
3145.81
3594.36
3826.2
2046.32
2989.15
3746.01
4278.58
4555.26
1034.92
1519.48
1911.13
2186.16
2327.95
1018.86
1495.93
1881.56
2152.37
2291.99
1089.34
1599.11
2010.96
2300.07
2449.1
1078.94
1583.88
1991.85
2278.25
2425.87
1210.23
1775.96
2232.66
2553.08
2718.21
1212.82
1779.79
2237.49
2558.6
2724.06
1405.49
2061.19
2589.82
2960.42
3151.37
1432.84
2101.2
2639.91
3017.47
3211.94
1682.08
2463.99
3092.94
3533.47
3760.48
1741.13
2549.97
3200.06
3654.97
3889.19
2035.76
2976.12
3729.95
4257.61
4529.91
2104.86
3076.14
3853.41
4396.16
4675.59
2462.72
3586.16
4484.74
5118.79
5450.53
3007.24
4349.51
5420.11
6188.13
6601.72
3674.22
5247.82
6501.75
7437.88
7977.3
4489.64
6267.09
7690.34
8845.81
9610.77
5340.72
7202.65
8712.74
10100.1
11217
5922.36
7796.47
9339.07
10887.4
12283.1
2462.65
3584.77
4483.57
5120.21
5454.83
2958.86
4283.17
5342.04
6103
6512.64
3527.51
5062.38
6288.93
7194.63
7704.02
4134.32
5860.29
7241.75
8306.89
8948.63
4685.04
6546.32
8041.57
9255.49
10048.8
5031.95
6965.27
8524.98
9836.92
10739.5
401.631
427.018
475.999
551.175
656.736
796.971
417.653
443.504
493.093
568.36
671.681
805.191
389.549
383.672
416.396
412.924
468.653
470.46
549.724
561.5
662.471
686.333
806.949
836.293
974.378
1189.14
1452.33
1784.04
2158.83
2426.19
969.584
1163.37
1384.49
1622.42
1842.65
1978.97
1075.73
1579.39
1986.52
2272.44
2419.87
1143.68
1679.1
2111.88
2415.85
2572.6
1274.72
1871.17
2353.2
2691.8
2866.45
1475.66
2165.4
2722.62
3114.16
3316.26
1757.39
2577.1
3239
3704.54
3945.23
2130.45
3120.11
3918.73
4481.99
4774.51
1118.58
1642.17
2065.35
2362.53
2515.76
1187.75
1743.61
2192.86
2508.41
2671.16
1320.32
1937.79
2436.73
2787.28
2968.17
1521.32
2231.75
2805.61
3209.06
3417.48
1796.68
2633.44
3309.01
3784.75
4031.17
2151.14
3148.12
3952.62
4521.23
4817.47
1043.4
1532.02
1927.03
2204.45
2347.49
1027.68
1508.97
1898.08
2171.37
2312.28
1115.28
1637.5
2059.66
2356.17
2509.07
1106
1623.92
2042.62
2336.7
2488.34
1255.12
1842.56
2317.35
2650.83
2822.82
1259.99
1849.75
2326.43
2661.23
2833.88
1471.92
2160.2
2716.27
3106.9
3308.44
1503.48
2206.56
2774.56
3173.53
3379.34
1773.06
2600.65
3268.9
3738.6
3981.21
1836.95
2694.39
3386.63
3873.02
4124.18
2157.98
3161.89
3971.88
4542.19
4837.65
2236.7
3277.56
4117.06
4707.53
5013.03
2599.03
3796.18
4761.77
5447.86
5808.34
3157.44
4586.53
5739.54
6573.76
7024.82
3820.15
5487.51
6835.49
7850.58
8436.46
4605.12
6469.82
7986.07
9224.24
10041.5
5409.01
7333.95
8913.49
10366.4
11529.5
5943.99
7841.24
9409.64
10983.3
12398
2584.5
3771.86
4729.59
5411.8
5771.52
3088.71
4486
5612.98
6428.02
6868.04
3651.22
5260.31
6558.86
7523.58
8067.02
4234.95
6026.47
7474.07
8595.41
9270.84
4749.32
6656.13
8198.72
9454.22
10273.6
5053.79
7003.47
8580.43
9907.84
10820.5
4876.55
3344.76
1179.87
967.128
1081.02
967.439
1126.33
4525.61
4429.61
3000.31
3749.03
2007.01
2545.25
1744.58
1901.64
1655.9
4223.21
2568.79
1845.91
1672.96
1999.29
1780.19
1464.77
1428.7
1395.26
1258.02
1583.87
1456.88
4478.2
2891.88
3223.7
2237.31
1936.13
2534.79
1501.86
1263.99
1623.09
10123.2
10652
11438.5
13803.5
25516.8
7568.2
9050.73
10408.8
12369.2
15146.7
3137.71
4566.19
5717.97
6545.67
6988.82
2582.16
3775.75
4738.09
5418.95
5774.46
2885.88
4218.45
5290.64
6046.87
6440.38
2584.74
3782.35
4747.21
5427.24
5780.39
3003.05
4383.19
5494.25
6282.5
6696.21
10178.6
11739.2
12974.4
15349.4
26636.7
10197.3
12034.4
13515.5
15618.1
19054.5
7284.72
9496.6
11299.6
13107.9
14846.8
9157.61
11445.5
12986.7
14627.3
16054.6
5199.66
7319.5
8990.88
10258.5
11012.3
6403.94
8692.2
10476.3
11941.4
12933.5
4582.16
6559.16
8124.9
9265.42
9897.13
4967.28
7060.01
8706.94
9916.95
10598.5
4367.52
6283.99
7803.81
8896.78
9488.63
9455.64
10931.3
12163.3
14525.7
25681.3
6357.62
8493.14
10250.6
11952.3
13532.8
4812.46
6831.5
8442.04
9667.89
10401.4
4385.11
6268.94
7781.79
8924.51
9596.29
5140.83
7185.64
8838
10195.8
11132.9
4628.27
6555.63
8116.29
9352.95
10135.8
3855.98
5544.28
6909.34
7935.59
8527.83
3780.33
5466.67
6823.53
7814.78
8360.77
3706.86
5384.26
6726.33
7681.1
8186.67
3349.35
4878.91
6106.71
6978.16
7436.89
4180.97
6024.75
7496.07
8564.03
9150.45
3856.74
5578.93
6959.95
7960.59
8506.31
9622.22
10556.7
11500.5
13842.5
25289.7
6792.61
8520.75
10023.4
11859.6
14095.7
7761.78
9682.4
11177.8
13346
17308
5596.03
7576.24
9216.43
10767.8
12075.7
4969.87
6936.22
8543.12
9902.05
10856
6246.37
8311.83
10040.5
11796.7
13494.7
3955.8
5690.4
7089.83
8135.83
8734.69
3360.39
4887.22
6115.13
6994.6
7463.77
4257.14
6092.35
7571.39
8693.53
9354.66
11600.2
10820
9504.82
7765.84
5542.32
2146.42
17249.8
17621.5
19980.5
20589
17020.9
18143.6
19194
18708.7
14109.7
17272.2
14800.1
17849.7
17045.5
15395.2
23651.7
16649.7
16892.9
18947.6
19326.9
16181.4
17288.2
18440.3
18135.8
14093.4
20900.8
14707.5
20862.1
17260.3
18703.8
25422.3
16015.7
16137.9
17668.9
17815.4
15613.5
17096.1
17462.4
17614.4
16249.6
18607.6
17015.3
18666.5
18805.8
20648.7
23022.6
15478
15618.9
16607.2
16603.2
15384.7
17108.3
16555
16965.9
15362.5
16381.7
16110.8
16034.8
17355
18769.6
20087
14899.6
15073
15947.7
15864.7
15276.2
17162.8
16029.5
16615.6
14684.4
13665.6
15455.3
13186.3
16120.4
16040
16777.2
14700.3
14912.4
15540.7
15428.9
15052.4
16640.8
15725
16225.9
14135.3
11873
14726.1
11684.3
15131
14274.6
15331.6
19752
19007.5
20825
21862.8
18479.4
18601
19511.6
18767.7
17328.8
12278.9
17358.8
12446.8
15372.2
14192.1
16403.2
18777.9
18262
19360.7
20022.9
18018.7
18291
18521.2
17906.3
16281.3
11970.7
16335
12144.8
14254.8
12699.6
15293.7
17572.1
17300.7
17660.9
17951.9
17224.7
17494.3
17288.8
16957.7
15737
12158
15588.9
11974
13924
11654.8
15546.5
16587.3
16464.7
16512.1
16611
16450.1
16658.3
16445.7
16201.8
15391.6
13376
15324.7
13119.4
13907.1
12232.6
16780.1
16292.1
16233.5
16007.8
16026.4
16037.2
16231.7
16060.2
15940.4
15756.4
15416
15714.3
15333.7
14560.4
13340.2
18331.2
16082.3
16021.7
15785.5
15781.2
15846.3
16216.2
15798.4
15796
16051.4
16700.8
16078.1
16622.4
15047.4
14290.6
19601.6
)
;

boundaryField
{
    patch1
    {
        type            calculated;
        value           nonuniform List<scalar> 
2440
(
13339.2
25679.8
0
0
0
0
0
0
0
0
13335.3
25664.8
0
0
0
0
0
0
0
0
10765.9
17472.9
19025.1
29775.3
39090.4
25333
16110.1
8092.21
43482
17316
25648.9
20060.1
32108.4
40521.4
26366.3
20690.5
11191.2
0
0
0
0
0
0
0
0
0
0
0
0
0
0
0
0
0
0
0
0
0
0
0
0
0
0
0
0
0
0
0
0
0
0
0
43195.6
0
0
0
0
0
0
0
0
0
0
0
0
0
0
0
0
0
0
0
0
0
0
0
0
0
0
0
0
0
0
0
0
0
0
0
0
0
0
0
0
0
0
0
0
0
0
0
0
0
0
0
0
0
0
0
0
0
10590.3
17465.8
19044.4
29800.5
39136
25378
16116.8
7849.62
43486.4
17051.2
25650
20087.4
32135.9
40565.2
26402.8
20663.3
10769.9
0
0
0
0
0
0
0
0
0
0
0
0
0
0
0
0
0
0
0
0
0
0
0
0
0
0
0
0
0
0
0
0
0
0
0
43197.3
0
0
0
0
0
0
0
0
0
0
0
0
0
0
0
0
0
0
0
0
0
0
0
0
0
0
0
0
0
0
0
0
0
0
0
0
0
0
0
0
0
0
0
0
0
0
0
0
0
0
0
0
0
0
0
0
0
14451.6
20855.8
0
0
0
0
0
14274.6
15333.1
14290.6
19603.8
14451.9
20854.3
0
0
0
0
0
14274.6
15331.6
14290.6
19601.6
17270.6
25905.5
26563.3
21040.3
20375.7
26738.5
26696.4
21085.6
21069.8
16361.4
12135
15838
12067.6
16370
12243.4
16240.4
12315
783.478
631.823
1061.56
1361.9
2327.64
2538.12
22340.9
21057.5
15329.8
9432.18
3321.37
20813.1
20559.8
14004.2
8378.71
3149.66
20455.1
1825.83
4871.19
2085.67
5824
3649.86
7448.64
18379.8
14008.1
11051.3
9509.13
9166.56
15419.2
12357.9
10709
9954.73
10241.2
0
0
0
0
0
0
0
0
0
0
0
0
0
0
0
0
0
0
0
0
0
0
0
0
0
0
0
0
0
0
0
0
0
0
0
0
0
0
0
0
0
0.652489
-0.249288
0.652388
-0.310674
0.650002
-0.311861
0.639786
-0.304277
0.626096
-0.298476
0.199266
-0.115484
0.41267
-0.219925
0.0735049
-0.0429148
0.0148213
-0.0077494
30561.3
42482.3
29643.6
18155.8
26759.4
22505
43760.8
53670.4
30090.9
22069.7
12254
23621.5
25328.4
20298.5
19177.8
26134.2
26515.5
20702.6
20954.4
16049.1
12045.6
15470.8
12011.4
16185.4
12176.6
16180.9
12289.3
9165.51
3562.82
9772.72
4149.82
9271.95
4784.23
16299.2
16231.5
15442.1
10632.8
4840.46
18133.1
19125.3
14474.4
9550.81
4091.32
20407.6
25194.2
19531.4
23914.6
17753.7
22064.8
14925.2
14455
18003.3
16999.4
20188.1
14105.2
13990.2
15434
16475.4
18700.7
0
0
0
0
0
0
0
0
0
0
0
0
0
0
0
0
0
0
0
0
0
0
0
0
0
0
0
0
0
0
0
0
0
0
0
0
0
0
0
0
0
0.67892
-0.259506
0.676346
-0.322483
0.669477
-0.321215
0.653605
-0.31047
0.63446
-0.30182
0.200086
-0.115439
0.415911
-0.220185
0.07366
-0.0428868
0.0148446
-0.0077415
30131.5
41498.7
28357.2
26269.9
26225.7
39536.3
40362.6
14705.9
14910.8
15539.8
15432.6
15051.9
16640.7
15724.5
16225.7
14141.1
11870.1
14725.6
11679.7
15130.9
16081.3
16019.8
15784.7
15781.4
15845.8
16216
15797.9
15795.8
16048.2
16662
16077.6
16619.4
15047.5
17266.3
25905.7
26563.5
21040.8
20376.1
26738.7
26696.6
21086.1
21070.2
16362
12135.6
15838.8
12068.3
16370.6
12243.9
16240.9
12315.6
769.161
625.379
1063.1
1364.27
2328.5
2539.58
22341.3
21058.2
15330.6
9433.08
3322.11
20813.5
20560.5
14004.9
8379.4
3150.08
20451.2
1797.69
4822.28
2085.64
5824.29
3650.41
7449.52
18379.8
14007.8
11050.8
9508.98
9166.92
15419.2
12357.7
10708.8
9954.68
10241.3
0
0
0
0
0
0
0
0
0
0
0
0
0
0
0
0
0
0
0
0
0
0
0
0
0
0
0
0
0
0
0
0
0
0
0
0
0
0
0
0
0
0.65144
-0.250816
0.652201
-0.310258
0.649788
-0.311717
0.639662
-0.304217
0.626039
-0.298457
0.19927
-0.115492
0.412658
-0.219937
0.0735078
-0.0429173
0.014822
-0.00774981
30562.3
42490
29645.7
17823.2
26751.8
22530.4
43785.2
53706.5
30127.1
22035.8
11767
23621.4
25328.4
20299
19178.3
26134.2
26515.6
20703
20954.8
16049.8
12046.3
15471.5
12012.2
16186.1
12177.2
16181.4
12289.8
9177.92
3601.93
9763.11
4149.91
9271.22
4784.42
16299.2
16231.4
15441.6
10632.7
4840.55
18133
19125.2
14474.3
9550.82
4091.39
20409.2
25207.6
19507.2
23907.7
17752.7
22064.4
14925.2
14454.9
18002.7
16999
20187.7
14105
13989.9
15433.6
16475
18700.2
0
0
0
0
0
0
0
0
0
0
0
0
0
0
0
0
0
0
0
0
0
0
0
0
0
0
0
0
0
0
0
0
0
0
0
0
0
0
0
0
0
0.677962
-0.261169
0.676211
-0.32208
0.669308
-0.321091
0.653517
-0.310428
0.634428
-0.301814
0.200093
-0.115448
0.41591
-0.220201
0.0736636
-0.0428892
0.0148454
-0.00774185
30130.7
41495.8
28353.5
26338.3
26212
39481.3
40506.8
14700.4
14912.4
15540.8
15428.9
15052.4
16640.8
15725
16225.9
14135.3
11873
14726.1
11684.3
15131
16082.3
16021.6
15785.5
15781.1
15846.3
16216.2
15798.4
15796
16051.4
16700.8
16078.1
16622.4
15047.4
18037.9
6222.73
2146.48
18037
6222.72
2146.42
18120
18676.3
24397.1
21969.6
7628.34
5539.52
9146.95
7493.73
493.248
614.539
4280.28
4691.88
8768.85
9500.34
23969.1
24750.9
18369.6
467.234
168.212
3509.35
2872.45
6967.41
6013.78
224.873
199.103
207.462
2325
1920.02
1713.45
4861.77
4318.79
4125.39
24698.6
24465.9
27711.2
24423.4
18933.9
19253.9
21384
20131.2
68.8869
27.5086
939.135
652.915
671.587
938.312
13708.2
20134.4
7470.13
71.7559
209.435
640.957
738.396
1208.45
1602.29
96.0589
110.536
134.182
1195.37
1381.26
1429.75
2847.63
3486.28
3671.36
8237.72
8715.88
9442.19
10006.2
9745.5
9227.75
9169.59
9320.86
9504.18
10454.9
10522
10667.1
10527.9
9883.49
9238.65
9237.31
9315.1
9499.96
18122.6
18678.3
24408.8
21974.6
7471.79
5430.25
9121.74
7484.87
425.308
526.381
4265.57
4679.11
8765.98
9497.17
23969.1
24751.7
18369
391.559
95.5557
3515.99
2878.02
6965.03
6012.9
180.087
160.48
173.29
2332.28
1922.63
1713.33
4861.95
4319.42
4126.07
24702.6
24467.1
27723.8
24428.4
18770.6
19203.7
21356.7
20106
60.04
22.5543
932.429
644.83
670.805
937.844
13708.7
20135.4
7470.09
64.8672
210.959
629.515
727.711
1208.11
1601.5
82.3042
92.2273
111.715
1182.64
1374.49
1425.31
2846.37
3484.96
3670.47
8191.82
8717.91
9443.51
10007
9746.14
9228.28
9170.14
9321.36
9504.69
10432.4
10524
10668.3
10528.8
9884.26
9239.29
9238.01
9315.67
9500.49
20008.9
14777.6
-228.002
-101.111
-55.0991
-27.7916
-8.48332
-193.847
-88.2617
-48.393
-24.4414
-7.46121
21019.5
22532.9
25028.2
22954.8
22504.2
23029.4
177.069
95.0257
53.8563
27.4143
8.36714
146.239
82.7658
47.3176
24.1866
7.4287
11600.2
10820
9504.82
7765.84
5542.32
25702.3
26170.4
23665.8
23918.2
18644.8
17374.8
25738.9
24026.5
22733.6
23571.7
21896.4
20634.3
15299.2
13718
12829.9
19716.8
19125.3
15457
14474.4
10990.4
9550.81
5364.05
4091.32
12249.8
8036.03
12835.1
7953.81
3650.15
1351.99
520.602
216.625
3567.98
1258.11
419.218
137.659
104.473
58.3776
32.7939
16.6466
5.08556
49.2936
24.1962
12.8366
6.3909
1.94301
383.685
412.938
470.476
561.519
686.356
836.32
1027.72
1509.03
1898.14
2171.44
2312.36
1106.04
1623.98
2042.69
2336.78
2488.43
1260.03
1849.82
2326.51
2661.32
2833.98
1503.54
2206.63
2774.66
3173.64
3379.45
1837.01
2694.48
3386.74
3873.16
4124.32
2236.77
3277.67
4117.2
4707.68
5013.2
1395.31
3706.98
5384.43
6726.54
7681.35
8186.93
23051.9
21740.3
20560.5
16865.4
15062.6
14004.9
10866.9
9090.26
8379.4
5279.68
3823.97
3150.08
12886
8035.49
13039
7958.79
19999.1
19671.3
14082.1
13172.2
6599.53
6826.72
19274.1
18765.1
18198.3
13095.8
13466.3
13453
8067.88
8775.28
8954.87
3267.79
997.264
248.749
-3.60201
3439.62
1134.76
327.875
61.0762
-69.6871
-52.3736
-31.9211
-16.5924
-5.10463
-14.774
-17.6045
-11.7072
-6.24175
-1.93441
1304.05
3435.35
4921.69
6063.54
6847.26
7252.66
380.391
402.865
452.96
535.372
651.133
788.273
1018.86
1495.93
1881.56
2152.37
2291.99
1078.94
1583.88
1991.85
2278.25
2425.87
1212.82
1779.79
2237.49
2558.6
2724.06
1432.84
2101.2
2639.91
3017.47
3211.94
1741.13
2549.97
3200.06
3654.97
3889.19
2104.86
3076.14
3853.41
4396.16
4675.59
25027.6
22954.8
22510.9
23032.6
177.057
95.0244
53.8562
27.4135
8.36641
146.245
82.7715
47.3207
24.1885
7.42965
11600.5
10820.3
9505.09
7766.06
5542.47
20009.5
14777.6
-228.094
-101.151
-55.1207
-27.8019
-8.48593
-193.945
-88.3056
-48.4157
-24.4538
-7.46569
21016.8
22530.5
40193.9
51723.3
26832
29254.1
13325.6
14786.1
1829.42
1945.55
0
0
0
0
0
0
0
0
0
0
0
0
0
0
0
18601.5
17088.9
20818.6
17575.8
20683
21535.4
13203.7
7297.21
13084.9
7164.91
2687.73
712.733
97.261
-106.494
2777.13
769.572
145.362
-72.5251
-5662.07
-1677.43
-570.468
-139.232
-5247.22
-1576.6
-544.945
-134.001
-4572.79
-1411.37
-493.412
-119.922
-3927.4
-1244.04
-441.994
-107.615
-3974.34
-1143.54
-394.934
-96.8124
-4725.04
-1098.59
-329.405
-78.2822
-4719.17
-1122.78
-355.608
-85.7068
-4865.46
-1071.99
-293.432
-65.176
-4731.67
-1024.04
-255.319
-50.5545
-152.642
-107.405
-64.0297
-33.0237
-10.1322
-132.286
-93.3884
-55.7928
-28.7997
-8.83927
-126.386
-66.157
-36.8113
-18.6717
-5.70856
-162.082
-79.5335
-43.9244
-22.225
-6.7884
-87.1973
-45.2367
-25.1443
-12.7787
-3.91231
-40.2575
-16.7486
-8.8913
-4.49272
-1.3777
-268.506
-131.444
-71.96
-36.2801
-11.0671
-260.359
-125.535
-68.6011
-34.5793
-10.5487
-244.478
-114.517
-62.4249
-31.4669
-9.60106
12629.3
12977.9
13464.3
13814.1
13446.8
10395.4
10760.6
10379.8
10544.2
8073.3
2288.79
553.239
124.821
22.0246
8200.67
2293.02
551.479
123.785
21.6752
8349.09
2305.49
550.869
123.09
21.5111
8360.86
2284.37
543.303
121.103
21.1333
8021.38
2194.51
523.356
116.936
20.4318
6810.25
1951.77
477.417
108.36
19.1001
7131.61
2039.41
494.5
111.365
19.5268
6724.09
1917.54
469.654
106.955
18.906
6758.19
1914.76
468.014
106.822
18.8602
39382.5
52346.3
22033.7
25948.2
12241.5
14031.9
1411.78
1737.94
1007.94
4305
2438.59
1607.69
2681.34
3896.81
4858.14
5525.6
5869.16
9462.03
10336.3
10385.8
10449.5
10661.6
5954.97
7671.6
8718.43
9395.07
9780.07
4163.81
5820.69
7029.1
7840.2
8261.94
0
0
0
0
0
0
0
0
0
0
19714.1
15298.1
19814.5
15568.7
19395.3
21077.5
11763.1
7649.04
11929.7
7469.79
3694
1521.95
647.704
313.43
3619.58
1470.75
618.887
290.291
-3283.1
-297.992
86.2183
47.9009
-3007.84
-282.735
81.3859
45.874
-2628.67
-280.574
67.5215
39.6145
-2522.62
-324.876
40.6029
31.571
-3231.15
-457.197
-2.59269
21.73
-4618.01
-807.249
-120.598
-4.84457
-4405.84
-658.065
-61.0202
8.95332
-4839.32
-914.829
-170.355
-19.4661
-4731.13
-975.102
-215.424
-35.4177
185.901
112.46
64.407
32.8726
10.0609
166.864
98.7276
56.3001
28.7086
8.78473
96.3534
62.4459
36.1295
18.5009
5.67272
125.639
74.8559
43.0173
22.0117
6.75924
56.9976
42.0238
24.6793
12.6517
3.86497
9.26382
13.6625
8.55252
4.43031
1.35407
221.976
124.534
70.3308
35.7785
10.9421
213.55
118.813
67.0564
34.1096
10.4306
197.045
108.106
61.0248
31.0468
9.49025
13799.6
13823.4
13854.5
13691.7
13058.5
10361.5
10719.3
10352
10533.2
8650.63
2435.57
584.325
131.059
23.0364
8624.86
2409.91
577.369
129.129
22.5538
8545.42
2377.42
568.82
127.072
22.1939
8357.03
2313.84
553.264
123.635
21.5991
7934.89
2199.56
527.727
118.314
20.7105
6795.97
1949.73
477.537
108.534
19.151
7111.05
2038.92
495.802
111.928
19.6581
6712.76
1915.52
469.446
106.981
18.9216
6753.63
1913.94
467.902
106.817
18.8621
414.51
433.935
476.789
544.89
640.711
766.864
925.387
1116.82
1340.93
1587.89
1821.31
1971.93
1110.1
1629.6
2049.37
2344.09
2496.03
1161.94
1705.29
2144.09
2452.08
2610.84
1276.29
1872.24
2353.11
2690.51
2864.44
1457.77
2136.78
2683.96
3067.82
3265.84
1712.5
2506.88
3145.92
3594.49
3826.34
2046.39
2989.25
3746.14
4278.74
4555.43
2462.73
3584.9
4483.73
5120.4
5455.03
2958.96
4283.32
5342.24
6103.23
6512.89
3527.62
5062.55
6289.16
7194.91
7704.32
4134.45
5860.49
7242.02
8307.21
8948.99
4685.19
6546.54
8041.87
9255.86
10049.2
5032.1
6965.5
8525.3
9837.31
10740
417.668
443.519
493.11
568.379
671.703
805.218
969.616
1163.41
1384.53
1622.47
1842.7
1979.02
1118.61
1642.23
2065.42
2362.61
2515.85
1187.79
1743.67
2192.94
2508.5
2671.25
1320.37
1937.86
2436.82
2787.38
2968.27
1521.37
2231.83
2805.7
3209.17
3417.6
1796.74
2633.53
3309.12
3784.88
4031.31
2151.21
3148.23
3952.75
4521.39
4817.64
2584.58
3771.99
4729.75
5411.99
5771.73
3088.82
4486.15
5613.17
6428.24
6868.28
3651.34
5260.49
6559.09
7523.85
8067.31
4235.09
6026.67
7474.34
8595.73
9271.18
4749.47
6656.36
8199.01
9454.58
10274
5053.95
7003.7
8580.75
9908.23
10820.9
1081.05
3749.09
1655.95
2885.97
4218.59
5290.81
6047.07
6440.59
9157.79
11445.7
12987
14627.7
16055.1
4367.65
6284.18
7804.05
8897.06
9488.93
40240
51745.7
26882.1
29255.1
13333.6
14827.3
1248.44
1327.86
0
0
0
0
0
0
0
0
0
0
0
0
0
0
0
18411.1
17030.4
20787.7
17550.9
20681.3
21534.5
13203.5
7306.52
13070.3
7161.56
2688.44
711.763
96.2034
-107.401
2776.69
769.446
145.295
-72.5675
-5654.49
-1678.16
-570.828
-139.288
-5248.44
-1576.39
-544.915
-134.006
-4573.29
-1411.48
-493.473
-119.944
-3927.74
-1244.26
-442.104
-107.65
-3974.6
-1143.8
-395.07
-96.8533
-4725.21
-1098.85
-329.552
-78.327
-4719.36
-1123.05
-355.754
-85.7507
-4865.6
-1072.22
-293.568
-65.2176
-4731.8
-1024.25
-255.44
-50.5912
-153.326
-107.967
-64.393
-33.2162
-10.1916
-132.32
-93.4062
-55.8058
-28.8075
-8.84175
-126.482
-66.2025
-36.8348
-18.6836
-5.71232
-162.179
-79.5783
-43.9476
-22.2373
-6.79269
-87.2907
-45.2821
-25.1677
-12.7896
-3.91524
-40.3425
-16.7902
-8.91295
-4.50295
-1.38057
-268.525
-131.67
-72.1201
-36.3657
-11.0935
-260.436
-125.554
-68.6167
-34.589
-10.5517
-244.561
-114.551
-62.4443
-31.4774
-9.60417
12577.3
12979.3
13465
13814.5
13447.3
10395.9
10761.1
10380.3
10544.7
8058.55
2283.43
551.737
124.465
21.9597
8199.07
2292.47
551.294
123.728
21.6631
8348.63
2305.29
550.795
123.064
21.5051
8360.84
2284.31
543.274
121.091
21.1303
8021.54
2194.52
523.351
116.932
20.4305
6810.56
1951.85
477.434
108.363
19.1006
7131.88
2039.47
494.51
111.365
19.5267
6724.41
1917.63
469.675
106.959
18.9068
6758.53
1914.85
468.037
106.827
18.8611
39427.2
52384
22073.3
25989.6
12200.3
13984.1
949.117
1171.92
1007.91
4305
2438.56
1607.66
2681.25
3896.68
4857.98
5525.41
5868.96
9461.99
10336.1
10385.7
10449.3
10661.5
5954.88
7671.46
8718.24
9394.84
9779.83
4163.71
5820.54
7028.9
7839.96
8261.69
0
0
0
0
0
0
0
0
0
0
19738.8
15310.6
19813.5
15567.1
19392.5
21075.9
11774.3
7661.46
11928.6
7471.43
3701.52
1526.03
649.96
314.783
3620.4
1471.15
619.104
290.381
-3258.3
-294.704
87.1005
48.1161
-3009.54
-282.144
81.6039
45.9286
-2629.41
-280.429
67.6314
39.6463
-2523.02
-324.879
40.6483
31.587
-3231.4
-457.26
-2.59004
21.7343
-4618.15
-807.371
-120.654
-4.85834
-4406.01
-658.16
-61.05
8.94781
-4839.44
-914.978
-170.434
-19.4878
-4731.25
-975.28
-215.527
-35.4477
186.793
113.071
64.7732
33.0622
10.1192
166.884
98.7271
56.2993
28.7087
8.78488
96.3219
62.4302
36.1209
18.4966
5.67138
125.622
74.8461
43.0119
22.0087
6.75806
56.9471
41.9993
24.6662
12.6457
3.86344
9.19383
13.6284
8.53456
4.42178
1.35166
222.312
124.805
70.4935
35.8632
10.9685
213.597
118.829
67.066
34.1155
10.4328
197.075
108.116
61.0296
31.0498
9.49149
13774.6
13825.1
13855.4
13692.5
13059.2
10362.1
10720
10352.6
10533.7
8645.32
2431.51
582.992
130.725
22.9742
8624.43
2409.67
577.237
129.082
22.5434
8545.55
2377.43
568.795
127.057
22.1897
8357.36
2313.92
553.272
123.632
21.5976
7935.29
2199.66
527.746
118.315
20.7102
6796.37
1949.84
477.562
108.54
19.1518
7111.46
2039.03
495.826
111.932
19.6586
6713.14
1915.63
469.471
106.987
18.9225
6753.99
1914.04
467.927
106.823
18.863
414.496
433.92
476.773
544.872
640.689
766.838
925.356
1116.79
1340.88
1587.84
1821.26
1971.88
1110.07
1629.55
2049.3
2344.01
2495.94
1161.9
1705.23
2144.01
2451.99
2610.75
1276.24
1872.18
2353.02
2690.41
2864.34
1457.72
2136.71
2683.87
3067.72
3265.72
1712.44
2506.8
3145.81
3594.36
3826.2
2046.32
2989.15
3746.01
4278.58
4555.26
2462.65
3584.77
4483.57
5120.21
5454.83
2958.86
4283.17
5342.04
6103
6512.64
3527.51
5062.38
6288.93
7194.63
7704.02
4134.32
5860.29
7241.75
8306.89
8948.63
4685.04
6546.32
8041.57
9255.49
10048.8
5031.95
6965.27
8524.98
9836.92
10739.5
417.653
443.504
493.093
568.36
671.681
805.191
969.584
1163.37
1384.49
1622.42
1842.65
1978.97
1118.58
1642.17
2065.35
2362.53
2515.76
1187.75
1743.61
2192.86
2508.41
2671.16
1320.32
1937.79
2436.73
2787.28
2968.17
1521.32
2231.75
2805.61
3209.06
3417.48
1796.68
2633.44
3309.01
3784.75
4031.17
2151.14
3148.12
3952.62
4521.23
4817.47
2584.5
3771.86
4729.59
5411.8
5771.52
3088.71
4486
5612.98
6428.02
6868.04
3651.22
5260.31
6558.86
7523.58
8067.02
4234.95
6026.47
7474.07
8595.41
9270.84
4749.32
6656.13
8198.72
9454.22
10273.6
5053.79
7003.47
8580.43
9907.84
10820.5
1081.02
3749.03
1655.9
2885.88
4218.45
5290.64
6046.87
6440.38
9157.61
11445.5
12986.7
14627.3
16054.6
4367.52
6283.99
7803.81
8896.78
9488.63
23051.7
21739.8
20559.8
16865
15062.1
14004.2
10866.3
9089.66
8378.71
5279.23
3823.52
3149.66
12891.4
8038.71
13041.8
7960.78
19998.8
19671.3
14082.3
13172.5
6599.5
6826.89
19274.1
18765.1
18198.3
13096.2
13466.7
13453.3
8068.3
8775.83
8955.35
3268.91
997.632
248.91
-3.50941
3440.49
1135.08
328.016
61.1599
-69.6234
-52.3371
-31.9007
-16.5821
-5.10154
-14.7144
-17.5689
-11.6875
-6.23187
-1.93138
1304.09
3435.45
4921.84
6063.73
6847.48
7252.9
380.404
402.879
452.976
535.39
651.155
788.299
1018.89
1495.99
1881.63
2152.45
2292.07
1078.97
1583.93
1991.92
2278.33
2425.96
1212.87
1779.85
2237.57
2558.69
2724.15
1432.89
2101.28
2640.01
3017.58
3212.06
1741.19
2550.06
3200.17
3655.1
3889.32
2104.93
3076.25
3853.54
4396.32
4675.76
25702.5
26170.4
23665.6
23918.1
18644
17374.2
25739
24026.8
22734
23571.8
21897
20635
15299.3
13718.5
12830.6
19716.7
19125.2
15457
14474.3
10990.6
9550.82
5364.2
4091.39
12248.5
8035.4
12833.5
7952.65
3649.98
1351.95
520.605
216.622
3567.45
1257.91
419.134
137.607
104.455
58.3623
32.7847
16.6421
5.08429
49.2518
24.1693
12.8215
6.38338
1.94071
383.672
412.924
470.46
561.5
686.333
836.293
1027.68
1508.97
1898.08
2171.37
2312.28
1106
1623.92
2042.62
2336.7
2488.34
1259.99
1849.75
2326.43
2661.23
2833.88
1503.48
2206.56
2774.56
3173.53
3379.34
1836.95
2694.39
3386.63
3873.02
4124.18
2236.7
3277.56
4117.06
4707.53
5013.03
1395.26
3706.86
5384.26
6726.33
7681.1
8186.67
)
;
    }
    patch2
    {
        type            calculated;
        value           nonuniform List<scalar> 
348
(
11830.5
11830.1
12981.6
8149.36
6897.62
8634.08
14277.1
8904.75
7587.2
9548.77
12981
8149.05
6897.37
8633.75
14276.6
8904.45
7586.95
9548.45
25316.6
16524
6579.15
5452.62
5956.61
5409.85
6235.76
22531.9
15798.8
13099.8
11924.4
10793
9516.02
10814.6
9896.43
8646.42
9064.71
8372.54
22917.6
12566.3
9266.58
8733.78
10172.2
9447.2
8063.62
7730.66
7357.34
6770.72
8182.19
7743.32
24376.1
14753.2
17715.1
11920.7
10366.4
2437.78
2552.58
2807.19
3214.05
3793.63
4563.93
2534.6
2651.14
2908.6
3316.15
3885.36
4626.22
2364.02
2327.51
2487.01
2463.43
2760.21
2766.14
3199.94
3261.4
3818.25
3948.77
4599.35
4746.72
5536.27
6711.84
8131.6
9863.05
11657.6
12880.6
5541.62
6621.43
7845.43
9139.74
10305.1
11045.3
2457.38
2612.49
2910.9
3367.72
4006.61
4849.41
2554.75
2712.57
3014.22
3470.6
4094.11
4893.53
2383.89
2348.13
2547.97
2526.92
2866.58
2877.81
3359.74
3431.72
4043.03
4188.16
4913.14
5091
5901.65
7144.99
8603.67
10309.5
11985.9
13002.4
5864.93
6984.95
8217.73
9471.49
10537.7
11129.3
25642.8
16718.7
7105.81
5865.95
6541.34
5870.83
6803.21
26178.9
20303.2
15653.4
16641.8
11236.2
13270.3
10070.4
10788.5
9646.88
25418
14254
10621.4
9793.87
11462.4
10383.5
8697.34
8509.24
8318.74
7555.96
9310
8653.5
25375.9
15279.5
19109.3
12614.1
11189.6
25315.5
16523.2
6578.91
5452.42
5956.4
5409.66
6235.54
22530.6
15798.1
13099.2
11924.1
10792.8
9515.7
10814.3
9896.19
8646.14
9064.45
8372.28
22916.4
12565.7
9266.25
8733.46
10171.8
9446.83
8063.3
7730.38
7357.1
6770.49
8181.92
7743.05
24374.9
14752.5
17714.2
11920.1
10365.9
2437.7
2552.49
2807.1
3213.94
3793.49
4563.77
2534.51
2651.05
2908.5
3316.03
3885.22
4626.05
2363.94
2327.43
2486.92
2463.34
2760.11
2766.05
3199.83
3261.29
3818.12
3948.63
4599.19
4746.56
5536.06
6711.59
8131.28
9862.64
11657.2
12880
5541.42
6621.18
7845.12
9139.37
10304.6
11044.8
2457.29
2612.4
2910.8
3367.6
4006.48
4849.24
2554.66
2712.48
3014.12
3470.48
4093.97
4893.37
2383.8
2348.05
2547.88
2526.84
2866.48
2877.71
3359.63
3431.6
4042.9
4188.02
4912.97
5090.83
5901.45
7144.74
8603.37
10309.1
11985.5
13001.9
5864.73
6984.7
8217.44
9471.14
10537.3
11128.8
25641.8
16718
7105.57
5865.75
6541.13
5870.63
6802.99
26178.2
20302.5
15652.9
16641.3
11235.8
13269.9
10070
10788.1
9646.58
25417.2
14253.6
10621.1
9793.55
11462
10383.2
8697.04
8508.96
8318.48
7555.72
9309.7
8653.22
25374.9
15278.9
19108.7
12613.7
11189.2
14479.9
8002.42
6122.14
15270.8
8904.5
7025.93
16497.8
10273.9
8474.56
18072.5
11706.2
9853.91
19987.9
12679.7
10636.9
34202.2
28813.3
33015.8
27346.2
31234
25233
29732.1
23072.8
27678.8
20934.5
14461.3
7964.91
6079.8
15264.2
8906.16
7027.62
16495.6
10274.1
8475.25
18071.2
11706
9854.16
19986.7
12679.4
10636.9
34247.5
28848.3
33006.5
27348.2
31231.1
25232.2
29730.7
23071.9
27678
20933.8
)
;
    }
    patch3
    {
        type            calculated;
        value           uniform 0;
    }
    patch4
    {
        type            calculated;
        value           nonuniform List<scalar> 
384
(
5839.86
11341.1
14025.3
36845.3
47625.6
21767.1
12794.2
5178.29
11126.6
12476.7
32240.4
31746.1
5618.24
11347.1
14013.4
36857.3
47647.6
21766.9
12817.9
4885.78
11053
12498.4
32206.5
31798.8
10312.9
11692.6
34819.8
35957.8
10120.7
11653.5
34300.1
35838.4
10313.7
11693.9
34825.9
35962
10121.8
11654.6
34299.7
35841
7161.25
7343.13
7744.2
7483.03
2352.26
5944.39
1963.48
4454.73
2730.57
6633.45
2039.39
4589.86
7739.46
7481.28
7162.27
7344.1
4289.52
3189.9
5529.06
4471.14
14112.7
11900.1
3029.12
3592.7
4726.3
5464.79
6383.12
5426.4
7327.25
5965.33
14633.2
12008.6
5305.57
5769.61
6625.71
7301.83
4146.08
3094.67
5527.73
4483.61
14113.5
11901.5
2948
3503.48
4739.19
5479.89
6309.28
5351.63
7349.73
5992.03
14637.2
12010.5
5229.77
5685.78
6647.05
7322.29
2727.66
6629.26
2038.62
4588.54
2353.51
5947.13
1963.92
4455.78
43040
47867.2
46800.7
49453.2
43045.2
47871.1
46806.4
49458.1
8785.15
3836.68
11793.9
5782.58
16803.8
10610.9
6321.06
4741.71
20602.8
34627.1
25023.2
39160.3
17765.5
32570.5
16512.3
32041.1
14630.3
5976.13
16848.5
7623.94
20767
12622.6
7050.57
4891.42
21872
35055.2
27198.3
40060.8
18375.8
32753.2
16682.6
32088.2
8649.21
3743.15
11806.9
5799.33
16811
10618.9
6324.17
4742.91
20606.5
34629.8
25027.4
39163.4
17768.2
32572.9
16514.5
32043.4
14531.3
5887.25
16864.4
7646.25
20776.2
12634
7055.05
4892.9
21877.3
35058.7
27203.8
40065
18379.4
32756
16685.1
32090.7
14326.7
28590.8
18341.6
32769.3
24036
37044.7
33644.6
23806.6
40779.5
26201.9
42684.9
29684.9
43686.3
36603.4
14147.3
28353.9
18357.5
32792.6
24044.1
37053.7
33649.2
23702.7
40649.7
26217
42707.6
29692.8
43694.7
36608.7
7234.71
7355.35
7508.67
7545.34
7262.95
6624.47
6795.41
6572
6568.25
7990.12
7966.11
7883.08
7686.63
7280.29
6619.45
6800.08
6565.49
6565.44
7223.7
7353.11
7508.12
7545.34
7263.15
6624.78
6795.7
6572.33
6568.59
7987.63
7965.01
7883.09
7686.94
7280.69
6619.84
6800.49
6565.86
6565.79
1233.38
1230.16
1237.01
1215.31
1140.42
1082.11
1091.79
1084.27
1079.57
1324.82
1304.6
1284.3
1235.68
1144.64
1081.28
1092.05
1083.37
1079.18
1224.95
1230.69
1237.06
1215.32
1140.44
1082.16
1091.83
1084.33
1079.62
1316.76
1305.33
1284.46
1235.75
1144.7
1081.34
1092.11
1083.43
1079.24
261.998
259.206
258.133
251.075
234.983
230.253
229.506
231.89
230.798
277.185
271.905
266.853
255.639
236.586
230.239
229.869
231.792
230.747
259.849
259.306
258.138
251.07
234.984
230.262
229.512
231.901
230.809
275.038
272.039
266.883
255.651
236.597
230.251
229.881
231.804
230.759
58.4093
57.537
56.9995
55.254
51.8401
51.6172
51.1223
52.1237
51.9175
61.3138
60.0285
58.8292
56.351
52.3364
51.6673
51.297
52.1296
51.9147
57.9194
57.5504
56.9953
55.2502
51.839
51.6189
51.1231
52.1259
51.92
60.8181
60.0483
58.8306
56.3511
52.3377
51.6698
51.2992
52.1323
51.9173
10.2938
10.1096
9.98835
9.67047
9.08923
9.11853
9.00194
9.21813
9.17546
10.761
10.517
10.3003
9.87172
9.19156
9.13528
9.04506
9.22348
9.17604
10.2075
10.1105
9.98675
9.66932
9.08882
9.1188
9.002
9.21853
9.17591
10.6733
10.5191
10.2997
9.87129
9.19159
9.13569
9.04537
9.22395
9.17652
)
;
    }
}


// ************************************************************************* //
