-0.024692877 0.03733717 0.04659245 -0.059132669 -0.0032747922 
-0.024692877 0.037337177 0.047064605 -0.056411065 -0.0085762179 
-0.024692877 0.037337202 0.048427044 -0.054812291 -0.013826421 
-0.024692878 0.037337222 0.049621749 -0.050712492 -0.015575597 
-0.024692878 0.03733723 0.050218996 -0.047579523 -0.01496681 
-0.024692879 0.03733724 0.051015237 -0.045674381 -0.011262767 
-0.024692879 0.037337252 0.051942857 -0.043173075 -0.0061513906 
-0.024692879 0.037337253 0.052281279 -0.03996879 -0.0028015202 
-0.024692879 0.037337243 0.051941738 -0.036416707 -0.0021691317 
-0.024692879 0.037337234 0.051552393 -0.034352789 -0.0030118161 
-0.024692877 0.037337177 0.047064605 -0.056411066 -0.0085762179 
-0.024692877 0.037337189 0.047748088 -0.054791326 -0.01431825 
-0.024692878 0.037337212 0.049051114 -0.051691646 -0.017652703 
-0.024692878 0.037337228 0.050076989 -0.048530302 -0.017591447 
-0.024692879 0.037337237 0.050712359 -0.046765649 -0.014958665 
-0.024692879 0.037337247 0.051530862 -0.045554153 -0.010150812 
-0.024692879 0.03733726 0.052384359 -0.046223045 -0.0056955701 
-0.024692879 0.037337261 0.052579142 -0.045231073 -0.0035181547 
-0.024692879 0.037337247 0.052057603 -0.039821079 -0.0033822897 
-0.024692879 0.037337239 0.051695555 -0.035402165 -0.0040488153 
-0.024692877 0.037337202 0.048427044 -0.054812294 -0.013826423 
-0.024692878 0.037337212 0.049051114 -0.051691648 -0.017652703 
-0.024692878 0.037337231 0.050236475 -0.049127336 -0.018180151 
-0.024692879 0.037337242 0.050992522 -0.046953155 -0.016105295 
-0.024692879 0.037337246 0.05141382 -0.044808667 -0.012248067 
-0.024692879 0.037337257 0.052141618 -0.04591789 -0.007892209 
-0.02469288 0.037337272 0.052955695 -0.049406316 -0.0046830842 
-0.02469288 0.037337272 0.053057309 -0.047708786 -0.0031724739 
-0.024692879 0.037337256 0.052395927 -0.04038593 -0.003188487 
-0.024692879 0.037337245 0.051955772 -0.034380592 -0.0036203152 
-0.024692878 0.037337222 0.049621749 -0.050712495 -0.015575601 
-0.024692878 0.037337228 0.050076989 -0.048530305 -0.01759145 
-0.024692879 0.037337242 0.050992522 -0.046953154 -0.016105298 
-0.024692879 0.037337246 0.051451974 -0.043959738 -0.012573723 
-0.024692879 0.037337245 0.051570685 -0.040870887 -0.0086014968 
-0.024692879 0.037337255 0.052129665 -0.043103354 -0.0052885957 
-0.02469288 0.037337271 0.052904826 -0.046662042 -0.0028923036 
-0.02469288 0.037337269 0.052896778 -0.044336613 -0.0018940599 
-0.024692879 0.037337253 0.052274225 -0.035936748 -0.0014728516 
-0.024692879 0.037337242 0.051923234 -0.027495973 -0.0010280198 
-0.024692878 0.03733723 0.050218996 -0.047579525 -0.014966815 
-0.024692879 0.037337237 0.050712359 -0.046765652 -0.014958676 
-0.024692879 0.037337246 0.05141382 -0.044808669 -0.012248075 
-0.024692879 0.037337245 0.051570685 -0.040870885 -0.0086014991 
-0.024692879 0.037337239 0.051379883 -0.037641224 -0.0055911964 
-0.024692879 0.037337244 0.051629258 -0.038282936 -0.0033496119 
-0.024692879 0.037337256 0.052169174 -0.040920794 -0.0019153197 
-0.024692879 0.037337255 0.052233621 -0.038289713 -0.0007569188 
-0.024692879 0.037337241 0.051800298 -0.028059712 0.0006057854 
-0.024692879 0.03733723 0.051541554 -0.018628982 0.0012109854 
-0.024692879 0.03733724 0.051015237 -0.045674385 -0.011262783 
-0.024692879 0.037337247 0.051530862 -0.045554157 -0.010150827 
-0.024692879 0.037337257 0.052141618 -0.045917889 -0.0078922109 
-0.024692879 0.037337255 0.052129665 -0.043103353 -0.0052885994 
-0.024692879 0.037337244 0.051629258 -0.038282936 -0.0033496128 
-0.024692879 0.037337242 0.051481857 -0.037245072 -0.0023933988 
-0.024692879 0.037337249 0.051787773 -0.038620138 -0.0017211282 
-0.024692879 0.037337247 0.051869897 -0.033935325 -0.00039089273 
-0.024692879 0.037337233 0.051469443 -0.023007223 0.00057652278 
-0.024692879 0.037337221 0.051164361 -0.01532881 -0.00029892789 
-0.024692879 0.037337252 0.051942858 -0.043173082 -0.0061514195 
-0.024692879 0.03733726 0.052384359 -0.046223049 -0.0056955841 
-0.02469288 0.037337272 0.052955695 -0.049406315 -0.0046830931 
-0.02469288 0.037337271 0.052904826 -0.046662043 -0.0028923106 
-0.024692879 0.037337256 0.052169174 -0.040920792 -0.0019153244 
-0.024692879 0.037337249 0.051787773 -0.038620135 -0.0017211268 
-0.024692879 0.037337252 0.051964037 -0.037617987 -0.0014665894 
-0.024692879 0.037337246 0.051799957 -0.032792547 -0.0020311646 
-0.024692879 0.037337227 0.05116323 -0.023205621 -0.0037874895 
-0.024692878 0.037337216 0.050852015 -0.017057256 -0.0065317325 
-0.024692879 0.037337253 0.052281279 -0.039968792 -0.0028015416 
-0.024692879 0.037337261 0.052579142 -0.045231075 -0.0035181748 
-0.02469288 0.037337272 0.053057309 -0.047708787 -0.0031724911 
-0.02469288 0.037337269 0.052896778 -0.04433661 -0.0018940641 
-0.024692879 0.037337255 0.052233621 -0.038289707 -0.00075691508 
-0.024692879 0.037337247 0.051869897 -0.033935322 -0.00039089553 
-0.024692879 0.037337246 0.051799957 -0.032792547 -0.0020311623 
-0.024692879 0.037337234 0.051319096 -0.029495585 -0.0061334198 
-0.024692878 0.037337211 0.050457677 -0.021447665 -0.011421512 
-0.024692878 0.037337198 0.050031772 -0.016287524 -0.01610004 
-0.024692879 0.037337243 0.051941738 -0.036416707 -0.0021691517 
-0.024692879 0.037337247 0.052057604 -0.039821078 -0.0033823102 
-0.024692879 0.037337256 0.052395927 -0.040385925 -0.0031884982 
-0.024692879 0.037337253 0.052274225 -0.035936743 -0.001472853 
-0.024692879 0.037337241 0.051800298 -0.028059708 0.00060578121 
-0.024692879 0.037337233 0.051469443 -0.023007222 0.00057652278 
-0.024692879 0.037337227 0.05116323 -0.02320562 -0.003787482 
-0.024692878 0.037337211 0.050457677 -0.021447667 -0.011421513 
-0.024692878 0.037337188 0.049496487 -0.016734 -0.020125106 
-0.024692877 0.037337174 0.048981927 -0.013451488 -0.026210747 
-0.024692879 0.037337234 0.051552394 -0.034352783 -0.0030118314 
-0.024692879 0.037337239 0.051695555 -0.03540216 -0.0040488316 
-0.024692879 0.037337245 0.051955772 -0.034380587 -0.0036203227 
-0.024692879 0.037337242 0.051923234 -0.027495972 -0.0010280296 
-0.024692879 0.03733723 0.051541554 -0.01862898 0.001210977 
-0.024692879 0.037337221 0.051164361 -0.015328804 -0.00029892044 
-0.024692878 0.037337216 0.050852015 -0.017057255 -0.0065317199 
-0.024692878 0.037337198 0.050031772 -0.016287526 -0.016100035 
-0.024692877 0.037337174 0.048981927 -0.013451488 -0.026210747 
-0.024692877 0.037337165 0.048679392 -0.011590779 -0.031326003 
