173 272.98074 372.96882 472.9688 572.9807 
173 272.98075 372.96883 472.96881 572.98071 
173 272.98076 372.96885 472.96884 572.98073 
173 272.98077 372.96887 472.96886 572.98074 
173 272.98078 372.96888 472.96887 572.98075 
173 272.98078 372.96889 472.96888 572.98076 
173 272.98079 372.96891 472.9689 572.98077 
173 272.98079 372.96891 472.9689 572.98078 
173 272.98078 372.9689 472.9689 572.98077 
173 272.98077 372.96889 472.96889 572.98077 
173 272.98075 372.96883 472.96881 572.98071 
173 272.98075 372.96884 472.96882 572.98072 
173 272.98077 372.96886 472.96885 572.98074 
173 272.98077 372.96888 472.96887 572.98075 
173 272.98078 372.96889 472.96888 572.98076 
173 272.98078 372.9689 472.96889 572.98077 
173 272.98079 372.96892 472.96891 572.98078 
173 272.98079 372.96892 472.96891 572.98078 
173 272.98078 372.9689 472.9689 572.98077 
173 272.98078 372.9689 472.96889 572.98077 
173 272.98076 372.96885 472.96884 572.98073 
173 272.98077 372.96886 472.96885 572.98074 
173 272.98078 372.96888 472.96887 572.98075 
173 272.98078 372.96889 472.96888 572.98076 
173 272.98078 372.9689 472.96889 572.98077 
173 272.98079 372.96891 472.9689 572.98078 
173 272.9808 372.96893 472.96892 572.98079 
173 272.9808 372.96893 472.96892 572.98079 
173 272.98079 372.96891 472.96891 572.98078 
173 272.98078 372.9689 472.9689 572.98077 
173 272.98077 372.96887 472.96886 572.98074 
173 272.98077 372.96888 472.96887 572.98075 
173 272.98078 372.96889 472.96888 572.98076 
173 272.98078 372.9689 472.96889 572.98077 
173 272.98078 372.9689 472.96889 572.98077 
173 272.98079 372.96891 472.9689 572.98078 
173 272.9808 372.96893 472.96892 572.98079 
173 272.9808 372.96892 472.96892 572.98079 
173 272.98079 372.96891 472.9689 572.98078 
173 272.98078 372.9689 472.9689 572.98077 
173 272.98078 372.96888 472.96887 572.98075 
173 272.98078 372.96889 472.96888 572.98076 
173 272.98078 372.9689 472.96889 572.98077 
173 272.98078 372.9689 472.96889 572.98077 
173 272.98078 372.96889 472.96889 572.98077 
173 272.98078 372.9689 472.96889 572.98077 
173 272.98079 372.96891 472.9689 572.98078 
173 272.98079 372.96891 472.9689 572.98078 
173 272.98078 372.9689 472.96889 572.98077 
173 272.98077 372.96889 472.96889 572.98077 
173 272.98078 372.96889 472.96888 572.98076 
173 272.98078 372.9689 472.96889 572.98077 
173 272.98079 372.96891 472.9689 572.98078 
173 272.98079 372.96891 472.9689 572.98078 
173 272.98078 372.9689 472.96889 572.98077 
173 272.98078 372.9689 472.96889 572.98077 
173 272.98078 372.9689 472.9689 572.98077 
173 272.98078 372.9689 472.9689 572.98077 
173 272.98077 372.96889 472.96889 572.98077 
173 272.98077 372.96888 472.96888 572.98077 
173 272.98079 372.96891 472.9689 572.98077 
173 272.98079 372.96892 472.96891 572.98078 
173 272.9808 372.96893 472.96892 572.98079 
173 272.9808 372.96893 472.96892 572.98079 
173 272.98079 372.96891 472.9689 572.98078 
173 272.98078 372.9689 472.9689 572.98077 
173 272.98079 372.96891 472.9689 572.98077 
173 272.98078 372.9689 472.9689 572.98077 
173 272.98077 372.96888 472.96888 572.98077 
173 272.98076 372.96888 472.96887 572.98076 
173 272.98079 372.96891 472.9689 572.98078 
173 272.98079 372.96892 472.96891 572.98078 
173 272.9808 372.96893 472.96892 572.98079 
173 272.9808 372.96892 472.96892 572.98079 
173 272.98079 372.96891 472.9689 572.98078 
173 272.98078 372.9689 472.9689 572.98077 
173 272.98078 372.9689 472.9689 572.98077 
173 272.98078 372.96889 472.96889 572.98077 
173 272.98076 372.96887 472.96887 572.98076 
173 272.98075 372.96886 472.96886 572.98075 
173 272.98078 372.9689 472.9689 572.98077 
173 272.98078 372.9689 472.9689 572.98077 
173 272.98079 372.96891 472.96891 572.98078 
173 272.98079 372.96891 472.9689 572.98078 
173 272.98078 372.9689 472.96889 572.98077 
173 272.98077 372.96889 472.96889 572.98077 
173 272.98077 372.96888 472.96888 572.98077 
173 272.98076 372.96887 472.96887 572.98076 
173 272.98075 372.96885 472.96885 572.98074 
173 272.98074 372.96883 472.96883 572.98074 
173 272.98077 372.96889 472.96889 572.98077 
173 272.98078 372.9689 472.96889 572.98077 
173 272.98078 372.9689 472.9689 572.98077 
173 272.98078 372.9689 472.9689 572.98077 
173 272.98077 372.96889 472.96889 572.98077 
173 272.98077 372.96888 472.96888 572.98077 
173 272.98076 372.96888 472.96887 572.98076 
173 272.98075 372.96886 472.96886 572.98075 
173 272.98074 372.96883 472.96883 572.98074 
173 272.98073 372.96883 472.96883 572.98073 
