-0.019944651 -0.040074108 0.04750216 -0.022104965 0.014577751 
-0.019944652 -0.040074109 0.047790763 -0.015132936 0.015437626 
-0.019944652 -0.040074112 0.048929782 -0.0037098944 0.017607625 
-0.019944653 -0.040074115 0.049806233 0.0079243251 0.014700757 
-0.019944654 -0.040074118 0.050148645 0.01596082 0.008333171 
-0.019944654 -0.040074121 0.050608724 0.027526686 -0.0059815868 
-0.019944655 -0.040074124 0.051121112 0.041430381 -0.024175454 
-0.019944655 -0.040074127 0.051158647 0.049724899 -0.036836282 
-0.019944654 -0.040074128 0.050685747 0.050805012 -0.041273428 
-0.019944654 -0.040074128 0.050269952 0.049444936 -0.041140559 
-0.019944652 -0.040074109 0.047790763 -0.015132936 0.015437624 
-0.019944652 -0.040074111 0.048329244 -0.0080721169 0.018359423 
-0.019944653 -0.040074114 0.049334108 0.0042590779 0.01684035 
-0.019944654 -0.040074117 0.050064455 0.014918815 0.011241351 
-0.019944654 -0.040074119 0.050444691 0.023580086 0.0012434339 
-0.019944654 -0.040074123 0.050924652 0.035529685 -0.01508315 
-0.019944655 -0.040074125 0.05151045 0.046544012 -0.029937784 
-0.019944655 -0.040074126 0.051550756 0.051229076 -0.037754608 
-0.019944655 -0.040074127 0.050903916 0.05030641 -0.039356709 
-0.019944654 -0.040074127 0.050486794 0.048226398 -0.036905471 
-0.019944652 -0.040074112 0.048929782 -0.003709894 0.017607625 
-0.019944653 -0.040074114 0.049334108 0.0042590776 0.01684035 
-0.019944654 -0.040074117 0.050194424 0.016955076 0.0099614975 
-0.019944654 -0.04007412 0.050682116 0.026217756 0.0010611647 
-0.019944654 -0.040074122 0.050849946 0.033700434 -0.01047895 
-0.019944655 -0.040074124 0.051377401 0.042365309 -0.022845253 
-0.019944655 -0.040074125 0.052091565 0.049741991 -0.031918135 
-0.019944655 -0.040074126 0.052077182 0.052468122 -0.036371117 
-0.019944655 -0.040074127 0.051288738 0.049869065 -0.035620563 
-0.019944654 -0.040074127 0.050768825 0.047227639 -0.032615806 
-0.019944653 -0.040074115 0.049806233 0.0079243255 0.014700759 
-0.019944654 -0.040074117 0.050064455 0.014918816 0.011241351 
-0.019944654 -0.04007412 0.050682116 0.026217758 0.0010611664 
-0.019944654 -0.040074122 0.050866038 0.034024823 -0.0098542111 
-0.019944654 -0.040074124 0.050779382 0.038314564 -0.018975962 
-0.019944655 -0.040074125 0.051275838 0.042766304 -0.025427641 
-0.019944655 -0.040074126 0.052013088 0.048099739 -0.03061368 
-0.019944655 -0.040074126 0.051920309 0.049101852 -0.032476712 
-0.019944655 -0.040074127 0.051135342 0.046940653 -0.03207625 
-0.019944654 -0.040074129 0.050576145 0.047042551 -0.032604254 
-0.019944654 -0.040074118 0.050148645 0.015960822 0.0083331738 
-0.019944654 -0.040074119 0.050444691 0.023580091 0.0012434372 
-0.019944654 -0.040074122 0.050849946 0.033700436 -0.010478945 
-0.019944654 -0.040074124 0.050779382 0.038314565 -0.018975959 
-0.019944654 -0.040074125 0.050502581 0.037732184 -0.022080009 
-0.019944654 -0.040074125 0.050739077 0.038730616 -0.024071192 
-0.019944655 -0.040074125 0.051281066 0.041611674 -0.026105719 
-0.019944655 -0.040074126 0.051248658 0.042955883 -0.027833684 
-0.019944654 -0.040074128 0.050530479 0.0440094 -0.031055868 
-0.019944654 -0.04007413 0.049975019 0.04670285 -0.034641539 
-0.019944654 -0.040074121 0.050608724 0.027526692 -0.0059815795 
-0.019944654 -0.040074123 0.050924652 0.035529691 -0.015083144 
-0.019944655 -0.040074124 0.051377401 0.042365311 -0.022845252 
-0.019944655 -0.040074125 0.051275838 0.042766306 -0.025427638 
-0.019944654 -0.040074125 0.050739077 0.038730616 -0.024071192 
-0.019944654 -0.040074125 0.050620027 0.036344944 -0.02232533 
-0.019944654 -0.040074125 0.050941987 0.037394984 -0.02230028 
-0.019944654 -0.040074126 0.050844333 0.040149414 -0.025447211 
-0.019944654 -0.040074129 0.050103468 0.042833367 -0.030235749 
-0.019944654 -0.04007413 0.04954728 0.045470247 -0.033252681 
-0.019944655 -0.040074124 0.051121112 0.041430393 -0.024175442 
-0.019944655 -0.040074125 0.05151045 0.046544019 -0.029937779 
-0.019944655 -0.040074125 0.052091565 0.049741995 -0.03191813 
-0.019944655 -0.040074126 0.052013088 0.048099742 -0.030613678 
-0.019944655 -0.040074125 0.051281066 0.041611674 -0.026105713 
-0.019944654 -0.040074125 0.050941987 0.037394983 -0.022300277 
-0.019944655 -0.040074125 0.051077684 0.03846037 -0.022081571 
-0.019944654 -0.040074126 0.050767833 0.039762436 -0.023090103 
-0.019944654 -0.040074128 0.049854958 0.041258037 -0.025762824 
-0.019944654 -0.040074129 0.049316387 0.044644578 -0.028566512 
-0.019944655 -0.040074127 0.051158647 0.049724909 -0.036836271 
-0.019944655 -0.040074126 0.051550756 0.051229085 -0.037754598 
-0.019944655 -0.040074126 0.052077183 0.052468128 -0.036371107 
-0.019944655 -0.040074126 0.051920309 0.049101853 -0.032476706 
-0.019944655 -0.040074126 0.051248658 0.04295588 -0.02783368 
-0.019944654 -0.040074126 0.050844333 0.040149413 -0.025447204 
-0.019944654 -0.040074126 0.050767833 0.039762435 -0.023090104 
-0.019944654 -0.040074126 0.050229016 0.039182511 -0.020799598 
-0.019944653 -0.040074127 0.049145016 0.040246932 -0.021621895 
-0.019944653 -0.040074129 0.04851394 0.043780663 -0.024022122 
-0.019944654 -0.040074128 0.050685747 0.050805021 -0.041273419 
-0.019944655 -0.040074127 0.050903916 0.050306419 -0.039356698 
-0.019944655 -0.040074127 0.051288738 0.049869069 -0.035620553 
-0.019944655 -0.040074127 0.051135342 0.046940652 -0.032076244 
-0.019944654 -0.040074128 0.050530479 0.044009399 -0.031055861 
-0.019944654 -0.040074129 0.050103468 0.042833365 -0.030235745 
-0.019944654 -0.040074128 0.049854958 0.041258032 -0.025762827 
-0.019944653 -0.040074127 0.049145016 0.040246933 -0.021621895 
-0.019944653 -0.040074128 0.048062866 0.040796969 -0.020108503 
-0.019944652 -0.040074128 0.047410033 0.04348871 -0.021226977 
-0.019944654 -0.040074128 0.050269952 0.049444946 -0.041140553 
-0.019944654 -0.040074127 0.050486794 0.048226406 -0.036905461 
-0.019944654 -0.040074127 0.050768824 0.047227642 -0.0326158 
-0.019944654 -0.040074129 0.050576145 0.047042554 -0.032604247 
-0.019944654 -0.04007413 0.049975019 0.046702851 -0.034641529 
-0.019944654 -0.04007413 0.04954728 0.045470241 -0.033252678 
-0.019944654 -0.040074129 0.049316387 0.044644572 -0.028566515 
-0.019944653 -0.040074129 0.04851394 0.043780662 -0.024022125 
-0.019944652 -0.040074128 0.047410033 0.04348871 -0.021226978 
-0.019944652 -0.040074129 0.046996524 0.046558795 -0.022556706 
