/*--------------------------------*- C++ -*----------------------------------*\
| =========                 |                                                 |
| \\      /  F ield         | OpenFOAM: The Open Source CFD Toolbox           |
|  \\    /   O peration     | Version:  v2106                                 |
|   \\  /    A nd           | Website:  www.openfoam.com                      |
|    \\/     M anipulation  |                                                 |
\*---------------------------------------------------------------------------*/
FoamFile
{
    version     2.0;
    format      ascii;
    arch        "LSB;label=32;scalar=64";
    class       volVectorField;
    location    "0.6";
    object      U;
}
// * * * * * * * * * * * * * * * * * * * * * * * * * * * * * * * * * * * * * //

dimensions      [0 1 -1 0 0 0 0];

internalField   nonuniform List<vector> 
400
(
(0.000117315 0 0)
(0.000348315 0 0)
(0.000568737 0 0)
(0.000772387 0 0)
(0.000954082 0 0)
(0.0011098 0 0)
(0.0012367 0 0)
(0.00133294 0 0)
(0.00139749 0 0)
(0.00142981 0 0)
(0.00142973 0 0)
(0.00139724 0 0)
(0.00133254 0 0)
(0.00123615 0 0)
(0.00110914 0 0)
(0.000953333 0 0)
(0.000771608 0 0)
(0.000568002 0 0)
(0.000347739 0 0)
(0.000117064 0 0)
(0.000370328 0 0)
(0.00109945 0 0)
(0.00179502 0 0)
(0.00243739 0 0)
(0.00301017 0 0)
(0.00350075 0 0)
(0.00390027 0 0)
(0.0042031 0 0)
(0.00440609 0 0)
(0.00450775 0 0)
(0.00450751 0 0)
(0.00440539 0 0)
(0.00420196 0 0)
(0.00389874 0 0)
(0.0034989 0 0)
(0.00300809 0 0)
(0.00243524 0 0)
(0.00179301 0 0)
(0.00109789 0 0)
(0.000369659 0 0)
(0.000680143 0 0)
(0.00201903 0 0)
(0.0032956 0 0)
(0.00447349 0 0)
(0.00552256 0 0)
(0.00641991 0 0)
(0.00714973 0 0)
(0.00770228 0 0)
(0.00807234 0 0)
(0.00825758 0 0)
(0.00825721 0 0)
(0.00807126 0 0)
(0.00770053 0 0)
(0.00714737 0 0)
(0.00641706 0 0)
(0.00551937 0 0)
(0.00447021 0 0)
(0.00329256 0 0)
(0.00201668 0 0)
(0.000679145 0 0)
(0.00109003 0 0)
(0.00323519 0 0)
(0.00527879 0 0)
(0.00716184 0 0)
(0.00883606 0 0)
(0.0102654 0 0)
(0.0114256 0 0)
(0.0123025 0 0)
(0.0128889 0 0)
(0.0131822 0 0)
(0.0131818 0 0)
(0.0128875 0 0)
(0.0123002 0 0)
(0.0114225 0 0)
(0.0102616 0 0)
(0.00883191 0 0)
(0.00715758 0 0)
(0.00527484 0 0)
(0.00323215 0 0)
(0.00108873 0 0)
(0.00165123 0 0)
(0.00489956 0 0)
(0.0079905 0 0)
(0.0108334 0 0)
(0.0133551 0 0)
(0.0155023 0 0)
(0.0172408 0 0)
(0.0185515 0 0)
(0.0194266 0 0)
(0.0198638 0 0)
(0.0198633 0 0)
(0.0194249 0 0)
(0.0185488 0 0)
(0.017237 0 0)
(0.0154978 0 0)
(0.01335 0 0)
(0.0108282 0 0)
(0.00798571 0 0)
(0.00489587 0 0)
(0.00164965 0 0)
(0.00242624 0 0)
(0.00719675 0 0)
(0.0117292 0 0)
(0.0158879 0 0)
(0.0195658 0 0)
(0.0226871 0 0)
(0.0252057 0 0)
(0.0270991 0 0)
(0.0283602 0 0)
(0.0289894 0 0)
(0.0289887 0 0)
(0.0283582 0 0)
(0.0270959 0 0)
(0.0252014 0 0)
(0.0226818 0 0)
(0.0195599 0 0)
(0.0158819 0 0)
(0.0117236 0 0)
(0.00719245 0 0)
(0.00242439 0 0)
(0.00349227 0 0)
(0.0103542 0 0)
(0.0168609 0 0)
(0.022813 0 0)
(0.0280567 0 0)
(0.0324883 0 0)
(0.0360494 0 0)
(0.0387165 0 0)
(0.0404876 0 0)
(0.0413697 0 0)
(0.041369 0 0)
(0.0404854 0 0)
(0.0387129 0 0)
(0.0360446 0 0)
(0.0324825 0 0)
(0.0280502 0 0)
(0.0228063 0 0)
(0.0168547 0 0)
(0.0103494 0 0)
(0.00349017 0 0)
(0.00494502 0 0)
(0.014653 0 0)
(0.0238351 0 0)
(0.0322019 0 0)
(0.0395373 0 0)
(0.045704 0 0)
(0.0506337 0 0)
(0.0543087 0 0)
(0.0567403 0 0)
(0.0579486 0 0)
(0.0579478 0 0)
(0.056738 0 0)
(0.0543049 0 0)
(0.0506286 0 0)
(0.0456978 0 0)
(0.0395303 0 0)
(0.0321947 0 0)
(0.0238285 0 0)
(0.0146478 0 0)
(0.00494273 0 0)
(0.00690353 0 0)
(0.0204408 0 0)
(0.0332028 0 0)
(0.0447729 0 0)
(0.0548545 0 0)
(0.0632737 0 0)
(0.0699604 0 0)
(0.0749166 0 0)
(0.0781812 0 0)
(0.079799 0 0)
(0.0797982 0 0)
(0.0781788 0 0)
(0.0749128 0 0)
(0.0699552 0 0)
(0.0632674 0 0)
(0.0548475 0 0)
(0.0447657 0 0)
(0.0331959 0 0)
(0.0204354 0 0)
(0.00690111 0 0)
(0.00951705 0 0)
(0.0281506 0 0)
(0.0456403 0 0)
(0.0613926 0 0)
(0.0750096 0 0)
(0.0862854 0 0)
(0.0951683 0 0)
(0.101705 0 0)
(0.105988 0 0)
(0.108102 0 0)
(0.108101 0 0)
(0.105985 0 0)
(0.101702 0 0)
(0.0951633 0 0)
(0.0862794 0 0)
(0.0750029 0 0)
(0.0613857 0 0)
(0.0456337 0 0)
(0.0281454 0 0)
(0.00951464 0 0)
(0.0129765 0 0)
(0.03833 0 0)
(0.0619863 0 0)
(0.0831071 0 0)
(0.101176 0 0)
(0.115978 0 0)
(0.12752 0 0)
(0.135938 0 0)
(0.141415 0 0)
(0.144109 0 0)
(0.144108 0 0)
(0.141413 0 0)
(0.135935 0 0)
(0.127515 0 0)
(0.115973 0 0)
(0.10117 0 0)
(0.0831009 0 0)
(0.0619804 0 0)
(0.0383251 0 0)
(0.0129743 0 0)
(0.0175352 0 0)
(0.0516931 0 0)
(0.0833029 0 0)
(0.111192 0 0)
(0.134727 0 0)
(0.15374 0 0)
(0.168374 0 0)
(0.178931 0 0)
(0.185743 0 0)
(0.189075 0 0)
(0.189074 0 0)
(0.185741 0 0)
(0.178929 0 0)
(0.16837 0 0)
(0.153736 0 0)
(0.134723 0 0)
(0.111187 0 0)
(0.0832982 0 0)
(0.0516891 0 0)
(0.0175332 0 0)
(0.0235491 0 0)
(0.0692189 0 0)
(0.110985 0 0)
(0.147234 0 0)
(0.177271 0 0)
(0.201101 0 0)
(0.219146 0 0)
(0.231989 0 0)
(0.24019 0 0)
(0.244177 0 0)
(0.244177 0 0)
(0.240189 0 0)
(0.231987 0 0)
(0.219144 0 0)
(0.201099 0 0)
(0.177268 0 0)
(0.147231 0 0)
(0.110982 0 0)
(0.0692161 0 0)
(0.0235476 0 0)
(0.0315605 0 0)
(0.0923417 0 0)
(0.146956 0 0)
(0.193268 0 0)
(0.230707 0 0)
(0.259722 0 0)
(0.281246 0 0)
(0.296311 0 0)
(0.305814 0 0)
(0.3104 0 0)
(0.3104 0 0)
(0.305814 0 0)
(0.296311 0 0)
(0.281246 0 0)
(0.259722 0 0)
(0.230707 0 0)
(0.193267 0 0)
(0.146955 0 0)
(0.0923404 0 0)
(0.0315596 0 0)
(0.0424858 0 0)
(0.123339 0 0)
(0.194024 0 0)
(0.251986 0 0)
(0.297293 0 0)
(0.331354 0 0)
(0.355981 0 0)
(0.372873 0 0)
(0.383375 0 0)
(0.388398 0 0)
(0.388398 0 0)
(0.383375 0 0)
(0.372874 0 0)
(0.355983 0 0)
(0.331355 0 0)
(0.297294 0 0)
(0.251987 0 0)
(0.194025 0 0)
(0.123339 0 0)
(0.0424856 0 0)
(0.0580827 0 0)
(0.16615 0 0)
(0.256508 0 0)
(0.327029 0 0)
(0.379677 0 0)
(0.417736 0 0)
(0.444402 0 0)
(0.462259 0 0)
(0.473177 0 0)
(0.478348 0 0)
(0.478348 0 0)
(0.473178 0 0)
(0.462261 0 0)
(0.444405 0 0)
(0.41774 0 0)
(0.379681 0 0)
(0.327033 0 0)
(0.256512 0 0)
(0.166152 0 0)
(0.0580832 0 0)
(0.082282 0 0)
(0.228172 0 0)
(0.341287 0 0)
(0.423295 0 0)
(0.480803 0 0)
(0.520363 0 0)
(0.547056 0 0)
(0.564451 0 0)
(0.574892 0 0)
(0.579785 0 0)
(0.579786 0 0)
(0.574894 0 0)
(0.564454 0 0)
(0.54706 0 0)
(0.520368 0 0)
(0.480809 0 0)
(0.4233 0 0)
(0.341292 0 0)
(0.228175 0 0)
(0.0822831 0 0)
(0.125584 0 0)
(0.324242 0 0)
(0.459258 0 0)
(0.5469 0 0)
(0.603402 0 0)
(0.639971 0 0)
(0.663612 0 0)
(0.678574 0 0)
(0.687388 0 0)
(0.691475 0 0)
(0.691476 0 0)
(0.68739 0 0)
(0.678578 0 0)
(0.663616 0 0)
(0.639976 0 0)
(0.603408 0 0)
(0.546906 0 0)
(0.459264 0 0)
(0.324246 0 0)
(0.125585 0 0)
(0.221722 0 0)
(0.484927 0 0)
(0.626195 0 0)
(0.703811 0 0)
(0.74862 0 0)
(0.775645 0 0)
(0.792356 0 0)
(0.802642 0 0)
(0.8086 0 0)
(0.811338 0 0)
(0.811339 0 0)
(0.808602 0 0)
(0.802645 0 0)
(0.79236 0 0)
(0.77565 0 0)
(0.748625 0 0)
(0.703816 0 0)
(0.6262 0 0)
(0.484931 0 0)
(0.221723 0 0)
(0.498302 0 0)
(0.76816 0 0)
(0.85778 0 0)
(0.894887 0 0)
(0.913306 0 0)
(0.923601 0 0)
(0.929725 0 0)
(0.933417 0 0)
(0.935533 0 0)
(0.936499 0 0)
(0.936499 0 0)
(0.935533 0 0)
(0.933419 0 0)
(0.929726 0 0)
(0.923603 0 0)
(0.913309 0 0)
(0.894889 0 0)
(0.857782 0 0)
(0.768162 0 0)
(0.498303 0 0)
)
;

boundaryField
{
    movingWall
    {
        type            fixedValue;
        value           uniform (1 0 0);
    }
    fixedWalls
    {
        type            noSlip;
    }
    frontAndBack
    {
        type            empty;
    }
}


// ************************************************************************* //
