/*--------------------------------*- C++ -*----------------------------------*\
| =========                 |                                                 |
| \\      /  F ield         | OpenFOAM: The Open Source CFD Toolbox           |
|  \\    /   O peration     | Version:  v2106                                 |
|   \\  /    A nd           | Website:  www.openfoam.com                      |
|    \\/     M anipulation  |                                                 |
\*---------------------------------------------------------------------------*/
FoamFile
{
    version     2.0;
    format      ascii;
    arch        "LSB;label=32;scalar=64";
    class       volVectorField;
    location    "0";
    object      gradTmode5;
}
// * * * * * * * * * * * * * * * * * * * * * * * * * * * * * * * * * * * * * //

dimensions      [0 -1 0 0 0 0 0];

internalField   nonuniform List<vector> 
2000
(
(-30.6893 -30.6893 44.0981)
(-33.3461 -6.8726 10.2501)
(-14.7924 -11.2669 9.55536)
(-13.0833 -1.52383 -9.9815)
(-8.52455 2.05819 -8.03035)
(-12.8386 2.71624 -16.6886)
(-26.8353 9.98853 -14.6682)
(-53.3747 23.5194 -33.2837)
(-50.9626 36.4363 -66.5709)
(-19.1613 29.6911 -88.7843)
(-6.8726 -33.3461 10.2501)
(-13.9238 -13.9238 8.2369)
(-9.4436 -23.0627 4.93022)
(0.241773 -14.6328 -4.05657)
(-4.28448 -7.49273 3.50133)
(-4.90832 -4.52471 -6.78546)
(-6.03209 -3.7852 3.21455)
(-26.9269 13.3387 0.763719)
(-44.791 35.2395 -17.2904)
(-25.9065 33.8749 -47.6486)
(-11.2669 -14.7924 9.55536)
(-23.0627 -9.4436 4.93022)
(-15.5014 -15.5014 -10.0895)
(2.48664 -8.86056 -17.8822)
(1.58355 -14.2319 -0.242121)
(-9.13112 -16.3021 -4.51958)
(-8.97187 -24.7897 -4.82433)
(-14.35 -20.0437 -5.29529)
(-30.4265 -3.60878 -14.3039)
(-20.5259 5.9954 -38.6289)
(-1.52383 -13.0833 -9.9815)
(-14.6328 0.241774 -4.05657)
(-8.86056 2.48664 -17.8822)
(1.51129 1.51129 -7.97895)
(-11.7261 -11.9066 -1.22734)
(-15.4661 -17.352 -8.63398)
(-9.77364 -17.6478 -10.9508)
(-5.74599 -21.4179 -9.63017)
(-18.7519 -6.21226 -10.333)
(-16.3024 7.77583 -32.6985)
(2.05819 -8.52455 -8.03035)
(-7.49273 -4.28448 3.50133)
(-14.2319 1.58355 -0.24212)
(-11.9066 -11.726 -1.22734)
(-17.2798 -17.2798 0.0352993)
(-14.8724 -18.202 -8.69141)
(-13.0377 -15.0074 -8.7236)
(-2.91446 -22.096 -15.4917)
(-1.23278 -18.3474 -8.68633)
(-6.53785 4.49967 -20.8161)
(2.71624 -12.8387 -16.6886)
(-4.52471 -4.90831 -6.78546)
(-16.3021 -9.13112 -4.51959)
(-17.352 -15.4661 -8.63398)
(-18.202 -14.8724 -8.69141)
(-13.1938 -13.1938 -16.8485)
(-13.6677 -8.24569 -13.6429)
(-9.08597 -4.51337 -21.8452)
(7.84381 -16.5351 -20.2799)
(6.54471 -3.12516 -14.0926)
(9.98853 -26.8353 -14.6682)
(-3.7852 -6.03209 3.21455)
(-24.7897 -8.97187 -4.82433)
(-17.6478 -9.77364 -10.9508)
(-15.0074 -13.0377 -8.7236)
(-8.24569 -13.6677 -13.6429)
(-4.35733 -4.35733 -7.90015)
(-11.2039 -0.309282 -8.63708)
(0.155433 -10.5412 -14.4693)
(6.87214 -20.2916 -3.93469)
(23.5194 -53.3747 -33.2837)
(13.3387 -26.9269 0.763718)
(-20.0437 -14.35 -5.29529)
(-21.4179 -5.74599 -9.63017)
(-22.096 -2.91446 -15.4917)
(-4.51337 -9.08597 -21.8452)
(-0.30928 -11.2039 -8.63708)
(-15.2698 -15.2698 -9.8337)
(-12.1385 -8.90478 -12.8616)
(-3.20567 -16.5908 -15.2761)
(36.4363 -50.9626 -66.571)
(35.2395 -44.791 -17.2904)
(-3.60878 -30.4265 -14.3039)
(-6.21226 -18.7519 -10.333)
(-18.3474 -1.23279 -8.68634)
(-16.5351 7.84381 -20.2799)
(-10.5412 0.155434 -14.4693)
(-8.90479 -12.1385 -12.8616)
(-1.16552 -1.16552 -9.69283)
(-0.813869 1.62869 -6.27411)
(29.6911 -19.1613 -88.7843)
(33.8748 -25.9065 -47.6486)
(5.99541 -20.5259 -38.6289)
(7.77584 -16.3024 -32.6985)
(4.49966 -6.53785 -20.8161)
(-3.12515 6.5447 -14.0926)
(-20.2916 6.87214 -3.93469)
(-16.5908 -3.20566 -15.2761)
(1.62868 -0.813872 -6.27411)
(-0.411458 -0.411461 -10.8577)
(-3.59303 -3.59303 -52.585)
(-2.08153 7.37394 -22.1825)
(-2.3727 5.18573 -16.0192)
(-2.03332 4.27317 -12.0371)
(-0.893343 4.2108 -6.77733)
(-0.556973 0.226594 -2.30796)
(-2.33225 -0.95534 -1.47525)
(-12.266 2.50358 18.1198)
(-16.5941 6.49488 46.228)
(-8.84762 5.93004 63.4682)
(7.37394 -2.08152 -22.1825)
(6.69723 6.69724 -17.468)
(-5.47347 -0.865757 -5.00857)
(-3.00825 -2.99915 -6.89421)
(-4.93992 -2.79094 -8.09154)
(-5.72311 -6.10831 -3.28174)
(-0.0552647 -8.16823 -10.3247)
(-4.81575 -5.63115 -7.32027)
(-13.1676 -0.969934 13.7521)
(-9.41245 1.1758 38.8004)
(5.18573 -2.37271 -16.0192)
(-0.865758 -5.47347 -5.00857)
(-12.0691 -12.0691 6.39076)
(-3.9585 -10.2947 4.98833)
(-4.00249 -13.0692 -2.49729)
(-5.93426 -11.2863 -2.11456)
(-1.8551 -14.0712 -1.10036)
(-5.06767 -14.7778 1.77222)
(-9.78713 -11.9603 9.15699)
(-6.70188 -9.23268 26.4637)
(4.27317 -2.03332 -12.0371)
(-2.99915 -3.00826 -6.89421)
(-10.2947 -3.9585 4.98833)
(-4.00841 -4.00841 -3.06432)
(-5.93157 -7.32303 -5.74872)
(-6.72505 -8.0352 0.215645)
(-3.54676 -10.3435 3.77817)
(-2.70481 -14.3654 4.92872)
(-7.62246 -9.84042 4.46661)
(-6.68488 -8.40549 18.8774)
(4.2108 -0.893342 -6.77734)
(-2.79094 -4.93992 -8.09155)
(-13.0692 -4.0025 -2.49729)
(-7.32303 -5.93157 -5.74872)
(-8.02929 -8.02929 1.08603)
(-8.95473 -9.50653 5.27904)
(-8.18533 -9.20987 6.80226)
(-4.56459 -13.5112 10.2639)
(-3.82718 -14.9911 4.33707)
(-5.26695 -9.41532 9.64082)
(0.226594 -0.556977 -2.30797)
(-6.10831 -5.72311 -3.28174)
(-11.2863 -5.93426 -2.11456)
(-8.0352 -6.72506 0.215642)
(-9.50653 -8.95474 5.27903)
(-7.90564 -7.90564 11.7238)
(-7.5514 -7.61758 11.8552)
(-8.48607 -8.20353 16.9952)
(-3.52662 -15.9831 13.6148)
(-1.10907 -8.95774 6.1871)
(-0.955339 -2.33225 -1.47525)
(-8.16823 -0.0552665 -10.3247)
(-14.0712 -1.8551 -1.10036)
(-10.3435 -3.54676 3.77817)
(-9.20987 -8.18533 6.80226)
(-7.61758 -7.5514 11.8552)
(-8.48322 -8.48322 8.32135)
(-12.9301 -10.7589 7.72232)
(-4.58139 -12.1164 9.63614)
(1.75838 -13.4699 2.61441)
(2.50358 -12.266 18.1198)
(-5.63115 -4.81575 -7.32028)
(-14.7778 -5.06767 1.77222)
(-14.3654 -2.70482 4.92871)
(-13.5112 -4.56459 10.2639)
(-8.20353 -8.48607 16.9952)
(-10.7589 -12.9301 7.72232)
(-12.1193 -12.1193 7.48402)
(-6.23758 -10.6708 15.6836)
(-2.46254 -13.976 14.3596)
(6.49488 -16.5941 46.228)
(-0.969933 -13.1676 13.7521)
(-11.9603 -9.78713 9.15699)
(-9.84042 -7.62246 4.46661)
(-14.9911 -3.82718 4.33707)
(-15.9831 -3.52662 13.6148)
(-12.1164 -4.58139 9.63614)
(-10.6708 -6.23758 15.6836)
(-6.43819 -6.43819 8.67991)
(-1.54685 -7.83218 3.90034)
(5.93004 -8.84762 63.4682)
(1.1758 -9.41245 38.8004)
(-9.23268 -6.70188 26.4637)
(-8.40548 -6.68488 18.8774)
(-9.41532 -5.26694 9.64082)
(-8.95774 -1.10907 6.1871)
(-13.4699 1.75838 2.61441)
(-13.976 -2.46254 14.3596)
(-7.83218 -1.54685 3.90034)
(-3.85654 -3.85654 2.84493)
(-0.286767 -0.286766 0.309856)
(3.21971 -2.15806 5.81965)
(-4.64692 -0.256293 3.63846)
(-3.84148 3.61903 3.64722)
(1.20455 0.743984 5.355)
(-7.53656 1.74247 4.3292)
(-6.40747 1.13907 0.0351923)
(-5.67142 -1.92068 0.100307)
(-5.61425 3.9604 4.95384)
(-1.9211 5.02322 12.099)
(-2.15806 3.21971 5.81965)
(3.25018 3.25018 -1.7291)
(1.13017 -0.652749 -1.90738)
(-2.8412 2.39258 2.52852)
(-0.672014 -3.21268 1.30831)
(-7.14147 -4.33131 4.32959)
(-10.0706 -3.41032 0.676164)
(-2.8501 -3.00893 -2.7299)
(1.32965 -1.83155 0.611706)
(-0.858276 -3.12972 8.00731)
(-0.256292 -4.64692 3.63846)
(-0.652749 1.13017 -1.90738)
(-5.50452 -5.50452 4.17248)
(-6.40141 -5.03067 5.84776)
(-5.51934 -11.8891 6.16084)
(-7.7342 -12.8047 4.95086)
(-5.08509 -10.6868 4.24411)
(-4.09266 -7.7947 5.25578)
(-5.73504 -12.8943 2.8154)
(-3.21926 -13.9276 8.10803)
(3.61903 -3.84148 3.64722)
(2.39258 -2.84121 2.52852)
(-5.03067 -6.40141 5.84776)
(-9.22576 -9.22576 5.99922)
(-8.44608 -8.32326 6.30866)
(-5.93921 -9.95843 6.64106)
(-5.06057 -9.74519 4.8125)
(-5.05755 -12.9262 3.18069)
(-4.80322 -11.0322 1.80355)
(-1.89157 -9.04703 9.4583)
(0.743984 1.20455 5.355)
(-3.21268 -0.672013 1.3083)
(-11.8891 -5.51934 6.16084)
(-8.32326 -8.44609 6.30866)
(-6.25201 -6.25201 8.54421)
(-9.15612 -6.69391 5.8453)
(-8.0529 -6.93037 4.71869)
(-5.37966 -10.0296 6.75802)
(-1.85582 -9.19925 5.0466)
(-1.2341 -8.19063 9.72684)
(1.74247 -7.53657 4.3292)
(-4.33131 -7.14148 4.32959)
(-12.8047 -7.7342 4.95086)
(-9.95843 -5.93922 6.64106)
(-6.69391 -9.15612 5.8453)
(-6.61757 -6.61757 7.96176)
(-8.39624 -6.7266 6.91017)
(-7.32644 -7.05491 7.99327)
(-2.96427 -11.2361 9.72696)
(-0.882952 -10.1516 9.93738)
(1.13907 -6.40748 0.0351917)
(-3.41032 -10.0706 0.676162)
(-10.6868 -5.08509 4.24411)
(-9.74519 -5.06057 4.8125)
(-6.93036 -8.0529 4.71869)
(-6.7266 -8.39624 6.91017)
(-8.49024 -8.49024 3.07842)
(-9.88912 -9.82044 5.1462)
(-4.95247 -8.47238 9.53705)
(-0.149597 -12.1191 6.36633)
(-1.92068 -5.67143 0.100304)
(-3.00893 -2.8501 -2.7299)
(-7.7947 -4.09266 5.25578)
(-12.9262 -5.05756 3.18069)
(-10.0296 -5.37965 6.75802)
(-7.05491 -7.32644 7.99327)
(-9.82044 -9.88912 5.14621)
(-7.30857 -7.30857 9.27289)
(-5.26289 -9.86101 13.6968)
(-4.52963 -15.3049 12.7057)
(3.9604 -5.61425 4.95384)
(-1.83155 1.32965 0.611702)
(-12.8943 -5.73504 2.8154)
(-11.0322 -4.80322 1.80355)
(-9.19925 -1.85582 5.0466)
(-11.2361 -2.96427 9.72696)
(-8.47237 -4.95247 9.53705)
(-9.86101 -5.26289 13.6968)
(-12.9488 -12.9488 12.55)
(-5.59345 -9.886 10.8907)
(5.02322 -1.9211 12.099)
(-3.12972 -0.858277 8.00731)
(-13.9276 -3.21927 8.10802)
(-9.04702 -1.89157 9.4583)
(-8.19063 -1.2341 9.72683)
(-10.1516 -0.882952 9.93738)
(-12.1191 -0.149597 6.36633)
(-15.3049 -4.52963 12.7057)
(-9.886 -5.59345 10.8907)
(-1.46687 -1.46687 13.1911)
(1.91677 1.91677 -1.64273)
(1.24708 -0.174814 -2.65639)
(-4.54514 -0.360109 -2.59489)
(-0.316785 3.15448 3.64532)
(-0.211358 0.164108 -0.790673)
(-5.87678 0.226985 -0.552282)
(-6.56115 -0.314366 2.01537)
(-7.34732 -0.326624 2.3966)
(-4.59534 2.15274 4.96632)
(-1.70241 1.83831 3.92825)
(-0.174814 1.24708 -2.65639)
(-1.0298 -1.0298 2.02385)
(-1.21585 -0.331743 -1.05955)
(0.207433 -0.798614 1.01669)
(-3.13885 -1.9851 -1.17399)
(-6.35525 -5.48665 -1.40878)
(-7.11475 -3.95931 0.968225)
(-4.88021 -0.475675 2.5436)
(-2.4304 -3.10837 -0.41037)
(-2.01684 -2.81522 -1.71876)
(-0.36011 -4.54514 -2.59489)
(-0.331742 -1.21585 -1.05955)
(-4.31395 -4.31396 -1.56072)
(-1.97014 -6.82399 -1.40516)
(-4.8994 -8.06889 4.06179)
(-7.85099 -8.97487 1.9337)
(-1.55017 -9.93485 3.19636)
(-6.49638 -8.86724 3.89513)
(-6.93488 -10.7684 2.57724)
(-1.40926 -7.78169 5.12269)
(3.15448 -0.316787 3.64532)
(-0.798613 0.207431 1.01669)
(-6.82399 -1.97014 -1.40516)
(-3.5475 -3.5475 4.43936)
(-5.28973 -4.93967 7.49391)
(-8.22121 -7.14076 4.8305)
(-7.00712 -9.86893 3.39123)
(-5.71377 -12.8632 3.45406)
(-1.34485 -7.60922 5.35408)
(0.969873 -6.78668 8.04245)
(0.164108 -0.211361 -0.790675)
(-1.9851 -3.13885 -1.17399)
(-8.06889 -4.8994 4.06178)
(-4.93967 -5.28973 7.49391)
(-8.49265 -8.49265 7.74677)
(-12.7802 -8.18583 5.55426)
(-7.27261 -7.1122 5.21021)
(-4.23668 -8.69859 6.73115)
(-0.858362 -7.06772 6.3781)
(-0.586712 -8.93624 6.24953)
(0.226984 -5.87678 -0.552282)
(-5.48665 -6.35526 -1.40878)
(-8.97487 -7.851 1.93369)
(-7.14076 -8.22122 4.8305)
(-8.18583 -12.7803 5.55426)
(-6.84076 -6.84077 4.87789)
(-7.51989 -9.25785 4.09856)
(-5.66929 -9.81534 5.39171)
(-1.5825 -11.4926 6.54958)
(-0.898648 -12.3182 6.62726)
(-0.314367 -6.56115 2.01537)
(-3.95931 -7.11476 0.968224)
(-9.93485 -1.55017 3.19636)
(-9.86892 -7.00713 3.39123)
(-7.1122 -7.27261 5.21021)
(-9.25785 -7.51989 4.09855)
(-10.2472 -10.2472 2.1591)
(-6.47144 -9.47928 3.50318)
(-3.36127 -8.14654 6.85144)
(-1.41235 -10.7015 5.24418)
(-0.326624 -7.34732 2.3966)
(-0.475676 -4.88021 2.5436)
(-8.86724 -6.49638 3.89513)
(-12.8632 -5.71377 3.45406)
(-8.69859 -4.23668 6.73115)
(-9.81534 -5.66929 5.39171)
(-9.47928 -6.47144 3.50318)
(-3.56864 -3.56864 6.89572)
(-2.80474 -7.65789 8.26624)
(-3.45363 -9.45165 12.8247)
(2.15274 -4.59534 4.96632)
(-3.10837 -2.43041 -0.410371)
(-10.7684 -6.93488 2.57723)
(-7.60922 -1.34486 5.35408)
(-7.06772 -0.858364 6.3781)
(-11.4926 -1.58251 6.54958)
(-8.14654 -3.36127 6.85144)
(-7.65789 -2.80474 8.26624)
(-9.24428 -9.24428 14.0553)
(-3.20611 -7.34685 18.2951)
(1.83831 -1.70241 3.92825)
(-2.81522 -2.01685 -1.71876)
(-7.78169 -1.40926 5.12269)
(-6.78668 0.969871 8.04245)
(-8.93624 -0.586716 6.24952)
(-12.3182 -0.898649 6.62726)
(-10.7015 -1.41235 5.24418)
(-9.45165 -3.45363 12.8247)
(-7.34685 -3.20611 18.2951)
(-1.55621 -1.5562 16.2126)
(-1.30043 -1.30043 -3.76732)
(2.26755 2.52218 -3.62626)
(1.65479 1.27905 -0.775412)
(-2.03726 0.990403 -1.33139)
(-2.99305 0.360672 -2.57977)
(-4.73052 0.885971 -1.98471)
(-3.45859 0.0919324 -1.67298)
(-2.72047 -1.77367 -0.208302)
(-4.0826 -1.41629 3.10435)
(-2.95917 -0.623788 4.60941)
(2.52218 2.26755 -3.62626)
(4.84702 4.84702 -1.89821)
(0.123009 0.381417 -1.58902)
(-2.95564 -2.6579 -3.02894)
(-3.09748 1.63978 -0.528246)
(-4.99926 -1.84533 -1.31989)
(-6.11823 -2.22932 0.280098)
(-4.22869 -1.5104 -0.42456)
(-2.93272 -4.22064 0.548537)
(-2.16667 -1.93527 -0.184424)
(1.27905 1.65479 -0.775413)
(0.381417 0.123008 -1.58902)
(-5.85013 -5.85013 -0.847967)
(-0.778904 -1.608 0.0162279)
(-2.18048 -3.22118 0.912477)
(-8.59962 -6.56546 1.28618)
(-3.12366 -8.26381 0.911378)
(-4.71179 -6.88424 1.57976)
(-4.50748 -7.12982 4.4275)
(-0.673809 -4.16635 3.36656)
(0.990404 -2.03727 -1.33139)
(-2.65789 -2.95564 -3.02894)
(-1.608 -0.778906 0.0162286)
(-0.326689 -0.326689 5.05837)
(-8.05494 -4.63828 1.66467)
(-10.0419 -6.33787 1.87998)
(-6.43701 -7.73134 3.60632)
(-3.09471 -10.0902 4.44996)
(-0.214828 -7.23132 4.68787)
(0.796799 -7.92019 3.54212)
(0.360672 -2.99305 -2.57977)
(1.63978 -3.09748 -0.528246)
(-3.22118 -2.18049 0.912477)
(-4.63828 -8.05494 1.66467)
(-8.19166 -8.19166 0.113035)
(-11.6927 -6.64652 4.34081)
(-6.87601 -6.22304 5.40666)
(-4.21176 -8.09193 5.25023)
(-2.33745 -8.00375 3.62367)
(-1.36268 -9.60582 3.4996)
(0.885969 -4.73052 -1.9847)
(-1.84533 -4.99926 -1.31989)
(-6.56546 -8.59962 1.28618)
(-6.33787 -10.0419 1.87998)
(-6.64652 -11.6927 4.34081)
(-8.07327 -8.07327 6.05529)
(-7.88242 -9.77772 4.79921)
(-4.87542 -10.2829 6.59817)
(-1.72872 -10.7627 5.95999)
(-0.80527 -11.1569 6.0237)
(0.0919336 -3.4586 -1.67298)
(-2.22932 -6.11824 0.280097)
(-8.26381 -3.12366 0.911379)
(-7.73134 -6.43702 3.60632)
(-6.22304 -6.87601 5.40665)
(-9.77772 -7.88243 4.79921)
(-9.08561 -9.08562 7.27298)
(-5.19677 -8.31643 8.11876)
(-3.21147 -6.75572 7.64982)
(-1.75686 -5.92166 7.15845)
(-1.77367 -2.72048 -0.208304)
(-1.5104 -4.2287 -0.424564)
(-6.88424 -4.71179 1.57976)
(-10.0902 -3.09471 4.44996)
(-8.09193 -4.21176 5.25023)
(-10.2829 -4.87542 6.59817)
(-8.31642 -5.19677 8.11876)
(-2.54551 -2.54552 8.54434)
(0.666055 -2.6572 8.3625)
(0.0287906 -2.25392 13.7018)
(-1.41629 -4.08259 3.10435)
(-4.22063 -2.93272 0.548533)
(-7.12982 -4.50747 4.42749)
(-7.23131 -0.214829 4.68786)
(-8.00375 -2.33745 3.62366)
(-10.7627 -1.72872 5.95999)
(-6.75571 -3.21148 7.64982)
(-2.65719 0.666053 8.3625)
(-2.91988 -2.91988 15.4473)
(-1.35358 -6.49808 15.0062)
(-0.623791 -2.95916 4.6094)
(-1.93528 -2.16667 -0.184424)
(-4.16635 -0.673807 3.36656)
(-7.92019 0.7968 3.54212)
(-9.60582 -1.36268 3.4996)
(-11.1569 -0.80527 6.02369)
(-5.92165 -1.75686 7.15845)
(-2.25391 0.0287896 13.7018)
(-6.49808 -1.35358 15.0062)
(-3.54941 -3.54941 13.6289)
(2.05784 2.05784 -4.49482)
(4.23899 1.55323 -0.866783)
(-2.25028 -1.17372 -4.07903)
(-2.12115 1.45694 -5.59328)
(-0.86467 2.21564 -2.03146)
(-4.96998 0.891805 -3.2206)
(-4.78474 1.63871 -1.33541)
(-2.56999 -0.542881 -1.7181)
(0.222368 -0.403071 -0.317131)
(-0.19736 -2.95552 4.36261)
(1.55323 4.23899 -0.866782)
(1.00743 1.00743 -1.05708)
(-2.34657 -0.404298 -6.51469)
(1.26821 0.549008 -4.65941)
(-1.4298 1.50716 -2.73451)
(-5.54691 -2.21576 -3.05104)
(-6.21943 -1.37496 1.54594)
(-4.61177 1.31238 0.00318308)
(-2.19027 -1.78523 1.05743)
(-2.74981 -4.05806 0.520576)
(-1.17372 -2.25028 -4.07903)
(-0.404295 -2.34657 -6.51469)
(-2.7087 -2.7087 -4.43443)
(-0.209694 1.26332 -3.78572)
(-3.62944 -5.87598 -5.52917)
(-7.85209 -5.77501 -3.25714)
(-1.2566 -6.60863 0.337136)
(-2.98026 -3.99272 0.956536)
(-5.14808 -6.62908 2.15872)
(-2.47019 -4.05515 0.855873)
(1.45694 -2.12115 -5.59329)
(0.549008 1.26821 -4.65941)
(1.26332 -0.209696 -3.78572)
(-1.89906 -1.89907 -4.92119)
(-8.46812 -5.73911 -5.01388)
(-6.27956 -4.08613 -1.89498)
(-4.43715 -5.37365 2.48451)
(-4.63222 -9.19272 1.91712)
(-2.25269 -8.41305 2.16625)
(-0.175878 -6.65364 1.73792)
(2.21564 -0.864672 -2.03146)
(1.50716 -1.4298 -2.73451)
(-5.87598 -3.62944 -5.52917)
(-5.73911 -8.46813 -5.01388)
(-5.8165 -5.81651 -4.52494)
(-7.48663 -4.01052 -0.977033)
(-6.36319 -5.91931 2.64323)
(-6.01967 -6.55038 3.07967)
(-2.60899 -5.7956 3.22928)
(-0.710777 -6.45467 4.62157)
(0.891804 -4.96998 -3.2206)
(-2.21576 -5.54691 -3.05104)
(-5.77501 -7.8521 -3.25714)
(-4.08613 -6.27957 -1.89498)
(-4.01052 -7.48663 -0.977033)
(-6.38236 -6.38237 2.11056)
(-6.977 -7.39153 4.94815)
(-4.50851 -6.94681 6.91131)
(-2.15698 -7.46646 6.67087)
(-0.834943 -8.6594 7.47574)
(1.63871 -4.78475 -1.33541)
(-1.37496 -6.21943 1.54593)
(-6.60863 -1.2566 0.337136)
(-5.37365 -4.43715 2.48451)
(-5.91931 -6.36319 2.64323)
(-7.39152 -6.977 4.94815)
(-6.92763 -6.92763 8.50122)
(-6.0946 -7.53312 7.54419)
(-4.32158 -5.74403 8.40029)
(-1.90372 -3.02344 8.27476)
(-0.542883 -2.57 -1.7181)
(1.31238 -4.61178 0.00318236)
(-3.99272 -2.98027 0.956535)
(-9.19272 -4.63222 1.91712)
(-6.55037 -6.01967 3.07967)
(-6.94681 -4.50851 6.91131)
(-7.53311 -6.0946 7.54419)
(-3.3249 -3.3249 7.70108)
(2.3527 0.139597 9.54914)
(1.88565 -1.60394 9.20178)
(-0.403073 0.222367 -0.317129)
(-1.78523 -2.19027 1.05743)
(-6.62907 -5.14808 2.15872)
(-8.41305 -2.25269 2.16625)
(-5.7956 -2.60899 3.22928)
(-7.46646 -2.15698 6.67087)
(-5.74402 -4.32158 8.40029)
(0.139599 2.3527 9.54914)
(-2.60061 -2.60062 9.56064)
(-3.64725 -7.41976 6.67405)
(-2.95552 -0.197359 4.36261)
(-4.05806 -2.7498 0.520577)
(-4.05515 -2.47019 0.855869)
(-6.65364 -0.175876 1.73792)
(-6.45466 -0.710777 4.62157)
(-8.6594 -0.834943 7.47574)
(-3.02343 -1.90372 8.27476)
(-1.60394 1.88565 9.20178)
(-7.41976 -3.64725 6.67405)
(-2.93349 -2.9335 9.1169)
(2.32761 2.32761 -6.75654)
(2.68334 2.33189 -9.87611)
(-3.07171 -1.15662 -11.5343)
(0.0103053 1.92428 -8.09458)
(-0.62036 -0.342376 -8.78123)
(-4.03447 1.05553 -7.90909)
(-1.9561 2.97328 -3.95337)
(-1.70219 -0.0523829 -3.05468)
(1.99812 -0.0417276 -2.79962)
(1.72057 -4.46582 1.49542)
(2.33189 2.68334 -9.87611)
(-0.800889 -0.800888 -9.3577)
(-3.47932 0.0260116 -10.7506)
(0.824547 -0.850335 -9.78986)
(-1.48911 -1.85793 -11.625)
(-0.718819 -1.88187 -8.08106)
(-3.06401 -0.556778 -5.20945)
(-4.7172 1.16424 -2.76025)
(-2.41532 -1.74478 -1.84584)
(-2.70352 -5.44201 -0.867123)
(-1.15662 -3.07172 -11.5343)
(0.026013 -3.47932 -10.7506)
(-3.12116 -3.12116 -13.0808)
(-1.87364 -1.86978 -12.8974)
(-1.6519 -5.50055 -12.0256)
(-2.73332 -5.4094 -8.70737)
(1.09001 -7.32523 -4.66398)
(-2.8902 -4.97031 -3.03509)
(-4.60814 -6.021 -1.89466)
(-1.97666 -2.94901 -0.0758461)
(1.92428 0.0103015 -8.09458)
(-0.850331 0.824543 -9.78987)
(-1.86978 -1.87364 -12.8974)
(-1.55485 -1.55485 -13.7381)
(-5.02873 -3.63406 -10.6263)
(-2.5435 -4.05777 -7.16258)
(-2.62492 -5.42524 -3.75861)
(-3.41296 -7.96709 -2.53279)
(-0.394025 -6.16075 1.1949)
(0.368466 -4.15449 1.90491)
(-0.342375 -0.620362 -8.78123)
(-1.85793 -1.48912 -11.625)
(-5.50055 -1.6519 -12.0256)
(-3.63405 -5.02873 -10.6263)
(-4.15481 -4.15482 -8.15617)
(-4.52451 -2.64098 -5.5494)
(-2.81931 -3.75941 -1.9317)
(-3.62571 -3.09775 1.05414)
(-0.79554 -3.49913 3.26574)
(0.0296045 -3.868 3.59901)
(1.05553 -4.03447 -7.9091)
(-1.88187 -0.71882 -8.08106)
(-5.4094 -2.73332 -8.70737)
(-4.05776 -2.5435 -7.16259)
(-2.64098 -4.52451 -5.5494)
(-2.14809 -2.14809 -2.74009)
(-3.08168 -3.91972 0.591739)
(-3.15269 -5.81835 2.90497)
(-1.16428 -5.59172 3.36384)
(-0.000401349 -7.50372 4.81126)
(2.97328 -1.9561 -3.95337)
(-0.556777 -3.06401 -5.20945)
(-7.32523 1.09001 -4.66398)
(-5.42524 -2.62492 -3.7586)
(-3.7594 -2.81931 -1.9317)
(-3.91972 -3.08168 0.591739)
(-6.48957 -6.48957 1.84408)
(-5.29771 -7.52666 1.38622)
(-2.48091 -3.87745 6.02419)
(-1.88239 -4.19562 4.45102)
(-0.0523832 -1.7022 -3.05468)
(1.16424 -4.7172 -2.76025)
(-4.97031 -2.89021 -3.03509)
(-7.96708 -3.41297 -2.53279)
(-3.09774 -3.62571 1.05414)
(-5.81835 -3.15269 2.90497)
(-7.52665 -5.29771 1.38622)
(-0.540567 -0.540572 4.26428)
(2.16676 -1.49685 6.17958)
(-0.318572 -3.85463 1.89987)
(-0.0417278 1.99812 -2.79962)
(-1.74479 -2.41532 -1.84584)
(-6.021 -4.60814 -1.89466)
(-6.16075 -0.394024 1.1949)
(-3.49913 -0.79554 3.26574)
(-5.59172 -1.16428 3.36384)
(-3.87745 -2.4809 6.02419)
(-1.49685 2.16676 6.17958)
(-5.79496 -5.79496 2.61298)
(-4.24017 -6.58295 3.60374)
(-4.46582 1.72057 1.49542)
(-5.44201 -2.70352 -0.86712)
(-2.94901 -1.97666 -0.0758471)
(-4.15448 0.368467 1.90491)
(-3.868 0.0296048 3.59901)
(-7.50372 -0.000402056 4.81126)
(-4.19562 -1.88239 4.45102)
(-3.85463 -0.31857 1.89988)
(-6.58295 -4.24017 3.60374)
(-1.10656 -1.10656 3.50203)
(-1.06173 -1.06173 -16.3957)
(-0.538795 2.07165 -17.3736)
(-0.468741 -0.389956 -15.6139)
(0.631951 -0.238351 -14.2528)
(-0.679185 -0.628125 -15.4718)
(-0.142122 0.719841 -10.0684)
(0.0696693 0.382633 -8.10522)
(-1.41624 -0.248448 -5.19681)
(4.77247 0.550706 -2.9831)
(4.09768 -5.31806 -0.24884)
(2.07165 -0.538794 -17.3736)
(0.132982 0.132982 -20.259)
(-2.77874 -1.95078 -16.2423)
(0.393782 -4.25384 -17.6625)
(0.279007 -1.73726 -14.8315)
(0.868636 -3.01404 -11.8429)
(-0.898619 -2.08557 -11.1642)
(-1.24816 1.33198 -4.96153)
(-0.297143 -0.880274 -3.14724)
(-1.77109 -5.62933 -2.20332)
(-0.389957 -0.468743 -15.6139)
(-1.95078 -2.77874 -16.2423)
(-4.85556 -4.85556 -18.6993)
(0.845469 -2.68493 -16.2714)
(0.560617 -4.87725 -13.0539)
(-0.49043 -4.85653 -11.6349)
(4.41568 -5.15779 -8.92197)
(-0.210944 -3.76526 -4.97116)
(-2.18883 -3.58834 -2.57726)
(-0.651376 -1.28312 0.0690405)
(-0.238351 0.63195 -14.2528)
(-4.25384 0.393779 -17.6625)
(-2.68493 0.845468 -16.2714)
(0.372099 0.372099 -15.0696)
(-1.89259 -1.86964 -12.5489)
(0.588094 -0.928165 -9.8254)
(0.192649 -2.64137 -6.89317)
(0.321287 -5.10349 -3.06988)
(2.185 -3.25265 1.24283)
(0.534131 -2.97878 1.1711)
(-0.628127 -0.679188 -15.4718)
(-1.73726 0.279004 -14.8315)
(-4.87724 0.560612 -13.0539)
(-1.86964 -1.8926 -12.5489)
(-0.739647 -0.739649 -10.1322)
(-1.26216 0.411976 -7.21274)
(0.240358 -1.56896 -4.16129)
(-0.822229 -1.11262 -0.238214)
(-0.0641199 -3.62666 1.90482)
(-0.377504 -3.54831 0.840827)
(0.719841 -0.142128 -10.0684)
(-3.01404 0.868632 -11.8429)
(-4.85653 -0.490435 -11.6349)
(-0.928162 0.58809 -9.8254)
(0.41198 -1.26216 -7.21274)
(-0.241221 -0.241225 -5.25056)
(-1.33194 -3.61575 -3.59059)
(-1.73641 -6.61473 0.444773)
(-0.25069 -4.70801 1.57138)
(0.612482 -7.80739 1.16791)
(0.382633 0.0696656 -8.10522)
(-2.08556 -0.898622 -11.1642)
(-5.15779 4.41568 -8.92198)
(-2.64136 0.192647 -6.89317)
(-1.56896 0.240355 -4.16129)
(-3.61575 -1.33195 -3.59059)
(-6.13315 -6.13315 -1.70213)
(-1.91449 -6.1738 1.73558)
(-1.25677 -2.92828 4.05189)
(-3.47688 -5.93483 1.42403)
(-0.248447 -1.41624 -5.19681)
(1.33198 -1.24816 -4.96153)
(-3.76526 -0.210945 -4.97116)
(-5.10349 0.321285 -3.06988)
(-1.11261 -0.82223 -0.238214)
(-6.61473 -1.73641 0.444775)
(-6.1738 -1.91449 1.73558)
(1.46846 1.46846 4.90069)
(-0.0117103 -3.27161 2.08234)
(-2.39406 -2.45122 2.92543)
(0.550707 4.77247 -2.9831)
(-0.880272 -0.29714 -3.14725)
(-3.58834 -2.18884 -2.57725)
(-3.25265 2.185 1.24283)
(-3.62666 -0.0641212 1.90482)
(-4.70801 -0.250692 1.57138)
(-2.92828 -1.25678 4.05189)
(-3.27161 -0.011711 2.08234)
(-5.17645 -5.17646 3.77817)
(-2.65649 -5.81761 6.54356)
(-5.31806 4.09768 -0.248843)
(-5.62933 -1.77109 -2.20332)
(-1.28312 -0.651378 0.0690442)
(-2.97878 0.53413 1.17111)
(-3.54831 -0.377505 0.840826)
(-7.80738 0.61248 1.16791)
(-5.93482 -3.47688 1.42403)
(-2.45122 -2.39406 2.92543)
(-5.81761 -2.65649 6.54356)
(-3.03521 -3.03521 5.151)
(1.34974 1.34974 -22.6749)
(3.46513 -0.553512 -19.0352)
(0.0490286 -1.78497 -15.9186)
(0.152428 -1.48538 -18.3122)
(3.56406 0.297883 -14.7117)
(3.33209 -0.719017 -11.1503)
(2.91549 -0.085693 -9.02465)
(3.41993 0.182898 -2.94946)
(6.94608 -0.205875 -1.7998)
(4.45483 -6.4203 -2.17585)
(-0.553509 3.46512 -19.0352)
(0.330415 0.330411 -17.2074)
(-0.882837 -3.05941 -17.2056)
(2.23528 -2.86895 -17.451)
(4.33042 0.559928 -14.0034)
(2.94852 -3.44833 -11.5108)
(3.81741 -1.37354 -7.89712)
(3.29974 1.38989 -3.4999)
(0.342885 -1.33894 -3.30154)
(-1.7596 -5.12413 -2.28013)
(-1.78497 0.0490289 -15.9186)
(-3.05941 -0.882841 -17.2056)
(-3.15033 -3.15034 -16.2826)
(3.77177 0.723099 -13.3565)
(2.98468 -3.21795 -10.917)
(1.39863 -3.39185 -7.73963)
(7.75371 -3.05421 -7.52775)
(3.45452 -3.07866 -4.00527)
(0.432062 -1.63093 -1.76313)
(0.669639 0.425413 0.243266)
(-1.48538 0.152429 -18.3122)
(-2.86895 2.23528 -17.451)
(0.723104 3.77177 -13.3565)
(2.16767 2.16766 -11.6321)
(0.215468 -0.712331 -9.68896)
(3.11225 0.364351 -8.46908)
(4.1306 -0.664556 -6.46948)
(4.72303 -3.23414 -1.98487)
(3.84696 -1.67867 0.36576)
(0.296743 -3.3827 -0.663683)
(0.297882 3.56406 -14.7117)
(0.559928 4.33042 -14.0034)
(-3.21795 2.98467 -10.917)
(-0.712329 0.215466 -9.68896)
(1.18136 1.18136 -8.82046)
(1.4464 1.93386 -8.13335)
(4.15522 -0.456825 -4.617)
(2.4404 0.416909 -0.785455)
(0.283501 -3.17058 -0.490694)
(-1.03439 -3.8712 -0.99637)
(-0.719017 3.33209 -11.1503)
(-3.44833 2.94851 -11.5108)
(-3.39185 1.39863 -7.73963)
(0.364353 3.11225 -8.46908)
(1.93386 1.4464 -8.13335)
(1.47407 1.47406 -6.44948)
(2.61365 -1.46057 -3.63304)
(2.00927 -3.84456 1.18553)
(-0.441145 -3.44465 1.71749)
(-0.403872 -6.92052 0.878725)
(-0.0856924 2.91549 -9.02465)
(-1.37354 3.8174 -7.89712)
(-3.05421 7.75371 -7.52775)
(-0.664554 4.1306 -6.46947)
(-0.456823 4.15522 -4.617)
(-1.46057 2.61365 -3.63304)
(-1.16341 -1.16341 0.898911)
(0.456319 -3.07074 4.26194)
(-2.79246 -3.36649 2.30423)
(-4.51026 -2.4381 2.89841)
(0.182898 3.41992 -2.94945)
(1.38989 3.29974 -3.4999)
(-3.07866 3.45452 -4.00527)
(-3.23414 4.72303 -1.98486)
(0.416912 2.44039 -0.785454)
(-3.84456 2.00927 1.18553)
(-3.07074 0.456319 4.26194)
(-0.193809 -0.193809 5.46329)
(0.191492 -1.77057 3.94632)
(0.524518 1.2649 8.28247)
(-0.205877 6.94608 -1.7998)
(-1.33894 0.342884 -3.30154)
(-1.63092 0.432061 -1.76312)
(-1.67868 3.84696 0.365761)
(-3.17058 0.2835 -0.490695)
(-3.44464 -0.441146 1.71749)
(-3.36649 -2.79246 2.30423)
(-1.77057 0.191493 3.94632)
(-1.33375 -1.33374 7.22228)
(-1.47479 -4.35738 6.38724)
(-6.4203 4.45482 -2.17585)
(-5.12413 -1.75959 -2.28013)
(0.425416 0.669638 0.243268)
(-3.3827 0.296744 -0.663682)
(-3.87119 -1.03439 -0.996369)
(-6.92052 -0.403871 0.878724)
(-2.4381 -4.51026 2.89841)
(1.2649 0.524518 8.28246)
(-4.35738 -1.47479 6.38724)
(-2.49912 -2.49912 8.65372)
(2.57794 2.57794 -13.3554)
(6.21743 3.8994 -12.8457)
(0.254284 -1.67695 -11.6103)
(1.83893 0.622815 -13.1448)
(6.4827 0.0801285 -8.31677)
(5.54489 0.359292 -7.90906)
(8.27049 1.51016 -3.93132)
(5.80861 -0.798893 -2.09652)
(5.54608 -0.951034 -3.45145)
(3.72163 -5.42234 -2.79424)
(3.8994 6.21743 -12.8457)
(1.96254 1.96254 -9.72954)
(-3.0223 -2.31476 -11.1942)
(3.59601 0.701807 -8.63883)
(6.21918 2.05742 -7.32274)
(6.97491 0.396613 -5.56842)
(7.11231 -0.588673 -3.42232)
(3.34742 0.276164 -3.42942)
(0.922629 -0.8436 -2.88652)
(-0.74968 -3.21021 -0.998226)
(-1.67695 0.254282 -11.6103)
(-2.31476 -3.0223 -11.1942)
(-1.00645 -1.00645 -6.81947)
(6.2111 3.13394 -7.05705)
(6.17751 -0.562802 -6.14069)
(2.8988 -1.81478 -3.23467)
(8.15004 -3.73014 -4.02713)
(5.55368 -2.25023 -2.18933)
(2.0597 0.0789626 -1.35103)
(1.35501 0.333331 -1.23549)
(0.622816 1.83893 -13.1448)
(0.701808 3.59601 -8.63883)
(3.13395 6.2111 -7.05705)
(4.03966 4.03966 -6.7651)
(1.27045 0.226882 -5.17004)
(3.80758 -1.32189 -3.97101)
(6.67686 0.269389 -2.79944)
(7.15652 -1.88368 -1.1186)
(3.50619 -1.98022 -1.32435)
(-0.495312 -4.21841 -1.42036)
(0.0801289 6.4827 -8.31677)
(2.05742 6.21918 -7.32274)
(-0.5628 6.17751 -6.14069)
(0.226882 1.27045 -5.17004)
(0.815962 0.815961 -4.13726)
(2.9413 2.43157 -3.64003)
(7.58825 1.26747 -1.71697)
(3.30408 2.05777 -0.358024)
(-0.275035 -2.27493 -0.935771)
(-0.883179 -2.0059 0.270929)
(0.359292 5.54488 -7.90905)
(0.396614 6.97491 -5.56841)
(-1.81478 2.89879 -3.23467)
(-1.32188 3.80757 -3.97101)
(2.43157 2.9413 -3.64003)
(4.25909 4.25909 -2.18204)
(6.30306 1.90016 -0.0448237)
(3.61412 -1.56734 2.04984)
(-0.55749 -1.91309 0.878394)
(-0.226287 -3.91261 3.28085)
(1.51016 8.27049 -3.93132)
(-0.588671 7.11231 -3.42232)
(-3.73014 8.15004 -4.02713)
(0.26939 6.67686 -2.79944)
(1.26748 7.58825 -1.71697)
(1.90016 6.30306 -0.0448234)
(1.76182 1.76182 2.89377)
(-0.509175 -1.89604 1.9787)
(-2.62031 -0.699457 1.75904)
(-2.8827 1.46892 6.2753)
(-0.798893 5.80861 -2.09652)
(0.276165 3.34742 -3.42942)
(-2.25023 5.55368 -2.18933)
(-1.88368 7.15652 -1.1186)
(2.05778 3.30407 -0.358023)
(-1.56734 3.61412 2.04984)
(-1.89604 -0.509177 1.9787)
(1.15284 1.15284 2.3117)
(2.80746 1.64645 6.62275)
(1.94209 1.03761 7.35071)
(-0.951037 5.54607 -3.45144)
(-0.843602 0.922625 -2.88651)
(0.078964 2.0597 -1.35103)
(-1.98022 3.50619 -1.32434)
(-2.27493 -0.275036 -0.935767)
(-1.91309 -0.557495 0.878395)
(-0.699455 -2.62031 1.75904)
(1.64645 2.80746 6.62275)
(-2.73553 -2.73554 5.81864)
(-3.49154 -5.44635 5.14079)
(-5.42234 3.72162 -2.79423)
(-3.21021 -0.749683 -0.998222)
(0.333334 1.35501 -1.23549)
(-4.21841 -0.495313 -1.42036)
(-2.0059 -0.883179 0.270933)
(-3.91261 -0.226288 3.28085)
(1.46892 -2.8827 6.2753)
(1.03761 1.94208 7.35071)
(-5.44635 -3.49154 5.14079)
(-0.768727 -0.768727 6.14864)
(1.85946 1.85946 -7.63005)
(5.21026 2.56264 -7.98632)
(-0.250075 -1.36893 -9.59391)
(3.44593 3.02059 -6.34555)
(8.7998 1.29191 -5.27024)
(7.71754 1.62162 -3.13095)
(8.72803 0.423308 -2.26658)
(3.8998 -1.15 -4.08369)
(6.24836 0.359052 -3.25446)
(5.11203 -4.62429 -0.826303)
(2.56264 5.21026 -7.98632)
(1.98188 1.98188 -10.7333)
(0.207875 1.73139 -6.68678)
(6.10677 3.2188 -4.82102)
(7.40083 2.736 -3.5434)
(6.84893 1.22605 -1.88724)
(5.95641 -1.46934 -3.70577)
(3.83555 1.29707 -2.89418)
(2.77408 0.761475 -1.15463)
(0.128696 -3.56539 -1.25925)
(-1.36893 -0.250076 -9.59392)
(1.73139 0.207876 -6.68678)
(0.986845 0.986843 -4.17366)
(4.45054 2.59683 -5.68124)
(6.80706 -1.06525 -4.15379)
(3.5122 -1.79444 -2.62537)
(8.79905 -2.43133 -1.59772)
(6.13062 -0.767843 -0.627754)
(1.3859 -0.068754 -1.42145)
(0.785172 0.00328018 -1.79454)
(3.02059 3.44593 -6.34555)
(3.2188 6.10677 -4.82102)
(2.59683 4.45054 -5.68124)
(4.05467 4.05467 -4.91246)
(3.00956 1.2911 -2.1142)
(5.48286 -0.041008 0.302804)
(6.98301 1.6456 1.15363)
(6.19812 -1.40283 0.230183)
(3.5452 -1.26342 -0.143597)
(0.20073 -1.87628 2.40865)
(1.29191 8.7998 -5.27024)
(2.736 7.40083 -3.5434)
(-1.06525 6.80705 -4.15379)
(1.2911 3.00956 -2.1142)
(2.71138 2.71138 0.933686)
(3.8667 3.72282 2.41478)
(7.43722 2.29779 1.38667)
(3.2216 3.58535 0.822288)
(0.912455 -0.967841 3.75927)
(0.172311 0.830009 4.97848)
(1.62162 7.71753 -3.13094)
(1.22605 6.84893 -1.88724)
(-1.79444 3.51219 -2.62536)
(-0.0410057 5.48286 0.302805)
(3.72282 3.86669 2.41478)
(5.06927 5.06927 1.96591)
(6.84553 3.15017 2.59618)
(2.93249 -1.50784 3.741)
(0.789864 -0.749842 4.63723)
(1.99858 -0.916149 7.29844)
(0.42331 8.72803 -2.26658)
(-1.46934 5.9564 -3.70577)
(-2.43133 8.79905 -1.59772)
(1.6456 6.98301 1.15363)
(2.29779 7.43722 1.38667)
(3.15017 6.84553 2.59618)
(0.860118 0.860116 3.41624)
(-0.678411 -2.80887 3.9717)
(1.50414 2.37787 7.45215)
(0.00600419 1.63176 10.1254)
(-1.15 3.89981 -4.08369)
(1.29707 3.83555 -2.89418)
(-0.767841 6.13062 -0.627752)
(-1.40283 6.19812 0.230185)
(3.58535 3.2216 0.822289)
(-1.50784 2.93249 3.741)
(-2.80887 -0.678412 3.97169)
(4.45024 4.45024 5.66174)
(5.2305 2.28904 7.46412)
(1.25247 0.130395 7.43445)
(0.359051 6.24836 -3.25446)
(0.761474 2.77408 -1.15463)
(-0.0687524 1.3859 -1.42145)
(-1.26342 3.5452 -0.143594)
(-0.96784 0.912456 3.75927)
(-0.749839 0.789865 4.63723)
(2.37787 1.50414 7.45215)
(2.28904 5.2305 7.46413)
(-2.8157 -2.8157 6.0832)
(-2.15264 -5.55945 10.4017)
(-4.62429 5.11204 -0.8263)
(-3.56539 0.128697 -1.25924)
(0.00328258 0.785172 -1.79454)
(-1.87628 0.200731 2.40865)
(0.83001 0.172312 4.97849)
(-0.916148 1.99858 7.29845)
(1.63176 0.0060039 10.1254)
(0.130396 1.25247 7.43445)
(-5.55945 -2.15264 10.4017)
(-1.49128 -1.49128 10.8391)
(2.22166 2.22167 -8.12345)
(4.25357 1.15238 -7.02824)
(1.89506 1.23019 -6.31795)
(6.1626 2.14734 -2.81087)
(9.69731 1.80697 -2.45098)
(8.54855 1.603 -1.22912)
(7.31775 0.0709625 -3.38462)
(4.82073 0.390619 -2.65478)
(8.80347 1.14879 -0.104913)
(6.14978 -5.85529 -0.578637)
(1.15238 4.25356 -7.02823)
(3.26208 3.26209 -5.37947)
(2.89002 3.1055 -3.31306)
(6.73939 1.36612 -4.40413)
(9.15296 3.17387 -2.66012)
(6.81255 0.902194 -1.98824)
(6.10537 0.0801847 -2.50756)
(5.89856 3.7321 -0.00824697)
(2.55756 0.989405 0.308023)
(-0.8543 -4.17845 -1.37015)
(1.23019 1.89505 -6.31794)
(3.1055 2.89002 -3.31306)
(-0.000908247 -0.000909818 -7.56474)
(6.23097 3.04251 -4.7806)
(9.23338 0.866404 -2.57057)
(5.45487 0.375263 -0.899928)
(10.1477 1.12927 0.564466)
(5.72995 0.874136 1.2221)
(0.892914 1.08999 1.16497)
(0.981926 4.00123 1.79043)
(2.14735 6.1626 -2.81087)
(1.36612 6.73939 -4.40413)
(3.04251 6.23097 -4.7806)
(7.6067 7.6067 -1.89435)
(6.48571 5.31436 2.00647)
(7.07541 3.71826 3.20838)
(6.60424 3.25378 3.55795)
(5.85929 -0.433636 4.78627)
(5.68465 3.2005 6.22272)
(2.05693 2.55461 6.42958)
(1.80697 9.69731 -2.45098)
(3.17387 9.15296 -2.66012)
(0.866405 9.23338 -2.57057)
(5.31436 6.48571 2.00647)
(5.34494 5.34494 4.49797)
(3.39428 4.09468 4.95172)
(5.99576 2.71002 4.78142)
(5.67668 5.5686 4.77075)
(3.88116 2.5059 7.72605)
(0.336037 2.88389 7.02591)
(1.603 8.54855 -1.22912)
(0.902195 6.81255 -1.98824)
(0.375262 5.45487 -0.899926)
(3.71826 7.07541 3.20838)
(4.09468 3.39428 4.95172)
(4.44049 4.44049 4.58554)
(8.07816 3.92973 5.79599)
(5.65517 1.58207 6.29082)
(2.99995 1.77979 9.87315)
(2.43492 1.23432 9.89438)
(0.0709656 7.31774 -3.38461)
(0.0801875 6.10536 -2.50756)
(1.12926 10.1477 0.564469)
(3.25377 6.60424 3.55795)
(2.71003 5.99575 4.78142)
(3.92973 8.07816 5.79599)
(3.13733 3.13733 6.08974)
(3.52673 0.0246987 9.10772)
(3.53341 2.12743 12.8356)
(-0.209434 1.60492 10.0626)
(0.390622 4.82073 -2.65477)
(3.73211 5.89856 -0.00824335)
(0.874138 5.72995 1.2221)
(-0.433637 5.85929 4.78627)
(5.5686 5.67668 4.77075)
(1.58207 5.65517 6.29083)
(0.0246992 3.52673 9.10773)
(4.64527 4.64527 11.0875)
(4.58017 0.277502 9.7984)
(1.91241 1.31386 8.77489)
(1.1488 8.80347 -0.104911)
(0.989406 2.55756 0.308028)
(1.09 0.892911 1.16497)
(3.2005 5.68465 6.22273)
(2.5059 3.88116 7.72606)
(1.77979 2.99995 9.87315)
(2.12744 3.53341 12.8356)
(0.277503 4.58017 9.7984)
(0.202005 0.202004 12.3023)
(0.826925 -2.04173 11.4099)
(-5.85529 6.14978 -0.578638)
(-4.17845 -0.854299 -1.37014)
(4.00123 0.981925 1.79044)
(2.55461 2.05693 6.42958)
(2.88389 0.336037 7.02591)
(1.23432 2.43492 9.89438)
(1.60492 -0.209434 10.0626)
(1.31386 1.91241 8.77489)
(-2.04173 0.826924 11.4099)
(-0.331321 -0.331323 13.2574)
(2.95467 2.95468 -1.08187)
(7.01577 4.2114 -0.441869)
(3.96729 1.63596 2.32509)
(7.31289 1.42732 0.0374411)
(10.3815 1.08278 2.26468)
(6.7839 0.862505 0.718617)
(7.30237 1.30037 -0.829431)
(7.17951 1.49653 0.532971)
(8.3245 0.771987 1.34048)
(4.63831 -5.4158 -1.38907)
(4.21139 7.01577 -0.441871)
(5.69705 5.69706 2.53091)
(1.18322 0.484594 -0.339026)
(6.75971 1.24906 -0.261354)
(9.81673 2.61642 1.28746)
(7.00149 1.55524 -0.262834)
(7.9364 2.47975 0.248714)
(6.65113 5.17394 2.18643)
(1.41218 2.03135 1.71639)
(-1.54947 -1.19632 0.687051)
(1.63596 3.96729 2.32509)
(0.484592 1.18322 -0.339026)
(-0.480703 -0.480703 -1.76633)
(9.44472 5.10661 2.07937)
(10.6877 3.60134 1.29685)
(6.64723 3.40218 1.50446)
(10.9211 3.63418 2.278)
(6.73112 4.02667 2.67736)
(1.95424 5.84595 3.59354)
(1.41064 7.80301 2.32686)
(1.42732 7.31289 0.0374448)
(1.24906 6.75971 -0.261355)
(5.10661 9.44472 2.07937)
(10.8417 10.8417 2.96683)
(8.1123 8.35964 4.37551)
(7.03433 5.81064 3.55909)
(8.5609 5.86255 4.15346)
(8.8629 2.14582 6.4724)
(5.18851 5.29767 7.37888)
(0.40759 3.3592 4.08948)
(1.08278 10.3815 2.26468)
(2.61642 9.81673 1.28747)
(3.60134 10.6877 1.29685)
(8.35964 8.1123 4.37551)
(5.65662 5.65662 3.85004)
(4.15015 5.09997 3.92211)
(7.25626 4.53583 5.51551)
(6.16623 5.0899 5.29321)
(3.16762 2.68259 4.64383)
(-0.527828 4.29481 4.06175)
(0.862503 6.7839 0.718616)
(1.55525 7.00149 -0.262837)
(3.40218 6.64723 1.50446)
(5.81064 7.03433 3.5591)
(5.09998 4.15014 3.92211)
(5.91355 5.91354 5.81486)
(8.55082 4.45849 7.13312)
(7.00965 2.82914 6.35149)
(4.39342 4.35967 7.47143)
(2.01981 2.12049 5.05922)
(1.30037 7.30237 -0.829425)
(2.47975 7.9364 0.248715)
(3.63418 10.9211 2.278)
(5.86255 8.56089 4.15347)
(4.53583 7.25626 5.51551)
(4.45849 8.55082 7.13312)
(4.17185 4.17185 8.45299)
(6.06741 1.98776 7.72324)
(2.45897 2.30311 5.96688)
(-2.76701 0.512268 3.11658)
(1.49653 7.17951 0.532977)
(5.17394 6.65113 2.18644)
(4.02667 6.73112 2.67736)
(2.14582 8.8629 6.4724)
(5.0899 6.16623 5.29321)
(2.82914 7.00965 6.35149)
(1.98776 6.06741 7.72325)
(5.14091 5.14091 6.06435)
(2.91793 1.75578 4.8668)
(0.228968 1.47774 3.87113)
(0.77199 8.3245 1.34048)
(2.03136 1.41218 1.7164)
(5.84595 1.95424 3.59355)
(5.29767 5.18851 7.37888)
(2.68258 3.16762 4.64384)
(4.35967 4.39342 7.47143)
(2.30311 2.45897 5.96688)
(1.75578 2.91794 4.8668)
(-1.2042 -1.2042 7.04032)
(-3.04505 -1.0769 2.75752)
(-5.41579 4.63831 -1.38907)
(-1.19632 -1.54948 0.687057)
(7.80301 1.41064 2.32687)
(3.3592 0.407587 4.08949)
(4.29481 -0.527831 4.06176)
(2.12049 2.01981 5.05922)
(0.512272 -2.76701 3.11658)
(1.47774 0.22897 3.87113)
(-1.0769 -3.04505 2.75752)
(0.35627 0.356271 -0.604738)
(2.86167 2.86167 4.96843)
(7.66053 4.12516 6.02732)
(2.37437 -1.43393 4.05743)
(6.10219 1.84855 2.31307)
(10.3785 0.82975 3.02446)
(5.45444 0.621548 2.4998)
(7.1321 1.14911 2.44488)
(6.99064 2.04408 1.78907)
(6.88143 1.52471 0.913309)
(3.42023 -3.77917 -1.22253)
(4.12516 7.66053 6.02732)
(3.36493 3.36493 3.49053)
(0.0977563 -0.985924 0.945037)
(8.36588 3.40805 2.63097)
(9.15148 2.20603 3.14793)
(5.7738 1.68803 2.53246)
(8.55463 3.18761 2.01817)
(7.36624 5.87649 2.85578)
(1.05818 3.24247 1.73197)
(-1.88364 -0.462518 1.7607)
(-1.43394 2.37437 4.05743)
(-0.985925 0.0977561 0.945036)
(2.41748 2.41748 3.72948)
(9.29415 6.27069 5.00402)
(8.65847 3.95445 3.04991)
(6.43602 4.19719 2.53266)
(11.3206 5.03402 2.82218)
(7.0455 5.16011 0.848645)
(0.542418 6.75247 -0.316297)
(-0.284754 7.40366 -2.53342)
(1.84855 6.10219 2.31307)
(3.40805 8.36588 2.63097)
(6.27069 9.29415 5.00402)
(9.90285 9.90285 3.43114)
(7.07798 7.86755 3.36565)
(6.85336 6.13592 2.96702)
(9.51755 6.49128 2.66738)
(9.0847 2.18221 0.88896)
(3.30173 4.25079 0.566285)
(-1.23246 4.2895 -0.764043)
(0.82975 10.3785 3.02446)
(2.20603 9.15148 3.14793)
(3.95445 8.65847 3.04991)
(7.86755 7.07798 3.36566)
(4.89154 4.89154 2.93527)
(5.05975 6.35045 3.53099)
(7.36685 5.68968 2.41282)
(4.805 5.44769 0.381028)
(2.64971 2.59845 0.0888786)
(-0.246043 3.85363 -0.599129)
(0.621546 5.45444 2.4998)
(1.68804 5.7738 2.53247)
(4.19719 6.43602 2.53266)
(6.13592 6.85336 2.96702)
(6.35045 5.05975 3.53099)
(7.6515 7.6515 4.29756)
(8.61479 6.86721 3.86355)
(5.99348 4.01211 2.23151)
(1.70767 3.10284 -0.322145)
(0.0227153 0.289151 -3.94953)
(1.1491 7.1321 2.44489)
(3.18761 8.55464 2.01817)
(5.03402 11.3206 2.82218)
(6.49128 9.51755 2.66738)
(5.68968 7.36685 2.41282)
(6.86722 8.61478 3.86355)
(3.72746 3.72746 5.20245)
(1.04063 -0.262438 -0.45673)
(-1.07325 -0.477194 -4.44838)
(-3.05973 0.416831 -4.41356)
(2.04408 6.99064 1.78908)
(5.87649 7.36624 2.85578)
(5.1601 7.0455 0.848646)
(2.18221 9.0847 0.888961)
(5.44768 4.80501 0.381026)
(4.01211 5.99348 2.23151)
(-0.262437 1.04063 -0.456733)
(1.78882 1.78882 -3.52547)
(2.38694 1.35094 -4.58637)
(0.91674 0.9548 -4.41928)
(1.52471 6.88143 0.913313)
(3.24247 1.05818 1.73197)
(6.75248 0.54242 -0.316295)
(4.25079 3.30174 0.566285)
(2.59845 2.64971 0.0888796)
(3.10284 1.70768 -0.322141)
(-0.477193 -1.07325 -4.44838)
(1.35094 2.38694 -4.58637)
(-1.90727 -1.90727 -8.14205)
(-3.45588 -6.51759 -7.72703)
(-3.77916 3.42023 -1.22253)
(-0.462514 -1.88364 1.76071)
(7.40366 -0.284752 -2.53342)
(4.2895 -1.23246 -0.764041)
(3.85362 -0.246045 -0.599125)
(0.289149 0.0227156 -3.94953)
(0.416831 -3.05973 -4.41356)
(0.954799 0.91674 -4.41928)
(-6.51759 -3.45588 -7.72703)
(-3.69358 -3.69358 -8.10865)
(4.01357 4.01357 3.38387)
(6.10477 1.67461 3.00489)
(0.253043 -1.47643 0.779667)
(6.27992 1.74522 2.65848)
(10.5683 1.20625 1.12114)
(6.20433 0.895166 3.28824)
(6.59165 0.873652 3.77479)
(5.64794 2.56323 2.09654)
(5.31289 1.59065 -0.077223)
(2.50247 -2.43256 -1.9849)
(1.67461 6.10477 3.00489)
(0.614772 0.614771 -0.141752)
(0.323655 0.156643 2.99901)
(8.9626 3.94001 1.24646)
(9.71823 2.64187 1.70417)
(5.87173 1.5881 3.77598)
(8.25971 2.85704 2.37621)
(6.36493 4.23351 1.04129)
(0.317099 0.801748 0.4514)
(-1.52074 -2.50721 3.14293)
(-1.47643 0.253043 0.779668)
(0.156644 0.323656 2.99901)
(3.57828 3.57828 1.2786)
(8.76515 5.90678 1.48686)
(8.21637 3.81907 1.4144)
(6.4195 3.83673 2.0426)
(9.23706 4.28339 0.128605)
(3.59264 2.05985 -2.01257)
(-1.42783 4.68026 -2.62806)
(-0.806487 5.27826 -2.99453)
(1.74522 6.27992 2.65848)
(3.94001 8.9626 1.24645)
(5.90678 8.76515 1.48686)
(9.20338 9.20338 -0.143151)
(7.64818 8.24499 0.0252909)
(6.33606 6.80897 -0.463945)
(6.48284 5.45319 -2.29324)
(6.76181 1.6782 -3.5923)
(3.53551 5.70284 -4.37494)
(-0.922738 5.2935 -4.84479)
(1.20625 10.5683 1.12114)
(2.64187 9.71823 1.70417)
(3.81906 8.21637 1.4144)
(8.24499 7.64818 0.0252918)
(5.82196 5.82196 -0.59331)
(3.62769 6.43052 0.378334)
(4.1063 5.73201 -1.25215)
(3.8423 6.43244 -2.57064)
(2.18746 1.79416 -3.53963)
(-1.21583 1.10932 -5.4232)
(0.895166 6.20433 3.28824)
(1.5881 5.87173 3.77599)
(3.83673 6.4195 2.04261)
(6.80897 6.33606 -0.463944)
(6.43052 3.62769 0.378333)
(6.24611 6.24611 0.5963)
(6.48477 7.24812 -1.69928)
(2.82395 1.99138 -5.51784)
(-1.78761 -0.177593 -8.0261)
(-1.60757 -1.69394 -8.14669)
(0.873651 6.59165 3.77479)
(2.85704 8.25972 2.37621)
(4.28339 9.23706 0.128609)
(5.45319 6.48284 -2.29324)
(5.73201 4.10629 -1.25215)
(7.24812 6.48477 -1.69928)
(-0.148435 -0.148436 -6.37579)
(-3.58342 -3.76922 -10.2488)
(-1.49786 -1.96111 -8.02317)
(-2.73218 0.0425214 -9.82701)
(2.56323 5.64794 2.09654)
(4.23351 6.36493 1.0413)
(2.05985 3.59264 -2.01257)
(1.6782 6.76181 -3.5923)
(6.43245 3.8423 -2.57064)
(1.99138 2.82396 -5.51784)
(-3.76922 -3.58342 -10.2488)
(1.01128 1.01128 -9.35806)
(2.02413 -1.93789 -10.3228)
(0.396059 -1.83573 -13.2911)
(1.59065 5.31289 -0.0772184)
(0.801747 0.317099 0.451404)
(4.68026 -1.42783 -2.62805)
(5.70284 3.53551 -4.37494)
(1.79416 2.18747 -3.53963)
(-0.177595 -1.78761 -8.0261)
(-1.96111 -1.49786 -8.02317)
(-1.93789 2.02413 -10.3228)
(-4.34486 -4.34486 -14.3077)
(-2.63002 -4.76628 -13.6569)
(-2.43256 2.50247 -1.9849)
(-2.50721 -1.52074 3.14293)
(5.27826 -0.806486 -2.99452)
(5.2935 -0.922737 -4.84479)
(1.10932 -1.21583 -5.4232)
(-1.69394 -1.60757 -8.14668)
(0.0425216 -2.73218 -9.82701)
(-1.83573 0.396061 -13.2911)
(-4.76628 -2.63002 -13.6569)
(-0.0253541 -0.0253541 -8.35807)
(2.48269 2.48269 0.7097)
(5.05633 0.978513 -1.40886)
(2.02796 0.785409 2.37032)
(6.44366 0.43652 4.58097)
(11.0082 1.41278 2.79642)
(8.10809 1.10929 4.21018)
(5.9404 -0.24948 3.36332)
(3.13863 0.988832 1.93731)
(2.79998 2.05333 1.46174)
(1.51255 1.34867 -2.02884)
(0.978512 5.05633 -1.40886)
(3.35905 3.35905 0.0115289)
(1.48596 -0.486993 6.19097)
(7.07103 2.23642 3.49462)
(11.681 2.4993 2.88572)
(6.44584 0.442397 3.27358)
(5.81994 -0.458573 1.0636)
(5.44144 1.76738 0.532738)
(3.15982 0.691634 2.63736)
(0.807892 -1.47214 2.56088)
(0.785407 2.02796 2.37032)
(-0.486993 1.48596 6.19098)
(0.905334 0.905335 2.66945)
(9.42995 4.88109 3.54366)
(9.21421 2.27558 2.48143)
(5.15022 -0.0427379 2.25936)
(7.26538 0.364566 0.485361)
(4.28883 0.526513 1.60075)
(-0.439536 1.92614 1.79572)
(-0.651221 -0.58406 3.30503)
(0.436518 6.44366 4.58097)
(2.23643 7.07103 3.49462)
(4.88109 9.42995 3.54366)
(8.44128 8.44128 2.20821)
(6.75719 5.85984 1.63762)
(4.53482 4.47165 -0.829693)
(6.38919 5.11052 -2.63572)
(7.00301 1.62414 -2.54142)
(2.04925 3.33922 -3.21451)
(-1.70231 1.86082 -1.70436)
(1.41278 11.0082 2.79642)
(2.4993 11.681 2.88572)
(2.27558 9.21421 2.48143)
(5.85984 6.75719 1.63762)
(5.24458 5.24458 -1.5826)
(4.40091 7.41069 -1.70953)
(4.41788 6.28364 -2.846)
(2.51753 3.52214 -4.29598)
(-0.202853 -1.05271 -2.72189)
(-2.12961 0.551726 -3.54758)
(1.10929 8.10809 4.21018)
(0.442398 6.44584 3.27358)
(-0.0427386 5.15023 2.25936)
(4.47165 4.53483 -0.829694)
(7.41069 4.40091 -1.70953)
(5.57388 5.57388 -0.738493)
(2.50064 1.74358 -5.68827)
(-0.333342 -3.66609 -7.48548)
(-0.92117 -1.3807 -5.77115)
(-0.0978678 -4.11466 -5.31904)
(-0.249478 5.9404 3.36332)
(-0.458571 5.81994 1.0636)
(0.364566 7.26539 0.485363)
(5.11052 6.38919 -2.63572)
(6.28363 4.41788 -2.846)
(1.74357 2.50065 -5.68827)
(-4.82209 -4.82209 -11.9323)
(-0.606745 -4.10265 -8.3652)
(-0.65142 -2.77388 -7.9804)
(-4.86357 -4.72759 -10.0022)
(0.988833 3.13863 1.93731)
(1.76738 5.44144 0.532738)
(0.52651 4.28883 1.60076)
(1.62414 7.00301 -2.54142)
(3.52214 2.51753 -4.29598)
(-3.66609 -0.333339 -7.48548)
(-4.10265 -0.606745 -8.3652)
(1.71487 1.71488 -10.3317)
(-1.5461 -4.93364 -11.5272)
(-2.05158 -2.87506 -10.263)
(2.05333 2.79998 1.46174)
(0.691633 3.15982 2.63736)
(1.92613 -0.439536 1.79572)
(3.33921 2.04925 -3.2145)
(-1.05271 -0.202856 -2.72189)
(-1.3807 -0.921169 -5.77115)
(-2.77388 -0.651423 -7.98039)
(-4.93364 -1.5461 -11.5272)
(-5.24136 -5.24136 -8.2561)
(-2.805 -1.58455 -7.31905)
(1.34867 1.51255 -2.02884)
(-1.47214 0.807891 2.56088)
(-0.584062 -0.65122 3.30503)
(1.86082 -1.7023 -1.70435)
(0.551726 -2.12962 -3.54757)
(-4.11466 -0.0978682 -5.31904)
(-4.72759 -4.86357 -10.0022)
(-2.87506 -2.05158 -10.263)
(-1.58455 -2.805 -7.31905)
(1.60522 1.60522 -7.842)
(1.89501 1.89501 0.648968)
(7.76539 3.09499 4.83924)
(6.24287 2.34422 5.8058)
(6.70602 0.658867 8.56348)
(10.1975 1.29554 5.88977)
(6.77123 -0.0414362 4.96685)
(4.31877 -1.42607 2.95769)
(3.74635 1.15866 5.20098)
(1.34675 2.76626 7.48084)
(-0.988109 2.15715 -0.38073)
(3.09499 7.76539 4.83924)
(8.2146 8.2146 4.6945)
(3.80674 0.455773 7.06495)
(5.65734 2.9027 7.32161)
(9.49718 2.32689 3.75399)
(4.04962 -0.362719 2.37127)
(5.51887 -0.0209197 0.640923)
(7.93868 3.89696 1.36558)
(2.34524 1.13573 -0.414131)
(-1.59722 2.82666 -5.5991)
(2.34422 6.24287 5.8058)
(0.455769 3.80674 7.06495)
(0.930965 0.930968 6.61057)
(8.57714 4.62037 8.02682)
(6.93207 2.57097 4.29934)
(4.42343 -0.266543 3.30877)
(8.57845 0.584066 3.99563)
(4.903 -1.0143 2.81228)
(0.276445 -1.1716 1.47822)
(0.702825 1.01303 1.78022)
(0.658865 6.70602 8.56348)
(2.9027 5.65734 7.32161)
(4.62037 8.57714 8.02682)
(7.29734 7.29734 6.68291)
(4.61027 4.18096 4.66239)
(2.06272 2.84008 2.70969)
(4.77111 2.12183 0.483589)
(6.18302 -4.21853 -0.74338)
(4.37257 1.18524 -0.777138)
(0.587411 -1.55911 -1.42411)
(1.29554 10.1975 5.88977)
(2.32689 9.49719 3.75399)
(2.57096 6.93207 4.29934)
(4.18096 4.61027 4.66239)
(2.47481 2.47481 1.00141)
(2.36429 6.52172 -0.718602)
(1.51984 2.67946 -4.03315)
(3.96641 1.48838 -3.18327)
(2.93587 -0.762489 -1.47523)
(-2.04152 -2.50536 -2.47247)
(-0.0414367 6.77123 4.96686)
(-0.362718 4.04962 2.37128)
(-0.266545 4.42343 3.30877)
(2.84008 2.06272 2.70969)
(6.52172 2.36429 -0.718601)
(2.26737 2.26737 -3.88208)
(-0.262221 -1.83813 -7.55073)
(2.74108 -2.07784 -4.57537)
(0.378825 -5.4361 -4.03766)
(-1.15546 -8.14857 -4.87841)
(-1.42607 4.31878 2.95769)
(-0.0209188 5.51888 0.640925)
(0.584065 8.57846 3.99563)
(2.12182 4.77112 0.483589)
(2.67945 1.51984 -4.03315)
(-1.83813 -0.26222 -7.55073)
(-2.82536 -2.82536 -6.69474)
(0.368443 -6.6154 -2.86921)
(-3.13486 -7.71712 -8.73595)
(-4.75399 -4.90144 -7.07797)
(1.15866 3.74635 5.20098)
(3.89696 7.93869 1.36558)
(-1.0143 4.903 2.81228)
(-4.21853 6.18302 -0.743379)
(1.48838 3.96641 -3.18327)
(-2.07784 2.74108 -4.57537)
(-6.6154 0.368446 -2.86921)
(-2.15069 -2.15068 -5.60345)
(2.09279 -2.21359 -5.86352)
(1.66022 0.847424 -4.8993)
(2.76626 1.34675 7.48084)
(1.13572 2.34524 -0.414132)
(-1.1716 0.276449 1.47822)
(1.18524 4.37257 -0.777136)
(-0.76249 2.93587 -1.47523)
(-5.4361 0.378827 -4.03766)
(-7.71712 -3.13486 -8.73595)
(-2.2136 2.09279 -5.86352)
(-0.136751 -0.136751 -7.97003)
(-1.69297 -2.34527 -6.76821)
(2.15715 -0.98811 -0.380729)
(2.82666 -1.59722 -5.5991)
(1.01303 0.702829 1.78022)
(-1.55911 0.587412 -1.4241)
(-2.50537 -2.04152 -2.47247)
(-8.14857 -1.15546 -4.87841)
(-4.90144 -4.75399 -7.07797)
(0.847421 1.66022 -4.8993)
(-2.34527 -1.69297 -6.76821)
(-0.548298 -0.548298 -14.3758)
(6.67296 6.67296 -1.22986)
(10.2132 0.83377 17.1652)
(5.75219 2.04456 8.44009)
(6.52764 -0.805353 12.3606)
(7.41161 -0.72301 8.07029)
(5.17601 -1.48629 8.55061)
(6.17452 -2.56624 7.3955)
(7.66178 -2.84656 12.6202)
(-2.78172 -5.84164 14.7492)
(-6.34902 -3.8697 10.8035)
(0.833771 10.2132 17.1652)
(5.58475 5.58475 13.8418)
(4.11307 0.317775 8.27173)
(3.76007 1.69977 10.4188)
(6.73067 0.908858 6.5525)
(3.33277 -1.21568 8.39759)
(4.81425 0.579372 5.39867)
(4.38638 -0.621317 1.96598)
(-3.80486 -5.31098 -1.21696)
(-4.37708 0.688812 -5.40239)
(2.04456 5.7522 8.44009)
(0.317774 4.11307 8.27173)
(1.86721 1.86721 8.64837)
(7.11872 4.24239 9.82954)
(4.49616 3.18398 4.48027)
(4.84652 0.295679 4.81066)
(6.76889 0.207232 4.8273)
(1.77143 -1.58245 0.0839247)
(-1.47159 1.56313 1.82209)
(-0.349223 3.59093 -3.99737)
(-0.805353 6.52764 12.3606)
(1.69977 3.76007 10.4189)
(4.24239 7.11872 9.82954)
(5.07684 5.07684 6.22424)
(2.78396 2.56191 3.38228)
(0.356024 0.444272 5.45339)
(2.93612 -2.91826 2.99968)
(5.74228 -4.3714 1.23715)
(1.36852 0.385765 -0.603856)
(-2.34927 -2.39187 -2.76668)
(-0.723011 7.41161 8.07029)
(0.908857 6.73068 6.5525)
(3.18398 4.49616 4.48028)
(2.56191 2.78397 3.38228)
(-0.136411 -0.136409 0.444046)
(-0.633652 0.818924 -0.0109104)
(1.95321 -1.75068 -4.3574)
(5.07545 -0.309844 -2.37214)
(0.507942 -4.31323 -7.1127)
(-3.12686 -2.90258 -8.52233)
(-1.48629 5.17601 8.55061)
(-1.21568 3.33278 8.39759)
(0.295676 4.84652 4.81066)
(0.444271 0.356027 5.45339)
(0.818923 -0.633649 -0.0109103)
(-1.25825 -1.25825 -3.27079)
(1.80735 -0.918015 -4.29023)
(3.17973 -3.35203 -5.02071)
(-1.22421 -8.64142 -7.00401)
(-0.938622 -8.72016 -12.2604)
(-2.56624 6.17452 7.39551)
(0.579369 4.81425 5.39867)
(0.20723 6.76889 4.8273)
(-2.91826 2.93612 2.99968)
(-1.75068 1.95321 -4.35739)
(-0.918017 1.80735 -4.29023)
(-0.140573 -0.140574 -6.10148)
(-2.64795 -5.13073 -7.98747)
(-4.86018 -4.59973 -5.65375)
(-3.20559 -4.74847 -6.87511)
(-2.84656 7.66178 12.6202)
(-0.621319 4.38638 1.96598)
(-1.58245 1.77143 0.0839253)
(-4.37141 5.74228 1.23715)
(-0.309847 5.07545 -2.37213)
(-3.35204 3.17973 -5.02071)
(-5.13073 -2.64795 -7.98747)
(-1.27943 -1.27943 -6.63619)
(-0.841957 -4.16772 -4.11401)
(-1.08736 -2.5653 -11.6525)
(-5.84164 -2.78172 14.7492)
(-5.31098 -3.80487 -1.21696)
(1.56313 -1.47159 1.82209)
(0.385765 1.36852 -0.603857)
(-4.31323 0.507943 -7.1127)
(-8.64142 -1.22421 -7.00401)
(-4.59974 -4.86018 -5.65376)
(-4.16772 -0.841956 -4.11401)
(-6.14605 -6.14605 -3.93721)
(-1.60317 -11.061 -13.7224)
(-3.8697 -6.34902 10.8035)
(0.688812 -4.37708 -5.40239)
(3.59094 -0.349222 -3.99738)
(-2.39187 -2.34927 -2.76668)
(-2.90258 -3.12686 -8.52233)
(-8.72016 -0.938623 -12.2604)
(-4.74847 -3.20559 -6.87511)
(-2.5653 -1.08736 -11.6525)
(-11.061 -1.60317 -13.7224)
(-6.00233 -6.00233 -14.497)
(20.29 20.29 -30.7627)
(17.4353 -0.228373 -8.20055)
(1.43832 2.17586 -7.41575)
(6.33622 -1.2829 11.2292)
(6.38748 -0.22225 7.93319)
(6.09645 -0.194454 11.6696)
(8.38838 -3.42291 8.79742)
(11.1 -9.49557 17.5125)
(-0.469937 -13.1999 32.5367)
(-4.93375 -14.0488 40.2663)
(-0.228371 17.4353 -8.20055)
(-0.678833 -0.678833 2.19608)
(0.383789 0.66405 0.722045)
(3.93811 0.371625 8.42913)
(7.47593 -1.26313 1.7796)
(2.89579 -4.10267 9.87108)
(-0.912736 -2.58912 6.06584)
(1.32305 -8.63933 6.49153)
(-5.02314 -11.7914 15.9627)
(-5.78265 -11.9742 24.8793)
(2.17587 1.43832 -7.41575)
(0.66405 0.383792 0.722045)
(2.48877 2.48878 12.6269)
(4.40904 0.425761 13.8031)
(1.91319 -0.599249 -0.402386)
(4.77045 -3.21075 3.33649)
(3.85172 -1.81492 4.42147)
(1.89779 -1.74314 5.56315)
(-3.80485 -0.558493 13.2391)
(-5.11664 3.64874 18.8703)
(-1.2829 6.33622 11.2292)
(0.371625 3.93811 8.42913)
(0.425758 4.40905 13.8031)
(0.850082 0.850082 3.00314)
(3.83942 0.14473 -2.31415)
(1.68012 -1.98149 4.54467)
(0.554871 -7.06287 7.06714)
(2.57948 -6.67459 7.27063)
(0.368742 -7.74955 6.01093)
(-1.57541 -6.08407 16.4704)
(-0.222248 6.38748 7.93319)
(-1.26313 7.47593 1.7796)
(-0.599252 1.91319 -0.402385)
(0.144728 3.83942 -2.31414)
(-0.918383 -0.918383 -1.60957)
(-2.43715 -2.20246 5.20559)
(-0.841384 -4.61045 5.23777)
(1.21111 -4.76947 9.00391)
(-3.21433 -7.16264 0.920038)
(-3.45115 -11.999 8.12824)
(-0.194454 6.09645 11.6696)
(-4.10267 2.89579 9.87108)
(-3.21075 4.77045 3.33648)
(-1.98149 1.68012 4.54468)
(-2.20246 -2.43715 5.20559)
(-2.01195 -2.01195 10.2248)
(-2.01214 -3.58222 10.0404)
(0.0272969 -7.69317 10.2855)
(-6.86082 -3.97716 7.01018)
(-6.41181 -6.50135 1.89537)
(-3.42291 8.38839 8.79741)
(-2.58912 -0.912734 6.06584)
(-1.81492 3.85172 4.42147)
(-7.06287 0.554875 7.06714)
(-4.61045 -0.84138 5.23778)
(-3.58222 -2.01214 10.0404)
(-6.52261 -6.5226 2.57472)
(0.81617 -8.23088 -0.944425)
(-2.0225 -4.82713 2.58086)
(-5.97534 -4.29362 0.0105067)
(-9.49557 11.1 17.5125)
(-8.63933 1.32306 6.49153)
(-1.74314 1.89779 5.56315)
(-6.67459 2.57948 7.27063)
(-4.76948 1.21111 9.00391)
(-7.69318 0.0272997 10.2855)
(-8.23089 0.81617 -0.944422)
(1.72277 1.72278 -4.0414)
(-2.92356 -0.497051 -2.61092)
(-5.87831 -5.9999 1.0314)
(-13.1999 -0.469936 32.5367)
(-11.7914 -5.02314 15.9627)
(-0.558496 -3.80485 13.2391)
(-7.74955 0.368742 6.01093)
(-7.16264 -3.21433 0.920038)
(-3.97716 -6.86082 7.01018)
(-4.82713 -2.0225 2.58086)
(-0.497051 -2.92356 -2.61092)
(-9.74518 -9.74518 -2.71025)
(-11.4782 -5.18977 -5.74398)
(-14.0488 -4.93375 40.2663)
(-11.9742 -5.78265 24.8793)
(3.64874 -5.11664 18.8703)
(-6.08407 -1.57541 16.4704)
(-11.999 -3.45115 8.12824)
(-6.50135 -6.41181 1.89537)
(-4.29363 -5.97534 0.0105057)
(-5.99991 -5.87831 1.0314)
(-5.18977 -11.4782 -5.74398)
(-1.3229 -1.3229 -0.452606)
(29.2351 29.2351 82.2864)
(33.5601 11.2304 33.1479)
(25.1819 10.1824 39.3285)
(21.8766 -3.60542 26.6405)
(7.85198 -6.8766 31.4941)
(6.04023 -3.28477 25.9796)
(12.0175 -5.29782 26.1077)
(31.401 -13.8675 7.26085)
(19.9721 -22.4157 -14.1765)
(1.38059 -19.2567 -12.1681)
(11.2304 33.5601 33.1479)
(14.5074 14.5074 28.9777)
(10.3461 20.3604 28.2852)
(4.81763 4.27372 30.1448)
(8.17263 -7.42672 35.1579)
(7.61901 -9.54876 24.8722)
(1.4347 -3.79657 29.6827)
(14.2832 -12.5707 25.7287)
(14.5829 -24.6086 17.228)
(4.5395 -20.7072 17.3805)
(10.1824 25.1819 39.3285)
(20.3604 10.3461 28.2852)
(14.9483 14.9483 22.4516)
(-5.91052 -1.18359 19.117)
(-5.97049 -0.909772 28.2878)
(9.67038 -5.03072 23.5015)
(8.99555 1.20854 18.8475)
(10.5891 -0.80335 14.9683)
(11.8356 -8.38861 9.0019)
(5.28197 -4.8179 9.49022)
(-3.60542 21.8766 26.6405)
(4.27372 4.81763 30.1448)
(-1.1836 -5.91051 19.117)
(-11.0404 -11.0404 27.8973)
(4.32549 1.35472 24.7771)
(9.73731 2.31337 16.7984)
(5.66208 -2.10196 14.5937)
(4.68607 -0.930646 11.5253)
(10.5683 -11.9333 9.62723)
(8.11021 -13.1339 6.27926)
(-6.8766 7.85198 31.4941)
(-7.42672 8.17263 35.1579)
(-0.909771 -5.9705 28.2878)
(1.35472 4.3255 24.7771)
(7.38332 7.38332 20.2)
(6.2137 6.49905 13.0701)
(5.75154 1.22262 13.7648)
(0.757715 2.70507 6.16697)
(-0.367724 -3.31399 15.5492)
(4.08135 -17.4776 17.8437)
(-3.28477 6.04023 25.9796)
(-9.54876 7.61901 24.8722)
(-5.03072 9.67038 23.5015)
(2.31337 9.73731 16.7984)
(6.49904 6.2137 13.0701)
(3.57661 3.57661 4.47237)
(1.8681 -3.58107 6.84275)
(0.149466 -13.3004 0.720139)
(-9.61439 -6.9806 6.6714)
(-6.05343 -16.8379 20.2431)
(-5.29782 12.0175 26.1077)
(-3.79658 1.4347 29.6827)
(1.20853 8.99555 18.8475)
(-2.10195 5.66208 14.5937)
(1.22262 5.75154 13.7648)
(-3.58107 1.8681 6.84275)
(-11.1254 -11.1254 15.1808)
(-2.64182 -19.4577 18.2935)
(-3.90525 -14.2208 9.21128)
(-5.77594 -5.61245 20.5765)
(-13.8675 31.4011 7.26085)
(-12.5707 14.2832 25.7287)
(-0.803352 10.5891 14.9683)
(-0.930645 4.68608 11.5253)
(2.70507 0.757715 6.16697)
(-13.3004 0.149472 0.720141)
(-19.4577 -2.64181 18.2935)
(-2.94593 -2.94592 14.9545)
(4.23084 -9.45883 3.59002)
(2.55496 -8.31979 6.04453)
(-22.4157 19.9721 -14.1765)
(-24.6086 14.5829 17.2279)
(-8.38862 11.8356 9.00189)
(-11.9333 10.5683 9.62723)
(-3.31398 -0.367723 15.5492)
(-6.9806 -9.61439 6.67139)
(-14.2208 -3.90525 9.21127)
(-9.45883 4.23084 3.59002)
(-9.27912 -9.27911 2.09678)
(-4.6369 -12.545 15.3292)
(-19.2567 1.38059 -12.1681)
(-20.7072 4.5395 17.3805)
(-4.8179 5.28196 9.49023)
(-13.1339 8.11022 6.27926)
(-17.4776 4.08135 17.8437)
(-16.8379 -6.05343 20.2431)
(-5.61245 -5.77595 20.5765)
(-8.31979 2.55495 6.04454)
(-12.545 -4.63691 15.3292)
(-0.71095 -0.710952 18.042)
)
;

boundaryField
{
    block1_in
    {
        type            extrapolatedCalculated;
        value           nonuniform List<vector> 
100
(
(-30.6893 -30.6893 192.917)
(-6.8726 -33.3461 71.0282)
(-11.2669 -14.7924 61.3021)
(-1.52383 -13.0833 5.72576)
(2.05819 -8.52455 4.03067)
(2.71624 -12.8387 -22.9509)
(9.98853 -26.8353 -33.8085)
(23.5194 -53.3747 -105.147)
(36.4363 -50.9626 -219.831)
(29.6911 -19.1613 -284.885)
(-33.3461 -6.8726 71.0282)
(-13.9238 -13.9238 38.5088)
(-23.0627 -9.4436 19.1465)
(-14.6328 0.241774 5.98163)
(-7.49273 -4.28448 22.7888)
(-4.52471 -4.90831 1.83473)
(-3.7852 -6.03209 23.8448)
(13.3387 -26.9269 4.97945)
(35.2395 -44.791 -61.3874)
(33.8748 -25.9065 -155.092)
(-14.7924 -11.2669 61.3021)
(-9.4436 -23.0627 19.1465)
(-15.5014 -15.5014 -22.3815)
(-8.86056 2.48664 -33.3429)
(-14.2319 1.58355 10.2035)
(-16.3021 -9.13112 4.55436)
(-24.7897 -8.97187 -5.3546)
(-20.0437 -14.35 -11.2306)
(-3.60878 -30.4265 -42.8783)
(5.99541 -20.5259 -119.177)
(-13.0833 -1.52383 5.72576)
(0.241773 -14.6328 5.98163)
(2.48664 -8.86056 -33.3429)
(1.51129 1.51129 1.00512)
(-11.9066 -11.726 11.0062)
(-17.352 -15.4661 -11.8939)
(-17.6478 -9.77364 -25.9229)
(-21.4179 -5.74599 -26.34)
(-6.21226 -18.7519 -30.7696)
(7.77584 -16.3024 -94.7355)
(-8.52455 2.05819 4.03066)
(-4.28448 -7.49273 22.7888)
(1.58355 -14.2319 10.2035)
(-11.7261 -11.9066 11.0062)
(-17.2798 -17.2798 1.59129)
(-18.202 -14.8724 -22.4229)
(-15.0074 -13.0377 -27.7617)
(-22.096 -2.91446 -45.7282)
(-18.3474 -1.23279 -24.387)
(4.49966 -6.53785 -51.1883)
(-12.8386 2.71624 -22.9509)
(-4.90832 -4.52471 1.83474)
(-9.13112 -16.3021 4.55438)
(-15.4661 -17.352 -11.8939)
(-14.8724 -18.202 -22.4229)
(-13.1938 -13.1938 -45.7139)
(-8.24569 -13.6677 -42.9021)
(-4.51337 -9.08597 -67.9398)
(-16.5351 7.84381 -57.3759)
(-3.12515 6.5447 -29.6938)
(-26.8353 9.98853 -33.8084)
(-6.03209 -3.7852 23.8448)
(-8.97187 -24.7897 -5.35459)
(-9.77364 -17.6478 -25.9229)
(-13.0377 -15.0074 -27.7617)
(-13.6677 -8.24569 -42.9021)
(-4.35733 -4.35733 -27.3711)
(-0.30928 -11.2039 -24.6387)
(-10.5412 0.155434 -37.0571)
(-20.2916 6.87214 -5.76032)
(-53.3747 23.5194 -105.147)
(-26.9269 13.3387 4.97944)
(-14.35 -20.0437 -11.2306)
(-5.74599 -21.4179 -26.34)
(-2.91446 -22.096 -45.7282)
(-9.08597 -4.51337 -67.9398)
(-11.2039 -0.309282 -24.6387)
(-15.2698 -15.2698 -23.0176)
(-8.90479 -12.1385 -39.3889)
(-16.5908 -3.20566 -45.7043)
(-50.9626 36.4363 -219.831)
(-44.791 35.2395 -61.3874)
(-30.4265 -3.60878 -42.8783)
(-18.7519 -6.21226 -30.7696)
(-1.23278 -18.3474 -24.387)
(7.84381 -16.5351 -57.3759)
(0.155433 -10.5412 -37.0571)
(-12.1385 -8.90478 -39.3889)
(-1.16552 -1.16552 -23.972)
(1.62868 -0.813872 -15.6687)
(-19.1613 29.6911 -284.885)
(-25.9065 33.8749 -155.092)
(-20.5259 5.9954 -119.177)
(-16.3024 7.77583 -94.7355)
(-6.53785 4.49967 -51.1883)
(6.54471 -3.12516 -29.6938)
(6.87214 -20.2916 -5.76032)
(-3.20567 -16.5908 -45.7043)
(-0.813869 1.62869 -15.6686)
(-0.411458 -0.411461 -17.9456)
)
;
    }
    block1_out
    {
        type            extrapolatedCalculated;
        value           nonuniform List<vector> 
100
(
(29.2351 29.2351 221.657)
(11.2304 33.5601 105.49)
(10.1824 25.1819 103.492)
(-3.60542 21.8766 44.9879)
(-6.8766 7.85198 56.7422)
(-3.28477 6.04023 40.7369)
(-5.29782 12.0175 46.0817)
(-13.8675 31.4011 -3.95868)
(-22.4157 19.9721 -75.0887)
(-19.2567 1.38059 -83.7006)
(33.5601 11.2304 105.49)
(14.5074 14.5074 74.2319)
(20.3604 10.3461 65.3921)
(4.27372 4.81763 56.6414)
(-7.42672 8.17263 77.3784)
(-9.54876 7.61901 44.7028)
(-3.79658 1.4347 56.9816)
(-12.5707 14.2832 41.721)
(-24.6086 14.5829 6.15176)
(-20.7072 4.5395 -14.1874)
(25.1819 10.1824 103.492)
(10.3461 20.3604 65.3921)
(14.9483 14.9483 30.3453)
(-1.1836 -5.91051 22.1366)
(-0.909771 -5.9705 62.6568)
(-5.03072 9.67038 46.6729)
(1.20853 8.99555 33.9763)
(-0.803352 10.5891 19.319)
(-8.38862 11.8356 -3.09751)
(-4.8179 5.28196 -22.918)
(21.8766 -3.60542 44.9879)
(4.81763 4.27372 56.6414)
(-5.91052 -1.18359 22.1366)
(-11.0404 -11.0404 55.3652)
(1.35472 4.3255 57.2378)
(2.31337 9.73731 32.1951)
(-2.10195 5.66208 20.7567)
(-0.930645 4.68608 11.4347)
(-11.9333 10.5683 6.61057)
(-13.1339 8.11022 -19.4566)
(7.85198 -6.8766 56.7422)
(8.17263 -7.42672 77.3784)
(-5.97049 -0.909772 62.6568)
(4.32549 1.35472 57.2378)
(7.38332 7.38332 44.0611)
(6.49904 6.2137 17.2204)
(1.22262 5.75154 13.8891)
(2.70507 0.757715 -9.77162)
(-3.31398 -0.367723 18.3646)
(-17.4776 4.08135 7.88857)
(6.04023 -3.28477 40.7369)
(7.61901 -9.54876 44.7028)
(9.67038 -5.03072 46.6729)
(9.73731 2.31337 32.1951)
(6.2137 6.49905 17.2204)
(3.57661 3.57661 -9.85988)
(-3.58107 1.8681 -6.41136)
(-13.3004 0.149472 -25.1248)
(-6.9806 -9.61439 -6.99842)
(-16.8379 -6.05343 19.4282)
(12.0175 -5.29782 46.0817)
(1.4347 -3.79657 56.9816)
(8.99555 1.20854 33.9763)
(5.66208 -2.10196 20.7567)
(5.75154 1.22262 13.8891)
(1.8681 -3.58107 -6.41137)
(-11.1254 -11.1254 16.7188)
(-19.4577 -2.64181 25.6959)
(-14.2208 -3.90525 11.6956)
(-5.61245 -5.77595 34.0274)
(31.401 -13.8675 -3.95868)
(14.2832 -12.5707 41.721)
(10.5891 -0.80335 19.319)
(4.68607 -0.930646 11.4347)
(0.757715 2.70507 -9.77163)
(0.149466 -13.3004 -25.1248)
(-2.64182 -19.4577 25.6959)
(-2.94593 -2.94592 25.7975)
(-9.45883 4.23084 5.62623)
(-8.31979 2.55495 -6.33125)
(19.9721 -22.4157 -75.0887)
(14.5829 -24.6086 6.15177)
(11.8356 -8.38861 -3.0975)
(10.5683 -11.9333 6.61057)
(-0.367724 -3.31399 18.3646)
(-9.61439 -6.9806 -6.99841)
(-3.90525 -14.2208 11.6957)
(4.23084 -9.45883 5.62625)
(-9.27912 -9.27911 15.3902)
(-12.545 -4.63691 28.1725)
(1.38059 -19.2567 -83.7006)
(4.5395 -20.7072 -14.1874)
(5.28197 -4.8179 -22.9181)
(8.11021 -13.1339 -19.4566)
(4.08135 -17.4776 7.88857)
(-6.05343 -16.8379 19.4282)
(-5.77594 -5.61245 34.0274)
(2.55496 -8.31979 -6.33125)
(-4.6369 -12.545 28.1725)
(-0.71095 -0.710952 32.3741)
)
;
    }
    block1_wall1
    {
        type            extrapolatedCalculated;
        value           nonuniform List<vector> 
200
(
(-7.54578e-05 -30.6893 44.0981)
(-3.10606e-06 -33.3461 10.2501)
(-2.98098e-06 -14.7924 9.55536)
(-2.93199e-06 -13.0833 -9.9815)
(-3.2364e-06 -8.52455 -8.03035)
(-3.36109e-06 -12.8387 -16.6886)
(-3.77338e-06 -26.8353 -14.6682)
(-4.53183e-06 -53.3747 -33.2837)
(-4.77094e-06 -50.9626 -66.571)
(-5.54733e-06 -19.1613 -88.7843)
(-1.62618e-06 -3.59303 -52.585)
(-1.5084e-06 -2.08152 -22.1825)
(-1.53897e-06 -2.37271 -16.0192)
(-1.94098e-06 -2.03332 -12.0371)
(-1.78664e-06 -0.893342 -6.77734)
(-1.94428e-06 -0.556977 -2.30797)
(-2.03881e-06 -2.33225 -1.47525)
(-1.71697e-06 -12.266 18.1198)
(-2.15023e-06 -16.5941 46.228)
(-2.34632e-06 -8.84762 63.4682)
(-3.37996e-07 -0.286766 0.309856)
(1.79158e-07 3.21971 5.81965)
(1.486e-07 -4.64692 3.63846)
(8.08117e-08 -3.84148 3.64722)
(1.42125e-07 1.20455 5.355)
(2.34343e-08 -7.53657 4.3292)
(2.78544e-07 -6.40748 0.0351917)
(4.34608e-08 -5.67143 0.100304)
(-4.69163e-07 -5.61425 4.95384)
(-2.51647e-07 -1.9211 12.099)
(1.54236e-06 1.91677 -1.64273)
(1.76582e-06 1.24708 -2.65639)
(1.77928e-06 -4.54514 -2.59489)
(1.67542e-06 -0.316787 3.64532)
(1.90974e-06 -0.211361 -0.790675)
(1.58154e-06 -5.87678 -0.552282)
(1.69876e-06 -6.56115 2.01537)
(1.69294e-06 -7.34732 2.3966)
(1.65376e-06 -4.59534 4.96632)
(1.60357e-06 -1.70241 3.92825)
(2.69802e-06 -1.30043 -3.76732)
(3.11306e-06 2.26755 -3.62626)
(3.0463e-06 1.65479 -0.775413)
(3.15992e-06 -2.03727 -1.33139)
(2.86924e-06 -2.99305 -2.57977)
(3.72504e-06 -4.73052 -1.9847)
(3.52103e-06 -3.4586 -1.67298)
(3.3663e-06 -2.72048 -0.208304)
(3.35483e-06 -4.08259 3.10435)
(3.31772e-06 -2.95916 4.6094)
(4.32968e-06 2.05784 -4.49482)
(4.22279e-06 4.23899 -0.866782)
(4.17993e-06 -2.25028 -4.07903)
(4.41361e-06 -2.12115 -5.59329)
(4.43203e-06 -0.864672 -2.03146)
(4.47449e-06 -4.96998 -3.2206)
(4.86057e-06 -4.78475 -1.33541)
(4.13088e-06 -2.57 -1.7181)
(4.74301e-06 0.222367 -0.317129)
(4.0165e-06 -0.197359 4.36261)
(5.06242e-06 2.32761 -6.75654)
(5.46509e-06 2.68334 -9.87611)
(5.28604e-06 -3.07172 -11.5343)
(4.90193e-06 0.0103015 -8.09458)
(5.28554e-06 -0.620362 -8.78123)
(5.24194e-06 -4.03447 -7.9091)
(5.62551e-06 -1.9561 -3.95337)
(5.44348e-06 -1.7022 -3.05468)
(5.58961e-06 1.99812 -2.79962)
(5.94794e-06 1.72057 1.49542)
(5.3221e-06 -1.06173 -16.3957)
(5.64649e-06 -0.538794 -17.3736)
(5.29262e-06 -0.468743 -15.6139)
(5.91788e-06 0.63195 -14.2528)
(5.90489e-06 -0.679188 -15.4718)
(6.11461e-06 -0.142128 -10.0684)
(6.11769e-06 0.0696656 -8.10522)
(6.03998e-06 -1.41624 -5.19681)
(6.15889e-06 4.77247 -2.9831)
(6.1722e-06 4.09768 -0.248843)
(6.32702e-06 1.34974 -22.6749)
(6.31615e-06 3.46512 -19.0352)
(6.35675e-06 0.0490289 -15.9186)
(6.2979e-06 0.152429 -18.3122)
(6.67318e-06 3.56406 -14.7117)
(6.99506e-06 3.33209 -11.1503)
(6.92248e-06 2.91549 -9.02465)
(6.87449e-06 3.41992 -2.94945)
(6.7788e-06 6.94608 -1.7998)
(6.67404e-06 4.45482 -2.17585)
(5.99818e-06 2.57794 -13.3554)
(5.74561e-06 6.21743 -12.8457)
(6.38577e-06 0.254282 -11.6103)
(6.1883e-06 1.83893 -13.1448)
(6.65661e-06 6.4827 -8.31677)
(6.53877e-06 5.54488 -7.90905)
(6.90401e-06 8.27049 -3.93132)
(7.3693e-06 5.80861 -2.09652)
(7.50613e-06 5.54607 -3.45144)
(7.77958e-06 3.72162 -2.79423)
(6.19616e-06 1.85946 -7.63005)
(6.36765e-06 5.21026 -7.98632)
(5.97564e-06 -0.250076 -9.59392)
(6.32748e-06 3.44593 -6.34555)
(6.21732e-06 8.7998 -5.27024)
(6.70008e-06 7.71753 -3.13094)
(7.37516e-06 8.72803 -2.26658)
(7.10542e-06 3.89981 -4.08369)
(7.47933e-06 6.24836 -3.25446)
(7.39643e-06 5.11204 -0.8263)
(5.46642e-06 2.22167 -8.12345)
(5.93981e-06 4.25356 -7.02823)
(5.89639e-06 1.89505 -6.31794)
(6.09258e-06 6.1626 -2.81087)
(6.59854e-06 9.69731 -2.45098)
(6.30206e-06 8.54855 -1.22912)
(6.54212e-06 7.31774 -3.38461)
(6.69549e-06 4.82073 -2.65477)
(7.17025e-06 8.80347 -0.104911)
(6.86178e-06 6.14978 -0.578638)
(4.71355e-06 2.95468 -1.08187)
(4.97262e-06 7.01577 -0.441871)
(5.48636e-06 3.96729 2.32509)
(5.2455e-06 7.31289 0.0374448)
(5.87653e-06 10.3815 2.26468)
(6.04165e-06 6.7839 0.718616)
(6.53875e-06 7.30237 -0.829425)
(7.01206e-06 7.17951 0.532977)
(6.5627e-06 8.3245 1.34048)
(6.69129e-06 4.63831 -1.38907)
(4.61285e-06 2.86167 4.96843)
(4.6119e-06 7.66053 6.02732)
(4.72306e-06 2.37437 4.05743)
(4.85059e-06 6.10219 2.31307)
(4.9425e-06 10.3785 3.02446)
(4.83422e-06 5.45444 2.4998)
(5.80399e-06 7.1321 2.44489)
(5.60581e-06 6.99064 1.78908)
(5.44156e-06 6.88143 0.913313)
(6.16497e-06 3.42023 -1.22253)
(3.57595e-06 4.01357 3.38387)
(3.39449e-06 6.10477 3.00489)
(3.92391e-06 0.253043 0.779668)
(3.84721e-06 6.27992 2.65848)
(3.88937e-06 10.5683 1.12114)
(4.06919e-06 6.20433 3.28824)
(4.72065e-06 6.59165 3.77479)
(4.71598e-06 5.64794 2.09654)
(4.97962e-06 5.31289 -0.0772184)
(4.64188e-06 2.50247 -1.9849)
(2.56301e-06 2.48269 0.7097)
(2.8289e-06 5.05633 -1.40886)
(2.81224e-06 2.02796 2.37032)
(2.58612e-06 6.44366 4.58097)
(3.02896e-06 11.0082 2.79642)
(2.88252e-06 8.10809 4.21018)
(3.10318e-06 5.9404 3.36332)
(3.41221e-06 3.13863 1.93731)
(4.2587e-06 2.79998 1.46174)
(3.85096e-06 1.51255 -2.02884)
(9.59732e-07 1.89501 0.648968)
(1.91845e-06 7.76539 4.83924)
(1.33144e-06 6.24287 5.8058)
(1.94113e-06 6.70602 8.56348)
(1.81678e-06 10.1975 5.88977)
(2.3476e-06 6.77123 4.96686)
(2.55942e-06 4.31878 2.95769)
(2.05843e-06 3.74635 5.20098)
(2.70745e-06 1.34675 7.48084)
(3.05744e-06 -0.98811 -0.380729)
(1.10686e-07 6.67296 -1.22986)
(2.20467e-08 10.2132 17.1652)
(2.62768e-07 5.7522 8.44009)
(9.92687e-08 6.52764 12.3606)
(8.14352e-07 7.41161 8.07029)
(3.24144e-07 5.17601 8.55061)
(8.52262e-07 6.17452 7.39551)
(6.81129e-07 7.66178 12.6202)
(1.36654e-06 -2.78172 14.7492)
(1.05561e-06 -6.34902 10.8035)
(-1.6159e-06 20.29 -30.7627)
(-9.71568e-07 17.4353 -8.20055)
(-9.70154e-07 1.43832 -7.41575)
(-9.3908e-07 6.33622 11.2292)
(-2.54917e-07 6.38748 7.93319)
(-1.62408e-07 6.09645 11.6696)
(-5.06055e-07 8.38839 8.79741)
(3.17839e-08 11.1 17.5125)
(-1.12606e-07 -0.469936 32.5367)
(-1.6615e-07 -4.93375 40.2663)
(-3.69283e-06 29.2351 82.2864)
(-2.73626e-06 33.5601 33.1479)
(-2.74479e-06 25.1819 39.3285)
(-2.22025e-06 21.8766 26.6405)
(-1.95165e-06 7.85198 31.4941)
(-1.72615e-06 6.04023 25.9796)
(-1.0498e-06 12.0175 26.1077)
(-9.30127e-07 31.4011 7.26085)
(-2.90333e-07 19.9721 -14.1765)
(-4.08617e-07 1.38059 -12.1681)
)
;
    }
    block1_wall2
    {
        type            extrapolatedCalculated;
        value           nonuniform List<vector> 
200
(
(29.6911 5.54733e-06 -88.7843)
(5.93004 2.34632e-06 63.4682)
(5.02322 2.51647e-07 12.099)
(1.83831 -1.60357e-06 3.92825)
(-0.623791 -3.31772e-06 4.6094)
(-2.95552 -4.0165e-06 4.36261)
(-4.46582 -5.94794e-06 1.49542)
(-5.31806 -6.1722e-06 -0.248843)
(-6.4203 -6.67404e-06 -2.17585)
(-5.42234 -7.77958e-06 -2.79423)
(-4.62429 -7.39643e-06 -0.8263)
(-5.85529 -6.86178e-06 -0.578638)
(-5.41579 -6.69129e-06 -1.38907)
(-3.77916 -6.16497e-06 -1.22253)
(-2.43256 -4.64188e-06 -1.9849)
(1.34867 -3.85096e-06 -2.02884)
(2.15715 -3.05744e-06 -0.380729)
(-3.8697 -1.05561e-06 10.8035)
(-14.0488 1.6615e-07 40.2663)
(-19.2567 4.08617e-07 -12.1681)
(33.8748 5.19745e-06 -47.6486)
(1.1758 1.7338e-06 38.8004)
(-3.12972 -1.41809e-07 8.00731)
(-2.81522 -1.69506e-06 -1.71876)
(-1.93528 -3.20643e-06 -0.184424)
(-4.05806 -4.69944e-06 0.520577)
(-5.44201 -5.56151e-06 -0.86712)
(-5.62933 -6.72589e-06 -2.20332)
(-5.12413 -7.39829e-06 -2.28013)
(-3.21021 -7.39763e-06 -0.998222)
(-3.56539 -7.51064e-06 -1.25924)
(-4.17845 -7.38194e-06 -1.37014)
(-1.19632 -6.7547e-06 0.687057)
(-0.462514 -6.40355e-06 1.76071)
(-2.50721 -4.85869e-06 3.14293)
(-1.47214 -3.96835e-06 2.56088)
(2.82666 -2.89674e-06 -5.5991)
(0.688812 -7.9551e-07 -5.40239)
(-11.9742 4.83488e-07 24.8793)
(-20.7072 3.89444e-07 17.3805)
(5.99541 4.92259e-06 -38.6289)
(-9.23268 2.19742e-06 26.4637)
(-13.9276 1.93821e-07 8.10802)
(-7.78169 -1.25611e-06 5.12269)
(-4.16635 -3.06944e-06 3.36656)
(-4.05515 -4.76656e-06 0.855869)
(-2.94901 -5.67246e-06 -0.0758471)
(-1.28312 -6.62676e-06 0.0690442)
(0.425416 -7.37004e-06 0.243268)
(0.333334 -7.90071e-06 -1.23549)
(0.00328258 -7.85303e-06 -1.79454)
(4.00123 -7.30709e-06 1.79044)
(7.80301 -6.90306e-06 2.32687)
(7.40366 -6.02449e-06 -2.53342)
(5.27826 -5.38963e-06 -2.99452)
(-0.584062 -4.19285e-06 3.30503)
(1.01303 -2.48585e-06 1.78022)
(3.59094 -8.06776e-07 -3.99738)
(3.64874 8.89011e-07 18.8703)
(-4.8179 1.00906e-06 9.49023)
(7.77584 4.38638e-06 -32.6985)
(-8.40548 2.19563e-06 18.8774)
(-9.04702 -6.53458e-08 9.4583)
(-6.78668 -1.43301e-06 8.04245)
(-7.92019 -3.04184e-06 3.54212)
(-6.65364 -4.51008e-06 1.73792)
(-4.15448 -5.94865e-06 1.90491)
(-2.97878 -6.60891e-06 1.17111)
(-3.3827 -7.18214e-06 -0.663682)
(-4.21841 -7.48512e-06 -1.42036)
(-1.87628 -8.05468e-06 2.40865)
(2.55461 -7.52847e-06 6.42958)
(3.3592 -7.26948e-06 4.08949)
(4.2895 -5.81205e-06 -0.764041)
(5.2935 -5.44929e-06 -4.84479)
(1.86082 -3.9106e-06 -1.70435)
(-1.55911 -2.68324e-06 -1.4241)
(-2.39187 -1.49291e-06 -2.76668)
(-6.08407 1.38818e-07 16.4704)
(-13.1339 1.12298e-06 6.27926)
(4.49966 4.57676e-06 -20.8161)
(-9.41532 2.08728e-06 9.64082)
(-8.19063 -5.83906e-08 9.72683)
(-8.93624 -1.33101e-06 6.24952)
(-9.60582 -3.1935e-06 3.4996)
(-6.45466 -4.53397e-06 4.62157)
(-3.868 -6.38983e-06 3.59901)
(-3.54831 -6.72467e-06 0.840826)
(-3.87119 -7.75438e-06 -0.996369)
(-2.0059 -7.566e-06 0.270933)
(0.83001 -7.91489e-06 4.97849)
(2.88389 -7.84414e-06 7.02591)
(4.29481 -7.89674e-06 4.06176)
(3.85362 -6.78391e-06 -0.599125)
(1.10932 -5.60957e-06 -5.4232)
(0.551726 -4.12652e-06 -3.54757)
(-2.50537 -2.70056e-06 -2.47247)
(-2.90258 -1.08753e-06 -8.52233)
(-11.999 5.12016e-07 8.12824)
(-17.4776 1.5037e-06 17.8437)
(-3.12515 4.33396e-06 -14.0926)
(-8.95774 2.90606e-06 6.1871)
(-10.1516 -3.42736e-08 9.93738)
(-12.3182 -1.60169e-06 6.62726)
(-11.1569 -2.65397e-06 6.02369)
(-8.6594 -4.62242e-06 7.47574)
(-7.50372 -5.98598e-06 4.81126)
(-7.80738 -6.81286e-06 1.16791)
(-6.92052 -7.4818e-06 0.878724)
(-3.91261 -7.52156e-06 3.28085)
(-0.916148 -7.83205e-06 7.29845)
(1.23432 -7.65283e-06 9.89438)
(2.12049 -7.4635e-06 5.05922)
(0.289149 -6.43853e-06 -3.94953)
(-1.69394 -5.66191e-06 -8.14668)
(-4.11466 -4.43226e-06 -5.31904)
(-8.14857 -2.73535e-06 -4.87841)
(-8.72016 -1.35561e-06 -12.2604)
(-6.50135 6.52131e-07 1.89537)
(-16.8379 1.60813e-06 20.2431)
(-20.2916 4.41341e-06 -3.93469)
(-13.4699 2.58583e-06 2.61441)
(-12.1191 8.25187e-07 6.36633)
(-10.7015 -9.71199e-07 5.24418)
(-5.92165 -2.84789e-06 7.15845)
(-3.02343 -4.35765e-06 8.27476)
(-4.19562 -5.7872e-06 4.45102)
(-5.93482 -6.99016e-06 1.42403)
(-2.4381 -7.83961e-06 2.89841)
(1.46892 -7.93466e-06 6.2753)
(1.63176 -7.65689e-06 10.1254)
(1.60492 -7.8556e-06 10.0626)
(0.512272 -7.26954e-06 3.11658)
(0.416831 -6.71719e-06 -4.41356)
(0.0425216 -5.26271e-06 -9.82701)
(-4.72759 -4.55803e-06 -10.0022)
(-4.90144 -3.25084e-06 -7.07797)
(-4.74847 -1.13158e-06 -6.87511)
(-4.29363 6.14903e-07 0.0105057)
(-5.61245 1.50935e-06 20.5765)
(-16.5908 4.77489e-06 -15.2761)
(-13.976 2.89715e-06 14.3596)
(-15.3049 4.49765e-07 12.7057)
(-9.45165 -1.25085e-06 12.8247)
(-2.25391 -3.07355e-06 13.7018)
(-1.60394 -4.39265e-06 9.20178)
(-3.85463 -5.87828e-06 1.89988)
(-2.45122 -6.88575e-06 2.92543)
(1.2649 -7.10962e-06 8.28246)
(1.03761 -7.58826e-06 7.35071)
(0.130396 -8.22533e-06 7.43445)
(1.31386 -7.602e-06 8.77489)
(1.47774 -7.89122e-06 3.87113)
(0.954799 -7.18184e-06 -4.41928)
(-1.83573 -5.69071e-06 -13.2911)
(-2.87506 -4.57304e-06 -10.263)
(0.847421 -2.73899e-06 -4.8993)
(-2.5653 -9.41542e-07 -11.6525)
(-5.99991 7.97633e-08 1.0314)
(-8.31979 2.59475e-06 6.04454)
(1.62868 4.64999e-06 -6.27411)
(-7.83218 2.76646e-06 3.90034)
(-9.886 5.55592e-07 10.8907)
(-7.34685 -1.11276e-06 18.2951)
(-6.49808 -3.29359e-06 15.0062)
(-7.41976 -4.18604e-06 6.67405)
(-6.58295 -5.48863e-06 3.60374)
(-5.81761 -6.62246e-06 6.54356)
(-4.35738 -7.72334e-06 6.38724)
(-5.44635 -7.47721e-06 5.14079)
(-5.55945 -7.73966e-06 10.4017)
(-2.04173 -7.94535e-06 11.4099)
(-1.0769 -7.85847e-06 2.75752)
(-6.51759 -6.878e-06 -7.72703)
(-4.76628 -5.72587e-06 -13.6569)
(-1.58455 -4.27804e-06 -7.31905)
(-2.34527 -2.89215e-06 -6.76821)
(-11.061 -1.17724e-06 -13.7224)
(-5.18977 4.06138e-07 -5.74398)
(-12.545 2.16109e-06 15.3292)
(-0.411458 4.74402e-06 -10.8577)
(-3.85654 2.54555e-06 2.84493)
(-1.46687 6.37793e-07 13.1911)
(-1.55621 -7.72381e-07 16.2126)
(-3.54941 -2.9359e-06 13.6289)
(-2.93349 -4.3416e-06 9.1169)
(-1.10656 -5.81696e-06 3.50203)
(-3.03521 -6.36289e-06 5.151)
(-2.49912 -7.48872e-06 8.65372)
(-0.768727 -8.14548e-06 6.14864)
(-1.49128 -8.20518e-06 10.8391)
(-0.331321 -8.31205e-06 13.2574)
(0.35627 -8.01582e-06 -0.604738)
(-3.69358 -6.89206e-06 -8.10865)
(-0.0253541 -5.59839e-06 -8.35807)
(1.60522 -4.52496e-06 -7.842)
(-0.548298 -2.99943e-06 -14.3758)
(-6.00233 -1.13979e-06 -14.497)
(-1.3229 1.03718e-06 -0.452606)
(-0.71095 2.24468e-06 18.042)
)
;
    }
    block1_wall3
    {
        type            extrapolatedCalculated;
        value           nonuniform List<vector> 
200
(
(5.92927e-06 29.6911 -88.7843)
(5.02262e-06 33.8749 -47.6486)
(4.75287e-06 5.9954 -38.6289)
(4.47841e-06 7.77583 -32.6985)
(4.25465e-06 4.49967 -20.8161)
(4.57103e-06 -3.12516 -14.0926)
(4.35569e-06 -20.2916 -3.93469)
(4.6012e-06 -16.5908 -15.2761)
(4.68489e-06 1.62869 -6.27411)
(4.74402e-06 -0.411461 -10.8577)
(2.14466e-06 5.93004 63.4682)
(2.0917e-06 1.1758 38.8004)
(2.18589e-06 -9.23268 26.4637)
(2.30408e-06 -8.40549 18.8774)
(2.54104e-06 -9.41532 9.64082)
(2.11878e-06 -8.95774 6.1871)
(2.48598e-06 -13.4699 2.61441)
(2.83417e-06 -13.976 14.3596)
(3.02765e-06 -7.83218 3.90034)
(2.54555e-06 -3.85654 2.84493)
(4.28994e-07 5.02322 12.099)
(-7.6547e-08 -3.12972 8.00731)
(-4.53445e-08 -13.9276 8.10803)
(2.94088e-07 -9.04703 9.4583)
(3.32446e-08 -8.19063 9.72684)
(5.27379e-07 -10.1516 9.93738)
(4.8493e-07 -12.1191 6.36633)
(5.38752e-07 -15.3049 12.7057)
(6.43622e-07 -9.886 10.8907)
(6.37793e-07 -1.46687 13.1911)
(-1.81479e-06 1.83831 3.92825)
(-1.57264e-06 -2.81522 -1.71876)
(-1.84984e-06 -7.78169 5.12269)
(-1.72987e-06 -6.78668 8.04245)
(-1.33632e-06 -8.93624 6.24953)
(-1.32058e-06 -12.3182 6.62726)
(-1.72817e-06 -10.7015 5.24418)
(-9.59431e-07 -9.45165 12.8247)
(-9.26306e-07 -7.34685 18.2951)
(-7.72381e-07 -1.5562 16.2126)
(-2.99383e-06 -0.623788 4.60941)
(-3.31052e-06 -1.93527 -0.184424)
(-3.19704e-06 -4.16635 3.36656)
(-3.39495e-06 -7.92019 3.54212)
(-3.08083e-06 -9.60582 3.4996)
(-3.13939e-06 -11.1569 6.0237)
(-3.11047e-06 -5.92166 7.15845)
(-2.7552e-06 -2.25392 13.7018)
(-3.05435e-06 -6.49808 15.0062)
(-2.9359e-06 -3.54941 13.6289)
(-4.59009e-06 -2.95552 4.36261)
(-4.86863e-06 -4.05806 0.520576)
(-4.4242e-06 -4.05515 0.855873)
(-4.541e-06 -6.65364 1.73792)
(-4.19853e-06 -6.45467 4.62157)
(-4.5798e-06 -8.6594 7.47574)
(-4.22112e-06 -3.02344 8.27476)
(-4.78615e-06 -1.60394 9.20178)
(-4.45669e-06 -7.41976 6.67405)
(-4.3416e-06 -2.9335 9.1169)
(-5.79087e-06 -4.46582 1.49542)
(-5.80665e-06 -5.44201 -0.867123)
(-5.72914e-06 -2.94901 -0.0758461)
(-5.72092e-06 -4.15449 1.90491)
(-5.51111e-06 -3.868 3.59901)
(-5.61377e-06 -7.50372 4.81126)
(-6.06023e-06 -4.19562 4.45102)
(-5.35952e-06 -3.85463 1.89987)
(-5.60675e-06 -6.58295 3.60374)
(-5.81696e-06 -1.10656 3.50203)
(-6.63247e-06 -5.31806 -0.24884)
(-6.10684e-06 -5.62933 -2.20332)
(-6.56685e-06 -1.28312 0.0690405)
(-6.34605e-06 -2.97878 1.1711)
(-6.57811e-06 -3.54831 0.840827)
(-6.51288e-06 -7.80739 1.16791)
(-6.97325e-06 -5.93483 1.42403)
(-7.01243e-06 -2.45122 2.92543)
(-6.67949e-06 -5.81761 6.54356)
(-6.36289e-06 -3.03521 5.151)
(-7.07196e-06 -6.4203 -2.17585)
(-7.46631e-06 -5.12413 -2.28013)
(-7.1586e-06 0.425413 0.243266)
(-7.61625e-06 -3.3827 -0.663683)
(-7.97337e-06 -3.8712 -0.99637)
(-7.44875e-06 -6.92052 0.878725)
(-7.24237e-06 -2.4381 2.89841)
(-7.57587e-06 1.2649 8.28247)
(-7.70158e-06 -4.35738 6.38724)
(-7.48872e-06 -2.49912 8.65372)
(-7.6643e-06 -5.42234 -2.79424)
(-6.75693e-06 -3.21021 -0.998226)
(-7.58546e-06 0.333331 -1.23549)
(-7.58073e-06 -4.21841 -1.42036)
(-7.33312e-06 -2.0059 0.270929)
(-8.04392e-06 -3.91261 3.28085)
(-7.85797e-06 1.46892 6.2753)
(-8.31054e-06 1.03761 7.35071)
(-7.88863e-06 -5.44635 5.14079)
(-8.14548e-06 -0.768727 6.14864)
(-7.03572e-06 -4.62429 -0.826303)
(-7.47976e-06 -3.56539 -1.25925)
(-7.37622e-06 0.00328018 -1.79454)
(-7.74196e-06 -1.87628 2.40865)
(-7.90662e-06 0.830009 4.97848)
(-8.07037e-06 -0.916149 7.29844)
(-7.98973e-06 1.63176 10.1254)
(-8.27411e-06 0.130395 7.43445)
(-8.1451e-06 -5.55945 10.4017)
(-8.20518e-06 -1.49128 10.8391)
(-7.03662e-06 -5.85529 -0.578637)
(-7.26606e-06 -4.17845 -1.37015)
(-6.98954e-06 4.00123 1.79043)
(-7.32509e-06 2.55461 6.42958)
(-7.51229e-06 2.88389 7.02591)
(-7.63266e-06 1.23432 9.89438)
(-7.76504e-06 1.60492 10.0626)
(-7.75169e-06 1.31386 8.77489)
(-8.18871e-06 -2.04173 11.4099)
(-8.31205e-06 -0.331323 13.2574)
(-6.73297e-06 -5.4158 -1.38907)
(-6.44757e-06 -1.19632 0.687051)
(-7.08053e-06 7.80301 2.32686)
(-6.63913e-06 3.3592 4.08948)
(-7.28057e-06 4.29481 4.06175)
(-7.26087e-06 2.12049 5.05922)
(-7.55643e-06 0.512268 3.11658)
(-7.58885e-06 1.47774 3.87113)
(-7.6762e-06 -1.0769 2.75752)
(-8.01582e-06 0.356271 -0.604738)
(-6.09748e-06 -3.77917 -1.22253)
(-5.54201e-06 -0.462518 1.7607)
(-6.25486e-06 7.40366 -2.53342)
(-6.22433e-06 4.2895 -0.764043)
(-6.29131e-06 3.85363 -0.599129)
(-6.44563e-06 0.289151 -3.94953)
(-6.44637e-06 0.416831 -4.41356)
(-6.67703e-06 0.9548 -4.41928)
(-6.98168e-06 -6.51759 -7.72703)
(-6.89206e-06 -3.69358 -8.10865)
(-4.31773e-06 -2.43256 -1.9849)
(-5.54473e-06 -2.50721 3.14293)
(-5.0503e-06 5.27826 -2.99453)
(-5.60487e-06 5.2935 -4.84479)
(-5.37401e-06 1.10932 -5.4232)
(-5.7728e-06 -1.69394 -8.14669)
(-5.63667e-06 0.0425214 -9.82701)
(-5.84532e-06 -1.83573 -13.2911)
(-5.9346e-06 -4.76628 -13.6569)
(-5.59839e-06 -0.0253541 -8.35807)
(-3.66582e-06 1.34867 -2.02884)
(-4.03043e-06 -1.47214 2.56088)
(-3.34714e-06 -0.58406 3.30503)
(-4.34097e-06 1.86082 -1.70436)
(-4.09594e-06 0.551726 -3.54758)
(-4.48292e-06 -4.11466 -5.31904)
(-4.53632e-06 -4.72759 -10.0022)
(-4.5058e-06 -2.87506 -10.263)
(-4.15827e-06 -1.58455 -7.31905)
(-4.52496e-06 1.60522 -7.842)
(-2.23261e-06 2.15715 -0.38073)
(-2.40559e-06 2.82666 -5.5991)
(-3.00687e-06 1.01303 1.78022)
(-2.96521e-06 -1.55911 -1.42411)
(-2.43317e-06 -2.50536 -2.47247)
(-3.01176e-06 -8.14857 -4.87841)
(-2.90063e-06 -4.90144 -7.07797)
(-3.56644e-06 0.847424 -4.8993)
(-2.89522e-06 -2.34527 -6.76821)
(-2.99943e-06 -0.548298 -14.3758)
(-1.24693e-06 -3.8697 10.8035)
(-9.65636e-07 0.688812 -5.40239)
(-1.03514e-06 3.59093 -3.99737)
(-1.36975e-06 -2.39187 -2.76668)
(-1.13937e-06 -2.90258 -8.52233)
(-1.51899e-06 -8.72016 -12.2604)
(-1.21293e-06 -4.74847 -6.87511)
(-1.75929e-06 -2.5653 -11.6525)
(-1.30607e-06 -11.061 -13.7224)
(-1.13979e-06 -6.00233 -14.497)
(2.2707e-08 -14.0488 40.2663)
(7.63408e-07 -11.9742 24.8793)
(1.35662e-07 3.64874 18.8703)
(7.08393e-08 -6.08407 16.4704)
(2.7985e-07 -11.999 8.12824)
(7.61605e-07 -6.50135 1.89537)
(4.19517e-08 -4.29362 0.0105067)
(3.13812e-07 -5.9999 1.0314)
(1.9048e-07 -5.18977 -5.74398)
(1.03718e-06 -1.3229 -0.452606)
(9.13778e-08 -19.2567 -12.1681)
(1.37004e-06 -20.7072 17.3805)
(9.30518e-07 -4.8179 9.49022)
(1.22567e-06 -13.1339 6.27926)
(1.2729e-06 -17.4776 17.8437)
(1.70709e-06 -16.8379 20.2431)
(2.37923e-06 -5.61245 20.5765)
(1.61282e-06 -8.31979 6.04453)
(2.23694e-06 -12.545 15.3292)
(2.24468e-06 -0.710952 18.042)
)
;
    }
    block1_wall4
    {
        type            extrapolatedCalculated;
        value           nonuniform List<vector> 
200
(
(-30.6893 -7.54578e-05 44.0981)
(-3.59303 -1.62618e-06 -52.585)
(-0.286767 -3.37996e-07 0.309856)
(1.91677 1.54236e-06 -1.64273)
(-1.30043 2.69802e-06 -3.76732)
(2.05784 4.32968e-06 -4.49482)
(2.32761 5.06242e-06 -6.75654)
(-1.06173 5.3221e-06 -16.3957)
(1.34974 6.32702e-06 -22.6749)
(2.57794 5.99818e-06 -13.3554)
(1.85946 6.19616e-06 -7.63005)
(2.22166 5.46642e-06 -8.12345)
(2.95467 4.71355e-06 -1.08187)
(2.86167 4.61285e-06 4.96843)
(4.01357 3.57595e-06 3.38387)
(2.48269 2.56301e-06 0.7097)
(1.89501 9.59732e-07 0.648968)
(6.67296 1.10686e-07 -1.22986)
(20.29 -1.6159e-06 -30.7627)
(29.2351 -3.69283e-06 82.2864)
(-33.3461 -8.73553e-07 10.2501)
(-2.08153 -1.46504e-06 -22.1825)
(3.21971 4.07131e-07 5.81965)
(1.24708 1.62206e-06 -2.65639)
(2.26755 2.80677e-06 -3.62626)
(4.23899 4.10714e-06 -0.866783)
(2.68334 5.50574e-06 -9.87611)
(-0.538795 5.81553e-06 -17.3736)
(3.46513 5.9474e-06 -19.0352)
(6.21743 6.06945e-06 -12.8457)
(5.21026 6.07264e-06 -7.98632)
(4.25357 5.97005e-06 -7.02824)
(7.01577 5.21389e-06 -0.441869)
(7.66053 4.32201e-06 6.02732)
(6.10477 3.24897e-06 3.00489)
(5.05633 2.34595e-06 -1.40886)
(7.76539 1.29649e-06 4.83924)
(10.2132 3.84628e-07 17.1652)
(17.4353 -1.45677e-06 -8.20055)
(33.5601 -2.87067e-06 33.1479)
(-14.7924 -2.90404e-06 9.55536)
(-2.3727 -1.9942e-06 -16.0192)
(-4.64692 6.65279e-08 3.63846)
(-4.54514 2.06048e-06 -2.59489)
(1.65479 2.9248e-06 -0.775412)
(-2.25028 4.39801e-06 -4.07903)
(-3.07171 5.12545e-06 -11.5343)
(-0.468741 5.76268e-06 -15.6139)
(0.0490286 6.09903e-06 -15.9186)
(0.254284 6.23562e-06 -11.6103)
(-0.250075 6.36929e-06 -9.59391)
(1.89506 5.68769e-06 -6.31795)
(3.96729 5.38342e-06 2.32509)
(2.37437 4.5943e-06 4.05743)
(0.253043 3.53214e-06 0.779667)
(2.02796 2.31861e-06 2.37032)
(6.24287 1.44386e-06 5.8058)
(5.75219 5.5099e-07 8.44009)
(1.43832 -8.58931e-07 -7.41575)
(25.1819 -2.96833e-06 39.3285)
(-13.0833 -3.41623e-06 -9.9815)
(-2.03332 -1.57421e-06 -12.0371)
(-3.84148 1.61003e-07 3.64722)
(-0.316785 1.99793e-06 3.64532)
(-2.03726 2.56276e-06 -1.33139)
(-2.12115 4.33942e-06 -5.59328)
(0.0103053 5.1907e-06 -8.09458)
(0.631951 5.80974e-06 -14.2528)
(0.152428 6.30148e-06 -18.3122)
(1.83893 6.25724e-06 -13.1448)
(3.44593 6.18727e-06 -6.34555)
(6.1626 6.03116e-06 -2.81087)
(7.31289 5.59152e-06 0.0374411)
(6.10219 4.70488e-06 2.31307)
(6.27992 3.80655e-06 2.65848)
(6.44366 2.87772e-06 4.58097)
(6.70602 1.44141e-06 8.56348)
(6.52764 1.58779e-07 12.3606)
(6.33622 -7.48647e-07 11.2292)
(21.8766 -1.82306e-06 26.6405)
(-8.52455 -3.17523e-06 -8.03035)
(-0.893343 -2.20367e-06 -6.77733)
(1.20455 3.58494e-08 5.355)
(-0.211358 1.87752e-06 -0.790673)
(-2.99305 3.47667e-06 -2.57977)
(-0.86467 4.1789e-06 -2.03146)
(-0.62036 5.36327e-06 -8.78123)
(-0.679185 6.30338e-06 -15.4718)
(3.56406 6.25084e-06 -14.7117)
(6.4827 6.98609e-06 -8.31677)
(8.7998 6.55002e-06 -5.27024)
(9.69731 6.30516e-06 -2.45098)
(10.3815 5.87138e-06 2.26468)
(10.3785 5.03097e-06 3.02446)
(10.5683 3.95017e-06 1.12114)
(11.0082 3.44163e-06 2.79642)
(10.1975 1.95338e-06 5.88977)
(7.41161 4.77914e-07 8.07029)
(6.38748 -7.74505e-07 7.93319)
(7.85198 -2.28352e-06 31.4941)
(-12.8386 -3.63039e-06 -16.6886)
(-0.556973 -1.52456e-06 -2.30796)
(-7.53656 5.92137e-07 4.3292)
(-5.87678 1.88025e-06 -0.552282)
(-4.73052 3.03467e-06 -1.98471)
(-4.96998 4.36951e-06 -3.2206)
(-4.03447 5.25324e-06 -7.90909)
(-0.142122 6.397e-06 -10.0684)
(3.33209 7.10938e-06 -11.1503)
(5.54489 7.10951e-06 -7.90906)
(7.71754 6.619e-06 -3.13095)
(8.54855 6.78647e-06 -1.22912)
(6.7839 6.17696e-06 0.718617)
(5.45444 5.52676e-06 2.4998)
(6.20433 4.38012e-06 3.28824)
(8.10809 2.76604e-06 4.21018)
(6.77123 2.2658e-06 4.96685)
(5.17601 5.61423e-07 8.55061)
(6.09645 -2.52971e-07 11.6696)
(6.04023 -1.78904e-06 25.9796)
(-26.8353 -3.90612e-06 -14.6682)
(-2.33225 -1.6509e-06 -1.47525)
(-6.40747 3.83267e-08 0.0351923)
(-6.56115 1.8499e-06 2.01537)
(-3.45859 2.89448e-06 -1.67298)
(-4.78474 4.00821e-06 -1.33541)
(-1.9561 5.70256e-06 -3.95337)
(0.0696693 6.06427e-06 -8.10522)
(2.91549 6.61891e-06 -9.02465)
(8.27049 6.92097e-06 -3.93132)
(8.72803 6.63925e-06 -2.26658)
(7.31775 6.86098e-06 -3.38462)
(7.30237 6.16208e-06 -0.829431)
(7.1321 5.54194e-06 2.44488)
(6.59165 4.09192e-06 3.77479)
(5.9404 3.37451e-06 3.36332)
(4.31877 2.63027e-06 2.95769)
(6.17452 7.88829e-07 7.3955)
(8.38838 -4.82607e-07 8.79742)
(12.0175 -1.83633e-06 26.1077)
(-53.3747 -4.30224e-06 -33.2837)
(-12.266 -1.51163e-06 18.1198)
(-5.67142 1.23183e-07 0.100307)
(-7.34732 1.33858e-06 2.3966)
(-2.72047 3.40031e-06 -0.208302)
(-2.56999 4.24224e-06 -1.7181)
(-1.70219 5.44557e-06 -3.05468)
(-1.41624 6.3138e-06 -5.19681)
(3.41993 6.74725e-06 -2.94946)
(5.80861 7.08167e-06 -2.09652)
(3.8998 7.1522e-06 -4.08369)
(4.82073 6.67306e-06 -2.65478)
(7.17951 6.24146e-06 0.532971)
(6.99064 5.9185e-06 1.78907)
(5.64794 4.72294e-06 2.09654)
(3.13863 3.45971e-06 1.93731)
(3.74635 2.36753e-06 5.20098)
(7.66178 1.37051e-06 12.6202)
(11.1 4.73304e-08 17.5125)
(31.401 -6.93142e-07 7.26085)
(-50.9626 -5.2578e-06 -66.5709)
(-16.5941 -2.14676e-06 46.228)
(-5.61425 -4.4373e-08 4.95384)
(-4.59534 1.79879e-06 4.96632)
(-4.0826 3.07564e-06 3.10435)
(0.222368 4.74915e-06 -0.317131)
(1.99812 5.51266e-06 -2.79962)
(4.77247 6.71504e-06 -2.9831)
(6.94608 7.08568e-06 -1.7998)
(5.54608 7.29492e-06 -3.45145)
(6.24836 7.62612e-06 -3.25446)
(8.80347 6.92494e-06 -0.104913)
(8.3245 6.55457e-06 1.34048)
(6.88143 6.16902e-06 0.913309)
(5.31289 4.98819e-06 -0.077223)
(2.79998 3.56821e-06 1.46174)
(1.34675 2.67706e-06 7.48084)
(-2.78172 1.30522e-06 14.7492)
(-0.469937 -3.2696e-07 32.5367)
(19.9721 -4.38227e-07 -14.1765)
(-19.1613 -5.92927e-06 -88.7843)
(-8.84762 -2.14466e-06 63.4682)
(-1.9211 -4.28994e-07 12.099)
(-1.70241 1.81479e-06 3.92825)
(-2.95917 2.99383e-06 4.60941)
(-0.19736 4.59009e-06 4.36261)
(1.72057 5.79087e-06 1.49542)
(4.09768 6.63247e-06 -0.24884)
(4.45483 7.07196e-06 -2.17585)
(3.72163 7.6643e-06 -2.79424)
(5.11203 7.03572e-06 -0.826303)
(6.14978 7.03662e-06 -0.578637)
(4.63831 6.73297e-06 -1.38907)
(3.42023 6.09748e-06 -1.22253)
(2.50247 4.31773e-06 -1.9849)
(1.51255 3.66582e-06 -2.02884)
(-0.988109 2.23261e-06 -0.38073)
(-6.34902 1.24693e-06 10.8035)
(-4.93375 -2.2707e-08 40.2663)
(1.38059 -9.13778e-08 -12.1681)
)
;
    }
}


// ************************************************************************* //
