/*--------------------------------*- C++ -*----------------------------------*\
| =========                 |                                                 |
| \\      /  F ield         | OpenFOAM: The Open Source CFD Toolbox           |
|  \\    /   O peration     | Version:  v2106                                 |
|   \\  /    A nd           | Website:  www.openfoam.com                      |
|    \\/     M anipulation  |                                                 |
\*---------------------------------------------------------------------------*/
FoamFile
{
    version     2.0;
    format      ascii;
    arch        "LSB;label=32;scalar=64";
    class       volVectorField;
    location    "0";
    object      gradTmode3;
}
// * * * * * * * * * * * * * * * * * * * * * * * * * * * * * * * * * * * * * //

dimensions      [0 -1 0 0 0 0 0];

internalField   nonuniform List<vector> 
2000
(
(-1.12755 -1.12755 -9.5851)
(-1.12382 -0.218117 -10.9733)
(-0.300832 -0.446143 -11.02)
(-0.179108 -0.0766555 -11.7738)
(-0.00146309 0.0404825 -11.7191)
(-0.170453 0.10553 -12.0233)
(-0.637765 0.377677 -11.9532)
(-1.58566 0.859493 -12.5795)
(-1.64017 1.30873 -13.6997)
(-0.648739 1.08243 -14.4831)
(-0.218117 -1.12382 -10.9733)
(-0.442414 -0.442414 -11.1081)
(-0.159371 -0.754957 -11.3473)
(0.307517 -0.467612 -11.6812)
(0.180722 -0.213824 -11.4336)
(0.166742 -0.0729108 -11.7327)
(0.116198 -0.0112221 -11.3872)
(-0.654604 0.584098 -11.4278)
(-1.41723 1.36001 -12.0105)
(-0.875042 1.33928 -13.0769)
(-0.446143 -0.300832 -11.02)
(-0.754957 -0.159371 -11.3473)
(-0.32603 -0.32603 -11.8852)
(0.362026 -0.103072 -12.2063)
(0.393238 -0.272341 -11.5987)
(0.0321489 -0.356446 -11.7004)
(0.0192437 -0.662079 -11.6756)
(-0.214429 -0.499269 -11.6515)
(-0.884986 0.0938447 -11.8819)
(-0.669466 0.459848 -12.7091)
(-0.0766556 -0.179108 -11.7738)
(-0.467612 0.307517 -11.6812)
(-0.103072 0.362026 -12.2063)
(0.361206 0.361206 -11.8691)
(-0.0726522 -0.0959261 -11.6303)
(-0.222995 -0.304551 -11.8438)
(-0.0266237 -0.346173 -11.9083)
(0.101319 -0.484286 -11.8248)
(-0.458116 0.0523233 -11.7812)
(-0.509038 0.564399 -12.4887)
(0.0404825 -0.00146304 -11.7191)
(-0.213824 0.180722 -11.4336)
(-0.272341 0.393238 -11.5987)
(-0.0959262 -0.0726522 -11.6303)
(-0.272519 -0.272519 -11.5638)
(-0.218098 -0.311329 -11.8091)
(-0.160491 -0.19954 -11.7953)
(0.184068 -0.459257 -12.0034)
(0.163699 -0.336133 -11.6914)
(-0.15739 0.476987 -12.0176)
(0.10553 -0.170453 -12.0233)
(-0.0729108 0.166742 -11.7327)
(-0.356447 0.032149 -11.7004)
(-0.304551 -0.222995 -11.8438)
(-0.311329 -0.218098 -11.8091)
(-0.150017 -0.150017 -12.0601)
(-0.174552 0.0324536 -11.9415)
(-0.0352736 0.154383 -12.1782)
(0.478128 -0.280711 -12.0382)
(0.304082 0.183812 -11.7032)
(0.377677 -0.637765 -11.9532)
(-0.011222 0.116199 -11.3872)
(-0.662079 0.0192438 -11.6756)
(-0.346173 -0.0266236 -11.9083)
(-0.19954 -0.160491 -11.7953)
(0.0324536 -0.174552 -11.9415)
(0.143908 0.143908 -11.7173)
(-0.129097 0.270697 -11.6826)
(0.193128 -0.132403 -11.7838)
(0.307134 -0.46634 -11.3017)
(0.859493 -1.58566 -12.5795)
(0.584098 -0.654604 -11.4278)
(-0.499269 -0.214429 -11.6515)
(-0.484286 0.101319 -11.8248)
(-0.459257 0.184068 -12.0034)
(0.154383 -0.0352736 -12.1782)
(0.270697 -0.129097 -11.6826)
(-0.311585 -0.311585 -11.6378)
(-0.258908 -0.070259 -11.6736)
(-0.0298547 -0.36974 -11.6162)
(1.30873 -1.64017 -13.6997)
(1.36001 -1.41723 -12.0105)
(0.0938446 -0.884986 -11.8819)
(0.0523233 -0.458116 -11.7812)
(-0.336133 0.163699 -11.6914)
(-0.280711 0.478128 -12.0382)
(-0.132403 0.193129 -11.7838)
(-0.070259 -0.258908 -11.6736)
(0.134974 0.134974 -11.4071)
(0.00765307 0.215282 -11.2327)
(1.08243 -0.648739 -14.4831)
(1.33928 -0.875042 -13.0769)
(0.459848 -0.669466 -12.7091)
(0.564399 -0.509039 -12.4887)
(0.476987 -0.15739 -12.0176)
(0.183812 0.304082 -11.7032)
(-0.46634 0.307134 -11.3017)
(-0.36974 -0.0298547 -11.6162)
(0.215282 0.00765304 -11.2327)
(0.0504535 0.0504534 -11.3317)
(-0.216648 -0.216648 -12.752)
(-0.0612128 0.248307 -11.7766)
(0.0958598 0.126889 -11.6336)
(0.129888 0.11553 -11.5861)
(0.254283 0.116142 -11.4411)
(0.309774 0.00897792 -11.2722)
(0.248722 -0.0434557 -11.188)
(-0.128918 0.0870297 -10.5116)
(-0.390224 0.221155 -9.47116)
(-0.257539 0.197511 -8.79191)
(0.248307 -0.0612128 -11.7766)
(0.282324 0.282324 -11.6876)
(-0.0369177 -0.0241646 -11.2629)
(0.119142 -0.0748537 -11.4124)
(0.147731 -0.0496528 -11.4945)
(0.150176 -0.13379 -11.3348)
(0.326774 -0.208723 -11.5447)
(0.135692 -0.119503 -11.4593)
(-0.279743 0.0588221 -10.7066)
(-0.281183 0.149791 -9.77767)
(0.126889 0.0958599 -11.6336)
(-0.0241646 -0.0369176 -11.2629)
(-0.261318 -0.261318 -10.9553)
(0.1044 -0.177941 -11.0369)
(0.195346 -0.250127 -11.3214)
(0.150703 -0.195387 -11.2947)
(0.263009 -0.289519 -11.2697)
(0.138627 -0.339382 -11.1676)
(-0.12093 -0.23979 -10.8387)
(-0.16657 -0.0933341 -10.1812)
(0.11553 0.129889 -11.5861)
(-0.0748537 0.119142 -11.4124)
(-0.177941 0.1044 -11.0369)
(0.130332 0.130332 -11.3537)
(0.130285 0.0180554 -11.4592)
(0.110784 -0.00504647 -11.2466)
(0.182778 -0.0882323 -11.0984)
(0.185421 -0.234296 -11.0819)
(-0.0336946 -0.0929657 -11.0633)
(-0.134727 -0.00959456 -10.4887)
(0.116142 0.254283 -11.4411)
(-0.0496528 0.147731 -11.4945)
(-0.250127 0.195346 -11.3214)
(0.0180553 0.130285 -11.4592)
(0.0599673 0.0599674 -11.253)
(0.0444153 -0.0153721 -11.0926)
(0.0337594 -0.00207832 -11.0001)
(0.133894 -0.125979 -10.8687)
(0.103771 -0.170872 -11.0373)
(-0.0831991 0.024505 -10.7934)
(0.00897797 0.309774 -11.2722)
(-0.13379 0.150176 -11.3348)
(-0.195387 0.150703 -11.2947)
(-0.00504651 0.110785 -11.2466)
(-0.0153721 0.0444154 -11.0926)
(0.0487387 0.0487388 -10.8832)
(0.0721715 0.0779296 -10.8344)
(0.0166269 0.0729635 -10.6248)
(0.116789 -0.200302 -10.6929)
(0.0606505 0.0359445 -10.8999)
(-0.0434558 0.248722 -11.188)
(-0.208723 0.326774 -11.5447)
(-0.289519 0.263009 -11.2697)
(-0.0882323 0.182778 -11.0984)
(-0.00207837 0.0337594 -11.0001)
(0.0779295 0.0721715 -10.8344)
(0.0579841 0.0579842 -10.9242)
(-0.144338 -0.0220674 -10.8914)
(0.0667524 -0.0889421 -10.7705)
(0.153047 -0.13639 -10.9667)
(0.0870297 -0.128918 -10.5116)
(-0.119503 0.135692 -11.4593)
(-0.339382 0.138627 -11.1676)
(-0.234296 0.185421 -11.0819)
(-0.125979 0.133894 -10.8687)
(0.0729635 0.0166269 -10.6248)
(-0.0220675 -0.144337 -10.8914)
(-0.130299 -0.130299 -10.8323)
(0.00246636 -0.0580012 -10.4706)
(0.0132026 -0.183996 -10.4842)
(0.221155 -0.390224 -9.47116)
(0.0588221 -0.279743 -10.7066)
(-0.23979 -0.120931 -10.8387)
(-0.0929657 -0.0336946 -11.0633)
(-0.170872 0.103771 -11.0373)
(-0.200302 0.116789 -10.6929)
(-0.0889421 0.0667523 -10.7705)
(-0.0580012 0.00246636 -10.4706)
(0.0130557 0.0130557 -10.6876)
(0.0270525 -0.0760041 -10.7923)
(0.197511 -0.257539 -8.79191)
(0.149791 -0.281183 -9.77767)
(-0.0933341 -0.16657 -10.1812)
(-0.00959457 -0.134727 -10.4887)
(0.0245049 -0.0831991 -10.7934)
(0.0359444 0.0606504 -10.8999)
(-0.13639 0.153047 -10.9667)
(-0.183996 0.0132025 -10.4842)
(-0.0760041 0.0270525 -10.7923)
(-0.0758572 -0.0758572 -10.8377)
(-0.152161 -0.152161 -10.2514)
(-0.00547083 -0.12916 -10.1036)
(-0.110371 -0.0754453 -10.302)
(0.0133477 0.09705 -10.4091)
(0.312479 -0.0129081 -10.3548)
(0.0827217 0.0429132 -10.4205)
(0.122775 0.0209113 -10.5453)
(0.131152 -0.0882319 -10.5663)
(0.079547 0.0732983 -10.3552)
(0.0305194 0.0966663 -9.9933)
(-0.12916 -0.00547087 -10.1036)
(0.0712445 0.0712445 -10.4902)
(0.11584 -0.0766668 -10.5646)
(0.0758848 0.0816137 -10.4953)
(0.258342 -0.0940576 -10.5389)
(0.116541 -0.0954936 -10.4744)
(-0.00837009 -0.0929171 -10.5882)
(0.183539 -0.0719226 -10.7025)
(0.264445 -0.00748553 -10.5798)
(0.0538875 -0.0500364 -10.2521)
(-0.0754452 -0.110371 -10.302)
(-0.0766668 0.11584 -10.5646)
(-0.100002 -0.100001 -10.4141)
(-0.0040431 -0.0443936 -10.408)
(0.135372 -0.237047 -10.4137)
(0.0838623 -0.268283 -10.4811)
(0.146346 -0.215739 -10.5164)
(0.216583 -0.121774 -10.4679)
(0.101433 -0.262812 -10.4873)
(-0.0120314 -0.251179 -10.2406)
(0.09705 0.0133478 -10.4091)
(0.0816137 0.0758848 -10.4953)
(-0.0443936 -0.00404307 -10.408)
(-0.0611605 -0.0611605 -10.456)
(0.0344533 -0.0275018 -10.4514)
(0.137849 -0.1024 -10.4708)
(0.138139 -0.0766398 -10.5216)
(0.136465 -0.185365 -10.5742)
(0.13504 -0.146293 -10.5572)
(0.0655211 -0.0478199 -10.2244)
(-0.0129082 0.312479 -10.3548)
(-0.0940577 0.258342 -10.5389)
(-0.237047 0.135372 -10.4137)
(-0.0275018 0.0344533 -10.4514)
(0.094132 0.094132 -10.3971)
(0.0347243 0.0521067 -10.5227)
(0.0633813 0.0644997 -10.5347)
(0.14693 -0.00216436 -10.4528)
(0.238978 0.0342568 -10.4463)
(0.0864412 0.0657489 -10.2305)
(0.0429132 0.0827218 -10.4205)
(-0.0954937 0.116541 -10.4744)
(-0.268283 0.0838623 -10.4811)
(-0.1024 0.137849 -10.4708)
(0.0521067 0.0347243 -10.5227)
(0.108217 0.108217 -10.4721)
(0.0838678 0.108415 -10.4732)
(0.106222 0.131705 -10.4029)
(0.202953 -0.0139874 -10.2846)
(0.0970132 0.0105129 -10.2377)
(0.0209112 0.122775 -10.5453)
(-0.0929171 -0.00837003 -10.5882)
(-0.215739 0.146346 -10.5164)
(-0.0766398 0.138139 -10.5216)
(0.0644997 0.0633814 -10.5347)
(0.108415 0.0838677 -10.4732)
(0.0868694 0.0868694 -10.5839)
(0.0245276 0.0631896 -10.4734)
(0.117786 0.0898505 -10.2828)
(0.110941 -0.0506552 -10.3533)
(-0.0882318 0.131152 -10.5663)
(-0.0719225 0.183539 -10.7025)
(-0.121774 0.216583 -10.4679)
(-0.185365 0.136465 -10.5742)
(-0.00216444 0.14693 -10.4528)
(0.131705 0.106222 -10.4029)
(0.0631897 0.0245276 -10.4734)
(0.109204 0.109203 -10.3058)
(0.0891085 0.0127021 -10.1056)
(-0.0434925 -0.195299 -10.1048)
(0.0732982 0.0795471 -10.3552)
(-0.00748554 0.264445 -10.5798)
(-0.262812 0.101433 -10.4873)
(-0.146293 0.13504 -10.5572)
(0.0342567 0.238978 -10.4463)
(-0.0139875 0.202953 -10.2846)
(0.0898506 0.117786 -10.2828)
(0.0127022 0.0891086 -10.1056)
(-0.186716 -0.186716 -10.1335)
(-0.0970593 -0.138195 -10.1712)
(0.0966663 0.0305195 -9.9933)
(-0.0500364 0.0538875 -10.2521)
(-0.251179 -0.0120314 -10.2406)
(-0.0478199 0.0655211 -10.2244)
(0.065749 0.0864413 -10.2305)
(0.0105128 0.0970133 -10.2377)
(-0.0506552 0.110942 -10.3533)
(-0.195299 -0.0434925 -10.1048)
(-0.138195 -0.0970593 -10.1712)
(0.00502793 0.00502791 -10.0752)
(-0.0688806 -0.0688806 -9.52251)
(-0.111784 -0.138258 -9.55774)
(-0.209597 -0.135736 -9.62946)
(0.0770954 0.0293557 -9.493)
(0.242855 -0.0680037 -9.65681)
(0.119273 -0.0448924 -9.69305)
(0.102963 -0.0863743 -9.61518)
(0.0611631 -0.0491403 -9.60854)
(0.182764 -0.00343664 -9.53292)
(0.104357 -0.0612707 -9.46552)
(-0.138258 -0.111784 -9.55774)
(-0.178639 -0.178639 -9.51975)
(-0.0419837 -0.136265 -9.65014)
(0.144827 -0.0737979 -9.65442)
(0.168607 -0.10855 -9.73723)
(0.100902 -0.19436 -9.78219)
(0.0987149 -0.179849 -9.72937)
(0.144101 -0.0211249 -9.6475)
(0.170633 -0.0733183 -9.74623)
(0.0465228 -0.0975223 -9.72711)
(-0.135736 -0.209597 -9.62946)
(-0.136265 -0.0419838 -9.65014)
(-0.104756 -0.104756 -9.71239)
(0.10481 -0.138677 -9.75445)
(0.122293 -0.162635 -9.60849)
(0.0479742 -0.191746 -9.7198)
(0.276198 -0.22294 -9.70003)
(0.167693 -0.211162 -9.64966)
(0.106366 -0.217208 -9.66322)
(0.0801529 -0.0656273 -9.52396)
(0.0293556 0.0770955 -9.493)
(-0.073798 0.144827 -9.65442)
(-0.138677 0.10481 -9.75445)
(0.0869489 0.0869489 -9.60826)
(0.115538 0.0346186 -9.548)
(0.0405968 -0.0466911 -9.67981)
(0.0792988 -0.10654 -9.74111)
(0.149833 -0.219233 -9.72229)
(0.316168 -0.0519686 -9.6126)
(0.198103 0.000543639 -9.47068)
(-0.0680038 0.242855 -9.65681)
(-0.10855 0.168607 -9.73723)
(-0.162635 0.122293 -9.60849)
(0.0346185 0.115538 -9.548)
(-0.0113471 -0.011347 -9.59034)
(-0.0931843 -0.0167507 -9.6833)
(0.103656 0.0463884 -9.68919)
(0.222265 0.0453899 -9.62732)
(0.326143 0.101702 -9.60594)
(0.132665 0.0111833 -9.57454)
(-0.0448925 0.119273 -9.69305)
(-0.19436 0.100902 -9.78219)
(-0.191746 0.0479742 -9.7198)
(-0.0466911 0.0405968 -9.67981)
(-0.0167507 -0.0931843 -9.6833)
(0.0983322 0.0983323 -9.72206)
(0.141439 0.0287722 -9.74452)
(0.205146 0.0523779 -9.68321)
(0.281961 -0.0367847 -9.62677)
(0.107585 -0.0868713 -9.60424)
(-0.0863743 0.102963 -9.61518)
(-0.179849 0.098715 -9.72937)
(-0.22294 0.276198 -9.70003)
(-0.10654 0.0792989 -9.74111)
(0.0463884 0.103656 -9.68919)
(0.0287721 0.141439 -9.74452)
(0.0577016 0.0577017 -9.80519)
(0.156708 0.0749963 -9.75946)
(0.186894 0.0901138 -9.65211)
(0.0825785 -0.00346338 -9.68049)
(-0.0491403 0.061163 -9.60854)
(-0.0211248 0.144101 -9.6475)
(-0.211162 0.167694 -9.64966)
(-0.219233 0.149833 -9.72229)
(0.0453899 0.222265 -9.62732)
(0.0523779 0.205146 -9.68321)
(0.0749964 0.156708 -9.75946)
(0.237558 0.237558 -9.67032)
(0.203501 0.0912875 -9.61565)
(0.0140075 -0.00189713 -9.42588)
(-0.0034366 0.182764 -9.53292)
(-0.0733183 0.170633 -9.74623)
(-0.217207 0.106366 -9.66322)
(-0.0519686 0.316168 -9.6126)
(0.101702 0.326143 -9.60594)
(-0.0367847 0.281961 -9.62677)
(0.0901138 0.186894 -9.65211)
(0.0912874 0.203501 -9.61565)
(-0.0525614 -0.0525615 -9.42734)
(-0.0106061 -0.046403 -9.24541)
(-0.0612707 0.104357 -9.46552)
(-0.0975224 0.0465229 -9.72711)
(-0.0656274 0.0801528 -9.52396)
(0.000543579 0.198103 -9.47068)
(0.0111833 0.132665 -9.57454)
(-0.0868712 0.107585 -9.60424)
(-0.00346338 0.0825785 -9.68049)
(-0.00189723 0.0140075 -9.42588)
(-0.0464031 -0.0106062 -9.24541)
(0.0201659 0.0201659 -9.24841)
(-0.187388 -0.187388 -8.53342)
(-0.112417 -0.0911702 -8.53743)
(-0.0456355 -0.0961229 -8.47184)
(-0.0140007 -0.0643665 -8.54041)
(0.112436 -0.0933272 -8.6022)
(0.124348 -0.0462306 -8.61874)
(0.207284 -0.0932812 -8.63916)
(0.213413 -0.12719 -8.59542)
(0.222563 -0.140012 -8.49897)
(0.0979156 -0.164916 -8.39296)
(-0.0911703 -0.112417 -8.53743)
(-0.0211518 -0.0211516 -8.55077)
(-0.0188319 -0.1596 -8.54505)
(-0.0112049 -0.179832 -8.6304)
(0.130572 -0.0457447 -8.57407)
(0.124394 -0.122242 -8.64769)
(0.126325 -0.177764 -8.62672)
(0.166682 -0.113041 -8.64875)
(0.184837 -0.137788 -8.61655)
(0.0730115 -0.108469 -8.61081)
(-0.0961228 -0.0456356 -8.47184)
(-0.1596 -0.0188318 -8.54505)
(-0.204316 -0.204315 -8.56285)
(0.0998549 0.00177015 -8.56332)
(0.170025 -0.0478216 -8.59286)
(-0.00767104 -0.165899 -8.62661)
(0.216486 -0.227478 -8.66768)
(0.253388 -0.196563 -8.63734)
(0.227134 -0.129182 -8.53265)
(0.127235 0.00524806 -8.54676)
(-0.0643665 -0.0140006 -8.54041)
(-0.179832 -0.011205 -8.6304)
(0.0017701 0.099855 -8.56332)
(0.145289 0.145289 -8.43244)
(-0.0370976 -0.00934923 -8.62008)
(-0.0552629 -0.065904 -8.65525)
(0.0956607 -0.0658016 -8.62466)
(0.264979 -0.163028 -8.60728)
(0.386648 -0.0890079 -8.58912)
(0.207442 -0.098407 -8.60566)
(-0.0933272 0.112436 -8.60221)
(-0.0457447 0.130571 -8.57407)
(-0.0478216 0.170025 -8.59286)
(-0.00934926 -0.0370976 -8.62008)
(-0.0411681 -0.041168 -8.7314)
(-0.0641235 0.00985305 -8.6148)
(0.119362 0.0610936 -8.60233)
(0.230182 0.0369136 -8.62547)
(0.291755 0.0200883 -8.68374)
(0.117835 -0.0678149 -8.67149)
(-0.0462306 0.124348 -8.61874)
(-0.122242 0.124394 -8.64769)
(-0.165899 -0.00767108 -8.62661)
(-0.065904 -0.0552629 -8.65525)
(0.00985299 -0.0641234 -8.6148)
(0.0469987 0.0469988 -8.59215)
(0.122721 -0.00758476 -8.65969)
(0.223973 -0.000439474 -8.62359)
(0.281919 -0.0601558 -8.66131)
(0.119538 -0.0954354 -8.64189)
(-0.0932812 0.207284 -8.63916)
(-0.177764 0.126325 -8.62672)
(-0.227478 0.216486 -8.66768)
(-0.0658016 0.0956607 -8.62466)
(0.0610936 0.119362 -8.60233)
(-0.00758479 0.122721 -8.65969)
(0.071924 0.071924 -8.61168)
(0.177611 0.0760796 -8.62832)
(0.196759 0.100967 -8.65707)
(0.0825558 0.127703 -8.64571)
(-0.12719 0.213413 -8.59542)
(-0.113041 0.166682 -8.64875)
(-0.196563 0.253388 -8.63734)
(-0.163028 0.264979 -8.60728)
(0.0369136 0.230182 -8.62547)
(-0.000439428 0.223973 -8.62359)
(0.0760796 0.177611 -8.62832)
(0.253016 0.253016 -8.65006)
(0.333543 0.237469 -8.65422)
(0.146274 0.239786 -8.42361)
(-0.140012 0.222563 -8.49897)
(-0.137788 0.184837 -8.61655)
(-0.129182 0.227134 -8.53265)
(-0.0890078 0.386648 -8.58912)
(0.0200883 0.291755 -8.68374)
(-0.0601559 0.281919 -8.66131)
(0.100967 0.196759 -8.65707)
(0.237469 0.333543 -8.65422)
(0.183529 0.183529 -8.40884)
(0.0848736 0.0392767 -8.33092)
(-0.164916 0.0979156 -8.39296)
(-0.108469 0.0730115 -8.61081)
(0.00524806 0.127235 -8.54676)
(-0.0984071 0.207442 -8.60566)
(-0.067815 0.117835 -8.67149)
(-0.0954354 0.119538 -8.64189)
(0.127703 0.0825559 -8.64571)
(0.239786 0.146274 -8.42361)
(0.0392767 0.0848736 -8.33092)
(0.00202181 0.00202181 -8.28351)
(-0.0728911 -0.072891 -7.2587)
(-0.0502068 -0.151599 -7.14941)
(-0.212581 -0.20894 -7.26459)
(-0.053268 -0.0606352 -7.34764)
(0.164525 -0.0398713 -7.23684)
(0.0823164 -0.0738389 -7.32718)
(0.12629 -0.0739311 -7.31235)
(0.201356 -0.102478 -7.35651)
(0.385218 -0.121022 -7.32783)
(0.210363 -0.279123 -7.15357)
(-0.151599 -0.0502068 -7.14941)
(-0.186256 -0.186256 -7.19753)
(-0.121618 -0.227277 -7.37898)
(0.115801 -0.0967077 -7.3287)
(0.151321 -0.099209 -7.30047)
(0.0482565 -0.202223 -7.36686)
(0.0976503 -0.208364 -7.26001)
(0.154265 -0.0630489 -7.34479)
(0.208574 -0.107002 -7.33495)
(0.0522619 -0.251317 -7.35768)
(-0.20894 -0.212581 -7.26459)
(-0.227277 -0.121618 -7.37898)
(-0.123033 -0.123033 -7.33192)
(0.0748005 0.0592846 -7.34054)
(0.0590091 -0.208646 -7.45668)
(-0.0268386 -0.199302 -7.44435)
(0.265464 -0.22088 -7.36965)
(0.302718 -0.169682 -7.38727)
(0.19695 -0.189771 -7.37184)
(0.0660479 -0.0604754 -7.41328)
(-0.0606351 -0.053268 -7.34764)
(-0.0967077 0.115801 -7.3287)
(0.0592847 0.0748004 -7.34054)
(0.0301876 0.0301876 -7.4283)
(-0.107266 -0.103913 -7.50078)
(0.0360228 -0.0348874 -7.45461)
(0.12727 -0.0411913 -7.36306)
(0.185374 -0.207359 -7.43529)
(0.31778 -0.203055 -7.44004)
(0.181557 -0.124186 -7.44703)
(-0.0398712 0.164525 -7.23684)
(-0.099209 0.151321 -7.30047)
(-0.208646 0.0590091 -7.45668)
(-0.103913 -0.107266 -7.50078)
(-0.00606596 -0.00606595 -7.55105)
(0.0358834 0.0463459 -7.48884)
(0.0929919 0.0113533 -7.41948)
(0.140854 0.0290759 -7.45059)
(0.280124 0.0295094 -7.47013)
(0.144917 -0.0250487 -7.41435)
(-0.0738388 0.0823164 -7.32718)
(-0.202223 0.0482565 -7.36686)
(-0.199302 -0.0268386 -7.44435)
(-0.0348874 0.0360228 -7.45461)
(0.0463459 0.0358833 -7.48884)
(0.0534421 0.0534421 -7.44206)
(0.11 0.0194209 -7.39938)
(0.20353 0.0495233 -7.38471)
(0.263656 -0.0101197 -7.41357)
(0.126999 -0.0610959 -7.35376)
(-0.0739311 0.12629 -7.31235)
(-0.208364 0.0976503 -7.26001)
(-0.22088 0.265464 -7.36965)
(-0.0411913 0.12727 -7.36306)
(0.0113534 0.0929919 -7.41948)
(0.019421 0.11 -7.39938)
(0.0890731 0.0890731 -7.34224)
(0.111314 0.0485213 -7.42868)
(0.169504 0.0972037 -7.39138)
(0.0939405 0.214816 -7.34545)
(-0.102478 0.201356 -7.35651)
(-0.0630488 0.154265 -7.34479)
(-0.169682 0.302718 -7.38727)
(-0.207359 0.185374 -7.43529)
(0.0290759 0.140854 -7.45059)
(0.0495233 0.20353 -7.38471)
(0.0485213 0.111314 -7.42868)
(0.211661 0.211661 -7.43836)
(0.429951 0.339516 -7.34015)
(0.244612 0.312896 -7.26916)
(-0.121022 0.385218 -7.32783)
(-0.107002 0.208574 -7.33495)
(-0.189771 0.19695 -7.37184)
(-0.203055 0.31778 -7.44004)
(0.0295095 0.280124 -7.47013)
(-0.0101197 0.263656 -7.41357)
(0.0972037 0.169504 -7.39138)
(0.339516 0.429951 -7.34015)
(0.270739 0.270739 -7.28212)
(0.0673199 0.0936987 -7.27467)
(-0.279123 0.210363 -7.15357)
(-0.251317 0.0522619 -7.35768)
(-0.0604754 0.0660478 -7.41328)
(-0.124186 0.181557 -7.44703)
(-0.0250487 0.144917 -7.41435)
(-0.0610959 0.126999 -7.35376)
(0.214816 0.0939406 -7.34545)
(0.312896 0.244612 -7.26916)
(0.0936988 0.0673199 -7.27467)
(0.0675711 0.0675711 -7.12095)
(-0.0780935 -0.0780935 -5.8589)
(-0.118307 -0.139293 -5.97425)
(-0.24387 -0.210511 -6.03089)
(0.0137532 -0.0454218 -5.92256)
(0.132898 -0.156964 -5.97876)
(0.0488375 -0.0859169 -6.01533)
(0.177954 -0.0409424 -5.95037)
(0.197927 -0.115472 -5.98377)
(0.425499 -0.147133 -6.01772)
(0.272176 -0.369024 -5.86743)
(-0.139294 -0.118307 -5.97425)
(-0.250724 -0.250724 -5.96995)
(-0.149998 -0.226933 -6.01545)
(0.0672999 -0.172732 -5.99591)
(0.0924028 -0.265584 -6.11686)
(0.164859 -0.239416 -6.06356)
(0.148398 -0.235071 -6.04286)
(0.0917362 -0.143799 -6.03745)
(0.171947 -0.1818 -6.04916)
(0.0502852 -0.368176 -6.01906)
(-0.210511 -0.24387 -6.03089)
(-0.226933 -0.149998 -6.01545)
(-0.165878 -0.165877 -6.12449)
(-0.0248979 -0.0978336 -6.15538)
(0.0662133 -0.248127 -6.18825)
(0.079351 -0.253641 -6.16001)
(0.273571 -0.330526 -6.1061)
(0.251198 -0.287062 -6.12263)
(0.201121 -0.234264 -6.11171)
(0.0857998 -0.0841006 -6.04714)
(-0.0454218 0.0137532 -5.92256)
(-0.172732 0.0672999 -5.99591)
(-0.0978336 -0.0248979 -6.15538)
(-0.0149497 -0.0149497 -6.24155)
(-0.0634041 -0.103722 -6.21308)
(0.0824607 -0.110392 -6.17614)
(0.114977 -0.115625 -6.14478)
(0.187997 -0.226353 -6.16181)
(0.374908 -0.187294 -6.04938)
(0.200449 -0.0994775 -6.02451)
(-0.156964 0.132898 -5.97876)
(-0.265584 0.0924028 -6.11686)
(-0.248127 0.0662133 -6.18825)
(-0.103722 -0.0634041 -6.21308)
(-0.0292295 -0.0292295 -6.20405)
(0.0674481 0.0223968 -6.19021)
(0.157611 0.0247698 -6.13363)
(0.179529 0.0874929 -6.07876)
(0.327997 0.0465525 -6.0302)
(0.173616 0.0254501 -5.99896)
(-0.0859168 0.0488375 -6.01533)
(-0.239416 0.164859 -6.06356)
(-0.253641 0.079351 -6.16001)
(-0.110392 0.0824607 -6.17614)
(0.0223968 0.067448 -6.19021)
(0.13646 0.13646 -6.15876)
(0.180073 0.0696545 -6.10648)
(0.20978 0.0214688 -6.07205)
(0.312865 0.0185968 -6.05341)
(0.179347 -0.0265343 -5.95107)
(-0.0409424 0.177954 -5.95037)
(-0.235071 0.148398 -6.04286)
(-0.330526 0.273571 -6.1061)
(-0.115625 0.114977 -6.14478)
(0.0247699 0.157611 -6.13363)
(0.0696545 0.180073 -6.10648)
(0.0426194 0.0426193 -6.11896)
(0.128472 0.0224335 -6.15388)
(0.279994 0.174392 -5.95568)
(0.128485 0.21231 -5.9467)
(-0.115472 0.197927 -5.98377)
(-0.143799 0.0917362 -6.03745)
(-0.287062 0.251198 -6.12263)
(-0.226353 0.187997 -6.16181)
(0.0874928 0.179529 -6.07876)
(0.0214688 0.20978 -6.07205)
(0.0224334 0.128472 -6.15388)
(0.341552 0.341552 -6.02851)
(0.502742 0.346722 -5.89454)
(0.217265 0.310565 -5.96457)
(-0.147134 0.425499 -6.01772)
(-0.1818 0.171947 -6.04916)
(-0.234264 0.201121 -6.11171)
(-0.187294 0.374908 -6.04938)
(0.0465525 0.327997 -6.0302)
(0.0185968 0.312865 -6.05341)
(0.174392 0.279994 -5.95568)
(0.346722 0.502742 -5.89454)
(0.249007 0.249007 -5.94885)
(0.0923275 0.187483 -5.85232)
(-0.369024 0.272176 -5.86743)
(-0.368176 0.0502852 -6.01906)
(-0.0841006 0.0857998 -6.04714)
(-0.0994775 0.200449 -6.02451)
(0.0254502 0.173616 -5.99896)
(-0.0265343 0.179347 -5.95107)
(0.21231 0.128485 -5.9467)
(0.310565 0.217265 -5.96457)
(0.187483 0.0923275 -5.85232)
(0.155742 0.155742 -5.81927)
(-0.188242 -0.188242 -4.5624)
(-0.222197 -0.147297 -4.59264)
(-0.16089 -0.193504 -4.54382)
(-0.00113511 -0.13398 -4.52189)
(0.0717514 -0.177978 -4.63191)
(0.110702 -0.12206 -4.52389)
(0.157851 -0.166418 -4.55633)
(0.134008 -0.156153 -4.5382)
(0.501563 -0.152461 -4.50098)
(0.360655 -0.430757 -4.39705)
(-0.147297 -0.222197 -4.59264)
(-0.227459 -0.227459 -4.69577)
(-0.147572 -0.320875 -4.57688)
(0.0143914 -0.329531 -4.67191)
(0.0836714 -0.308696 -4.64564)
(0.122261 -0.346896 -4.64073)
(0.123759 -0.364091 -4.71936)
(0.147966 -0.201911 -4.57929)
(0.226958 -0.200992 -4.54804)
(0.082359 -0.431026 -4.51528)
(-0.193504 -0.16089 -4.54382)
(-0.320875 -0.147572 -4.57688)
(-0.262962 -0.262962 -4.70933)
(0.0110436 -0.18636 -4.68291)
(0.054387 -0.304858 -4.65251)
(0.0553065 -0.311885 -4.70386)
(0.302835 -0.322798 -4.70163)
(0.297107 -0.294044 -4.61898)
(0.272448 -0.189989 -4.55914)
(0.130621 -0.0659214 -4.46579)
(-0.13398 -0.00113509 -4.52189)
(-0.329531 0.0143913 -4.67191)
(-0.18636 0.0110436 -4.68291)
(-0.027505 -0.0275051 -4.71453)
(-0.0418535 -0.119716 -4.70711)
(0.104321 -0.0650947 -4.69177)
(0.1416 -0.0687242 -4.66549)
(0.280775 -0.163488 -4.57612)
(0.45508 -0.12154 -4.44229)
(0.206426 -0.0760082 -4.42982)
(-0.177978 0.0717513 -4.63191)
(-0.308696 0.0836714 -4.64564)
(-0.304858 0.054387 -4.65251)
(-0.119716 -0.0418535 -4.70711)
(0.0167974 0.0167973 -4.68546)
(0.106298 0.0637209 -4.65389)
(0.204441 0.0496534 -4.60684)
(0.244291 0.118832 -4.49976)
(0.359928 0.0254808 -4.43043)
(0.176153 0.0483892 -4.43138)
(-0.12206 0.110702 -4.52389)
(-0.346895 0.122261 -4.64073)
(-0.311885 0.0553065 -4.70386)
(-0.0650947 0.104321 -4.69177)
(0.0637209 0.106298 -4.65389)
(0.137178 0.137177 -4.64243)
(0.196711 0.0340928 -4.62355)
(0.256602 -0.0255909 -4.49508)
(0.384638 0.0643914 -4.42829)
(0.229335 -0.0088354 -4.39531)
(-0.166418 0.157851 -4.55633)
(-0.364091 0.123759 -4.71936)
(-0.322798 0.302835 -4.70163)
(-0.0687243 0.1416 -4.66549)
(0.0496534 0.204441 -4.60684)
(0.0340928 0.196711 -4.62355)
(0.0416731 0.0416731 -4.57546)
(0.27459 0.0920599 -4.43801)
(0.376683 0.256068 -4.3131)
(0.102926 0.201322 -4.36724)
(-0.156153 0.134008 -4.5382)
(-0.201911 0.147966 -4.57929)
(-0.294044 0.297107 -4.61898)
(-0.163488 0.280775 -4.57612)
(0.118832 0.244291 -4.49976)
(-0.0255908 0.256602 -4.49508)
(0.0920599 0.27459 -4.43801)
(0.470997 0.470997 -4.28398)
(0.493899 0.34635 -4.32992)
(0.174589 0.407278 -4.2785)
(-0.152461 0.501563 -4.50098)
(-0.200992 0.226958 -4.54804)
(-0.189989 0.272448 -4.55914)
(-0.12154 0.45508 -4.44229)
(0.0254807 0.359928 -4.43043)
(0.0643915 0.384637 -4.42829)
(0.256068 0.376683 -4.3131)
(0.34635 0.493899 -4.32992)
(0.312965 0.312965 -4.25752)
(0.163854 0.238997 -4.15265)
(-0.430757 0.360655 -4.39705)
(-0.431026 0.082359 -4.51528)
(-0.0659214 0.130621 -4.46579)
(-0.0760081 0.206427 -4.42982)
(0.0483893 0.176153 -4.43138)
(-0.00883532 0.229335 -4.39531)
(0.201322 0.102926 -4.36724)
(0.407278 0.174589 -4.2785)
(0.238997 0.163854 -4.15265)
(0.10062 0.10062 -4.2068)
(-0.108331 -0.108331 -3.05999)
(-0.0997287 -0.242424 -2.93573)
(-0.173124 -0.243573 -2.86266)
(-0.0743341 -0.195444 -3.00301)
(0.130903 -0.170692 -2.97339)
(0.12442 -0.20276 -2.9453)
(0.16364 -0.203977 -2.969)
(0.253278 -0.156567 -2.81084)
(0.566651 -0.194202 -2.79221)
(0.376103 -0.487261 -2.79404)
(-0.242424 -0.0997287 -2.93573)
(-0.23497 -0.23497 -2.88023)
(-0.126144 -0.39244 -2.92939)
(-0.00145335 -0.333755 -3.01666)
(0.123587 -0.286187 -2.99249)
(0.0911351 -0.419387 -3.00443)
(0.209832 -0.380377 -2.96163)
(0.263054 -0.224576 -2.84812)
(0.235957 -0.239963 -2.8553)
(0.0830437 -0.436921 -2.80517)
(-0.243572 -0.173124 -2.86266)
(-0.39244 -0.126144 -2.92939)
(-0.271908 -0.271908 -2.96507)
(0.0319192 -0.140451 -2.93884)
(0.0452702 -0.309598 -2.9372)
(0.0302306 -0.304681 -2.912)
(0.358451 -0.276657 -2.96551)
(0.393692 -0.283886 -2.86456)
(0.354306 -0.128509 -2.79953)
(0.179145 0.00136002 -2.71037)
(-0.195444 -0.074334 -3.00301)
(-0.333755 -0.00145343 -3.01666)
(-0.140451 0.0319192 -2.93884)
(-0.0391428 -0.0391428 -2.94566)
(-0.0406431 -0.136671 -2.93929)
(0.124075 -0.0604271 -2.95322)
(0.230627 -0.0208302 -2.92868)
(0.411202 -0.107135 -2.79169)
(0.521203 -0.0585902 -2.70901)
(0.212913 -0.0650661 -2.71045)
(-0.170692 0.130903 -2.97339)
(-0.286187 0.123587 -2.99249)
(-0.309597 0.0452701 -2.9372)
(-0.136671 -0.0406431 -2.93929)
(0.0239859 0.0239859 -2.9518)
(0.146071 0.0717345 -2.97422)
(0.311743 0.0667135 -2.88206)
(0.355932 0.168536 -2.75199)
(0.396375 0.0605522 -2.72404)
(0.172669 0.0599645 -2.71793)
(-0.20276 0.12442 -2.9453)
(-0.419387 0.0911351 -3.00443)
(-0.304681 0.0302306 -2.912)
(-0.060427 0.124075 -2.95322)
(0.0717345 0.146071 -2.97422)
(0.166803 0.166803 -2.94458)
(0.327429 0.101036 -2.85624)
(0.405041 0.0832161 -2.68084)
(0.412631 0.135931 -2.64026)
(0.212325 0.0376108 -2.6527)
(-0.203977 0.16364 -2.969)
(-0.380377 0.209833 -2.96163)
(-0.276657 0.358451 -2.96551)
(-0.0208302 0.230627 -2.92868)
(0.0667136 0.311743 -2.88206)
(0.101036 0.327429 -2.85624)
(0.228156 0.228156 -2.69675)
(0.390828 0.233529 -2.557)
(0.35077 0.272759 -2.60894)
(0.0743483 0.329123 -2.59536)
(-0.156567 0.253278 -2.81084)
(-0.224576 0.263054 -2.84812)
(-0.283886 0.393692 -2.86456)
(-0.107135 0.411202 -2.79169)
(0.168536 0.355932 -2.75199)
(0.0832161 0.405041 -2.68084)
(0.233529 0.390828 -2.557)
(0.449644 0.449644 -2.50067)
(0.508225 0.402301 -2.5613)
(0.268689 0.525155 -2.43881)
(-0.194202 0.566651 -2.79221)
(-0.239963 0.235957 -2.8553)
(-0.128509 0.354306 -2.79953)
(-0.0585902 0.521203 -2.70901)
(0.0605522 0.396375 -2.72404)
(0.135931 0.412631 -2.64026)
(0.272759 0.35077 -2.60894)
(0.402301 0.508225 -2.5613)
(0.426281 0.426281 -2.49335)
(0.197202 0.259178 -2.55053)
(-0.487261 0.376103 -2.79404)
(-0.436921 0.0830438 -2.80517)
(0.00136007 0.179145 -2.71037)
(-0.0650661 0.212913 -2.71045)
(0.0599644 0.172669 -2.71793)
(0.0376108 0.212325 -2.6527)
(0.329123 0.0743483 -2.59536)
(0.525155 0.268689 -2.43881)
(0.259178 0.197202 -2.55053)
(0.101586 0.101586 -2.51578)
(-0.0639787 -0.0639786 -1.00714)
(-0.0248645 -0.0918007 -0.995317)
(-0.228167 -0.260233 -1.00804)
(-0.11186 -0.147631 -1.14326)
(0.129459 -0.197084 -1.08193)
(0.11509 -0.181195 -1.14139)
(0.292309 -0.159053 -1.0676)
(0.310797 -0.193427 -1.02019)
(0.518363 -0.21555 -1.06658)
(0.358823 -0.441884 -1.01928)
(-0.0918008 -0.0248645 -0.995317)
(-0.221119 -0.221119 -0.902329)
(-0.283997 -0.423285 -1.03658)
(-0.048712 -0.265365 -1.03431)
(0.0958948 -0.27251 -1.07717)
(0.153122 -0.313599 -1.08393)
(0.280077 -0.360606 -1.05428)
(0.254299 -0.25563 -1.05298)
(0.269905 -0.208313 -1.02181)
(0.132489 -0.347357 -0.922481)
(-0.260233 -0.228167 -1.00803)
(-0.423285 -0.283997 -1.03658)
(-0.272413 -0.272413 -0.952284)
(0.0389149 -0.115367 -1.03101)
(0.0812245 -0.25166 -1.0573)
(0.0269934 -0.260671 -1.00701)
(0.350278 -0.28985 -1.05776)
(0.46309 -0.237617 -0.989377)
(0.426636 -0.0436978 -0.949743)
(0.219778 0.0287976 -0.916037)
(-0.147631 -0.11186 -1.14326)
(-0.265365 -0.0487121 -1.03431)
(-0.115367 0.0389149 -1.03101)
(-0.0279589 -0.027959 -1.05807)
(-0.0494093 -0.134314 -1.03751)
(0.114932 -0.127312 -1.02419)
(0.303131 0.0147247 -1.0028)
(0.500452 -0.0509201 -0.940147)
(0.53632 -0.0460543 -0.929982)
(0.204984 -0.0835656 -0.915964)
(-0.197084 0.129459 -1.08193)
(-0.27251 0.0958948 -1.07717)
(-0.25166 0.0812246 -1.0573)
(-0.134314 -0.0494094 -1.03751)
(-0.0181289 -0.0181289 -1.02361)
(0.176032 0.0723602 -1.02726)
(0.42667 0.122101 -0.975418)
(0.402311 0.229685 -0.921849)
(0.39399 0.0942322 -0.931355)
(0.182267 0.106141 -0.894944)
(-0.181195 0.11509 -1.14139)
(-0.313599 0.153122 -1.08393)
(-0.260671 0.0269934 -1.00701)
(-0.127312 0.114932 -1.02419)
(0.0723602 0.176032 -1.02726)
(0.255161 0.255161 -0.990567)
(0.460456 0.219402 -0.925592)
(0.472583 0.169398 -0.851968)
(0.412776 0.17949 -0.893986)
(0.216893 0.113735 -0.825054)
(-0.159053 0.292309 -1.0676)
(-0.360606 0.280077 -1.05428)
(-0.28985 0.350278 -1.05776)
(0.0147246 0.303131 -1.0028)
(0.122101 0.42667 -0.975418)
(0.219402 0.460456 -0.925592)
(0.340907 0.340907 -0.831024)
(0.362399 0.272223 -0.864525)
(0.338327 0.335019 -0.900843)
(0.116512 0.415211 -0.786297)
(-0.193427 0.310797 -1.02019)
(-0.25563 0.254299 -1.05298)
(-0.237616 0.46309 -0.989377)
(-0.05092 0.500452 -0.940147)
(0.229685 0.402311 -0.921849)
(0.169398 0.472583 -0.851968)
(0.272223 0.362399 -0.864525)
(0.466695 0.466695 -0.892959)
(0.555764 0.461945 -0.807176)
(0.297085 0.452111 -0.83236)
(-0.21555 0.518363 -1.06658)
(-0.208313 0.269905 -1.02181)
(-0.0436978 0.426636 -0.949743)
(-0.0460542 0.53632 -0.929982)
(0.0942322 0.39399 -0.931355)
(0.17949 0.412776 -0.893986)
(0.335019 0.338327 -0.900843)
(0.461945 0.555764 -0.807176)
(0.323743 0.323743 -0.917102)
(0.106678 0.162024 -0.981929)
(-0.441884 0.358823 -1.01928)
(-0.347357 0.132489 -0.922481)
(0.0287976 0.219778 -0.916037)
(-0.0835654 0.204984 -0.915964)
(0.106141 0.182267 -0.894944)
(0.113735 0.216893 -0.825054)
(0.415212 0.116512 -0.786297)
(0.452111 0.297085 -0.83236)
(0.162024 0.106678 -0.981929)
(0.135367 0.135367 -0.97674)
(-0.0965125 -0.0965124 0.908399)
(-0.100628 -0.149435 0.875502)
(-0.321069 -0.272119 0.755547)
(-0.148225 -0.0864888 0.797696)
(0.132777 -0.165939 0.755493)
(0.138746 -0.145302 0.795748)
(0.284838 -0.190656 0.794428)
(0.2543 -0.18936 0.748311)
(0.567556 -0.149436 0.791422)
(0.423397 -0.390458 0.894458)
(-0.149435 -0.100628 0.875502)
(-0.276234 -0.276234 0.752586)
(-0.258122 -0.336689 0.81862)
(-0.042045 -0.221503 0.818878)
(0.073963 -0.261564 0.812499)
(0.114029 -0.285012 0.842062)
(0.240781 -0.370541 0.772186)
(0.29552 -0.193763 0.819876)
(0.366458 -0.123127 0.895829)
(0.182375 -0.333673 0.912016)
(-0.272119 -0.321069 0.755547)
(-0.336689 -0.258122 0.81862)
(-0.266337 -0.266337 0.860905)
(-0.0730995 -0.164218 0.770895)
(0.0692671 -0.269933 0.804612)
(0.0297689 -0.24494 0.836599)
(0.376087 -0.225178 0.862863)
(0.501713 -0.17105 0.900736)
(0.427646 -0.0366788 0.883609)
(0.212851 0.00787712 0.872337)
(-0.0864887 -0.148225 0.797696)
(-0.221503 -0.0420451 0.818878)
(-0.164218 -0.0730994 0.770895)
(-0.0456408 -0.0456408 0.797094)
(-0.00675879 -0.102983 0.880375)
(0.158784 -0.0806736 0.946469)
(0.31467 0.0615156 0.954496)
(0.484019 -0.0396075 0.924333)
(0.545386 -0.040202 0.91116)
(0.226931 -0.0439733 0.981329)
(-0.165939 0.132777 0.755493)
(-0.261564 0.0739629 0.812499)
(-0.269933 0.0692671 0.804612)
(-0.102983 -0.00675883 0.880375)
(0.0342344 0.0342344 0.972319)
(0.194267 0.105357 1.00129)
(0.417153 0.143921 0.936612)
(0.399996 0.256715 0.908131)
(0.42328 0.0965482 0.983978)
(0.209079 0.150875 1.00418)
(-0.145302 0.138746 0.795748)
(-0.285012 0.114029 0.842062)
(-0.24494 0.0297688 0.836599)
(-0.0806736 0.158784 0.946469)
(0.105357 0.194267 1.00129)
(0.268471 0.268471 0.959519)
(0.466028 0.24543 0.948455)
(0.436646 0.14054 0.958328)
(0.439545 0.166443 0.954098)
(0.281257 0.146258 1.01785)
(-0.190656 0.284838 0.794428)
(-0.370541 0.240781 0.772186)
(-0.225178 0.376087 0.862863)
(0.0615156 0.31467 0.954496)
(0.143921 0.417153 0.936612)
(0.24543 0.466028 0.948455)
(0.289223 0.289223 0.935467)
(0.321009 0.192538 0.905425)
(0.428998 0.359569 0.964886)
(0.188895 0.321818 1.00786)
(-0.18936 0.2543 0.748311)
(-0.193763 0.29552 0.819876)
(-0.17105 0.501713 0.900736)
(-0.0396075 0.484019 0.924333)
(0.256715 0.399996 0.908131)
(0.14054 0.436646 0.958328)
(0.192538 0.321009 0.905425)
(0.506993 0.506993 0.884798)
(0.568825 0.386041 0.871821)
(0.243506 0.329523 0.821939)
(-0.149435 0.567556 0.791422)
(-0.123127 0.366459 0.895829)
(-0.0366789 0.427646 0.883609)
(-0.040202 0.545386 0.91116)
(0.0965482 0.42328 0.983978)
(0.166443 0.439545 0.954098)
(0.359569 0.428998 0.964886)
(0.386041 0.568825 0.871821)
(0.251529 0.251529 0.73353)
(0.132376 0.114797 0.85682)
(-0.390457 0.423397 0.894458)
(-0.333673 0.182375 0.912016)
(0.00787705 0.212851 0.872337)
(-0.0439733 0.226931 0.981329)
(0.150875 0.209079 1.00418)
(0.146258 0.281257 1.01785)
(0.321818 0.188895 1.00786)
(0.329523 0.243506 0.821939)
(0.114797 0.132376 0.85682)
(0.106775 0.106775 0.867932)
(-0.0968752 -0.0968752 2.57318)
(-0.177716 -0.214717 2.59391)
(-0.305973 -0.19716 2.57288)
(-0.111915 -0.12645 2.66361)
(0.12751 -0.140078 2.63893)
(0.154025 -0.13488 2.68053)
(0.244872 -0.181295 2.59909)
(0.30779 -0.121861 2.6389)
(0.66451 -0.111143 2.71299)
(0.461859 -0.424327 2.67827)
(-0.214717 -0.177716 2.59391)
(-0.278001 -0.278001 2.63776)
(-0.217705 -0.317928 2.66822)
(-0.0548329 -0.292166 2.61293)
(0.11908 -0.22339 2.66468)
(0.112808 -0.272747 2.68713)
(0.257891 -0.292171 2.66543)
(0.377943 -0.103205 2.74262)
(0.362045 -0.116125 2.7367)
(0.148675 -0.369478 2.66207)
(-0.19716 -0.305973 2.57288)
(-0.317927 -0.217705 2.66822)
(-0.320138 -0.320138 2.51573)
(-0.0173775 -0.137151 2.61914)
(0.146929 -0.183785 2.69685)
(0.0852439 -0.156264 2.73813)
(0.414414 -0.10754 2.76364)
(0.483837 -0.13316 2.76116)
(0.398237 -0.0283669 2.73294)
(0.208506 0.0981109 2.7247)
(-0.12645 -0.111915 2.66361)
(-0.292166 -0.0548329 2.61293)
(-0.137151 -0.0173776 2.61914)
(0.0815209 0.0815209 2.73499)
(0.0999665 0.0333926 2.85821)
(0.189053 0.0373816 2.87202)
(0.280995 0.0884742 2.83756)
(0.457115 -0.0435253 2.85098)
(0.593316 0.0543142 2.85727)
(0.275153 0.0482803 2.83383)
(-0.140078 0.12751 2.63893)
(-0.22339 0.119079 2.66468)
(-0.183785 0.146929 2.69685)
(0.0333927 0.0999665 2.85821)
(0.10279 0.10279 2.92165)
(0.140325 0.0854096 2.88995)
(0.333507 0.116059 2.82332)
(0.449677 0.26368 2.78427)
(0.490043 0.13717 2.82952)
(0.202472 0.142657 2.77735)
(-0.13488 0.154025 2.68053)
(-0.272747 0.112808 2.68713)
(-0.156264 0.0852438 2.73813)
(0.0373817 0.189053 2.87202)
(0.0854096 0.140325 2.88995)
(0.202323 0.202323 2.82175)
(0.459265 0.218257 2.80125)
(0.478226 0.166693 2.7592)
(0.472293 0.160398 2.82024)
(0.28064 0.117407 2.79417)
(-0.181295 0.244872 2.59909)
(-0.292171 0.257891 2.66543)
(-0.10754 0.414414 2.76364)
(0.0884742 0.280995 2.83756)
(0.11606 0.333507 2.82332)
(0.218257 0.459265 2.80125)
(0.297877 0.297877 2.73738)
(0.391818 0.198693 2.76819)
(0.440757 0.252743 2.82475)
(0.159481 0.219305 2.70088)
(-0.121861 0.30779 2.6389)
(-0.103205 0.377943 2.74262)
(-0.13316 0.483837 2.76116)
(-0.0435253 0.457116 2.85098)
(0.26368 0.449677 2.78427)
(0.166693 0.478226 2.7592)
(0.198693 0.391818 2.76819)
(0.433091 0.433091 2.75285)
(0.492905 0.23059 2.64316)
(0.247203 0.301076 2.58826)
(-0.111143 0.66451 2.71299)
(-0.116125 0.362045 2.7367)
(-0.0283669 0.398237 2.73294)
(0.0543142 0.593316 2.85727)
(0.13717 0.490043 2.82952)
(0.160398 0.472293 2.82024)
(0.252743 0.440757 2.82475)
(0.23059 0.492905 2.64316)
(0.308742 0.308742 2.6679)
(0.229968 0.208018 2.63534)
(-0.424327 0.461859 2.67827)
(-0.369478 0.148675 2.66207)
(0.0981109 0.208506 2.7247)
(0.0482804 0.275153 2.83383)
(0.142657 0.202473 2.77735)
(0.117407 0.28064 2.79417)
(0.219305 0.159481 2.70088)
(0.301076 0.247203 2.58826)
(0.208018 0.229968 2.63534)
(0.146479 0.146479 2.71579)
(-0.0757873 -0.0757872 4.47028)
(-0.100929 -0.105578 4.49702)
(-0.251364 -0.176775 4.58369)
(-0.0821743 -0.137166 4.51745)
(0.149691 -0.140186 4.58156)
(0.0989072 -0.1387 4.53435)
(0.243216 -0.124319 4.46367)
(0.368199 -0.0856439 4.48547)
(0.606926 -0.125721 4.46129)
(0.388679 -0.406661 4.31488)
(-0.105578 -0.100929 4.49702)
(-0.201917 -0.201917 4.6294)
(-0.282952 -0.393836 4.52234)
(-0.0455858 -0.265974 4.5434)
(0.148157 -0.203643 4.59342)
(0.114774 -0.227412 4.5319)
(0.296272 -0.205997 4.51797)
(0.366797 -0.0715088 4.5431)
(0.285909 -0.103175 4.4784)
(0.10774 -0.287242 4.40178)
(-0.176775 -0.251364 4.58369)
(-0.393836 -0.282952 4.52234)
(-0.31542 -0.315421 4.4977)
(0.108019 -0.0421609 4.64361)
(0.188253 -0.0764106 4.60315)
(0.0965532 -0.0600445 4.57991)
(0.399119 -0.0530469 4.56489)
(0.471021 -0.0626869 4.53084)
(0.391192 0.0838864 4.49319)
(0.204612 0.179635 4.40518)
(-0.137166 -0.0821742 4.51745)
(-0.265974 -0.0455857 4.5434)
(-0.0421609 0.108019 4.64361)
(0.193424 0.193424 4.66947)
(0.130274 0.121812 4.69152)
(0.138138 0.0711459 4.62025)
(0.293629 0.121205 4.58155)
(0.50373 -0.0164979 4.60645)
(0.528231 0.056374 4.55881)
(0.203489 0.00867181 4.41176)
(-0.140187 0.149691 4.58156)
(-0.203643 0.148157 4.59342)
(-0.0764105 0.188253 4.60315)
(0.121812 0.130274 4.69152)
(0.0659744 0.0659744 4.63039)
(0.0959461 0.0550818 4.56951)
(0.311475 0.107611 4.5536)
(0.40619 0.164936 4.48323)
(0.416362 0.0595173 4.39768)
(0.156909 0.111218 4.34877)
(-0.1387 0.0989071 4.53435)
(-0.227412 0.114774 4.5319)
(-0.0600445 0.0965532 4.57991)
(0.071146 0.138138 4.62025)
(0.0550818 0.095946 4.56951)
(0.179774 0.179774 4.56825)
(0.403483 0.159483 4.54085)
(0.455636 0.124466 4.4406)
(0.474514 0.161672 4.42557)
(0.25519 0.0697927 4.31566)
(-0.124319 0.243216 4.46367)
(-0.205997 0.296272 4.51797)
(-0.0530468 0.399119 4.56489)
(0.121205 0.293629 4.58155)
(0.107611 0.311475 4.5536)
(0.159483 0.403483 4.54085)
(0.256167 0.256167 4.49911)
(0.408379 0.186186 4.41987)
(0.361688 0.182489 4.30618)
(0.0650303 0.115908 4.17938)
(-0.085644 0.368199 4.48547)
(-0.0715089 0.366797 4.5431)
(-0.0626868 0.471021 4.53084)
(-0.0164979 0.50373 4.60645)
(0.164936 0.40619 4.48323)
(0.124466 0.455636 4.4406)
(0.186186 0.408379 4.41987)
(0.381958 0.381958 4.30878)
(0.404235 0.229196 4.21232)
(0.188609 0.263977 4.16922)
(-0.125721 0.606925 4.46129)
(-0.103175 0.285909 4.4784)
(0.0838864 0.391192 4.49319)
(0.0563741 0.528231 4.55881)
(0.0595173 0.416362 4.39768)
(0.161672 0.474514 4.42557)
(0.182489 0.361688 4.30618)
(0.229196 0.404235 4.21232)
(0.243707 0.243707 4.26301)
(0.0998118 0.242329 4.11782)
(-0.406661 0.388679 4.31488)
(-0.287242 0.10774 4.40178)
(0.179635 0.204612 4.40518)
(0.00867192 0.203489 4.41176)
(0.111218 0.156909 4.34877)
(0.0697927 0.25519 4.31566)
(0.115908 0.0650303 4.17938)
(0.263977 0.188609 4.16922)
(0.242329 0.0998118 4.11782)
(0.187231 0.187231 4.02352)
(-0.0701343 -0.0701342 6.28402)
(-0.0643035 -0.0823426 6.35604)
(-0.285546 -0.258509 6.30196)
(-0.114046 -0.100494 6.26772)
(0.144417 -0.128218 6.26719)
(0.0361364 -0.137336 6.23467)
(0.19599 -0.126997 6.18523)
(0.305404 -0.0642295 6.11726)
(0.49392 -0.0940316 6.02287)
(0.315456 -0.337433 5.87432)
(-0.0823427 -0.0643036 6.35604)
(-0.252679 -0.252679 6.3272)
(-0.303697 -0.403923 6.24329)
(0.0162459 -0.166001 6.3127)
(0.107575 -0.201796 6.29978)
(0.0373574 -0.227187 6.24541)
(0.269097 -0.19095 6.18459)
(0.338369 -0.0578405 6.16609)
(0.220716 -0.0842173 6.05262)
(0.0720551 -0.279181 5.99641)
(-0.258509 -0.285546 6.30196)
(-0.403923 -0.303697 6.24329)
(-0.198869 -0.198869 6.35929)
(0.0880811 -0.0110791 6.3824)
(0.083231 -0.0856877 6.27566)
(0.0469824 -0.0679134 6.21961)
(0.365337 -0.0439578 6.18764)
(0.412137 -0.069813 6.05412)
(0.272579 0.052044 5.92317)
(0.120492 0.108096 5.80818)
(-0.100494 -0.114046 6.26772)
(-0.166001 0.0162459 6.3127)
(-0.0110791 0.0880811 6.3824)
(0.129427 0.129427 6.29202)
(0.0507409 0.0606251 6.24882)
(0.0790872 0.0269761 6.18702)
(0.267197 0.0771832 6.11948)
(0.434371 -0.0911354 5.99445)
(0.398625 -0.041201 5.91103)
(0.128107 -0.00812909 5.83222)
(-0.128218 0.144417 6.26719)
(-0.201796 0.107575 6.29978)
(-0.0856877 0.083231 6.27566)
(0.0606251 0.0507408 6.24882)
(-0.0192198 -0.0192198 6.17616)
(0.0635404 0.0334067 6.14029)
(0.247226 0.075358 6.03948)
(0.293752 0.0978303 5.91545)
(0.355585 0.00393406 5.85066)
(0.153564 0.0465511 5.79008)
(-0.137336 0.0361364 6.23467)
(-0.227187 0.0373574 6.24541)
(-0.0679135 0.0469824 6.21961)
(0.0269761 0.0790872 6.18702)
(0.0334067 0.0635404 6.14029)
(0.173665 0.173665 6.11058)
(0.331621 0.163768 6.03269)
(0.362947 0.103333 5.92119)
(0.347346 0.0688966 5.78542)
(0.170724 -0.0519833 5.62598)
(-0.126997 0.19599 6.18523)
(-0.19095 0.269097 6.18459)
(-0.0439578 0.365337 6.18764)
(0.0771831 0.267197 6.11948)
(0.075358 0.247226 6.03948)
(0.163768 0.331621 6.03269)
(0.176894 0.176894 6.0063)
(0.198881 0.0668712 5.77297)
(0.200269 0.0394916 5.59742)
(0.0326845 0.0728725 5.57378)
(-0.0642296 0.305404 6.11726)
(-0.0578405 0.338369 6.16609)
(-0.0698129 0.412137 6.05412)
(-0.0911354 0.434371 5.99445)
(0.0978303 0.293752 5.91545)
(0.103333 0.362947 5.92119)
(0.0668712 0.198881 5.77297)
(0.225544 0.225544 5.63333)
(0.353347 0.187424 5.57156)
(0.204105 0.23952 5.56209)
(-0.0940317 0.49392 6.02287)
(-0.0842174 0.220717 6.05262)
(0.052044 0.272579 5.92317)
(-0.0412009 0.398625 5.91103)
(0.00393403 0.355585 5.85066)
(0.0688965 0.347346 5.78542)
(0.0394917 0.200269 5.59742)
(0.187424 0.353347 5.57156)
(0.214245 0.214245 5.44755)
(0.0847806 0.0623186 5.44168)
(-0.337433 0.315456 5.87432)
(-0.279181 0.0720553 5.99641)
(0.108096 0.120493 5.80818)
(-0.00812906 0.128107 5.83222)
(0.0465511 0.153564 5.79008)
(-0.0519834 0.170724 5.62598)
(0.0728725 0.0326845 5.57378)
(0.23952 0.204105 5.56209)
(0.0623186 0.0847806 5.44168)
(0.0521787 0.0521787 5.41488)
(-0.00376837 -0.00376826 7.7111)
(-0.0829921 -0.134413 7.75449)
(-0.33968 -0.23544 7.68641)
(-0.116942 -0.0921897 7.76006)
(0.116636 -0.107596 7.66088)
(0.0169449 -0.127964 7.69876)
(0.125804 -0.124953 7.65705)
(0.205842 -0.0368118 7.55067)
(0.363987 -0.0959759 7.3996)
(0.240126 -0.284566 7.24902)
(-0.134413 -0.082992 7.75449)
(-0.314663 -0.314663 7.71153)
(-0.297457 -0.336499 7.80722)
(0.0109014 -0.151301 7.73581)
(0.0808625 -0.195178 7.70287)
(-0.000412228 -0.242469 7.72568)
(0.216955 -0.203582 7.63136)
(0.23482 -0.134642 7.52108)
(0.116233 -0.202872 7.42023)
(0.0515363 -0.353384 7.46648)
(-0.23544 -0.33968 7.68641)
(-0.336499 -0.297457 7.80722)
(-0.176318 -0.176318 7.74941)
(0.0243798 -0.0628404 7.71909)
(0.0254679 -0.127368 7.66584)
(0.0085407 -0.118432 7.64091)
(0.233631 -0.118161 7.52427)
(0.206551 -0.234323 7.37313)
(0.145245 -0.0577005 7.28305)
(0.0896144 0.0154425 7.23246)
(-0.0921898 -0.116942 7.76006)
(-0.151301 0.0109014 7.73581)
(-0.0628404 0.0243798 7.71909)
(0.0598511 0.059851 7.61876)
(0.0252708 0.0223198 7.57254)
(0.00879423 -0.00817477 7.50389)
(0.101064 -0.0269613 7.38921)
(0.29528 -0.155168 7.29557)
(0.365999 -0.0161397 7.20838)
(0.124679 -0.00942095 7.13891)
(-0.107596 0.116636 7.66088)
(-0.195178 0.0808625 7.70287)
(-0.127368 0.0254679 7.66584)
(0.0223198 0.0252708 7.57254)
(-0.0425579 -0.042558 7.48974)
(-0.0407403 -0.0213598 7.48277)
(0.0866373 0.0208163 7.37521)
(0.217373 0.091674 7.29376)
(0.290993 -0.0660935 7.19026)
(0.0963332 -0.0950193 7.07508)
(-0.127964 0.0169447 7.69876)
(-0.242469 -0.000412251 7.72568)
(-0.118432 0.0085407 7.64091)
(-0.00817483 0.00879426 7.50389)
(-0.0213598 -0.0407404 7.48277)
(0.0721685 0.0721685 7.45078)
(0.214098 0.126301 7.30699)
(0.208371 -0.01802 7.14201)
(0.179306 -0.0915645 6.99473)
(0.0957535 -0.146516 6.94931)
(-0.124953 0.125803 7.65705)
(-0.203582 0.216955 7.63136)
(-0.118161 0.233631 7.52427)
(-0.0269613 0.101064 7.38921)
(0.0208163 0.0866374 7.37521)
(0.126301 0.214098 7.30699)
(-0.00355106 -0.00355105 7.0874)
(-0.000492519 -0.101676 6.91861)
(0.162496 -0.0313726 6.96098)
(0.0413814 0.052019 6.87421)
(-0.0368118 0.205842 7.55067)
(-0.134642 0.23482 7.52108)
(-0.234323 0.206551 7.37313)
(-0.155168 0.29528 7.29557)
(0.0916739 0.217373 7.29376)
(-0.0180199 0.208371 7.14201)
(-0.101676 -0.000492532 6.91861)
(0.180549 0.180549 6.9218)
(0.333001 0.0793183 6.87668)
(0.179145 0.131886 6.73921)
(-0.0959759 0.363987 7.3996)
(-0.202872 0.116233 7.42023)
(-0.0577005 0.145245 7.28305)
(-0.0161396 0.365999 7.20838)
(-0.0660934 0.290993 7.19026)
(-0.0915645 0.179306 6.99473)
(-0.0313727 0.162496 6.96098)
(0.0793183 0.333001 6.87668)
(0.113833 0.113833 6.72555)
(0.0939487 0.0951148 6.71624)
(-0.284566 0.240126 7.24902)
(-0.353384 0.0515363 7.46648)
(0.0154424 0.0896145 7.23246)
(-0.00942096 0.124679 7.13891)
(-0.0950193 0.0963331 7.07508)
(-0.146516 0.0957534 6.94931)
(0.052019 0.0413814 6.87421)
(0.131886 0.179145 6.73921)
(0.0951149 0.0939486 6.71624)
(0.160427 0.160427 6.84777)
(-0.0267407 -0.0267407 8.89789)
(-0.0889887 -0.125302 8.87792)
(-0.279976 -0.137698 9.00877)
(-0.139578 -0.124746 9.07726)
(0.083115 -0.0862284 8.96059)
(0.0323088 -0.110412 8.95232)
(0.0479068 -0.152693 8.86349)
(0.0479551 -0.0938249 8.75204)
(0.192269 -0.0734022 8.66504)
(0.164877 -0.11998 8.48201)
(-0.125302 -0.0889887 8.87792)
(-0.199946 -0.199946 8.99993)
(-0.27942 -0.340929 9.18019)
(-0.0881089 -0.206975 9.06945)
(0.0974492 -0.196833 8.98777)
(-0.0341555 -0.285037 8.94064)
(0.0644935 -0.323733 8.80778)
(0.127246 -0.235387 8.7226)
(0.166114 -0.200773 8.74455)
(0.1183 -0.295746 8.69815)
(-0.137698 -0.279976 9.00877)
(-0.340929 -0.27942 9.18019)
(-0.287005 -0.287005 9.05881)
(0.00451846 -0.128131 9.04867)
(0.00505369 -0.216018 8.95102)
(-0.0945922 -0.289705 8.88554)
(0.0975567 -0.286103 8.778)
(0.170916 -0.295325 8.7546)
(0.13191 -0.159809 8.69364)
(0.0699042 -0.219472 8.68562)
(-0.124746 -0.139578 9.07726)
(-0.206975 -0.0881089 9.06945)
(-0.128131 0.00451848 9.04867)
(-0.0171213 -0.0171213 8.9592)
(-0.0641239 -0.115476 8.88513)
(-0.10424 -0.131161 8.75784)
(0.0588731 -0.0718797 8.66625)
(0.25354 -0.170503 8.62187)
(0.241967 -0.133986 8.51869)
(0.0586365 -0.165508 8.51473)
(-0.0862284 0.083115 8.96059)
(-0.196832 0.0974492 8.98777)
(-0.216018 0.0050536 8.95102)
(-0.115476 -0.064124 8.88513)
(-0.108986 -0.108986 8.73345)
(-0.0509956 -0.019707 8.69239)
(0.0582152 -0.00686194 8.61304)
(0.10881 -0.0557317 8.50437)
(0.136904 -0.209714 8.49731)
(0.0383822 -0.14305 8.41131)
(-0.110412 0.0323088 8.95232)
(-0.285037 -0.0341555 8.94064)
(-0.289705 -0.0945922 8.88554)
(-0.131161 -0.10424 8.75784)
(-0.019707 -0.0509956 8.69239)
(-0.00211606 -0.00211601 8.69102)
(0.0228484 -0.12404 8.45596)
(0.0506878 -0.271822 8.34243)
(0.154649 -0.160381 8.34876)
(0.1253 -0.252852 8.29837)
(-0.152693 0.0479067 8.86349)
(-0.323733 0.0644934 8.80778)
(-0.286103 0.0975568 8.778)
(-0.0718797 0.058873 8.66625)
(-0.00686189 0.0582151 8.61304)
(-0.12404 0.0228484 8.45596)
(-0.211491 -0.211491 8.18388)
(0.072468 -0.153337 8.26185)
(0.155874 -0.0785628 8.23453)
(-0.0540889 -0.137223 8.12584)
(-0.0938249 0.0479551 8.75204)
(-0.235387 0.127245 8.7226)
(-0.295325 0.170916 8.7546)
(-0.170503 0.25354 8.62187)
(-0.0557316 0.10881 8.50437)
(-0.271822 0.0506878 8.34243)
(-0.153337 0.072468 8.26185)
(0.183616 0.183616 8.14817)
(0.170763 -0.0480086 8.08798)
(0.0666401 0.0815505 8.0824)
(-0.0734023 0.192269 8.66504)
(-0.200773 0.166114 8.74455)
(-0.159808 0.13191 8.69364)
(-0.133986 0.241967 8.51869)
(-0.209714 0.136904 8.49731)
(-0.160381 0.154649 8.34876)
(-0.0785628 0.155874 8.23453)
(-0.0480086 0.170762 8.08798)
(0.0538087 0.0538086 8.19272)
(0.0754701 0.170879 8.15331)
(-0.11998 0.164877 8.48201)
(-0.295746 0.1183 8.69815)
(-0.219472 0.0699042 8.68562)
(-0.165508 0.0586365 8.51473)
(-0.14305 0.0383822 8.41131)
(-0.252852 0.1253 8.29837)
(-0.137223 -0.054089 8.12584)
(0.0815505 0.0666401 8.0824)
(0.170879 0.0754701 8.15331)
(0.18371 0.18371 8.11142)
(-0.0237355 -0.0237356 9.91014)
(0.0278882 -0.0124009 10.0721)
(-0.140338 -0.0640163 10.117)
(-0.165121 -0.100006 10.2094)
(-0.00830718 -0.0804195 10.0534)
(-0.0801526 -0.139641 9.95371)
(-0.0744785 -0.180668 9.8338)
(0.00738971 -0.0662559 9.84989)
(0.0939586 -0.0164629 9.874)
(0.0570959 -0.0684242 9.5449)
(-0.0124008 0.0278882 10.0721)
(-0.0123925 -0.0123926 10.1467)
(-0.227943 -0.286459 10.2134)
(-0.181524 -0.179896 10.2003)
(-0.0479418 -0.204747 10.013)
(-0.180402 -0.309247 9.92007)
(-0.00109351 -0.289073 9.81877)
(0.171595 -0.132086 9.79083)
(0.0917904 -0.174272 9.69235)
(0.00513465 -0.149777 9.48213)
(-0.0640163 -0.140338 10.117)
(-0.286459 -0.227943 10.2134)
(-0.307841 -0.307841 10.2125)
(-0.0834086 -0.173088 10.2172)
(-0.137659 -0.23001 10.0373)
(-0.164479 -0.301234 9.95978)
(0.102683 -0.25969 9.94117)
(0.122191 -0.335048 9.83673)
(0.076267 -0.283559 9.7224)
(0.0815906 -0.167981 9.6835)
(-0.100006 -0.165121 10.2094)
(-0.179896 -0.181525 10.2003)
(-0.173088 -0.0834086 10.2172)
(-0.103694 -0.103694 10.1398)
(-0.176087 -0.195254 10.0262)
(-0.210081 -0.201332 9.92989)
(-0.0349083 -0.191927 9.82498)
(0.147726 -0.405394 9.73046)
(0.258858 -0.212467 9.66431)
(0.120713 -0.283727 9.5691)
(-0.0804195 -0.00830717 10.0534)
(-0.204747 -0.0479418 10.013)
(-0.23001 -0.137659 10.0373)
(-0.195254 -0.176087 10.0262)
(-0.235297 -0.235297 9.88687)
(-0.161151 -0.0881782 9.79209)
(-0.101379 -0.189475 9.64151)
(0.10165 -0.187767 9.6019)
(0.197934 -0.236027 9.59546)
(0.0103309 -0.311376 9.50624)
(-0.139641 -0.0801526 9.95371)
(-0.309247 -0.180401 9.92007)
(-0.301234 -0.164479 9.95978)
(-0.201332 -0.210081 9.92989)
(-0.0881782 -0.161152 9.79209)
(-0.164259 -0.164259 9.64501)
(-0.134497 -0.30286 9.46695)
(0.101173 -0.260538 9.49098)
(0.135249 -0.354351 9.45449)
(0.0453638 -0.431983 9.37063)
(-0.180668 -0.0744786 9.8338)
(-0.289073 -0.00109356 9.81877)
(-0.25969 0.102683 9.94117)
(-0.191927 -0.0349083 9.82498)
(-0.189475 -0.101379 9.64151)
(-0.30286 -0.134497 9.46695)
(-0.197659 -0.197659 9.43635)
(0.0501582 -0.295932 9.50868)
(0.0264894 -0.292152 9.27043)
(-0.0673009 -0.163949 9.27554)
(-0.0662559 0.00738972 9.84989)
(-0.132086 0.171595 9.79083)
(-0.335048 0.122191 9.83673)
(-0.405394 0.147726 9.73046)
(-0.187767 0.10165 9.6019)
(-0.260538 0.101173 9.49098)
(-0.295932 0.0501582 9.50868)
(0.00668011 0.0066801 9.36268)
(0.267232 0.0375081 9.31197)
(0.173567 0.159353 9.28354)
(-0.0164629 0.0939586 9.874)
(-0.174272 0.0917904 9.69235)
(-0.283559 0.0762669 9.7224)
(-0.212467 0.258858 9.66431)
(-0.236027 0.197934 9.59546)
(-0.354351 0.135249 9.45449)
(-0.292152 0.0264894 9.27043)
(0.0375082 0.267232 9.31197)
(0.179162 0.179162 9.2287)
(0.0545437 0.124135 9.17422)
(-0.0684241 0.0570958 9.5449)
(-0.149777 0.00513467 9.48213)
(-0.167981 0.0815907 9.6835)
(-0.283727 0.120713 9.5691)
(-0.311376 0.0103309 9.50624)
(-0.431983 0.0453638 9.37063)
(-0.163949 -0.0673009 9.27554)
(0.159353 0.173567 9.28354)
(0.124135 0.0545437 9.17422)
(0.11854 0.11854 8.93257)
(0.135236 0.135236 10.602)
(0.117832 -0.0506927 11.1459)
(-0.142671 -0.0412689 10.8714)
(-0.203122 -0.133838 11.0149)
(-0.17259 -0.126662 10.8328)
(-0.187305 -0.144054 10.801)
(-0.0559209 -0.167719 10.7158)
(0.0881547 -0.15288 10.8185)
(-0.112721 -0.255051 10.8139)
(-0.164225 -0.18275 10.5917)
(-0.0506926 0.117832 11.1459)
(-0.0586732 -0.0586733 11.0711)
(-0.225816 -0.245414 10.8914)
(-0.288515 -0.19921 10.9809)
(-0.182806 -0.212921 10.8419)
(-0.228363 -0.278965 10.8933)
(-0.0647466 -0.21636 10.7705)
(0.000822953 -0.24854 10.6122)
(-0.14259 -0.352369 10.4902)
(-0.091924 -0.157141 10.3075)
(-0.0412689 -0.142671 10.8714)
(-0.245414 -0.225816 10.8914)
(-0.283208 -0.283208 10.9545)
(-0.17063 -0.188611 11.0005)
(-0.252344 -0.202757 10.8165)
(-0.190744 -0.279886 10.7983)
(-0.0254958 -0.279895 10.768)
(-0.0478538 -0.355692 10.5553)
(-0.0213226 -0.18785 10.579)
(0.0310021 -0.132501 10.3482)
(-0.133838 -0.203122 11.0149)
(-0.19921 -0.288515 10.9809)
(-0.188612 -0.17063 11.0005)
(-0.208064 -0.208064 10.9042)
(-0.274081 -0.265933 10.7738)
(-0.305501 -0.298853 10.8193)
(-0.140553 -0.37154 10.7005)
(0.0928682 -0.405337 10.6019)
(0.0806012 -0.260925 10.4866)
(-0.036575 -0.342771 10.3496)
(-0.126662 -0.17259 10.8328)
(-0.212921 -0.182807 10.8419)
(-0.202757 -0.252344 10.8165)
(-0.265933 -0.274081 10.7738)
(-0.343133 -0.343134 10.6825)
(-0.296351 -0.304582 10.6447)
(-0.13198 -0.364887 10.4447)
(0.0627606 -0.295216 10.4558)
(0.0412432 -0.419528 10.2325)
(-0.0508439 -0.341518 10.1427)
(-0.144054 -0.187305 10.801)
(-0.278965 -0.228363 10.8933)
(-0.279886 -0.190744 10.7983)
(-0.298853 -0.305501 10.8193)
(-0.304582 -0.296351 10.6447)
(-0.327254 -0.327254 10.4897)
(-0.131188 -0.329199 10.4167)
(0.0382274 -0.365041 10.3204)
(0.0342998 -0.485409 10.1953)
(0.0414348 -0.483545 9.99954)
(-0.167719 -0.0559209 10.7158)
(-0.21636 -0.0647466 10.7705)
(-0.279895 -0.0254958 10.768)
(-0.37154 -0.140553 10.7005)
(-0.364887 -0.13198 10.4447)
(-0.329199 -0.131188 10.4167)
(-0.169767 -0.169767 10.3217)
(-0.0934498 -0.281636 10.2039)
(-0.0772608 -0.221088 10.2443)
(-0.0489794 -0.224311 10.1758)
(-0.15288 0.0881547 10.8185)
(-0.24854 0.000822945 10.6122)
(-0.355692 -0.0478538 10.5553)
(-0.405337 0.0928682 10.6019)
(-0.295216 0.0627606 10.4558)
(-0.365041 0.0382274 10.3204)
(-0.281636 -0.0934498 10.2039)
(-0.0130939 -0.0130939 10.2199)
(0.0916247 -0.0897412 10.2288)
(0.0382116 -0.0197725 9.91389)
(-0.255051 -0.112721 10.8139)
(-0.352369 -0.14259 10.4902)
(-0.18785 -0.0213226 10.579)
(-0.260925 0.0806012 10.4866)
(-0.419528 0.0412432 10.2325)
(-0.485409 0.0342997 10.1953)
(-0.221088 -0.0772608 10.2443)
(-0.0897412 0.0916247 10.2288)
(-0.0839394 -0.0839394 10.1883)
(0.0209893 -0.180096 9.77402)
(-0.182749 -0.164226 10.5917)
(-0.157141 -0.091924 10.3075)
(-0.132501 0.0310021 10.3482)
(-0.342771 -0.0365751 10.3496)
(-0.341518 -0.0508439 10.1427)
(-0.483545 0.0414348 9.99954)
(-0.224311 -0.0489795 10.1758)
(-0.0197725 0.0382116 9.91389)
(-0.180096 0.0209893 9.77402)
(-0.0579452 -0.0579452 9.70348)
(0.520168 0.520167 10.2337)
(0.297274 -0.0871763 10.854)
(-0.271289 -0.0439406 10.8629)
(-0.203718 -0.134067 11.4647)
(-0.222231 -0.0712592 11.3302)
(-0.197154 -0.047294 11.3672)
(-0.0569715 -0.12597 11.1731)
(0.105524 -0.272591 11.3128)
(-0.132808 -0.340152 11.5905)
(-0.165059 -0.352647 11.5478)
(-0.0871763 0.297274 10.854)
(-0.266834 -0.266834 11.2142)
(-0.31818 -0.203271 11.0818)
(-0.231037 -0.194267 11.3417)
(-0.135458 -0.221019 11.1227)
(-0.251865 -0.311923 11.4281)
(-0.282269 -0.23686 11.3041)
(-0.108658 -0.395307 11.2429)
(-0.212864 -0.409147 11.4203)
(-0.177553 -0.393354 11.3536)
(-0.0439406 -0.271289 10.8629)
(-0.203271 -0.31818 11.0818)
(-0.198723 -0.198723 11.4857)
(-0.221466 -0.249757 11.4954)
(-0.339886 -0.29809 11.0754)
(-0.212995 -0.375319 11.2411)
(-0.140356 -0.329647 11.2944)
(-0.0667624 -0.345268 11.3171)
(-0.130855 -0.28719 11.4766)
(-0.149266 -0.125846 11.3784)
(-0.134067 -0.203718 11.4647)
(-0.194267 -0.231037 11.3417)
(-0.249757 -0.221466 11.4954)
(-0.330404 -0.330404 11.1862)
(-0.261021 -0.329283 11.0623)
(-0.283422 -0.354912 11.2851)
(-0.252218 -0.51522 11.344)
(-0.0662011 -0.504881 11.3501)
(0.00655824 -0.558952 11.2546)
(-0.0162093 -0.489215 11.4063)
(-0.0712592 -0.222231 11.3302)
(-0.221019 -0.135458 11.1227)
(-0.29809 -0.339886 11.0754)
(-0.329283 -0.261021 11.0623)
(-0.364394 -0.364394 11.1413)
(-0.398933 -0.417758 11.3576)
(-0.290325 -0.473315 11.3033)
(-0.110494 -0.46933 11.3689)
(-0.115189 -0.527282 11.0713)
(-0.0795288 -0.661481 11.2156)
(-0.0472939 -0.197154 11.3672)
(-0.311922 -0.251865 11.4281)
(-0.375319 -0.212995 11.2411)
(-0.354912 -0.283422 11.2851)
(-0.417758 -0.398933 11.3576)
(-0.392342 -0.392342 11.5298)
(-0.30379 -0.425854 11.471)
(-0.120169 -0.51248 11.3973)
(-0.185592 -0.342546 11.2403)
(-0.150408 -0.398898 11.0519)
(-0.12597 -0.0569715 11.1731)
(-0.23686 -0.282269 11.3041)
(-0.329647 -0.140356 11.2944)
(-0.51522 -0.252218 11.344)
(-0.473315 -0.290325 11.3033)
(-0.425854 -0.30379 11.471)
(-0.410463 -0.410463 11.182)
(-0.0271868 -0.396452 10.9881)
(-0.00160732 -0.258683 11.0692)
(-0.135881 -0.249603 11.0116)
(-0.272591 0.105524 11.3128)
(-0.395307 -0.108658 11.2429)
(-0.345268 -0.0667624 11.3171)
(-0.504881 -0.0662011 11.3501)
(-0.46933 -0.110494 11.3689)
(-0.51248 -0.120169 11.3973)
(-0.396452 -0.0271868 10.9881)
(0.0316109 0.031611 10.8394)
(-0.0387438 -0.0185216 10.8272)
(-0.141328 -0.242383 10.961)
(-0.340152 -0.132808 11.5905)
(-0.409147 -0.212864 11.4203)
(-0.28719 -0.130855 11.4766)
(-0.558952 0.00655817 11.2546)
(-0.527282 -0.115189 11.0713)
(-0.342546 -0.185593 11.2403)
(-0.258683 -0.00160733 11.0692)
(-0.0185216 -0.0387438 10.8272)
(-0.275601 -0.275601 10.8508)
(-0.359742 -0.0862746 10.6597)
(-0.352647 -0.165059 11.5478)
(-0.393354 -0.177553 11.3536)
(-0.125846 -0.149266 11.3784)
(-0.489215 -0.0162094 11.4063)
(-0.661481 -0.0795289 11.2156)
(-0.398898 -0.150408 11.0519)
(-0.249603 -0.135881 11.0116)
(-0.242383 -0.141328 10.961)
(-0.0862745 -0.359742 10.6597)
(0.0479986 0.0479985 10.6899)
(0.755551 0.755551 13.3339)
(0.747003 0.309485 11.9981)
(0.468013 0.177665 12.2791)
(0.264192 -0.2569 11.9507)
(-0.270136 -0.334202 12.2081)
(-0.344414 -0.083119 12.1561)
(-0.110295 -0.0366665 12.2693)
(0.505516 -0.222755 11.7527)
(0.12231 -0.425209 11.2466)
(-0.206852 -0.376955 11.4983)
(0.309485 0.747002 11.9981)
(0.169116 0.169116 11.9556)
(-0.0983719 0.377403 12.1385)
(-0.247675 -0.168515 12.2193)
(-0.0963546 -0.467747 12.4337)
(-0.0468781 -0.405006 12.0802)
(-0.249931 -0.0950406 12.2259)
(0.116974 -0.244244 12.0529)
(-0.0318893 -0.466251 11.8499)
(-0.158598 -0.326525 12.0915)
(0.177665 0.468013 12.2791)
(0.377403 -0.098372 12.1385)
(0.130382 0.130382 11.9797)
(-0.580958 -0.344022 11.9489)
(-0.506627 -0.263137 12.2592)
(0.0282928 -0.422848 12.128)
(0.0504674 -0.240079 11.9772)
(0.134306 -0.248472 11.7903)
(0.0400294 -0.353504 11.5432)
(-0.0671263 -0.079802 11.7133)
(-0.2569 0.264192 11.9507)
(-0.168515 -0.247675 12.2193)
(-0.344022 -0.580958 11.9489)
(-0.641195 -0.641195 12.2477)
(-0.175181 -0.200053 12.1809)
(-0.0238196 -0.182388 11.9553)
(-0.075555 -0.362659 11.9245)
(0.00354862 -0.353489 11.7565)
(0.136781 -0.666157 11.6092)
(0.115104 -0.505657 11.5619)
(-0.334202 -0.270136 12.2081)
(-0.467747 -0.0963546 12.4337)
(-0.263137 -0.506627 12.2592)
(-0.200053 -0.175181 12.1809)
(-0.04782 -0.0478201 12.0486)
(-0.134313 -0.059954 11.8444)
(-0.120634 -0.237867 11.9038)
(-0.169193 -0.248013 11.6357)
(-0.112139 -0.433872 11.8777)
(0.0933738 -0.695892 11.9102)
(-0.083119 -0.344414 12.1561)
(-0.405006 -0.0468781 12.0802)
(-0.422848 0.0282928 12.128)
(-0.182388 -0.0238196 11.9553)
(-0.0599539 -0.134313 11.8444)
(-0.213866 -0.213867 11.6133)
(-0.263615 -0.450491 11.7079)
(-0.192457 -0.745912 11.5303)
(-0.311097 -0.48755 11.6519)
(-0.146915 -0.687505 11.9536)
(-0.0366666 -0.110295 12.2693)
(-0.0950405 -0.249931 12.2259)
(-0.240079 0.0504673 11.9772)
(-0.362659 -0.075555 11.9245)
(-0.237867 -0.120634 11.9038)
(-0.450491 -0.263615 11.7079)
(-0.652679 -0.652679 12.0208)
(-0.206252 -0.839615 12.1147)
(-0.0537317 -0.6342 11.7236)
(-0.106581 -0.315292 11.9296)
(-0.222755 0.505516 11.7527)
(-0.244244 0.116974 12.0529)
(-0.248472 0.134306 11.7903)
(-0.353489 0.00354864 11.7565)
(-0.248013 -0.169193 11.6357)
(-0.745912 -0.192457 11.5303)
(-0.839615 -0.206252 12.1147)
(-0.173977 -0.173977 11.9526)
(0.213225 -0.308128 11.5094)
(0.171992 -0.371639 11.4414)
(-0.425209 0.12231 11.2466)
(-0.466251 -0.0318893 11.8499)
(-0.353504 0.0400293 11.5432)
(-0.666157 0.136781 11.6092)
(-0.433872 -0.112139 11.8777)
(-0.48755 -0.311097 11.6519)
(-0.6342 -0.0537317 11.7236)
(-0.308128 0.213225 11.5094)
(-0.251393 -0.251393 11.2878)
(-0.170092 -0.451142 11.7053)
(-0.376955 -0.206852 11.4983)
(-0.326525 -0.158598 12.0915)
(-0.079802 -0.0671264 11.7133)
(-0.505657 0.115104 11.5619)
(-0.695892 0.0933737 11.9102)
(-0.687505 -0.146915 11.9536)
(-0.315292 -0.106581 11.9296)
(-0.371639 0.171992 11.4414)
(-0.451142 -0.170092 11.7053)
(-0.0277561 -0.0277561 11.6688)
)
;

boundaryField
{
    block1_in
    {
        type            extrapolatedCalculated;
        value           nonuniform List<vector> 
100
(
(-1.12755 -1.12755 -4.27407)
(-0.218117 -1.12382 -8.87225)
(-0.446143 -0.300832 -9.26916)
(-0.0766556 -0.179108 -11.2666)
(0.0404825 -0.00146304 -11.2853)
(0.10553 -0.170453 -12.2772)
(0.377677 -0.637765 -12.714)
(0.859493 -1.58566 -15.1625)
(1.30873 -1.64017 -19.1204)
(1.08243 -0.648739 -21.4697)
(-1.12382 -0.218117 -8.87225)
(-0.442414 -0.442414 -10.0748)
(-0.754957 -0.159371 -11.0697)
(-0.467612 0.307517 -11.4658)
(-0.213824 0.180722 -10.8655)
(-0.0729108 0.166742 -11.5028)
(-0.011222 0.116199 -10.7398)
(0.584098 -0.654604 -11.3142)
(1.36001 -1.41723 -13.5669)
(1.33928 -0.875042 -16.8873)
(-0.300832 -0.446143 -9.26916)
(-0.159371 -0.754957 -11.0697)
(-0.32603 -0.32603 -12.461)
(-0.103072 0.362026 -12.9172)
(-0.272341 0.393238 -11.3728)
(-0.356447 0.032149 -11.5096)
(-0.662079 0.0192438 -11.7638)
(-0.499269 -0.214429 -11.8992)
(0.0938446 -0.884986 -12.8825)
(0.459848 -0.669466 -15.5427)
(-0.179108 -0.0766555 -11.2666)
(0.307517 -0.467612 -11.4658)
(0.362026 -0.103072 -12.9172)
(0.361206 0.361206 -11.6919)
(-0.0959262 -0.0726522 -11.3034)
(-0.304551 -0.222995 -12.0472)
(-0.346173 -0.0266236 -12.527)
(-0.484286 0.101319 -12.428)
(0.0523233 -0.458116 -12.441)
(0.564399 -0.509039 -14.6045)
(-0.00146309 0.0404825 -11.2853)
(0.180722 -0.213824 -10.8655)
(0.393238 -0.272341 -11.3728)
(-0.0726522 -0.0959261 -11.3034)
(-0.272519 -0.272519 -11.5309)
(-0.311329 -0.218098 -12.3259)
(-0.19954 -0.160491 -12.519)
(-0.459257 0.184068 -13.1032)
(-0.336133 0.163699 -12.2108)
(0.476987 -0.15739 -13.0117)
(-0.170453 0.10553 -12.2772)
(0.166742 -0.0729108 -11.5028)
(0.0321489 -0.356446 -11.5096)
(-0.222995 -0.304551 -12.0472)
(-0.218098 -0.311329 -12.3259)
(-0.150017 -0.150017 -13.0716)
(0.0324536 -0.174552 -12.9884)
(0.154383 -0.0352736 -13.8014)
(-0.280711 0.478128 -13.2855)
(0.183812 0.304082 -12.1286)
(-0.637765 0.377677 -12.714)
(0.116198 -0.0112221 -10.7398)
(0.0192437 -0.662079 -11.7638)
(-0.0266237 -0.346173 -12.527)
(-0.160491 -0.19954 -12.519)
(-0.174552 0.0324536 -12.9884)
(0.143908 0.143908 -12.4541)
(0.270697 -0.129097 -12.2986)
(-0.132403 0.193129 -12.5564)
(-0.46634 0.307134 -11.284)
(-1.58566 0.859493 -15.1625)
(-0.654604 0.584098 -11.3142)
(-0.214429 -0.499269 -11.8992)
(0.101319 -0.484286 -12.428)
(0.184068 -0.459257 -13.1032)
(-0.0352736 0.154383 -13.8014)
(-0.129097 0.270697 -12.2986)
(-0.311585 -0.311585 -12.1349)
(-0.070259 -0.258908 -12.6431)
(-0.36974 -0.0298547 -12.6145)
(-1.64017 1.30873 -19.1204)
(-1.41723 1.36001 -13.5669)
(-0.884986 0.0938447 -12.8825)
(-0.458116 0.0523233 -12.441)
(0.163699 -0.336133 -12.2108)
(0.478128 -0.280711 -13.2855)
(0.193128 -0.132403 -12.5564)
(-0.258908 -0.070259 -12.6431)
(0.134974 0.134974 -11.8276)
(0.215282 0.00765304 -11.5176)
(-0.648739 1.08243 -21.4697)
(-0.875042 1.33928 -16.8873)
(-0.669466 0.459848 -15.5427)
(-0.509038 0.564399 -14.6045)
(-0.15739 0.476987 -13.0117)
(0.304082 0.183812 -12.1286)
(0.307134 -0.46634 -11.284)
(-0.0298547 -0.36974 -12.6145)
(0.00765307 0.215282 -11.5176)
(0.0504535 0.0504534 -11.4631)
)
;
    }
    block1_out
    {
        type            extrapolatedCalculated;
        value           nonuniform List<vector> 
100
(
(0.755551 0.755551 17.0127)
(0.309485 0.747002 13.8705)
(0.177665 0.468013 14.0038)
(-0.2569 0.264192 12.297)
(-0.334202 -0.270136 12.926)
(-0.083119 -0.344414 12.8038)
(-0.0366666 -0.110295 13.3428)
(-0.222755 0.505516 12.1035)
(-0.425209 0.12231 10.4976)
(-0.376955 -0.206852 11.0845)
(0.747003 0.309485 13.8705)
(0.169116 0.169116 12.9922)
(0.377403 -0.098372 13.2795)
(-0.168515 -0.247675 13.08)
(-0.467747 -0.0963546 13.9031)
(-0.405006 -0.0468781 12.7235)
(-0.0950405 -0.249931 13.0775)
(-0.244244 0.116974 12.6042)
(-0.466251 -0.0318893 11.8742)
(-0.326525 -0.158598 12.3195)
(0.468013 0.177665 14.0038)
(-0.0983719 0.377403 13.2795)
(0.130382 0.130382 12.2436)
(-0.344022 -0.580958 12.242)
(-0.263137 -0.506627 13.5215)
(-0.422848 0.0282928 12.9337)
(-0.240079 0.0504673 12.475)
(-0.248472 0.134306 11.8767)
(-0.353504 0.0400293 11.205)
(-0.079802 -0.0671264 11.3809)
(0.264192 -0.2569 12.297)
(-0.247675 -0.168515 13.08)
(-0.580958 -0.344022 12.242)
(-0.641195 -0.641195 13.3252)
(-0.200053 -0.175181 13.3275)
(-0.182388 -0.0238196 12.5689)
(-0.362659 -0.075555 12.2955)
(-0.353489 0.00354864 11.8178)
(-0.666157 0.136781 11.5254)
(-0.505657 0.115104 11.1682)
(-0.270136 -0.334202 12.926)
(-0.0963546 -0.467747 13.9031)
(-0.506627 -0.263137 13.5215)
(-0.175181 -0.200053 13.3275)
(-0.04782 -0.0478201 12.8419)
(-0.0599539 -0.134313 12.0213)
(-0.237867 -0.120634 12.0231)
(-0.248013 -0.169193 11.2647)
(-0.433872 -0.112139 12.0882)
(-0.695892 0.0933737 11.8075)
(-0.344414 -0.083119 12.8038)
(-0.0468781 -0.405006 12.7235)
(0.0282928 -0.422848 12.9337)
(-0.0238196 -0.182388 12.5689)
(-0.134313 -0.059954 12.0213)
(-0.213866 -0.213867 11.1693)
(-0.450491 -0.263615 11.3915)
(-0.745912 -0.192457 10.9228)
(-0.48755 -0.311097 11.4239)
(-0.687505 -0.146915 12.0204)
(-0.110295 -0.0366665 13.3428)
(-0.249931 -0.0950406 13.0775)
(0.0504674 -0.240079 12.475)
(-0.075555 -0.362659 12.2955)
(-0.120634 -0.237867 12.0231)
(-0.263615 -0.450491 11.3915)
(-0.652679 -0.652679 12.3064)
(-0.839615 -0.206252 12.6895)
(-0.6342 -0.0537317 12.0702)
(-0.315292 -0.106581 12.4236)
(0.505516 -0.222755 12.1035)
(0.116974 -0.244244 12.6042)
(0.134306 -0.248472 11.8767)
(0.00354862 -0.353489 11.8178)
(-0.169193 -0.248013 11.2647)
(-0.192457 -0.745912 10.9228)
(-0.206252 -0.839615 12.6895)
(-0.173977 -0.173977 12.6538)
(-0.308128 0.213225 11.89)
(-0.371639 0.171992 11.1274)
(0.12231 -0.425209 10.4976)
(-0.0318893 -0.466251 11.8742)
(0.0400294 -0.353504 11.205)
(0.136781 -0.666157 11.5254)
(-0.112139 -0.433872 12.0882)
(-0.311097 -0.48755 11.4239)
(-0.0537317 -0.6342 12.0702)
(0.213225 -0.308128 11.89)
(-0.251393 -0.251393 11.7778)
(-0.451142 -0.170092 12.2334)
(-0.206852 -0.376955 11.0845)
(-0.158598 -0.326525 12.3195)
(-0.0671263 -0.079802 11.3809)
(0.115104 -0.505657 11.1682)
(0.0933738 -0.695892 11.8075)
(-0.146915 -0.687505 12.0204)
(-0.106581 -0.315292 12.4236)
(0.171992 -0.371639 11.1274)
(-0.170092 -0.451142 12.2334)
(-0.0277561 -0.0277561 12.312)
)
;
    }
    block1_wall1
    {
        type            extrapolatedCalculated;
        value           nonuniform List<vector> 
200
(
(2.73556e-06 -1.12755 -9.5851)
(3.41969e-08 -1.12382 -10.9733)
(5.04402e-08 -0.300832 -11.02)
(5.89821e-08 -0.179108 -11.7738)
(6.25388e-08 -0.00146304 -11.7191)
(6.07167e-08 -0.170453 -12.0233)
(6.78501e-08 -0.637765 -11.9532)
(8.42588e-08 -1.58566 -12.5795)
(1.21282e-07 -1.64017 -13.6997)
(1.44903e-07 -0.648739 -14.4831)
(2.6623e-08 -0.216648 -12.752)
(4.80441e-08 -0.0612128 -11.7766)
(4.31186e-08 0.0958599 -11.6336)
(4.92233e-08 0.129889 -11.5861)
(4.42174e-08 0.254283 -11.4411)
(5.35459e-08 0.309774 -11.2722)
(5.35808e-08 0.248722 -11.188)
(5.42201e-08 -0.128918 -10.5116)
(6.72067e-08 -0.390224 -9.47116)
(7.12951e-08 -0.257539 -8.79191)
(2.78051e-08 -0.152161 -10.2514)
(2.22666e-08 -0.00547087 -10.1036)
(9.84958e-09 -0.110371 -10.302)
(3.20783e-08 0.0133478 -10.4091)
(2.36362e-08 0.312479 -10.3548)
(2.01635e-08 0.0827218 -10.4205)
(3.07934e-08 0.122775 -10.5453)
(3.1527e-08 0.131152 -10.5663)
(3.77076e-08 0.0795471 -10.3552)
(3.9068e-08 0.0305195 -9.9933)
(4.20202e-10 -0.0688806 -9.52251)
(-1.68627e-09 -0.111784 -9.55774)
(-4.13617e-09 -0.209597 -9.62946)
(-2.08547e-09 0.0770955 -9.493)
(-1.2604e-09 0.242855 -9.65681)
(3.61596e-10 0.119273 -9.69305)
(1.69069e-08 0.102963 -9.61518)
(8.67778e-09 0.061163 -9.60854)
(2.10204e-08 0.182764 -9.53292)
(1.21099e-08 0.104357 -9.46552)
(-2.32666e-08 -0.187388 -8.53342)
(-1.84812e-08 -0.112417 -8.53743)
(-2.01774e-08 -0.0456356 -8.47184)
(-2.23755e-08 -0.0140006 -8.54041)
(-1.96273e-08 0.112436 -8.60221)
(-1.96374e-08 0.124348 -8.61874)
(-1.1958e-08 0.207284 -8.63916)
(-8.65733e-10 0.213413 -8.59542)
(-8.50083e-09 0.222563 -8.49897)
(-1.40124e-09 0.0979156 -8.39296)
(-4.49049e-08 -0.072891 -7.2587)
(-3.41484e-08 -0.0502068 -7.14941)
(-4.951e-08 -0.212581 -7.26459)
(-3.39675e-08 -0.053268 -7.34764)
(-4.23457e-08 0.164525 -7.23684)
(-3.37001e-08 0.0823164 -7.32718)
(-2.80697e-08 0.12629 -7.31235)
(-3.20984e-08 0.201356 -7.35651)
(-3.02566e-08 0.385218 -7.32783)
(-3.6224e-08 0.210363 -7.15357)
(-6.05449e-08 -0.0780935 -5.8589)
(-6.565e-08 -0.118307 -5.97425)
(-6.47525e-08 -0.24387 -6.03089)
(-6.95636e-08 0.0137532 -5.92256)
(-6.33853e-08 0.132898 -5.97876)
(-5.42013e-08 0.0488375 -6.01533)
(-6.299e-08 0.177954 -5.95037)
(-5.64066e-08 0.197927 -5.98377)
(-5.73683e-08 0.425499 -6.01772)
(-5.36021e-08 0.272176 -5.86743)
(-6.95417e-08 -0.188242 -4.5624)
(-6.01688e-08 -0.222197 -4.59264)
(-7.45181e-08 -0.16089 -4.54382)
(-7.46706e-08 -0.00113509 -4.52189)
(-7.54675e-08 0.0717513 -4.63191)
(-6.97066e-08 0.110702 -4.52389)
(-8.30121e-08 0.157851 -4.55633)
(-6.61899e-08 0.134008 -4.5382)
(-7.04729e-08 0.501563 -4.50098)
(-7.69032e-08 0.360655 -4.39705)
(-8.45971e-08 -0.108331 -3.05999)
(-8.52889e-08 -0.0997287 -2.93573)
(-8.78547e-08 -0.173124 -2.86266)
(-8.81133e-08 -0.074334 -3.00301)
(-8.60141e-08 0.130903 -2.97339)
(-8.30027e-08 0.12442 -2.9453)
(-7.95135e-08 0.16364 -2.969)
(-9.53655e-08 0.253278 -2.81084)
(-9.42789e-08 0.566651 -2.79221)
(-9.64581e-08 0.376103 -2.79404)
(-1.0566e-07 -0.0639786 -1.00714)
(-9.11934e-08 -0.0248645 -0.995317)
(-1.03388e-07 -0.228167 -1.00803)
(-9.77671e-08 -0.11186 -1.14326)
(-9.97509e-08 0.129459 -1.08193)
(-1.05188e-07 0.11509 -1.14139)
(-1.06437e-07 0.292309 -1.0676)
(-9.74412e-08 0.310797 -1.02019)
(-1.08408e-07 0.518363 -1.06658)
(-1.23192e-07 0.358823 -1.01928)
(-1.20143e-07 -0.0965124 0.908399)
(-1.10486e-07 -0.100628 0.875502)
(-1.21802e-07 -0.321069 0.755547)
(-1.11706e-07 -0.148225 0.797696)
(-1.1884e-07 0.132777 0.755493)
(-1.17654e-07 0.138746 0.795748)
(-1.27392e-07 0.284838 0.794428)
(-1.22038e-07 0.2543 0.748311)
(-1.22749e-07 0.567556 0.791422)
(-1.30152e-07 0.423397 0.894458)
(-1.25367e-07 -0.0968752 2.57318)
(-1.27509e-07 -0.177716 2.59391)
(-1.27823e-07 -0.305973 2.57288)
(-1.26829e-07 -0.111915 2.66361)
(-1.35573e-07 0.12751 2.63893)
(-1.36363e-07 0.154025 2.68053)
(-1.39013e-07 0.244872 2.59909)
(-1.37691e-07 0.30779 2.6389)
(-1.51352e-07 0.66451 2.71299)
(-1.52456e-07 0.461859 2.67827)
(-1.54405e-07 -0.0757872 4.47028)
(-1.50828e-07 -0.100929 4.49702)
(-1.41555e-07 -0.251364 4.58369)
(-1.51014e-07 -0.0821742 4.51745)
(-1.62662e-07 0.149691 4.58156)
(-1.61867e-07 0.0989071 4.53435)
(-1.70056e-07 0.243216 4.46367)
(-1.68454e-07 0.368199 4.48547)
(-1.78681e-07 0.606925 4.46129)
(-1.75603e-07 0.388679 4.31488)
(-1.71977e-07 -0.0701342 6.28402)
(-1.62156e-07 -0.0643036 6.35604)
(-1.78457e-07 -0.285546 6.30196)
(-1.82197e-07 -0.114046 6.26772)
(-1.75693e-07 0.144417 6.26719)
(-1.79547e-07 0.0361364 6.23467)
(-1.81623e-07 0.19599 6.18523)
(-1.83713e-07 0.305404 6.11726)
(-1.89518e-07 0.49392 6.02287)
(-1.87123e-07 0.315456 5.87432)
(-2.00983e-07 -0.00376826 7.7111)
(-2.03037e-07 -0.082992 7.75449)
(-1.92994e-07 -0.33968 7.68641)
(-1.99871e-07 -0.116942 7.76006)
(-2.10559e-07 0.116636 7.66088)
(-2.08638e-07 0.0169447 7.69876)
(-2.05705e-07 0.125803 7.65705)
(-2.00044e-07 0.205842 7.55067)
(-2.2938e-07 0.363987 7.3996)
(-2.17439e-07 0.240126 7.24902)
(-2.13415e-07 -0.0267407 8.89789)
(-2.24219e-07 -0.0889887 8.87792)
(-2.20387e-07 -0.279976 9.00877)
(-2.256e-07 -0.139578 9.07726)
(-2.26861e-07 0.083115 8.96059)
(-2.37212e-07 0.0323088 8.95232)
(-2.41652e-07 0.0479067 8.86349)
(-2.25345e-07 0.0479551 8.75204)
(-2.47531e-07 0.192269 8.66504)
(-2.28242e-07 0.164877 8.48201)
(-2.40876e-07 -0.0237356 9.91014)
(-2.38579e-07 0.0278882 10.0721)
(-2.53412e-07 -0.140338 10.117)
(-2.5132e-07 -0.165121 10.2094)
(-2.53868e-07 -0.00830717 10.0534)
(-2.57794e-07 -0.0801526 9.95371)
(-2.66351e-07 -0.0744786 9.8338)
(-2.47139e-07 0.00738972 9.84989)
(-2.67557e-07 0.0939586 9.874)
(-2.5986e-07 0.0570958 9.5449)
(-2.57348e-07 0.135236 10.602)
(-2.64098e-07 0.117832 11.1459)
(-2.72466e-07 -0.142671 10.8714)
(-2.66979e-07 -0.203122 11.0149)
(-2.64365e-07 -0.17259 10.8328)
(-2.75803e-07 -0.187305 10.801)
(-2.72328e-07 -0.0559209 10.7158)
(-2.83911e-07 0.0881547 10.8185)
(-2.95454e-07 -0.112721 10.8139)
(-2.91373e-07 -0.164226 10.5917)
(-2.64337e-07 0.520167 10.2337)
(-2.95311e-07 0.297274 10.854)
(-2.87651e-07 -0.271289 10.8629)
(-3.05977e-07 -0.203718 11.4647)
(-3.08071e-07 -0.222231 11.3302)
(-3.1779e-07 -0.197154 11.3672)
(-2.9296e-07 -0.0569715 11.1731)
(-3.16534e-07 0.105524 11.3128)
(-3.24958e-07 -0.132808 11.5905)
(-3.1943e-07 -0.165059 11.5478)
(-2.69578e-07 0.755551 13.3339)
(-2.94378e-07 0.747002 11.9981)
(-3.03082e-07 0.468013 12.2791)
(-3.09186e-07 0.264192 11.9507)
(-3.24852e-07 -0.270136 12.2081)
(-3.2696e-07 -0.344414 12.1561)
(-3.28664e-07 -0.110295 12.2693)
(-3.38011e-07 0.505516 11.7527)
(-3.64819e-07 0.12231 11.2466)
(-3.61877e-07 -0.206852 11.4983)
)
;
    }
    block1_wall2
    {
        type            extrapolatedCalculated;
        value           nonuniform List<vector> 
200
(
(1.08243 -1.44903e-07 -14.4831)
(0.197511 -7.12951e-08 -8.79191)
(0.0966663 -3.9068e-08 -9.9933)
(-0.0612707 -1.21099e-08 -9.46552)
(-0.164916 1.40124e-09 -8.39296)
(-0.279123 3.6224e-08 -7.15357)
(-0.369024 5.36021e-08 -5.86743)
(-0.430757 7.69032e-08 -4.39705)
(-0.487261 9.64581e-08 -2.79404)
(-0.441884 1.23192e-07 -1.01928)
(-0.390457 1.30152e-07 0.894458)
(-0.424327 1.52456e-07 2.67827)
(-0.406661 1.75603e-07 4.31488)
(-0.337433 1.87123e-07 5.87432)
(-0.284566 2.17439e-07 7.24902)
(-0.11998 2.28242e-07 8.48201)
(-0.0684241 2.5986e-07 9.5449)
(-0.182749 2.91373e-07 10.5917)
(-0.352647 3.1943e-07 11.5478)
(-0.376955 3.61877e-07 11.4983)
(1.33928 -1.14947e-07 -13.0769)
(0.149791 -5.77483e-08 -9.77767)
(-0.0500364 -3.96951e-08 -10.2521)
(-0.0975224 -9.3182e-09 -9.72711)
(-0.108469 1.55209e-08 -8.61081)
(-0.251317 1.26206e-08 -7.35768)
(-0.368176 4.20956e-08 -6.01906)
(-0.431026 6.63638e-08 -4.51528)
(-0.436921 9.16996e-08 -2.80517)
(-0.347357 1.07697e-07 -0.922481)
(-0.333673 1.21017e-07 0.912016)
(-0.369478 1.55182e-07 2.66207)
(-0.287242 1.84945e-07 4.40178)
(-0.279181 1.9052e-07 5.99641)
(-0.353384 2.17367e-07 7.46648)
(-0.295746 2.49908e-07 8.69815)
(-0.149777 2.72065e-07 9.48213)
(-0.157141 2.72369e-07 10.3075)
(-0.393354 2.88919e-07 11.3536)
(-0.326525 3.44334e-07 12.0915)
(0.459848 -1.15009e-07 -12.7091)
(-0.0933341 -6.60644e-08 -10.1812)
(-0.251179 -3.77475e-08 -10.2406)
(-0.0656274 -2.30351e-08 -9.52396)
(0.00524806 -4.38298e-09 -8.54676)
(-0.0604754 2.48663e-08 -7.41328)
(-0.0841006 3.75389e-08 -6.04714)
(-0.0659214 6.11464e-08 -4.46579)
(0.00136007 9.27803e-08 -2.71037)
(0.0287976 1.09694e-07 -0.916037)
(0.00787705 1.1461e-07 0.872337)
(0.0981109 1.51323e-07 2.7247)
(0.179635 1.75515e-07 4.40518)
(0.108096 1.85398e-07 5.80818)
(0.0154424 2.16822e-07 7.23246)
(-0.219472 2.34592e-07 8.68562)
(-0.167981 2.72645e-07 9.6835)
(-0.132501 2.68717e-07 10.3482)
(-0.125846 2.78655e-07 11.3784)
(-0.079802 3.5175e-07 11.7133)
(0.564399 -1.15466e-07 -12.4887)
(-0.00959457 -7.20577e-08 -10.4887)
(-0.0478199 -4.02756e-08 -10.2244)
(0.000543579 -3.00387e-08 -9.47068)
(-0.0984071 -6.25068e-09 -8.60566)
(-0.124186 2.07859e-08 -7.44703)
(-0.0994775 3.65121e-08 -6.02451)
(-0.0760081 5.97925e-08 -4.42982)
(-0.0650661 8.52133e-08 -2.71045)
(-0.0835654 1.05189e-07 -0.915964)
(-0.0439733 1.2351e-07 0.981329)
(0.0482804 1.33121e-07 2.83383)
(0.00867192 1.81632e-07 4.41176)
(-0.00812906 2.01127e-07 5.83222)
(-0.00942096 2.23695e-07 7.13891)
(-0.165508 2.44552e-07 8.51473)
(-0.283727 2.74891e-07 9.5691)
(-0.342771 2.76875e-07 10.3496)
(-0.489215 2.85033e-07 11.4063)
(-0.505657 3.46448e-07 11.5619)
(0.476987 -1.10911e-07 -12.0176)
(0.0245049 -7.62376e-08 -10.7934)
(0.065749 -5.02401e-08 -10.2305)
(0.0111833 -2.84001e-08 -9.57454)
(-0.067815 -5.84632e-09 -8.67149)
(-0.0250487 1.24742e-08 -7.41435)
(0.0254502 4.238e-08 -5.99896)
(0.0483893 6.61932e-08 -4.43138)
(0.0599644 7.8544e-08 -2.71793)
(0.106141 1.00874e-07 -0.894944)
(0.150875 1.19278e-07 1.00418)
(0.142657 1.44052e-07 2.77735)
(0.111218 1.78152e-07 4.34877)
(0.0465511 2.01785e-07 5.79008)
(-0.0950193 2.28722e-07 7.07508)
(-0.14305 2.3621e-07 8.41131)
(-0.311376 2.68447e-07 9.50624)
(-0.341518 2.82698e-07 10.1427)
(-0.661481 2.9069e-07 11.2156)
(-0.695892 3.35174e-07 11.9102)
(0.183812 -1.03821e-07 -11.7032)
(0.0359444 -8.72082e-08 -10.8999)
(0.0105128 -6.53713e-08 -10.2377)
(-0.0868712 -3.1635e-08 -9.60424)
(-0.0954354 -1.77056e-08 -8.64189)
(-0.0610959 8.08162e-09 -7.35376)
(-0.0265343 2.97784e-08 -5.95107)
(-0.00883532 5.49215e-08 -4.39531)
(0.0376108 7.65225e-08 -2.6527)
(0.113735 9.92509e-08 -0.825054)
(0.146258 1.24345e-07 1.01785)
(0.117407 1.62344e-07 2.79417)
(0.0697927 1.77062e-07 4.31566)
(-0.0519834 1.96787e-07 5.62598)
(-0.146516 2.25261e-07 6.94931)
(-0.252852 2.31409e-07 8.29837)
(-0.431983 2.64048e-07 9.37063)
(-0.483545 2.70641e-07 9.99954)
(-0.398898 2.85695e-07 11.0519)
(-0.687505 3.22245e-07 11.9536)
(-0.46634 -1.10989e-07 -11.3017)
(-0.13639 -9.22835e-08 -10.9667)
(-0.0506552 -6.30489e-08 -10.3533)
(-0.00346338 -4.90074e-08 -9.68049)
(0.127703 -1.72941e-08 -8.64571)
(0.214816 5.38462e-09 -7.34545)
(0.21231 3.22161e-08 -5.9467)
(0.201322 4.13245e-08 -4.36724)
(0.329123 8.01381e-08 -2.59536)
(0.415212 9.13893e-08 -0.786297)
(0.321818 1.21359e-07 1.00786)
(0.219305 1.45378e-07 2.70088)
(0.115908 1.76815e-07 4.17938)
(0.0728725 2.01151e-07 5.57378)
(0.052019 2.22559e-07 6.87421)
(-0.137223 2.3316e-07 8.12584)
(-0.163949 2.33356e-07 9.27554)
(-0.224311 2.71659e-07 10.1758)
(-0.249603 2.91298e-07 11.0116)
(-0.315292 3.07932e-07 11.9296)
(-0.36974 -1.11898e-07 -11.6162)
(-0.183996 -1.02145e-07 -10.4842)
(-0.195299 -7.46076e-08 -10.1048)
(-0.00189723 -4.64997e-08 -9.42588)
(0.239786 -1.59064e-08 -8.42361)
(0.312896 -2.70243e-09 -7.26916)
(0.310565 3.10705e-08 -5.96457)
(0.407278 5.1525e-08 -4.2785)
(0.525155 7.53336e-08 -2.43881)
(0.452111 1.06381e-07 -0.83236)
(0.329523 1.23098e-07 0.821939)
(0.301076 1.50601e-07 2.58826)
(0.263977 1.79034e-07 4.16922)
(0.23952 2.06608e-07 5.56209)
(0.131886 2.15251e-07 6.73921)
(0.0815505 2.25019e-07 8.0824)
(0.159353 2.52493e-07 9.28354)
(-0.0197725 2.58479e-07 9.91389)
(-0.242383 2.90556e-07 10.961)
(-0.371639 2.94799e-07 11.4414)
(0.215282 -1.24528e-07 -11.2327)
(-0.0760041 -1.1076e-07 -10.7923)
(-0.138195 -7.5262e-08 -10.1712)
(-0.0464031 -5.25398e-08 -9.24541)
(0.0392767 -1.76269e-08 -8.33092)
(0.0936988 6.95841e-09 -7.27467)
(0.187483 2.94744e-08 -5.85232)
(0.238997 5.17076e-08 -4.15265)
(0.259178 7.82696e-08 -2.55053)
(0.162024 1.0732e-07 -0.981929)
(0.114797 1.12446e-07 0.85682)
(0.208018 1.52224e-07 2.63534)
(0.242329 1.75181e-07 4.11782)
(0.0623186 1.88696e-07 5.44168)
(0.0951149 2.11547e-07 6.71624)
(0.170879 2.21904e-07 8.15331)
(0.124135 2.57968e-07 9.17422)
(-0.180096 2.61766e-07 9.77402)
(-0.0862745 2.81942e-07 10.6597)
(-0.451142 3.03602e-07 11.7053)
(0.0504535 -1.25095e-07 -11.3317)
(-0.0758572 -1.0473e-07 -10.8377)
(0.00502793 -8.34435e-08 -10.0752)
(0.0201659 -6.32768e-08 -9.24841)
(0.00202181 -1.89296e-08 -8.28351)
(0.0675711 4.72221e-10 -7.12095)
(0.155742 2.91125e-08 -5.81927)
(0.10062 3.79672e-08 -4.2068)
(0.101586 8.0172e-08 -2.51578)
(0.135367 9.67092e-08 -0.97674)
(0.106775 1.21669e-07 0.867932)
(0.146479 1.46475e-07 2.71579)
(0.187231 1.75583e-07 4.02352)
(0.0521787 1.97256e-07 5.41488)
(0.160427 2.04894e-07 6.84777)
(0.18371 2.3124e-07 8.11142)
(0.11854 2.45041e-07 8.93257)
(-0.0579452 2.50448e-07 9.70348)
(0.0479986 2.88785e-07 10.6899)
(-0.0277561 2.98786e-07 11.6688)
)
;
    }
    block1_wall3
    {
        type            extrapolatedCalculated;
        value           nonuniform List<vector> 
200
(
(-1.36419e-07 1.08243 -14.4831)
(-1.08852e-07 1.33928 -13.0769)
(-1.15513e-07 0.459848 -12.7091)
(-1.11918e-07 0.564399 -12.4887)
(-1.06303e-07 0.476987 -12.0176)
(-1.10332e-07 0.183812 -11.7032)
(-1.08854e-07 -0.46634 -11.3017)
(-1.32692e-07 -0.36974 -11.6162)
(-1.31024e-07 0.215282 -11.2327)
(-1.25095e-07 0.0504534 -11.3317)
(-7.56081e-08 0.197511 -8.79191)
(-6.04121e-08 0.149791 -9.77767)
(-7.15319e-08 -0.0933341 -10.1812)
(-7.79496e-08 -0.00959456 -10.4887)
(-7.04976e-08 0.024505 -10.7934)
(-7.82338e-08 0.0359445 -10.8999)
(-8.97769e-08 -0.13639 -10.9667)
(-9.13875e-08 -0.183996 -10.4842)
(-9.98816e-08 -0.0760041 -10.7923)
(-1.0473e-07 -0.0758572 -10.8377)
(-4.70865e-08 0.0966663 -9.9933)
(-3.53364e-08 -0.0500364 -10.2521)
(-4.20271e-08 -0.251179 -10.2406)
(-4.70356e-08 -0.0478199 -10.2244)
(-5.29567e-08 0.0657489 -10.2305)
(-5.07209e-08 0.0105129 -10.2377)
(-6.45422e-08 -0.0506552 -10.3533)
(-8.07451e-08 -0.195299 -10.1048)
(-7.48319e-08 -0.138195 -10.1712)
(-8.34435e-08 0.00502791 -10.0752)
(-1.84946e-08 -0.0612707 -9.46552)
(-1.84205e-08 -0.0975223 -9.72711)
(-2.3317e-08 -0.0656273 -9.52396)
(-2.59032e-08 0.000543639 -9.47068)
(-2.67713e-08 0.0111833 -9.57454)
(-4.03046e-08 -0.0868713 -9.60424)
(-3.81517e-08 -0.00346338 -9.68049)
(-4.71421e-08 -0.00189713 -9.42588)
(-5.50328e-08 -0.046403 -9.24541)
(-6.32768e-08 0.0201659 -9.24841)
(2.38316e-09 -0.164916 -8.39296)
(1.01113e-09 -0.108469 -8.61081)
(4.61597e-09 0.00524806 -8.54676)
(-4.88533e-09 -0.098407 -8.60566)
(-9.09466e-09 -0.0678149 -8.67149)
(-1.51195e-08 -0.0954354 -8.64189)
(-2.50878e-08 0.127703 -8.64571)
(-1.65914e-08 0.239786 -8.42361)
(-1.86913e-08 0.0392767 -8.33092)
(-1.89296e-08 0.00202181 -8.28351)
(2.93127e-08 -0.279123 -7.15357)
(2.10098e-08 -0.251317 -7.35768)
(1.85659e-08 -0.0604754 -7.41328)
(2.43808e-08 -0.124186 -7.44703)
(2.80392e-08 -0.0250487 -7.41435)
(1.38182e-08 -0.0610959 -7.35376)
(1.40571e-09 0.214816 -7.34545)
(8.11363e-09 0.312896 -7.26916)
(-1.22917e-09 0.0936987 -7.27467)
(4.72221e-10 0.0675711 -7.12095)
(5.11079e-08 -0.369024 -5.86743)
(4.41044e-08 -0.368176 -6.01906)
(3.65115e-08 -0.0841006 -6.04714)
(4.38207e-08 -0.0994775 -6.02451)
(3.02107e-08 0.0254501 -5.99896)
(2.62531e-08 -0.0265343 -5.95107)
(3.56735e-08 0.21231 -5.9467)
(3.40128e-08 0.310565 -5.96457)
(2.67347e-08 0.187483 -5.85232)
(2.91125e-08 0.155742 -5.81927)
(8.33249e-08 -0.430757 -4.39705)
(6.71765e-08 -0.431026 -4.51528)
(6.7854e-08 -0.0659214 -4.46579)
(5.72508e-08 -0.0760082 -4.42982)
(6.00164e-08 0.0483892 -4.43138)
(5.91349e-08 -0.0088354 -4.39531)
(5.43017e-08 0.201322 -4.36724)
(4.87773e-08 0.407278 -4.2785)
(5.00537e-08 0.238997 -4.15265)
(3.79672e-08 0.10062 -4.2068)
(9.15327e-08 -0.487261 -2.79404)
(7.19824e-08 -0.436921 -2.80517)
(8.23901e-08 0.00136002 -2.71037)
(8.93453e-08 -0.0650661 -2.71045)
(7.28141e-08 0.0599645 -2.71793)
(8.7848e-08 0.0376108 -2.6527)
(7.4282e-08 0.329123 -2.59536)
(7.5749e-08 0.525155 -2.43881)
(7.56986e-08 0.259178 -2.55053)
(8.0172e-08 0.101586 -2.51578)
(1.10116e-07 -0.441884 -1.01928)
(1.03301e-07 -0.347357 -0.922481)
(9.97485e-08 0.0287976 -0.916037)
(1.18004e-07 -0.0835656 -0.915964)
(1.07442e-07 0.106141 -0.894944)
(1.01536e-07 0.113735 -0.825054)
(9.86329e-08 0.415211 -0.786297)
(1.15396e-07 0.452111 -0.83236)
(1.05197e-07 0.162024 -0.981929)
(9.67092e-08 0.135367 -0.97674)
(1.29888e-07 -0.390458 0.894458)
(1.33735e-07 -0.333673 0.912016)
(1.32334e-07 0.00787712 0.872337)
(1.31247e-07 -0.0439733 0.981329)
(1.20582e-07 0.150875 1.00418)
(1.13456e-07 0.146258 1.01785)
(1.1256e-07 0.321818 1.00786)
(1.28922e-07 0.329523 0.821939)
(1.22355e-07 0.114797 0.85682)
(1.21669e-07 0.106775 0.867932)
(1.58284e-07 -0.424327 2.67827)
(1.39111e-07 -0.369478 2.66207)
(1.4122e-07 0.0981109 2.7247)
(1.60832e-07 0.0482803 2.83383)
(1.45068e-07 0.142657 2.77735)
(1.57688e-07 0.117407 2.79417)
(1.47343e-07 0.219305 2.70088)
(1.53955e-07 0.301076 2.58826)
(1.49572e-07 0.208018 2.63534)
(1.46475e-07 0.146479 2.71579)
(1.76271e-07 -0.406661 4.31488)
(1.78314e-07 -0.287242 4.40178)
(1.67123e-07 0.179635 4.40518)
(1.7666e-07 0.00867181 4.41176)
(1.79532e-07 0.111218 4.34877)
(1.88094e-07 0.0697927 4.31566)
(1.83508e-07 0.115908 4.17938)
(1.79974e-07 0.263977 4.16922)
(1.75778e-07 0.242329 4.11782)
(1.75583e-07 0.187231 4.02352)
(2.01162e-07 -0.337433 5.87432)
(1.8582e-07 -0.279181 5.99641)
(2.05769e-07 0.108096 5.80818)
(2.10291e-07 -0.00812909 5.83222)
(2.12344e-07 0.0465511 5.79008)
(2.12637e-07 -0.0519833 5.62598)
(2.08792e-07 0.0728725 5.57378)
(2.0567e-07 0.23952 5.56209)
(2.00412e-07 0.0623186 5.44168)
(1.97256e-07 0.0521787 5.41488)
(2.23557e-07 -0.284566 7.24902)
(2.11486e-07 -0.353384 7.46648)
(2.21859e-07 0.0154425 7.23246)
(2.22523e-07 -0.00942095 7.13891)
(2.16116e-07 -0.0950193 7.07508)
(2.3309e-07 -0.146516 6.94931)
(2.14178e-07 0.052019 6.87421)
(2.17314e-07 0.131886 6.73921)
(2.14959e-07 0.0951148 6.71624)
(2.04894e-07 0.160427 6.84777)
(2.32597e-07 -0.11998 8.48201)
(2.38529e-07 -0.295746 8.69815)
(2.37492e-07 -0.219472 8.68562)
(2.36524e-07 -0.165508 8.51473)
(2.29061e-07 -0.14305 8.41131)
(2.44646e-07 -0.252852 8.29837)
(2.25078e-07 -0.137223 8.12584)
(2.30796e-07 0.0815505 8.0824)
(2.27398e-07 0.170879 8.15331)
(2.3124e-07 0.18371 8.11142)
(2.62613e-07 -0.0684242 9.5449)
(2.76434e-07 -0.149777 9.48213)
(2.4918e-07 -0.167981 9.6835)
(2.58006e-07 -0.283727 9.5691)
(2.44989e-07 -0.311376 9.50624)
(2.5866e-07 -0.431983 9.37063)
(2.6346e-07 -0.163949 9.27554)
(2.46297e-07 0.159353 9.28354)
(2.4326e-07 0.124135 9.17422)
(2.45041e-07 0.11854 8.93257)
(2.86903e-07 -0.18275 10.5917)
(2.85656e-07 -0.157141 10.3075)
(2.7643e-07 -0.132501 10.3482)
(2.70782e-07 -0.342771 10.3496)
(2.77935e-07 -0.341518 10.1427)
(2.73516e-07 -0.483545 9.99954)
(2.77588e-07 -0.224311 10.1758)
(2.72838e-07 -0.0197725 9.91389)
(2.68228e-07 -0.180096 9.77402)
(2.50448e-07 -0.0579452 9.70348)
(3.20782e-07 -0.352647 11.5478)
(2.96966e-07 -0.393354 11.3536)
(3.00372e-07 -0.125846 11.3784)
(2.99397e-07 -0.489215 11.4063)
(2.98646e-07 -0.661481 11.2156)
(2.83556e-07 -0.398898 11.0519)
(2.95092e-07 -0.249603 11.0116)
(2.91164e-07 -0.242383 10.961)
(2.82173e-07 -0.0862746 10.6597)
(2.88785e-07 0.0479985 10.6899)
(3.57554e-07 -0.376955 11.4983)
(3.34404e-07 -0.326525 12.0915)
(3.38372e-07 -0.079802 11.7133)
(3.48538e-07 -0.505657 11.5619)
(3.28667e-07 -0.695892 11.9102)
(3.24363e-07 -0.687505 11.9536)
(3.09425e-07 -0.315292 11.9296)
(3.22272e-07 -0.371639 11.4414)
(3.01739e-07 -0.451142 11.7053)
(2.98786e-07 -0.0277561 11.6688)
)
;
    }
    block1_wall4
    {
        type            extrapolatedCalculated;
        value           nonuniform List<vector> 
200
(
(-1.12755 2.73556e-06 -9.5851)
(-0.216648 2.6623e-08 -12.752)
(-0.152161 2.78051e-08 -10.2514)
(-0.0688806 4.20202e-10 -9.52251)
(-0.187388 -2.32666e-08 -8.53342)
(-0.0728911 -4.49049e-08 -7.2587)
(-0.0780935 -6.05449e-08 -5.8589)
(-0.188242 -6.95417e-08 -4.5624)
(-0.108331 -8.45971e-08 -3.05999)
(-0.0639787 -1.0566e-07 -1.00714)
(-0.0965125 -1.20143e-07 0.908399)
(-0.0968752 -1.25367e-07 2.57318)
(-0.0757873 -1.54405e-07 4.47028)
(-0.0701343 -1.71977e-07 6.28402)
(-0.00376837 -2.00983e-07 7.7111)
(-0.0267407 -2.13415e-07 8.89789)
(-0.0237355 -2.40876e-07 9.91014)
(0.135236 -2.57348e-07 10.602)
(0.520168 -2.64337e-07 10.2337)
(0.755551 -2.69578e-07 13.3339)
(-1.12382 1.73552e-07 -10.9733)
(-0.0612128 3.51551e-08 -11.7766)
(-0.00547083 2.29695e-08 -10.1036)
(-0.111784 -1.06061e-08 -9.55774)
(-0.112417 -2.03271e-08 -8.53743)
(-0.0502068 -4.93558e-08 -7.14941)
(-0.118307 -7.17508e-08 -5.97425)
(-0.222197 -8.0215e-08 -4.59264)
(-0.0997287 -8.46503e-08 -2.93573)
(-0.0248645 -9.2273e-08 -0.995317)
(-0.100628 -1.07429e-07 0.875502)
(-0.177716 -1.32378e-07 2.59391)
(-0.100929 -1.45729e-07 4.49702)
(-0.0643035 -1.68371e-07 6.35604)
(-0.0829921 -2.0343e-07 7.75449)
(-0.0889887 -2.15112e-07 8.87792)
(0.0278882 -2.31963e-07 10.0721)
(0.117832 -2.72451e-07 11.1459)
(0.297274 -2.96419e-07 10.854)
(0.747003 -2.90693e-07 11.9981)
(-0.300832 4.39567e-08 -11.02)
(0.0958598 4.49025e-08 -11.6336)
(-0.110371 1.64325e-08 -10.302)
(-0.209597 3.88189e-09 -9.62946)
(-0.0456355 -1.77388e-08 -8.47184)
(-0.212581 -4.25492e-08 -7.26459)
(-0.24387 -7.12678e-08 -6.03089)
(-0.16089 -6.36282e-08 -4.54382)
(-0.173124 -9.32091e-08 -2.86266)
(-0.228167 -1.0539e-07 -1.00804)
(-0.321069 -1.24759e-07 0.755547)
(-0.305973 -1.38784e-07 2.57288)
(-0.251364 -1.54567e-07 4.58369)
(-0.285546 -1.82379e-07 6.30196)
(-0.33968 -1.98051e-07 7.68641)
(-0.279976 -2.26541e-07 9.00877)
(-0.140338 -2.37499e-07 10.117)
(-0.142671 -2.6838e-07 10.8714)
(-0.271289 -2.96985e-07 10.8629)
(0.468013 -3.06018e-07 12.2791)
(-0.179108 5.96396e-08 -11.7738)
(0.129888 5.40298e-08 -11.5861)
(0.0133477 3.34839e-08 -10.4091)
(0.0770954 -7.72914e-09 -9.493)
(-0.0140007 -1.35118e-08 -8.54041)
(-0.053268 -4.12191e-08 -7.34764)
(0.0137532 -5.39595e-08 -5.92256)
(-0.00113511 -8.0722e-08 -4.52189)
(-0.0743341 -9.34832e-08 -3.00301)
(-0.11186 -1.03395e-07 -1.14326)
(-0.148225 -1.26978e-07 0.797696)
(-0.111915 -1.25037e-07 2.66361)
(-0.0821743 -1.53622e-07 4.51745)
(-0.114046 -1.86995e-07 6.26772)
(-0.116942 -1.95584e-07 7.76006)
(-0.139578 -2.19592e-07 9.07726)
(-0.165121 -2.29663e-07 10.2094)
(-0.203122 -2.70859e-07 11.0149)
(-0.203718 -3.07395e-07 11.4647)
(0.264192 -3.30077e-07 11.9507)
(-0.00146309 4.88308e-08 -11.7191)
(0.254283 4.84606e-08 -11.4411)
(0.312479 2.19929e-08 -10.3548)
(0.242855 -6.36529e-09 -9.65681)
(0.112436 -1.49404e-08 -8.6022)
(0.164525 -4.66462e-08 -7.23684)
(0.132898 -6.1067e-08 -5.97876)
(0.0717514 -6.35351e-08 -4.63191)
(0.130903 -9.40136e-08 -2.97339)
(0.129459 -1.01459e-07 -1.08193)
(0.132777 -1.17951e-07 0.755493)
(0.12751 -1.51925e-07 2.63893)
(0.149691 -1.52281e-07 4.58156)
(0.144417 -1.9894e-07 6.26719)
(0.116636 -2.11185e-07 7.66088)
(0.083115 -2.18373e-07 8.96059)
(-0.00830718 -2.43503e-07 10.0534)
(-0.17259 -2.65055e-07 10.8328)
(-0.222231 -2.90418e-07 11.3302)
(-0.270136 -3.20964e-07 12.2081)
(-0.170453 6.27816e-08 -12.0233)
(0.309774 5.16139e-08 -11.2722)
(0.0827217 2.36917e-08 -10.4205)
(0.119273 5.25429e-09 -9.69305)
(0.124348 -9.70471e-09 -8.61874)
(0.0823164 -3.00474e-08 -7.32718)
(0.0488375 -5.71552e-08 -6.01533)
(0.110702 -7.77538e-08 -4.52389)
(0.12442 -7.78696e-08 -2.9453)
(0.11509 -1.00594e-07 -1.14139)
(0.138746 -1.22827e-07 0.795748)
(0.154025 -1.48097e-07 2.68053)
(0.0989072 -1.56351e-07 4.53435)
(0.0361364 -1.86622e-07 6.23467)
(0.0169449 -2.02204e-07 7.69876)
(0.0323088 -2.27135e-07 8.95232)
(-0.0801526 -2.62059e-07 9.95371)
(-0.187305 -2.66727e-07 10.801)
(-0.197154 -3.06808e-07 11.3672)
(-0.344414 -3.41213e-07 12.1561)
(-0.637765 7.27936e-08 -11.9532)
(0.248722 5.41007e-08 -11.188)
(0.122775 3.27928e-08 -10.5453)
(0.102963 6.34534e-09 -9.61518)
(0.207284 -1.56962e-08 -8.63916)
(0.12629 -3.06086e-08 -7.31235)
(0.177954 -4.4916e-08 -5.95037)
(0.157851 -6.03591e-08 -4.55633)
(0.16364 -9.38393e-08 -2.969)
(0.292309 -1.1138e-07 -1.0676)
(0.284838 -1.10379e-07 0.794428)
(0.244872 -1.44352e-07 2.59909)
(0.243216 -1.65044e-07 4.46367)
(0.19599 -1.83385e-07 6.18523)
(0.125804 -2.17157e-07 7.65705)
(0.0479068 -2.3074e-07 8.86349)
(-0.0744785 -2.68344e-07 9.8338)
(-0.0559209 -2.91965e-07 10.7158)
(-0.0569715 -3.0383e-07 11.1731)
(-0.110295 -3.17929e-07 12.2693)
(-1.58566 9.1605e-08 -12.5795)
(-0.128918 4.3333e-08 -10.5116)
(0.131152 3.55047e-08 -10.5663)
(0.0611631 8.80264e-09 -9.60854)
(0.213413 -7.75374e-09 -8.59542)
(0.201356 -3.402e-08 -7.35651)
(0.197927 -5.95959e-08 -5.98377)
(0.134008 -6.42761e-08 -4.5382)
(0.253278 -9.887e-08 -2.81084)
(0.310797 -1.08647e-07 -1.02019)
(0.2543 -1.15124e-07 0.748311)
(0.30779 -1.46845e-07 2.6389)
(0.368199 -1.73806e-07 4.48547)
(0.305404 -1.97879e-07 6.11726)
(0.205842 -2.07892e-07 7.55067)
(0.0479551 -2.37765e-07 8.75204)
(0.00738971 -2.4939e-07 9.84989)
(0.0881547 -2.82362e-07 10.8185)
(0.105524 -3.18652e-07 11.3128)
(0.505516 -3.50104e-07 11.7527)
(-1.64017 1.29922e-07 -13.6997)
(-0.390224 6.23801e-08 -9.47116)
(0.079547 3.13501e-08 -10.3552)
(0.182764 9.79781e-09 -9.53292)
(0.222563 -6.35766e-09 -8.49897)
(0.385218 -4.0756e-08 -7.32783)
(0.425499 -3.98354e-08 -6.01772)
(0.501563 -7.63988e-08 -4.50098)
(0.566651 -8.58004e-08 -2.79221)
(0.518363 -1.12725e-07 -1.06658)
(0.567556 -1.15682e-07 0.791422)
(0.66451 -1.50123e-07 2.71299)
(0.606926 -1.69082e-07 4.46129)
(0.49392 -1.97118e-07 6.02287)
(0.363987 -2.16276e-07 7.3996)
(0.192269 -2.31827e-07 8.66504)
(0.0939586 -2.64458e-07 9.874)
(-0.112721 -2.95959e-07 10.8139)
(-0.132808 -3.30267e-07 11.5905)
(0.12231 -3.63729e-07 11.2466)
(-0.648739 1.36419e-07 -14.4831)
(-0.257539 7.56081e-08 -8.79191)
(0.0305194 4.70865e-08 -9.9933)
(0.104357 1.84946e-08 -9.46552)
(0.0979156 -2.38316e-09 -8.39296)
(0.210363 -2.93127e-08 -7.15357)
(0.272176 -5.11079e-08 -5.86743)
(0.360655 -8.33249e-08 -4.39705)
(0.376103 -9.15327e-08 -2.79404)
(0.358823 -1.10116e-07 -1.01928)
(0.423397 -1.29888e-07 0.894458)
(0.461859 -1.58284e-07 2.67827)
(0.388679 -1.76271e-07 4.31488)
(0.315456 -2.01162e-07 5.87432)
(0.240126 -2.23557e-07 7.24902)
(0.164877 -2.32597e-07 8.48201)
(0.0570959 -2.62613e-07 9.5449)
(-0.164225 -2.86903e-07 10.5917)
(-0.165059 -3.20782e-07 11.5478)
(-0.206852 -3.57554e-07 11.4983)
)
;
    }
}


// ************************************************************************* //
