/*--------------------------------*- C++ -*----------------------------------*\
| =========                 |                                                 |
| \\      /  F ield         | OpenFOAM: The Open Source CFD Toolbox           |
|  \\    /   O peration     | Version:  v2106                                 |
|   \\  /    A nd           | Website:  www.openfoam.com                      |
|    \\/     M anipulation  |                                                 |
\*---------------------------------------------------------------------------*/
FoamFile
{
    version     2.0;
    format      ascii;
    arch        "LSB;label=32;scalar=64";
    class       volVectorField;
    location    "0";
    object      gradTmode4;
}
// * * * * * * * * * * * * * * * * * * * * * * * * * * * * * * * * * * * * * //

dimensions      [0 -1 0 0 0 0 0];

internalField   nonuniform List<vector> 
2000
(
(-4.34916 -4.34916 8.62111)
(-3.17269 -0.456062 4.35247)
(-0.411376 -0.605198 4.47178)
(0.257152 1.5573 -1.56939)
(1.86799 1.29426 -1.787)
(0.751506 -1.10372 -3.43903)
(-0.860016 -2.36397 -2.14031)
(-2.45358 -1.84239 -4.63606)
(2.16568 -0.906583 -7.62941)
(3.03078 -0.73417 -3.73621)
(-0.456062 -3.17269 4.35248)
(0.571219 0.571219 3.47758)
(1.60198 -1.67495 4.0061)
(2.15661 0.13986 0.891107)
(-0.793028 -0.460925 1.32215)
(-2.90673 -2.38281 -3.33641)
(-1.59869 -4.27584 -3.78785)
(-0.996192 -4.44247 -5.32854)
(3.27391 -4.43345 -6.98237)
(3.2032 -5.25454 -2.98367)
(-0.605198 -0.411375 4.47178)
(-1.67495 1.60198 4.0061)
(-0.842734 -0.842735 0.51455)
(1.47118 -0.496169 -1.71934)
(-0.654682 -3.42254 0.288141)
(-3.06341 -3.15954 -3.15626)
(-2.91968 -3.43026 -5.02722)
(-2.61119 -4.12971 -7.27106)
(1.35361 -4.87536 -9.75708)
(2.2097 -7.05478 -7.37694)
(1.55729 0.257154 -1.56939)
(0.139859 2.15661 0.891105)
(-0.496167 1.47118 -1.71934)
(-0.423194 -0.423195 -0.929488)
(-3.4564 -3.71456 -1.72439)
(-2.91444 -4.20044 -4.7217)
(-2.56885 -3.72096 -6.17494)
(-2.4413 -4.33442 -8.02413)
(0.348833 -2.03474 -10.1256)
(1.02378 -3.89874 -9.92926)
(1.29426 1.86799 -1.787)
(-0.460925 -0.793027 1.32215)
(-3.42254 -0.65468 0.28814)
(-3.71456 -3.4564 -1.72439)
(-4.43193 -4.43192 -3.16838)
(-3.06982 -4.98914 -6.67065)
(-3.05365 -4.95303 -7.81715)
(-0.924974 -4.79579 -10.9297)
(1.78929 -3.40856 -10.3548)
(0.3457 -3.72704 -10.684)
(-1.10372 0.751507 -3.43903)
(-2.38281 -2.90673 -3.33642)
(-3.15954 -3.06341 -3.15626)
(-4.20044 -2.91444 -4.7217)
(-4.98914 -3.06981 -6.67065)
(-3.43555 -3.43555 -10.0976)
(-2.3755 -2.3675 -11.1779)
(-0.896831 -0.605057 -13.3797)
(1.41758 -3.9177 -12.8926)
(0.705305 -4.21492 -11.9769)
(-2.36397 -0.860014 -2.14031)
(-4.27584 -1.59869 -3.78785)
(-3.43025 -2.91967 -5.02722)
(-3.72096 -2.56885 -6.17494)
(-4.95303 -3.05365 -7.81715)
(-2.3675 -2.3755 -11.1779)
(-0.223165 -0.223162 -11.1994)
(-2.47518 -0.707738 -11.306)
(-1.82058 -3.69823 -13.0357)
(0.0484785 -5.79968 -12.5669)
(-1.84239 -2.45358 -4.63606)
(-4.44247 -0.996191 -5.32854)
(-4.12971 -2.61119 -7.27106)
(-4.33442 -2.4413 -8.02413)
(-4.79579 -0.924976 -10.9297)
(-0.605058 -0.896834 -13.3797)
(-0.707739 -2.47518 -11.306)
(-4.3719 -4.3719 -12.4036)
(-3.67436 -3.67849 -13.5465)
(-1.39614 -3.2439 -15.6326)
(-0.906583 2.16568 -7.62941)
(-4.43345 3.27391 -6.98238)
(-4.87536 1.35361 -9.75708)
(-2.03474 0.348831 -10.1256)
(-3.40856 1.78929 -10.3548)
(-3.91771 1.41758 -12.8926)
(-3.69824 -1.82058 -13.0357)
(-3.67849 -3.67436 -13.5465)
(-0.692571 -0.692571 -14.8318)
(0.483069 0.613951 -14.007)
(-0.734168 3.03079 -3.73621)
(-5.25454 3.2032 -2.98367)
(-7.05478 2.2097 -7.37694)
(-3.89874 1.02378 -9.92926)
(-3.72704 0.3457 -10.684)
(-4.21492 0.705307 -11.9769)
(-5.79968 0.048481 -12.5669)
(-3.2439 -1.39614 -15.6326)
(0.61395 0.48307 -14.007)
(-0.089619 -0.0896172 -14.0973)
(-0.0906859 -0.0906848 -1.28045)
(0.366217 1.10943 3.61751)
(-1.34981 0.596326 2.14034)
(-2.06171 0.820265 1.15474)
(-1.17256 1.35761 -1.55697)
(-1.10244 0.419291 -3.63707)
(-1.50067 -0.0679947 -6.36006)
(-2.93907 0.238592 -6.45877)
(-0.529761 0.57996 -7.28327)
(1.0935 0.307688 -10.5992)
(1.10943 0.366217 3.61751)
(1.05323 1.05323 3.13193)
(-1.63898 -1.0364 2.12088)
(-1.30043 -0.593591 -0.20992)
(-1.57354 -0.0365591 -2.83387)
(-2.52804 -1.08085 -2.47872)
(-1.68137 -1.70405 -4.0221)
(-2.29111 -1.50684 -5.20574)
(-0.460664 -1.4533 -6.2441)
(0.821233 -2.25199 -9.66024)
(0.596325 -1.34981 2.14034)
(-1.0364 -1.63898 2.12088)
(-2.99663 -2.99663 2.19036)
(-1.06187 -2.15271 0.184724)
(-1.65982 -3.26443 -2.50133)
(-2.76993 -3.25102 -3.2001)
(-1.92667 -3.78221 -3.93727)
(-2.68831 -3.75825 -3.74613)
(-1.27491 -4.0043 -4.71537)
(0.294813 -4.99892 -7.60183)
(0.820263 -2.06171 1.15474)
(-0.593593 -1.30043 -0.20992)
(-2.15271 -1.06187 0.184725)
(-1.56823 -1.56823 -2.26748)
(-2.67185 -2.8903 -3.42613)
(-3.04582 -3.40669 -3.73007)
(-2.1886 -4.09294 -4.96746)
(-2.5132 -5.01766 -4.86664)
(-1.70133 -4.00337 -5.97349)
(-0.173384 -4.58734 -7.32694)
(1.35761 -1.17256 -1.55697)
(-0.0365595 -1.57354 -2.83387)
(-3.26443 -1.65982 -2.50133)
(-2.8903 -2.67185 -3.42612)
(-3.49828 -3.49828 -3.01003)
(-3.97257 -4.03635 -3.71356)
(-3.53764 -4.78098 -5.3693)
(-2.59874 -5.90249 -5.2363)
(-0.844582 -4.9967 -7.55666)
(-0.289156 -4.58628 -8.36796)
(0.419291 -1.10244 -3.63707)
(-1.08085 -2.52804 -2.47872)
(-3.25102 -2.76993 -3.2001)
(-3.40669 -3.04582 -3.73007)
(-4.03635 -3.97257 -3.71357)
(-4.32853 -4.32853 -3.79543)
(-4.05473 -5.15935 -5.32339)
(-2.72891 -4.72096 -6.13665)
(-0.385131 -5.32221 -7.96309)
(0.237027 -4.80864 -9.21097)
(-0.0679954 -1.50067 -6.36006)
(-1.70406 -1.68137 -4.0221)
(-3.78221 -1.92667 -3.93727)
(-4.09294 -2.1886 -4.96747)
(-4.78098 -3.53764 -5.3693)
(-5.15935 -4.05473 -5.32339)
(-3.93008 -3.93007 -8.60369)
(-2.7616 -3.94076 -10.4914)
(-0.932264 -4.20663 -10.1309)
(0.224407 -5.15361 -10.6323)
(0.238593 -2.93907 -6.45877)
(-1.50684 -2.29111 -5.20574)
(-3.75825 -2.68831 -3.74613)
(-5.01766 -2.5132 -4.86664)
(-5.90249 -2.59874 -5.2363)
(-4.72096 -2.72891 -6.13665)
(-3.94076 -2.7616 -10.4914)
(-3.00546 -3.00546 -11.0519)
(-1.59798 -3.38635 -9.45511)
(-0.709953 -3.80812 -9.09844)
(0.579959 -0.529761 -7.28327)
(-1.4533 -0.460665 -6.2441)
(-4.0043 -1.27491 -4.71537)
(-4.00337 -1.70133 -5.9735)
(-4.9967 -0.844582 -7.55667)
(-5.32221 -0.385132 -7.96309)
(-4.20663 -0.932265 -10.1309)
(-3.38635 -1.59798 -9.45511)
(-1.73492 -1.73492 -10.3489)
(-0.197372 -1.6365 -11.7464)
(0.307689 1.0935 -10.5993)
(-2.25199 0.821233 -9.66025)
(-4.99892 0.294814 -7.60183)
(-4.58734 -0.173385 -7.32694)
(-4.58629 -0.289156 -8.36796)
(-4.80864 0.237027 -9.21097)
(-5.15361 0.224407 -10.6323)
(-3.80812 -0.709953 -9.09845)
(-1.6365 -0.197371 -11.7464)
(-0.611529 -0.611529 -12.3308)
(0.548857 0.548857 6.31623)
(0.248101 -0.941642 6.0942)
(-2.87415 -0.624659 4.08731)
(-3.44016 0.192639 4.0472)
(-2.92382 0.0173601 3.16052)
(-4.05158 0.0546306 0.935913)
(-3.68171 -0.0260149 -1.19756)
(-3.3768 -0.589365 -2.50388)
(-1.9748 0.132592 -3.07891)
(-0.285194 0.204839 -5.32784)
(-0.941643 0.2481 6.0942)
(-0.925415 -0.925415 3.95944)
(-1.73987 -1.62494 3.1038)
(-2.79814 -0.830153 3.13405)
(-3.06183 -1.40529 1.16182)
(-4.09496 -1.94583 0.0249844)
(-4.32571 -1.85305 -1.96642)
(-3.21819 -1.72983 -3.62789)
(-1.18059 -1.86555 -4.11425)
(-0.212947 -2.25712 -6.10001)
(-0.624659 -2.87415 4.08731)
(-1.62494 -1.73987 3.1038)
(-2.77889 -2.77889 3.92379)
(-3.22051 -2.55373 2.90724)
(-4.0395 -4.0148 1.22686)
(-4.49935 -4.41089 -0.575057)
(-3.46571 -4.37562 -2.35832)
(-3.3893 -3.79061 -3.25832)
(-2.5021 -4.60476 -4.1651)
(-0.676762 -4.72148 -5.44389)
(0.192638 -3.44015 4.0472)
(-0.830153 -2.79814 3.13405)
(-2.55373 -3.22051 2.90724)
(-4.03404 -4.03404 1.59412)
(-4.91899 -4.22326 0.196248)
(-4.45578 -4.71391 -1.55873)
(-3.70542 -5.15299 -3.40702)
(-3.44733 -5.82459 -4.58431)
(-2.11146 -4.87603 -4.84327)
(-0.329663 -4.66487 -5.17392)
(0.0173598 -2.92382 3.16052)
(-1.40529 -3.06183 1.16182)
(-4.0148 -4.0395 1.22686)
(-4.22326 -4.91899 0.196248)
(-4.71937 -4.71937 -1.13922)
(-5.42909 -5.0545 -2.92809)
(-4.57638 -5.30895 -4.44876)
(-3.11234 -6.06579 -4.71499)
(-1.34238 -5.39816 -5.38091)
(-0.465597 -5.61107 -6.17065)
(0.0546304 -4.05158 0.93591)
(-1.94583 -4.09496 0.0249821)
(-4.41089 -4.49935 -0.575058)
(-4.71391 -4.45578 -1.55873)
(-5.0545 -5.42909 -2.92809)
(-5.04537 -5.04537 -4.12442)
(-4.71672 -5.60189 -5.02394)
(-3.53653 -5.86021 -5.2777)
(-1.65674 -6.4919 -6.22197)
(-0.542574 -6.47922 -7.53194)
(-0.0260164 -3.68171 -1.19756)
(-1.85306 -4.32571 -1.96642)
(-4.37562 -3.4657 -2.35832)
(-5.15299 -3.70542 -3.40702)
(-5.30895 -4.57638 -4.44876)
(-5.60189 -4.71672 -5.02394)
(-5.39122 -5.39122 -6.04531)
(-4.00235 -5.62297 -7.13174)
(-1.96139 -5.19026 -7.81901)
(-0.452922 -5.68716 -8.91501)
(-0.589365 -3.3768 -2.50388)
(-1.72982 -3.21819 -3.62789)
(-3.79061 -3.3893 -3.25832)
(-5.82459 -3.44733 -4.58431)
(-6.06579 -3.11234 -4.71499)
(-5.86021 -3.53653 -5.2777)
(-5.62297 -4.00235 -7.13174)
(-3.33556 -3.33556 -7.89036)
(-1.72093 -3.89652 -8.06418)
(-1.03947 -4.35807 -8.30041)
(0.132591 -1.9748 -3.07892)
(-1.86555 -1.1806 -4.11425)
(-4.60476 -2.5021 -4.1651)
(-4.87603 -2.11146 -4.84327)
(-5.39816 -1.34238 -5.38091)
(-6.4919 -1.65674 -6.22197)
(-5.19026 -1.96139 -7.81901)
(-3.89652 -1.72093 -8.06418)
(-2.98389 -2.98389 -8.68199)
(-0.91447 -2.61836 -9.50843)
(0.204837 -0.285195 -5.32784)
(-2.25712 -0.212948 -6.10001)
(-4.72147 -0.676763 -5.44389)
(-4.66487 -0.329662 -5.17393)
(-5.61107 -0.465595 -6.17065)
(-6.47922 -0.542574 -7.53195)
(-5.68716 -0.452921 -8.91501)
(-4.35807 -1.03947 -8.30041)
(-2.61836 -0.91447 -9.50843)
(-0.673947 -0.673947 -9.6488)
(-0.312717 -0.312717 5.03825)
(-1.86271 -1.02533 3.48584)
(-3.39682 -0.387184 3.14234)
(-2.9885 -0.0928781 3.79962)
(-4.28385 -0.641097 2.20085)
(-5.46052 -0.491638 0.869923)
(-4.94046 -0.836853 -0.389347)
(-4.82042 -0.885418 -1.65871)
(-3.35372 -0.455373 -1.97049)
(-1.15542 -0.464478 -3.21923)
(-1.02533 -1.86271 3.48584)
(-1.93717 -1.93717 4.47283)
(-2.46436 -1.19993 3.62657)
(-3.24241 -1.73355 3.29551)
(-4.68261 -1.97022 1.76227)
(-5.65628 -2.59182 0.147171)
(-5.33424 -2.86481 -1.32155)
(-4.43894 -2.26128 -2.24408)
(-2.93278 -2.53949 -3.36271)
(-1.16453 -2.36804 -4.59337)
(-0.387183 -3.39682 3.14234)
(-1.19993 -2.46436 3.62657)
(-3.19319 -3.19319 3.02728)
(-3.75879 -3.69265 2.26818)
(-5.14212 -4.23 1.51944)
(-6.35511 -4.83474 -0.191281)
(-4.60993 -5.22282 -1.57154)
(-4.4951 -4.71468 -2.70398)
(-3.46048 -4.73332 -3.47865)
(-0.983971 -4.07284 -3.91291)
(-0.092879 -2.9885 3.79962)
(-1.73355 -3.24241 3.29551)
(-3.69265 -3.75879 2.26818)
(-4.27922 -4.27922 2.007)
(-5.8247 -5.25639 1.04021)
(-6.64909 -5.75973 -0.854461)
(-5.21418 -6.18338 -2.52818)
(-3.94944 -6.47433 -3.66677)
(-2.29094 -5.21917 -3.90269)
(-0.50404 -5.3141 -4.35225)
(-0.641097 -4.28385 2.20085)
(-1.97022 -4.68261 1.76227)
(-4.23001 -5.14212 1.51944)
(-5.25639 -5.8247 1.04021)
(-6.62262 -6.62262 -0.73756)
(-7.28211 -6.60204 -2.15844)
(-5.32454 -6.3979 -3.29377)
(-3.53089 -6.59588 -3.96496)
(-2.30024 -6.3754 -4.88049)
(-1.0789 -6.9443 -5.78435)
(-0.491637 -5.46052 0.869922)
(-2.59182 -5.65628 0.147171)
(-4.83474 -6.35511 -0.191282)
(-5.75972 -6.64909 -0.854461)
(-6.60204 -7.28211 -2.15844)
(-6.42437 -6.42437 -3.23574)
(-5.20802 -6.7559 -4.48989)
(-3.92695 -7.13771 -4.84618)
(-2.63937 -7.76032 -5.81653)
(-1.07294 -7.55301 -6.50894)
(-0.836854 -4.94046 -0.389348)
(-2.86481 -5.33424 -1.32155)
(-5.22282 -4.60993 -1.57154)
(-6.18338 -5.21418 -2.52818)
(-6.3979 -5.32454 -3.29377)
(-6.7559 -5.20802 -4.48989)
(-6.03788 -6.03788 -5.18922)
(-4.5353 -6.55342 -5.85141)
(-2.71554 -6.04884 -6.60445)
(-0.871591 -5.92207 -7.2777)
(-0.885417 -4.82042 -1.65871)
(-2.26128 -4.43894 -2.24408)
(-4.71468 -4.49509 -2.70398)
(-6.47433 -3.94944 -3.66678)
(-6.59587 -3.53089 -3.96496)
(-7.13771 -3.92695 -4.84619)
(-6.55342 -4.5353 -5.85141)
(-3.93791 -3.93791 -6.4481)
(-2.00803 -4.24932 -7.31443)
(-0.946178 -4.40154 -6.90073)
(-0.455373 -3.35372 -1.9705)
(-2.53949 -2.93278 -3.36271)
(-4.73332 -3.46048 -3.47865)
(-5.21917 -2.29094 -3.90269)
(-6.3754 -2.30024 -4.88049)
(-7.76031 -2.63937 -5.81653)
(-6.04884 -2.71554 -6.60445)
(-4.24932 -2.00803 -7.31443)
(-3.17917 -3.17917 -7.15951)
(-1.0238 -2.98489 -7.08309)
(-0.46448 -1.15542 -3.21923)
(-2.36804 -1.16453 -4.59337)
(-4.07284 -0.983973 -3.91291)
(-5.3141 -0.504041 -4.35225)
(-6.9443 -1.0789 -5.78435)
(-7.55301 -1.07294 -6.50894)
(-5.92207 -0.871591 -7.2777)
(-4.40154 -0.946179 -6.90073)
(-2.98489 -1.02381 -7.08309)
(-0.751899 -0.7519 -7.25788)
(-1.00356 -1.00356 4.50894)
(-1.64781 0.0453472 4.93088)
(-2.56037 -0.14043 5.42627)
(-4.38165 -0.311469 4.25836)
(-5.85352 -0.42122 2.65187)
(-6.64178 -0.668122 1.59992)
(-6.21035 -0.958222 -0.0808538)
(-4.95794 -1.17473 -0.921729)
(-3.53532 -1.25963 -0.822392)
(-1.53393 -1.16931 -1.06097)
(0.0453462 -1.64781 4.93088)
(-0.784682 -0.784681 5.8496)
(-2.91719 -1.74 5.18837)
(-4.66244 -2.3616 3.82234)
(-6.21017 -2.08669 2.86434)
(-7.17878 -3.00704 1.22105)
(-6.71696 -3.03525 0.0899994)
(-5.25935 -2.77509 -1.14401)
(-3.52989 -3.37371 -1.73535)
(-1.44361 -2.9508 -2.28451)
(-0.140428 -2.56037 5.42627)
(-1.74 -2.91719 5.18837)
(-4.13729 -4.13729 4.21122)
(-4.72834 -3.84224 3.47977)
(-6.49896 -4.73686 1.67995)
(-7.59033 -5.41252 0.528063)
(-5.9784 -5.58225 -0.526678)
(-5.29641 -5.2133 -1.72487)
(-3.71103 -5.14474 -2.04856)
(-1.11103 -4.48035 -2.6076)
(-0.311469 -4.38165 4.25836)
(-2.3616 -4.66244 3.82234)
(-3.84224 -4.72834 3.47977)
(-5.26201 -5.26201 2.82388)
(-7.78046 -6.48026 0.613658)
(-8.02417 -6.68107 -0.225818)
(-6.51774 -6.87522 -1.077)
(-4.82184 -7.08556 -2.40422)
(-2.79694 -6.27788 -3.1399)
(-0.779218 -6.5363 -3.73899)
(-0.421221 -5.85352 2.65187)
(-2.08669 -6.21017 2.86434)
(-4.73686 -6.49896 1.67995)
(-6.48026 -7.78046 0.613658)
(-7.91802 -7.91802 -0.854866)
(-7.9853 -7.43577 -1.24536)
(-6.3829 -7.27067 -2.13493)
(-4.69906 -7.2452 -3.34697)
(-3.16177 -7.312 -4.47159)
(-1.36945 -7.76776 -4.70915)
(-0.668121 -6.64178 1.59992)
(-3.00704 -7.17878 1.22105)
(-5.41252 -7.59033 0.528063)
(-6.68107 -8.02417 -0.225819)
(-7.43577 -7.9853 -1.24536)
(-7.37682 -7.37682 -1.88007)
(-6.32716 -7.49734 -3.02607)
(-4.86317 -7.74667 -3.83232)
(-3.3195 -8.21585 -4.74454)
(-1.23498 -7.97257 -4.95834)
(-0.958222 -6.21035 -0.0808546)
(-3.03525 -6.71696 0.0899983)
(-5.58225 -5.9784 -0.526678)
(-6.87522 -6.51774 -1.077)
(-7.27067 -6.3829 -2.13493)
(-7.49734 -6.32716 -3.02607)
(-6.75275 -6.75275 -3.39181)
(-5.41757 -7.22488 -4.41652)
(-3.38767 -6.68815 -5.19929)
(-1.12617 -6.07895 -5.62678)
(-1.17473 -4.95795 -0.921729)
(-2.77509 -5.25935 -1.14401)
(-5.2133 -5.29641 -1.72487)
(-7.08556 -4.82184 -2.40422)
(-7.2452 -4.69906 -3.34697)
(-7.74667 -4.86317 -3.83232)
(-7.22488 -5.41757 -4.41653)
(-4.79858 -4.79858 -5.27939)
(-2.17356 -4.45159 -6.12007)
(-0.625778 -4.16346 -5.53542)
(-1.25963 -3.53531 -0.822394)
(-3.3737 -3.52989 -1.73536)
(-5.14474 -3.71103 -2.04856)
(-6.27788 -2.79694 -3.13991)
(-7.312 -3.16177 -4.47159)
(-8.21585 -3.3195 -4.74454)
(-6.68815 -3.38767 -5.19929)
(-4.45159 -2.17356 -6.12007)
(-2.75255 -2.75255 -5.67997)
(-0.838048 -2.97552 -5.54228)
(-1.16931 -1.53393 -1.06098)
(-2.9508 -1.44361 -2.28452)
(-4.48035 -1.11103 -2.6076)
(-6.5363 -0.779219 -3.73899)
(-7.76776 -1.36945 -4.70915)
(-7.97257 -1.23498 -4.95834)
(-6.07895 -1.12617 -5.62678)
(-4.16346 -0.625778 -5.53542)
(-2.97552 -0.838047 -5.54228)
(-0.848739 -0.848738 -5.5545)
(0.109218 0.109221 5.98503)
(-0.945374 -0.106614 7.34344)
(-4.06933 -0.625084 5.9753)
(-5.7629 -0.528898 4.48)
(-6.94229 -0.428626 3.6067)
(-8.19324 -0.870505 2.09952)
(-7.46211 -0.666001 1.48129)
(-5.56196 -1.1077 0.715563)
(-3.49297 -1.36833 0.111916)
(-1.394 -1.68802 0.536061)
(-0.106617 -0.945374 7.34344)
(-1.67968 -1.67968 7.06644)
(-4.49161 -2.41498 5.38176)
(-5.56644 -2.51214 4.0809)
(-7.2839 -2.94214 2.74787)
(-8.43062 -3.66367 1.7291)
(-7.6993 -3.31064 1.77992)
(-6.26429 -3.06442 0.556556)
(-4.07329 -3.76566 -0.0135448)
(-1.71369 -3.91467 -0.330531)
(-0.625085 -4.06933 5.9753)
(-2.41498 -4.49162 5.38176)
(-4.90179 -4.90179 4.44365)
(-6.29006 -4.69111 3.10943)
(-8.09382 -6.48069 1.57324)
(-8.56174 -6.28161 1.09244)
(-6.86286 -6.38982 0.586248)
(-6.01698 -5.97489 -0.40308)
(-4.34321 -6.13787 -0.713728)
(-1.54301 -5.52731 -1.2346)
(-0.528898 -5.7629 4.48)
(-2.51214 -5.56644 4.0809)
(-4.69111 -6.29006 3.10943)
(-7.14534 -7.14534 1.55876)
(-8.8744 -7.7912 0.405437)
(-8.33975 -7.53315 0.152571)
(-7.39258 -7.79163 -0.231289)
(-6.01235 -8.09643 -1.29092)
(-3.62571 -7.6422 -1.77671)
(-1.10312 -7.41565 -2.28992)
(-0.428624 -6.94229 3.6067)
(-2.94214 -7.2839 2.74787)
(-6.48069 -8.09382 1.57324)
(-7.7912 -8.8744 0.405437)
(-8.48163 -8.48163 -0.404973)
(-8.56217 -8.25629 -0.895358)
(-7.42615 -8.34696 -1.44597)
(-5.86755 -8.02397 -2.2437)
(-3.66242 -7.98003 -2.99169)
(-1.31646 -8.16366 -2.77831)
(-0.870503 -8.19324 2.09952)
(-3.66367 -8.43062 1.7291)
(-6.28161 -8.56174 1.09244)
(-7.53314 -8.33975 0.152569)
(-8.25629 -8.56217 -0.895358)
(-8.20508 -8.20508 -1.5594)
(-7.16027 -8.01278 -2.19006)
(-5.64542 -8.20727 -2.94229)
(-3.76539 -8.48802 -3.36075)
(-1.28675 -8.47063 -3.06077)
(-0.666001 -7.46211 1.48129)
(-3.31064 -7.6993 1.77991)
(-6.38982 -6.86286 0.586247)
(-7.79163 -7.39258 -0.23129)
(-8.34696 -7.42615 -1.44597)
(-8.01278 -7.16027 -2.19006)
(-7.42834 -7.42834 -2.82411)
(-6.34279 -8.00049 -3.76576)
(-3.92579 -7.42437 -3.67135)
(-1.29908 -6.49915 -3.71753)
(-1.1077 -5.56196 0.715563)
(-3.06442 -6.26429 0.556553)
(-5.97489 -6.01698 -0.403081)
(-8.09643 -6.01235 -1.29093)
(-8.02397 -5.86754 -2.2437)
(-8.20727 -5.64542 -2.94229)
(-8.00049 -6.34279 -3.76576)
(-5.64145 -5.64145 -4.10993)
(-2.26406 -4.73 -4.22674)
(-0.361534 -4.31704 -4.01904)
(-1.36833 -3.49297 0.111917)
(-3.76566 -4.07329 -0.0135468)
(-6.13787 -4.34321 -0.71373)
(-7.6422 -3.62571 -1.77672)
(-7.98003 -3.66242 -2.99169)
(-8.48802 -3.76539 -3.36074)
(-7.42437 -3.92579 -3.67135)
(-4.73 -2.26406 -4.22674)
(-2.60138 -2.60138 -4.17988)
(-0.886118 -3.00397 -4.24496)
(-1.68802 -1.394 0.536059)
(-3.91467 -1.71369 -0.330531)
(-5.52731 -1.54301 -1.2346)
(-7.41564 -1.10312 -2.28992)
(-8.16366 -1.31646 -2.77831)
(-8.47063 -1.28675 -3.06077)
(-6.49916 -1.29908 -3.71753)
(-4.31704 -0.361534 -4.01904)
(-3.00396 -0.886118 -4.24496)
(-0.76412 -0.76412 -3.95749)
(0.354848 0.35485 6.16509)
(-1.65754 -0.231653 5.43312)
(-5.42381 -0.733968 4.01511)
(-6.75025 -0.710569 3.45519)
(-8.234 -1.28005 2.11989)
(-8.76719 -1.03854 1.64917)
(-7.5943 -0.659598 1.80811)
(-6.32732 -1.33374 1.2439)
(-3.71482 -1.38509 0.733893)
(-1.10978 -2.0359 1.26006)
(-0.231655 -1.65754 5.43312)
(-2.74636 -2.74636 4.82641)
(-5.90273 -3.27165 3.58922)
(-7.29633 -3.73217 2.73001)
(-8.56197 -4.12015 1.22443)
(-8.14673 -4.01412 1.32081)
(-7.88951 -3.93029 1.12845)
(-7.05281 -3.89374 0.849059)
(-4.41698 -4.19935 0.669945)
(-1.76059 -4.72147 0.513056)
(-0.733968 -5.42381 4.01511)
(-3.27165 -5.90273 3.58922)
(-6.40962 -6.40962 2.13057)
(-7.59875 -6.36438 1.09397)
(-8.51595 -7.07929 0.62891)
(-8.57733 -6.98906 0.693586)
(-7.47392 -7.59345 0.523285)
(-6.59638 -7.06078 0.132022)
(-4.54255 -6.90791 -0.0079023)
(-1.6319 -6.43974 -0.0964721)
(-0.71057 -6.75025 3.45519)
(-3.73217 -7.29633 2.73001)
(-6.36438 -7.59875 1.09397)
(-7.966 -7.966 0.32751)
(-9.18664 -8.45848 0.381041)
(-8.66089 -8.66887 0.286911)
(-7.96123 -8.90744 -0.0586752)
(-6.36727 -8.92618 -0.473374)
(-3.79593 -8.55584 -0.305454)
(-1.29242 -8.08002 -0.641679)
(-1.28005 -8.234 2.11989)
(-4.12015 -8.56197 1.22443)
(-7.07929 -8.51595 0.62891)
(-8.45847 -9.18665 0.38104)
(-9.21881 -9.21881 0.0574821)
(-9.02629 -9.14774 -0.355337)
(-7.73124 -9.22944 -0.708973)
(-6.24478 -8.89657 -0.936954)
(-3.69638 -8.89603 -1.13712)
(-1.15607 -8.53861 -0.980684)
(-1.03853 -8.76719 1.64917)
(-4.01412 -8.14673 1.32081)
(-6.98906 -8.57733 0.693585)
(-8.66886 -8.6609 0.286909)
(-9.14774 -9.0263 -0.355338)
(-8.67152 -8.67152 -0.937024)
(-7.71005 -8.87548 -1.47308)
(-6.03386 -9.26873 -1.93721)
(-3.43798 -8.8955 -1.88516)
(-0.935007 -8.91179 -1.36672)
(-0.659597 -7.5943 1.80811)
(-3.93029 -7.88951 1.12845)
(-7.59345 -7.47392 0.523284)
(-8.90744 -7.96123 -0.0586767)
(-9.22944 -7.73124 -0.708973)
(-8.87548 -7.71006 -1.47308)
(-8.32845 -8.32845 -2.41545)
(-6.2648 -8.39252 -2.74661)
(-3.33943 -7.55414 -1.85692)
(-1.17235 -7.03721 -1.8348)
(-1.33374 -6.32732 1.24389)
(-3.89374 -7.05281 0.849058)
(-7.06078 -6.59638 0.13202)
(-8.92618 -6.36727 -0.473376)
(-8.89656 -6.24478 -0.936956)
(-9.26873 -6.03386 -1.93722)
(-8.39252 -6.2648 -2.74661)
(-5.25955 -5.25955 -2.31055)
(-2.08267 -4.96013 -2.02467)
(-0.418078 -4.69089 -2.22162)
(-1.38509 -3.71482 0.733892)
(-4.19935 -4.41698 0.669944)
(-6.90791 -4.54255 -0.00790249)
(-8.55584 -3.79593 -0.305454)
(-8.89602 -3.69638 -1.13712)
(-8.8955 -3.43798 -1.88516)
(-7.55414 -3.33943 -1.85691)
(-4.96013 -2.08267 -2.02467)
(-2.77078 -2.77078 -2.21365)
(-0.903124 -2.91397 -2.13054)
(-2.0359 -1.10979 1.26006)
(-4.72146 -1.76059 0.513056)
(-6.43974 -1.6319 -0.0964721)
(-8.08002 -1.29242 -0.641679)
(-8.53861 -1.15607 -0.980687)
(-8.91179 -0.935007 -1.36673)
(-7.03721 -1.17236 -1.8348)
(-4.69089 -0.418079 -2.22162)
(-2.91397 -0.903124 -2.13054)
(-0.561272 -0.561272 -2.09081)
(-0.622746 -0.622745 2.8919)
(-3.09535 -0.713332 1.74119)
(-6.04726 -1.05097 1.37188)
(-7.65812 -1.25408 0.930149)
(-8.74831 -1.32409 0.23766)
(-8.50502 -1.19886 1.05635)
(-7.86738 -1.34566 0.834996)
(-6.63617 -1.50253 0.903104)
(-3.47681 -1.43228 1.12282)
(-0.867838 -2.43502 1.23273)
(-0.713332 -3.09535 1.74119)
(-3.52358 -3.52358 0.55741)
(-6.58801 -4.29952 0.503528)
(-7.93124 -4.87336 -0.154329)
(-8.6931 -4.43312 0.145103)
(-8.5266 -4.61925 0.458326)
(-8.17105 -4.59546 -0.146335)
(-6.7228 -4.1763 0.668454)
(-4.40929 -4.50745 0.796655)
(-1.87057 -5.2712 0.619298)
(-1.05097 -6.04727 1.37188)
(-4.29952 -6.58801 0.503528)
(-7.39705 -7.39705 -0.218346)
(-7.79172 -7.09361 -0.17857)
(-8.49421 -7.32408 0.178379)
(-8.66737 -7.31551 0.201113)
(-7.42442 -7.57695 0.13303)
(-6.54817 -7.29733 0.506063)
(-4.57171 -7.11327 0.556414)
(-1.63158 -6.68205 0.783648)
(-1.25408 -7.65812 0.930147)
(-4.87336 -7.93124 -0.154329)
(-7.09361 -7.79172 -0.17857)
(-7.85826 -7.85827 -0.187054)
(-8.915 -8.36263 0.332051)
(-8.77947 -8.58207 0.426847)
(-8.15287 -9.02389 0.369317)
(-6.25913 -9.16541 0.595668)
(-3.79401 -8.77142 0.923433)
(-1.43935 -8.29986 0.788708)
(-1.32409 -8.74831 0.237659)
(-4.43312 -8.6931 0.145103)
(-7.32407 -8.49421 0.178378)
(-8.36263 -8.915 0.33205)
(-9.21801 -9.21801 0.528678)
(-9.32863 -9.48022 0.536955)
(-8.00776 -9.76136 0.42567)
(-6.29569 -9.48781 0.531785)
(-3.70615 -9.55974 0.654388)
(-1.16003 -8.88871 0.50832)
(-1.19886 -8.50503 1.05635)
(-4.61925 -8.5266 0.458325)
(-7.31551 -8.66737 0.201114)
(-8.58207 -8.77947 0.426849)
(-9.48022 -9.32863 0.536954)
(-9.32282 -9.32282 0.282336)
(-8.16046 -9.71926 -0.0840327)
(-6.0575 -10.0169 0.0409954)
(-3.19491 -9.20781 0.17948)
(-0.768312 -9.32475 0.209598)
(-1.34566 -7.86738 0.834996)
(-4.59546 -8.17105 -0.146336)
(-7.57695 -7.42443 0.133029)
(-9.02389 -8.15287 0.369318)
(-9.76136 -8.00777 0.425671)
(-9.71926 -8.16046 -0.0840325)
(-8.70187 -8.70187 -0.401249)
(-5.78425 -8.37382 0.00301677)
(-3.01398 -7.56388 0.386276)
(-1.27696 -7.35405 0.120226)
(-1.50253 -6.63617 0.903103)
(-4.1763 -6.7228 0.668454)
(-7.29733 -6.54817 0.506061)
(-9.16541 -6.25913 0.595668)
(-9.48781 -6.29569 0.531785)
(-10.0169 -6.05751 0.0409945)
(-8.37382 -5.78425 0.00301577)
(-4.91951 -4.91951 0.529761)
(-2.17513 -5.08674 0.230659)
(-0.558483 -4.61278 0.191418)
(-1.43228 -3.47681 1.12282)
(-4.50745 -4.40929 0.796654)
(-7.11327 -4.5717 0.556412)
(-8.77142 -3.79401 0.923434)
(-9.55974 -3.70616 0.654387)
(-9.20781 -3.19491 0.179478)
(-7.56387 -3.01398 0.386277)
(-5.08674 -2.17513 0.23066)
(-2.70725 -2.70725 0.268203)
(-0.803002 -2.87316 0.282581)
(-2.43502 -0.867839 1.23273)
(-5.27119 -1.87057 0.619296)
(-6.68205 -1.63158 0.783646)
(-8.29986 -1.43935 0.788709)
(-8.88871 -1.16003 0.50832)
(-9.32475 -0.768312 0.209597)
(-7.35404 -1.27696 0.120227)
(-4.61278 -0.558483 0.191418)
(-2.87316 -0.803002 0.28258)
(-0.72439 -0.724391 -0.0822388)
(-0.795863 -0.795861 -0.864373)
(-3.17756 -1.41543 -0.95245)
(-6.23485 -1.60232 -0.540527)
(-7.88447 -1.79505 -0.99112)
(-8.1078 -1.37261 -0.246555)
(-8.16985 -1.63656 0.182533)
(-7.74755 -1.64093 0.0870093)
(-6.03949 -1.56839 0.955554)
(-3.38519 -1.71126 1.17471)
(-0.999881 -2.64933 0.974202)
(-1.41544 -3.17756 -0.952449)
(-3.98403 -3.98402 -0.880832)
(-6.61447 -4.86188 -1.00918)
(-7.65476 -4.84089 -1.05423)
(-7.94931 -4.17943 -0.313574)
(-8.43817 -4.86936 -0.137532)
(-7.67938 -4.63226 0.0658153)
(-6.10982 -4.29078 0.801479)
(-4.46613 -4.76576 0.845207)
(-1.93795 -5.17055 1.07818)
(-1.60232 -6.23486 -0.540526)
(-4.86188 -6.61447 -1.00918)
(-7.09172 -7.09172 -0.791134)
(-7.20202 -6.39711 -0.0068412)
(-8.13627 -6.89234 0.436364)
(-8.62268 -7.02054 0.66727)
(-7.16897 -7.0778 0.315859)
(-6.173 -7.13357 0.809924)
(-4.26496 -6.78113 1.14481)
(-1.40466 -6.27033 1.64237)
(-1.79505 -7.88447 -0.99112)
(-4.84089 -7.65476 -1.05423)
(-6.39711 -7.20203 -0.00684038)
(-7.45538 -7.45538 0.418507)
(-8.57274 -8.10818 0.784789)
(-8.62363 -8.33302 0.618439)
(-7.79241 -8.6148 0.679428)
(-5.81315 -8.90046 1.23854)
(-3.60289 -8.45787 1.60987)
(-1.42715 -8.35534 1.65589)
(-1.37261 -8.1078 -0.246556)
(-4.17943 -7.94932 -0.313573)
(-6.89234 -8.13627 0.436365)
(-8.10817 -8.57274 0.78479)
(-9.01391 -9.01391 0.784498)
(-9.1293 -9.29226 0.700068)
(-7.73641 -9.68279 0.984611)
(-6.01606 -9.45124 1.37214)
(-3.71985 -9.63998 1.6159)
(-1.30214 -9.11772 1.41066)
(-1.63656 -8.16985 0.182534)
(-4.86935 -8.43817 -0.137533)
(-7.02053 -8.62268 0.66727)
(-8.33302 -8.62363 0.618438)
(-9.29225 -9.1293 0.700068)
(-9.29251 -9.29251 0.857211)
(-7.95139 -9.7024 1.08349)
(-5.77034 -9.7975 1.66374)
(-3.26937 -9.16361 1.66971)
(-0.904888 -9.29988 1.46339)
(-1.64093 -7.74755 0.0870096)
(-4.63225 -7.67938 0.0658159)
(-7.0778 -7.16897 0.315858)
(-8.6148 -7.79241 0.679429)
(-9.68279 -7.73641 0.984611)
(-9.7024 -7.9514 1.08349)
(-8.2414 -8.2414 1.63582)
(-5.47728 -7.90376 2.2176)
(-3.22222 -7.50296 1.90132)
(-1.43841 -7.05539 1.80836)
(-1.56839 -6.03949 0.955553)
(-4.29078 -6.10982 0.801477)
(-7.13357 -6.173 0.809923)
(-8.90046 -5.81315 1.23854)
(-9.45124 -6.01607 1.37214)
(-9.7975 -5.77035 1.66374)
(-7.90375 -5.47728 2.2176)
(-5.03191 -5.03191 2.4388)
(-2.42101 -5.0782 1.97664)
(-0.45732 -4.52854 2.06925)
(-1.71126 -3.3852 1.17471)
(-4.76576 -4.46613 0.845207)
(-6.78113 -4.26496 1.14481)
(-8.45787 -3.60289 1.60987)
(-9.63998 -3.71985 1.6159)
(-9.16361 -3.26937 1.66971)
(-7.50296 -3.22222 1.90132)
(-5.0782 -2.42101 1.97664)
(-2.71886 -2.71886 1.90178)
(-0.888747 -3.18763 1.34838)
(-2.64933 -0.999882 0.974202)
(-5.17054 -1.93795 1.07818)
(-6.27033 -1.40466 1.64237)
(-8.35534 -1.42715 1.65589)
(-9.11772 -1.30214 1.41066)
(-9.29988 -0.904888 1.46339)
(-7.05539 -1.43841 1.80836)
(-4.52854 -0.457321 2.06925)
(-3.18763 -0.888748 1.34838)
(-0.926091 -0.926092 0.998648)
(-0.710823 -0.710822 -0.827627)
(-2.77151 -0.641715 -0.823545)
(-6.08593 -1.51963 -0.286015)
(-7.36415 -1.31719 -0.152437)
(-7.57466 -1.39111 0.792932)
(-8.17146 -1.51893 0.385669)
(-7.09436 -1.36685 0.707205)
(-5.54847 -1.65661 1.099)
(-3.45816 -1.76179 1.15004)
(-1.06835 -2.33104 1.38947)
(-0.641716 -2.77151 -0.823546)
(-3.58031 -3.58031 -0.0598932)
(-6.76141 -4.55013 0.235955)
(-7.23563 -3.88908 1.04083)
(-7.7764 -3.7502 1.10251)
(-8.14721 -4.13452 0.799111)
(-7.23204 -4.36661 0.880621)
(-5.94341 -4.32193 1.03572)
(-4.13259 -4.53735 1.373)
(-1.6376 -4.60303 1.91064)
(-1.51963 -6.08594 -0.286014)
(-4.55013 -6.76141 0.235955)
(-6.3947 -6.3947 1.46151)
(-6.56422 -5.62087 1.65423)
(-7.8201 -6.22571 1.48858)
(-8.78787 -6.55954 1.36447)
(-7.28177 -6.96333 0.884672)
(-5.71921 -6.86026 1.23945)
(-3.73926 -6.34861 1.69228)
(-1.13402 -6.10433 1.94383)
(-1.31719 -7.36415 -0.152436)
(-3.88908 -7.23563 1.04083)
(-5.62087 -6.56422 1.65423)
(-7.06664 -7.06664 1.80069)
(-8.71507 -8.0145 1.56009)
(-8.88483 -8.54927 1.15738)
(-7.53276 -8.35514 1.07636)
(-5.32869 -8.60319 1.42129)
(-3.37666 -8.30033 1.65169)
(-1.39332 -8.53157 1.75329)
(-1.39111 -7.57466 0.792931)
(-3.7502 -7.7764 1.10251)
(-6.22571 -7.8201 1.48859)
(-8.0145 -8.71507 1.5601)
(-9.30273 -9.30273 1.3102)
(-9.12851 -9.24145 1.09415)
(-7.33569 -9.3573 1.15305)
(-5.6644 -9.06262 1.46068)
(-3.66763 -9.49989 1.69047)
(-1.36526 -9.08121 1.77711)
(-1.51893 -8.17146 0.385669)
(-4.13452 -8.14721 0.799112)
(-6.55954 -8.78787 1.36447)
(-8.54927 -8.88483 1.15738)
(-9.24145 -9.12852 1.09415)
(-8.93939 -8.93939 1.14431)
(-7.35393 -9.06805 1.48538)
(-5.47128 -9.17147 2.01477)
(-3.39525 -8.9224 1.98736)
(-0.974635 -8.92705 2.14027)
(-1.36685 -7.09436 0.707203)
(-4.36661 -7.23204 0.88062)
(-6.96333 -7.28177 0.884671)
(-8.35514 -7.53276 1.07635)
(-9.3573 -7.33569 1.15305)
(-9.06805 -7.35393 1.48538)
(-7.56777 -7.56777 2.22479)
(-5.51875 -7.59877 2.42937)
(-3.42322 -7.25695 2.29457)
(-1.36992 -6.74819 2.52691)
(-1.65661 -5.54847 1.099)
(-4.32193 -5.94341 1.03571)
(-6.86026 -5.71922 1.23945)
(-8.60319 -5.32869 1.42129)
(-9.06262 -5.6644 1.46068)
(-9.17147 -5.47129 2.01477)
(-7.59876 -5.51875 2.42937)
(-5.16046 -5.16047 2.43927)
(-2.54467 -5.08628 2.41744)
(-0.465877 -5.07276 2.07596)
(-1.76179 -3.45816 1.15004)
(-4.53736 -4.13259 1.373)
(-6.34861 -3.73926 1.69228)
(-8.30032 -3.37666 1.65169)
(-9.49989 -3.66763 1.69047)
(-8.92239 -3.39525 1.98736)
(-7.25694 -3.42322 2.29457)
(-5.08628 -2.54468 2.41744)
(-3.33551 -3.33551 1.81489)
(-1.3564 -3.94376 1.2955)
(-2.33104 -1.06835 1.38947)
(-4.60303 -1.6376 1.91064)
(-6.10434 -1.13402 1.94383)
(-8.53156 -1.39332 1.75329)
(-9.08121 -1.36526 1.77711)
(-8.92705 -0.974635 2.14027)
(-6.74819 -1.36992 2.52691)
(-5.07276 -0.465878 2.07596)
(-3.94376 -1.3564 1.2955)
(-1.07412 -1.07412 0.996212)
(-0.791782 -0.79178 -0.187589)
(-2.63595 -0.651782 0.261209)
(-5.56374 -1.08035 0.570819)
(-6.80553 -0.601785 1.71762)
(-7.56969 -1.06304 1.53541)
(-8.25558 -1.22312 1.47444)
(-7.03422 -1.46751 1.48727)
(-5.59665 -1.63168 1.31112)
(-3.09472 -1.4883 1.63314)
(-0.760449 -2.12817 2.07423)
(-0.651783 -2.63595 0.261208)
(-2.92452 -2.92452 0.341701)
(-5.51375 -3.11435 1.77577)
(-6.78821 -3.03422 2.43516)
(-8.19103 -3.48378 2.13729)
(-8.66005 -3.89056 1.90515)
(-7.44277 -4.45479 1.32199)
(-5.61744 -4.15034 1.53652)
(-3.59121 -4.22353 1.97246)
(-1.40031 -4.61619 2.08162)
(-1.08036 -5.56375 0.570819)
(-3.11435 -5.51375 1.77577)
(-5.67344 -5.67344 2.80521)
(-7.17495 -5.63725 2.61504)
(-8.42603 -6.43475 2.17665)
(-9.22659 -6.66227 1.68906)
(-7.29399 -6.88207 1.5529)
(-5.36539 -6.74799 1.71679)
(-3.56058 -6.50244 1.85831)
(-1.15311 -6.42768 1.78229)
(-0.601784 -6.80553 1.71763)
(-3.03422 -6.78821 2.43516)
(-5.63725 -7.17495 2.61504)
(-7.54952 -7.54952 2.55706)
(-9.21605 -8.28656 2.13421)
(-9.10737 -8.60334 1.89225)
(-7.52849 -8.34643 1.72875)
(-5.23782 -8.67923 1.65473)
(-3.2709 -8.45968 1.6963)
(-1.32555 -8.52206 1.9955)
(-1.06303 -7.5697 1.5354)
(-3.48378 -8.19103 2.13729)
(-6.43475 -8.42603 2.17665)
(-8.28656 -9.21605 2.13421)
(-9.47985 -9.47985 2.05127)
(-9.28645 -9.30532 1.90999)
(-7.36988 -9.27376 1.52419)
(-5.47864 -8.85776 1.60582)
(-3.40341 -9.30431 2.032)
(-1.2155 -8.73074 2.27778)
(-1.22312 -8.25558 1.47444)
(-3.89055 -8.66006 1.90515)
(-6.66227 -9.22659 1.68906)
(-8.60334 -9.10737 1.89225)
(-9.30532 -9.28646 1.90999)
(-8.90127 -8.90127 1.60864)
(-7.08094 -8.63066 1.81009)
(-5.26837 -8.82881 2.13709)
(-3.14387 -8.55951 2.32455)
(-0.751972 -8.55007 2.59815)
(-1.46751 -7.03422 1.48726)
(-4.45479 -7.44278 1.32199)
(-6.88207 -7.294 1.5529)
(-8.34642 -7.5285 1.72875)
(-9.27376 -7.36988 1.52419)
(-8.63066 -7.08094 1.81009)
(-7.29741 -7.29741 2.20713)
(-5.40749 -7.47925 2.26262)
(-3.12468 -7.07288 2.51048)
(-1.20607 -7.11971 2.71878)
(-1.63168 -5.59665 1.31112)
(-4.15033 -5.61744 1.53652)
(-6.74799 -5.36539 1.71679)
(-8.67923 -5.23782 1.65472)
(-8.85776 -5.47864 1.60581)
(-8.82881 -5.26837 2.13709)
(-7.47925 -5.40749 2.26262)
(-5.04383 -5.04384 2.27734)
(-2.78433 -5.55789 2.18487)
(-0.798807 -5.75996 1.8696)
(-1.4883 -3.09472 1.63314)
(-4.22353 -3.59121 1.97246)
(-6.50244 -3.56058 1.85831)
(-8.45967 -3.2709 1.6963)
(-9.30431 -3.40342 2.032)
(-8.55951 -3.14387 2.32455)
(-7.07288 -3.12468 2.51048)
(-5.55788 -2.78433 2.18487)
(-3.8408 -3.8408 1.59241)
(-1.40814 -4.26737 1.86609)
(-2.12816 -0.76045 2.07422)
(-4.61619 -1.40031 2.08162)
(-6.42768 -1.15311 1.7823)
(-8.52206 -1.32555 1.9955)
(-8.73073 -1.2155 2.27777)
(-8.55007 -0.751972 2.59815)
(-7.11971 -1.20607 2.71878)
(-5.75996 -0.798806 1.8696)
(-4.26737 -1.40814 1.86609)
(-1.22538 -1.22538 1.88254)
(-0.262025 -0.262025 -0.31029)
(-2.0131 -0.561223 0.691518)
(-4.62952 -0.314676 1.33497)
(-6.39956 -0.599657 2.0975)
(-7.81784 -0.789223 1.70874)
(-8.2196 -1.08822 1.94858)
(-7.25769 -1.53212 1.7512)
(-5.40259 -1.43121 1.89462)
(-2.69505 -1.42247 2.18544)
(-0.627265 -2.32365 2.09792)
(-0.561223 -2.0131 0.691516)
(-2.06575 -2.06575 1.64821)
(-4.66795 -2.31573 2.33488)
(-6.87411 -2.99167 2.073)
(-8.30641 -3.10896 2.00446)
(-8.9625 -3.9199 2.12869)
(-7.60067 -4.30097 1.97209)
(-5.29294 -3.91626 2.24486)
(-3.58749 -4.31219 2.25909)
(-1.52844 -4.89496 2.09724)
(-0.314675 -4.62952 1.33497)
(-2.31573 -4.66795 2.33488)
(-5.55544 -5.55544 1.8928)
(-7.19278 -5.49897 2.34652)
(-8.74607 -6.22879 2.24357)
(-9.41162 -6.57244 2.27882)
(-7.25404 -6.55657 2.43957)
(-5.41381 -6.74206 2.41324)
(-3.67375 -6.62477 2.34962)
(-1.21004 -6.19045 2.27822)
(-0.599656 -6.39956 2.0975)
(-2.99167 -6.87411 2.073)
(-5.49897 -7.19279 2.34652)
(-7.54747 -7.54747 2.62442)
(-9.37988 -8.13987 2.85438)
(-9.29028 -8.32834 2.85764)
(-7.77029 -8.38385 2.73704)
(-5.36114 -8.71416 2.72054)
(-3.03589 -8.12664 2.69866)
(-1.09413 -8.03609 2.81592)
(-0.789223 -7.81784 1.70874)
(-3.10896 -8.30641 2.00446)
(-6.22879 -8.74608 2.24357)
(-8.13987 -9.37988 2.85438)
(-9.52695 -9.52695 3.00609)
(-9.65559 -9.52506 2.90392)
(-7.63986 -9.27596 2.72672)
(-5.15659 -8.58025 2.7614)
(-2.99567 -8.87165 2.99325)
(-1.11949 -8.47856 3.1278)
(-1.08822 -8.2196 1.94858)
(-3.9199 -8.9625 2.12868)
(-6.57244 -9.41162 2.27882)
(-8.32834 -9.29028 2.85764)
(-9.52505 -9.6556 2.90392)
(-9.03929 -9.03929 2.80627)
(-6.82548 -8.3851 3.06225)
(-4.95683 -8.51466 3.07902)
(-2.9342 -8.44392 3.30329)
(-0.701038 -8.48605 3.52)
(-1.53213 -7.25769 1.7512)
(-4.30097 -7.60067 1.97209)
(-6.55657 -7.25405 2.43957)
(-8.38385 -7.77029 2.73704)
(-9.27595 -7.63987 2.72672)
(-8.3851 -6.82548 3.06225)
(-7.11524 -7.11524 3.05436)
(-5.21541 -7.45852 3.20015)
(-2.96706 -7.39663 3.31313)
(-1.16161 -7.47673 3.32243)
(-1.43121 -5.40259 1.89462)
(-3.91626 -5.29294 2.24486)
(-6.74205 -5.41381 2.41323)
(-8.71416 -5.36114 2.72054)
(-8.58025 -5.15659 2.7614)
(-8.51466 -4.95683 3.07901)
(-7.45851 -5.21541 3.20015)
(-5.23822 -5.23822 3.15455)
(-2.95242 -6.00435 2.88104)
(-0.781146 -5.92545 2.90299)
(-1.42247 -2.69505 2.18544)
(-4.31219 -3.58749 2.25909)
(-6.62477 -3.67375 2.34962)
(-8.12663 -3.03589 2.69866)
(-8.87165 -2.99567 2.99325)
(-8.44392 -2.9342 3.30329)
(-7.39662 -2.96706 3.31313)
(-6.00435 -2.95242 2.88104)
(-3.65429 -3.6543 3.04585)
(-1.08272 -3.93082 3.21045)
(-2.32365 -0.627268 2.09791)
(-4.89496 -1.52844 2.09723)
(-6.19045 -1.21004 2.27822)
(-8.03609 -1.09413 2.81592)
(-8.47855 -1.11949 3.1278)
(-8.48604 -0.701038 3.52)
(-7.47673 -1.16161 3.32243)
(-5.92545 -0.781146 2.90299)
(-3.93082 -1.08272 3.21046)
(-1.05767 -1.05767 4.03913)
(0.210027 0.210025 0.442414)
(-0.990691 0.30491 0.947754)
(-4.15776 -0.0804458 1.48069)
(-6.43175 -0.626289 0.768512)
(-7.71862 -0.76732 1.16737)
(-8.21312 -1.04301 1.48067)
(-7.08817 -1.24663 1.89914)
(-5.16241 -1.28143 2.34514)
(-2.89142 -1.41466 2.36543)
(-0.847975 -2.12885 2.07624)
(0.304911 -0.990693 0.947754)
(-1.28116 -1.28116 1.75676)
(-5.08896 -2.55651 0.964084)
(-7.11862 -2.7852 0.801726)
(-8.13534 -2.94895 1.1466)
(-8.69243 -3.56031 1.64783)
(-7.3266 -3.76642 2.39775)
(-5.33044 -3.63172 2.75525)
(-3.73884 -4.05935 2.71022)
(-1.56216 -4.43589 2.6217)
(-0.0804447 -4.15776 1.48069)
(-2.55651 -5.08896 0.964082)
(-5.66179 -5.6618 0.761911)
(-6.82419 -5.08582 1.2556)
(-8.49373 -5.58484 1.34059)
(-9.03058 -5.93331 2.25657)
(-7.15958 -6.11711 2.93058)
(-5.45534 -6.27231 3.08745)
(-3.69559 -6.06287 2.99734)
(-1.22451 -5.70899 2.76154)
(-0.626289 -6.43175 0.768511)
(-2.7852 -7.11862 0.801726)
(-5.08582 -6.82419 1.2556)
(-7.04166 -7.04167 1.41297)
(-8.98283 -7.52404 2.2625)
(-9.2247 -7.97824 2.90054)
(-7.6656 -8.05928 3.39158)
(-5.2762 -8.33107 3.64013)
(-3.17551 -7.81605 3.47031)
(-1.20828 -7.67248 3.34111)
(-0.767318 -7.71862 1.16737)
(-2.94895 -8.13534 1.1466)
(-5.58484 -8.49373 1.34059)
(-7.52404 -8.98283 2.2625)
(-9.43031 -9.43031 2.7295)
(-9.56582 -9.35669 3.33848)
(-7.5124 -8.94856 3.88433)
(-5.21212 -8.49929 3.84764)
(-3.03701 -8.69968 3.79431)
(-1.08095 -8.02666 3.94273)
(-1.04301 -8.21312 1.48067)
(-3.56031 -8.69243 1.64782)
(-5.93331 -9.03058 2.25657)
(-7.97824 -9.2247 2.90054)
(-9.35669 -9.56582 3.33848)
(-8.74294 -8.74294 4.11299)
(-6.80819 -8.30302 4.4948)
(-5.02733 -8.39005 4.23056)
(-2.70288 -8.23963 4.39934)
(-0.535262 -8.35544 4.25976)
(-1.24663 -7.08818 1.89913)
(-3.76641 -7.3266 2.39775)
(-6.11711 -7.15958 2.93058)
(-8.05927 -7.6656 3.39158)
(-8.94855 -7.5124 3.88433)
(-8.30302 -6.80819 4.4948)
(-7.15951 -7.15951 4.4684)
(-5.14873 -7.40372 4.51872)
(-3.0024 -7.49513 4.30731)
(-1.19676 -7.73673 4.16753)
(-1.28143 -5.16241 2.34514)
(-3.63172 -5.33044 2.75525)
(-6.27231 -5.45535 3.08745)
(-8.33106 -5.27621 3.64013)
(-8.49928 -5.21212 3.84764)
(-8.39005 -5.02733 4.23056)
(-7.40372 -5.14873 4.51872)
(-5.36294 -5.36294 4.48421)
(-3.03589 -5.82516 4.25533)
(-0.776862 -5.87193 4.52286)
(-1.41466 -2.89143 2.36543)
(-4.05935 -3.73884 2.71021)
(-6.06287 -3.69559 2.99734)
(-7.81605 -3.17551 3.47031)
(-8.69968 -3.03701 3.79431)
(-8.23963 -2.70289 4.39934)
(-7.49512 -3.0024 4.30731)
(-5.82516 -3.03589 4.25533)
(-3.51139 -3.51139 4.99238)
(-1.24354 -3.13123 4.91712)
(-2.12885 -0.847979 2.07625)
(-4.43589 -1.56217 2.6217)
(-5.70899 -1.22451 2.76154)
(-7.67248 -1.20828 3.34111)
(-8.02666 -1.08095 3.94273)
(-8.35544 -0.535261 4.25976)
(-7.73672 -1.19676 4.16753)
(-5.87193 -0.776862 4.52286)
(-3.13123 -1.24354 4.91712)
(-0.396699 -0.396698 5.48025)
(0.243315 0.243315 -0.690873)
(-0.974818 0.247785 -0.639925)
(-4.80876 -0.831286 -1.50203)
(-6.71289 -0.566442 -1.8753)
(-7.10568 -0.809986 -1.16428)
(-7.48783 -0.921071 -0.0895391)
(-6.39322 -1.03351 1.23063)
(-4.9363 -1.0211 1.98866)
(-2.96394 -1.07768 2.18822)
(-0.916446 -1.77819 1.98069)
(0.247786 -0.97482 -0.639922)
(-2.04942 -2.04942 -1.54856)
(-5.62299 -3.03452 -2.51627)
(-6.69159 -2.50458 -2.02869)
(-7.46031 -2.93573 -1.33902)
(-7.71135 -3.14401 0.19737)
(-6.49325 -3.26953 1.73695)
(-4.98048 -3.17394 2.51736)
(-3.72104 -3.68027 2.54746)
(-1.61696 -4.20966 2.55505)
(-0.831285 -4.80876 -1.50203)
(-3.03451 -5.62299 -2.51627)
(-5.26392 -5.26392 -2.04803)
(-6.6141 -4.88772 -1.95667)
(-7.74511 -5.1129 -1.02475)
(-7.82163 -5.31973 0.891321)
(-6.42316 -5.56274 2.18119)
(-5.34705 -5.85717 2.44573)
(-3.99966 -5.86467 2.42791)
(-1.44584 -5.47104 2.45265)
(-0.566441 -6.71289 -1.8753)
(-2.50458 -6.69159 -2.02869)
(-4.88772 -6.61411 -1.95667)
(-6.54057 -6.54057 -1.55851)
(-7.89231 -6.75096 0.106916)
(-8.1612 -7.24643 1.60205)
(-7.03069 -7.4301 2.61195)
(-5.28241 -7.95397 2.96886)
(-3.33491 -7.32966 3.22161)
(-1.22333 -6.8549 3.38472)
(-0.809986 -7.10568 -1.16428)
(-2.93573 -7.46031 -1.33902)
(-5.1129 -7.74511 -1.02475)
(-6.75096 -7.89231 0.106916)
(-8.45097 -8.45098 1.22562)
(-8.50076 -8.31261 2.6476)
(-7.13069 -8.17274 3.5395)
(-5.24661 -7.98983 3.83432)
(-2.90059 -7.94262 4.05924)
(-0.971074 -7.55991 4.19402)
(-0.921071 -7.48783 -0.089537)
(-3.14401 -7.71136 0.19737)
(-5.31972 -7.82163 0.89132)
(-7.24643 -8.1612 1.60205)
(-8.3126 -8.50077 2.6476)
(-7.88296 -7.88297 3.86737)
(-6.70791 -7.80104 4.59676)
(-5.05229 -7.84359 4.70047)
(-2.90499 -7.93093 4.63834)
(-0.840614 -8.26125 4.40427)
(-1.03351 -6.39322 1.23063)
(-3.26952 -6.49325 1.73695)
(-5.56274 -6.42316 2.18119)
(-7.4301 -7.0307 2.61195)
(-8.17274 -7.1307 3.5395)
(-7.80104 -6.70791 4.59676)
(-7.09132 -7.09132 5.10282)
(-5.3765 -7.20486 4.93408)
(-3.31825 -7.54063 5.00872)
(-1.30139 -7.21364 5.05697)
(-1.0211 -4.9363 1.98866)
(-3.17395 -4.98048 2.51736)
(-5.85717 -5.34705 2.44573)
(-7.95397 -5.28241 2.96886)
(-7.98982 -5.24661 3.83432)
(-7.84359 -5.05229 4.70047)
(-7.20486 -5.3765 4.93408)
(-5.5016 -5.5016 5.32935)
(-2.91377 -5.31928 5.64555)
(-0.513619 -5.17586 5.96672)
(-1.07768 -2.96394 2.18822)
(-3.68027 -3.72104 2.54746)
(-5.86467 -3.99966 2.42791)
(-7.32966 -3.33491 3.22161)
(-7.94262 -2.90059 4.05924)
(-7.93093 -2.90499 4.63834)
(-7.54063 -3.31825 5.00872)
(-5.31927 -2.91377 5.64555)
(-2.9925 -2.9925 5.96812)
(-1.15797 -2.97343 6.38708)
(-1.77819 -0.916448 1.9807)
(-4.20966 -1.61696 2.55506)
(-5.47104 -1.44584 2.45265)
(-6.8549 -1.22333 3.38472)
(-7.55991 -0.971074 4.19402)
(-8.26125 -0.840614 4.40427)
(-7.21363 -1.30139 5.05697)
(-5.17585 -0.513618 5.96672)
(-2.97343 -1.15797 6.38708)
(-0.494541 -0.494541 6.37877)
(0.260974 0.260976 -4.55234)
(-1.80185 -0.603721 -5.20356)
(-5.39313 -1.09468 -5.99011)
(-6.094 -0.779685 -5.00787)
(-5.93286 -0.942051 -4.08434)
(-5.81821 -0.756101 -2.13505)
(-5.00998 -0.740307 -0.458823)
(-4.20482 -0.752734 0.59528)
(-2.89939 -1.05542 0.985691)
(-1.0555 -1.55449 0.864521)
(-0.603722 -1.80185 -5.20356)
(-3.15751 -3.15751 -6.43626)
(-5.5691 -3.10251 -5.87812)
(-5.94137 -2.86657 -5.34372)
(-5.90927 -2.80942 -3.9312)
(-5.61646 -2.57945 -1.79122)
(-5.00661 -2.81586 -0.147816)
(-4.51993 -3.17465 0.778507)
(-3.70114 -3.81966 1.28695)
(-1.55457 -3.96394 1.91665)
(-1.09469 -5.39314 -5.9901)
(-3.10251 -5.5691 -5.87812)
(-5.10219 -5.1022 -5.87465)
(-5.80091 -4.61564 -5.20817)
(-5.64574 -4.1389 -3.33288)
(-5.82465 -4.52863 -1.2869)
(-5.60517 -5.24211 -0.0253662)
(-5.20863 -5.82081 0.722289)
(-3.68868 -5.38872 1.53448)
(-1.19977 -4.87932 1.98067)
(-0.779685 -6.09401 -5.00787)
(-2.86657 -5.94137 -5.34372)
(-4.61564 -5.80091 -5.20817)
(-4.97808 -4.97808 -4.02574)
(-5.82227 -5.27367 -2.22448)
(-6.71967 -6.22197 -0.674917)
(-6.29879 -6.70097 0.620534)
(-4.66654 -6.94248 1.60436)
(-2.75965 -6.18472 2.27844)
(-1.04518 -5.93111 2.52119)
(-0.942052 -5.93286 -4.08434)
(-2.80941 -5.90928 -3.9312)
(-4.1389 -5.64574 -3.33288)
(-5.27367 -5.82227 -2.22448)
(-6.88963 -6.88963 -0.961615)
(-7.25194 -7.09138 0.875834)
(-6.32568 -6.96374 2.02465)
(-4.69238 -6.76767 3.0035)
(-2.67731 -7.28295 3.31883)
(-0.946162 -7.00711 3.3802)
(-0.756102 -5.81821 -2.13505)
(-2.57945 -5.61646 -1.79122)
(-4.52863 -5.82465 -1.2869)
(-6.22196 -6.71967 -0.674917)
(-7.09138 -7.25194 0.875834)
(-6.79378 -6.79379 2.34965)
(-5.97509 -6.7397 2.99898)
(-4.98575 -7.29029 3.79677)
(-2.99908 -7.29014 3.90518)
(-0.769329 -7.4925 4.17538)
(-0.740307 -5.00998 -0.458823)
(-2.81585 -5.00661 -0.147816)
(-5.24211 -5.60517 -0.0253666)
(-6.70096 -6.29879 0.620535)
(-6.96374 -6.32568 2.02465)
(-6.7397 -5.97509 2.99898)
(-6.82219 -6.82219 3.50361)
(-5.24282 -6.77485 4.16737)
(-2.87951 -6.48792 5.16882)
(-1.14852 -6.17428 5.20692)
(-0.752734 -4.20482 0.59528)
(-3.17465 -4.51993 0.778509)
(-5.82081 -5.20863 0.72229)
(-6.94247 -4.66654 1.60436)
(-6.76767 -4.69238 3.0035)
(-7.29029 -4.98575 3.79677)
(-6.77484 -5.24282 4.16737)
(-4.65148 -4.65148 5.38968)
(-2.39852 -4.86576 6.19377)
(-0.455692 -4.54183 5.91376)
(-1.05542 -2.89939 0.98569)
(-3.81966 -3.70114 1.28695)
(-5.38872 -3.68868 1.53448)
(-6.18472 -2.75965 2.27844)
(-7.28295 -2.67731 3.31883)
(-7.29014 -2.99909 3.90518)
(-6.48792 -2.87951 5.16882)
(-4.86576 -2.39852 6.19377)
(-2.76986 -2.76986 6.22687)
(-0.824582 -2.71918 6.60035)
(-1.55449 -1.0555 0.86452)
(-3.96394 -1.55457 1.91666)
(-4.87932 -1.19977 1.98067)
(-5.93111 -1.04518 2.52119)
(-7.0071 -0.946163 3.3802)
(-7.49249 -0.769331 4.17538)
(-6.17428 -1.14852 5.20692)
(-4.54183 -0.455692 5.91375)
(-2.71918 -0.824581 6.60035)
(-0.405007 -0.405006 6.52658)
(-0.407905 -0.407905 -8.62066)
(-2.41258 -0.984917 -9.52357)
(-4.61307 -0.719297 -8.15719)
(-4.80712 -0.902284 -6.78847)
(-4.23285 -0.656848 -5.69783)
(-3.86231 -0.577246 -4.15977)
(-3.66289 -0.722503 -3.01669)
(-3.49179 -0.837871 -1.86937)
(-2.6947 -0.776422 -0.982033)
(-1.03762 -0.726061 -0.896451)
(-0.984917 -2.41258 -9.52358)
(-2.72397 -2.72397 -8.88003)
(-4.53044 -2.91906 -7.38039)
(-4.74468 -2.70487 -6.64252)
(-3.90781 -2.18427 -5.27912)
(-3.92797 -2.29586 -4.11654)
(-3.92352 -2.83607 -2.97097)
(-3.54571 -3.04694 -1.64945)
(-2.58289 -3.13148 -0.309758)
(-0.987255 -3.09352 0.250164)
(-0.719299 -4.61308 -8.15719)
(-2.91906 -4.53044 -7.38039)
(-4.59397 -4.59397 -7.23911)
(-4.07233 -3.56975 -5.89883)
(-3.82384 -3.40618 -4.71379)
(-4.51411 -4.20342 -3.71169)
(-4.41397 -4.79439 -2.44947)
(-3.7872 -5.03132 -0.819423)
(-2.74128 -4.87319 0.169023)
(-0.999653 -4.86651 0.745946)
(-0.902285 -4.80713 -6.78847)
(-2.70487 -4.74468 -6.64252)
(-3.56974 -4.07233 -5.89883)
(-3.55688 -3.55688 -4.72854)
(-4.54149 -4.3797 -3.72985)
(-5.31618 -5.0837 -2.77699)
(-4.75142 -5.38008 -1.16387)
(-3.62451 -5.67276 0.117594)
(-2.41808 -5.54531 0.74556)
(-0.980574 -5.45537 1.3647)
(-0.656847 -4.23285 -5.69783)
(-2.18427 -3.90781 -5.27911)
(-3.40617 -3.82384 -4.71379)
(-4.3797 -4.54149 -3.72985)
(-5.35066 -5.35066 -2.80911)
(-5.5145 -5.28804 -1.40162)
(-5.00303 -5.7943 0.0641706)
(-3.95243 -5.79741 0.915835)
(-2.52389 -6.31588 2.30627)
(-0.909708 -5.90572 2.46622)
(-0.577247 -3.86232 -4.15977)
(-2.29586 -3.92797 -4.11653)
(-4.20342 -4.51411 -3.71169)
(-5.0837 -5.31619 -2.77699)
(-5.28803 -5.5145 -1.40162)
(-5.75982 -5.75982 0.121735)
(-5.2608 -6.32208 0.694844)
(-4.14609 -6.67972 1.79912)
(-2.52638 -6.08094 3.21226)
(-0.570412 -6.43452 3.09691)
(-0.722502 -3.6629 -3.01669)
(-2.83607 -3.92352 -2.97097)
(-4.79439 -4.41397 -2.44946)
(-5.38008 -4.75142 -1.16387)
(-5.7943 -5.00303 0.0641707)
(-6.32208 -5.2608 0.694845)
(-5.92293 -5.92293 1.64116)
(-3.71129 -5.61196 3.3488)
(-2.27869 -5.25204 4.08748)
(-1.26329 -5.47526 4.09495)
(-0.83787 -3.49179 -1.86937)
(-3.04694 -3.54571 -1.64944)
(-5.03132 -3.7872 -0.81942)
(-5.67276 -3.62451 0.117595)
(-5.79741 -3.95243 0.915836)
(-6.67972 -4.14609 1.79913)
(-5.61195 -3.71129 3.3488)
(-3.47519 -3.47519 3.94925)
(-2.38969 -4.26122 4.96468)
(-0.793636 -3.78243 5.24081)
(-0.776422 -2.6947 -0.982031)
(-3.13148 -2.58289 -0.309758)
(-4.87319 -2.74128 0.169023)
(-5.54531 -2.41808 0.745562)
(-6.31588 -2.52389 2.30627)
(-6.08094 -2.52638 3.21226)
(-5.25203 -2.27869 4.08748)
(-4.26122 -2.38969 4.96468)
(-2.58593 -2.58593 6.17077)
(-0.784495 -2.36061 6.12024)
(-0.726058 -1.03762 -0.896452)
(-3.09351 -0.987254 0.250166)
(-4.86651 -0.999653 0.745947)
(-5.45537 -0.980574 1.3647)
(-5.90571 -0.909707 2.46622)
(-6.43452 -0.570412 3.09692)
(-5.47526 -1.26329 4.09495)
(-3.78243 -0.793637 5.24081)
(-2.3606 -0.784496 6.12023)
(-0.568313 -0.568314 6.16312)
(-0.64194 -0.641942 -11.1689)
(-1.33838 0.0398228 -10.7754)
(-2.65803 -0.317883 -8.81044)
(-3.63464 -0.633737 -7.58592)
(-3.30416 -0.523339 -7.2221)
(-3.13707 -0.712865 -6.63651)
(-2.71957 -0.694585 -5.86504)
(-2.17016 -0.53281 -4.43197)
(-1.92647 -0.383141 -3.21157)
(-0.969916 -0.407873 -3.52611)
(0.0398249 -1.33838 -10.7754)
(-1.01432 -1.01433 -9.28212)
(-3.33159 -2.18443 -8.27286)
(-3.8401 -1.97693 -7.37073)
(-3.38329 -1.82538 -6.90934)
(-3.30832 -2.13137 -6.29805)
(-2.53952 -2.24863 -5.18773)
(-1.85872 -2.1247 -3.7289)
(-1.80153 -2.66861 -2.78941)
(-0.994648 -2.32154 -2.4263)
(-0.317884 -2.65803 -8.81044)
(-2.18443 -3.33159 -8.27286)
(-3.62063 -3.62063 -7.32702)
(-3.27559 -2.70166 -6.09537)
(-3.45861 -2.58964 -6.09586)
(-3.56032 -3.18909 -5.57627)
(-2.7129 -3.43501 -4.37676)
(-2.59014 -4.05377 -3.15326)
(-2.12331 -4.3334 -2.1553)
(-0.62285 -3.76479 -1.24363)
(-0.633738 -3.63464 -7.58592)
(-1.97693 -3.8401 -7.37073)
(-2.70165 -3.27559 -6.09537)
(-2.8091 -2.80911 -5.5918)
(-3.87072 -3.36899 -5.50925)
(-4.15369 -3.91189 -4.49888)
(-3.4042 -4.18733 -3.45047)
(-2.75711 -5.20722 -2.10979)
(-1.51255 -4.04747 -1.02635)
(-0.426035 -4.21084 -0.475523)
(-0.523339 -3.30416 -7.2221)
(-1.82538 -3.38329 -6.90934)
(-2.58964 -3.45861 -6.09586)
(-3.36899 -3.87072 -5.50925)
(-4.56139 -4.56139 -4.5366)
(-4.37866 -4.19265 -3.57086)
(-4.00823 -5.10503 -2.26813)
(-2.45028 -5.08614 -0.809377)
(-1.12693 -4.81626 0.358258)
(-0.786218 -5.27489 0.75383)
(-0.712865 -3.13707 -6.63651)
(-2.13137 -3.30832 -6.29805)
(-3.18909 -3.56032 -5.57627)
(-3.91189 -4.15369 -4.49888)
(-4.19265 -4.37866 -3.57086)
(-4.69732 -4.69732 -2.77161)
(-4.2977 -5.16271 -1.35273)
(-2.46833 -4.85733 0.15308)
(-1.7013 -5.50893 1.35578)
(-0.884673 -5.86376 1.70696)
(-0.694586 -2.71958 -5.86504)
(-2.24863 -2.53952 -5.18773)
(-3.43501 -2.7129 -4.37675)
(-4.18733 -3.40421 -3.45047)
(-5.10503 -4.00823 -2.26813)
(-5.16271 -4.2977 -1.35273)
(-4.16823 -4.16823 0.106609)
(-2.7965 -4.62472 1.99649)
(-2.13336 -4.73549 2.0746)
(-1.14105 -4.03039 2.62435)
(-0.53281 -2.17016 -4.43197)
(-2.1247 -1.85872 -3.7289)
(-4.05377 -2.59014 -3.15326)
(-5.20722 -2.75711 -2.10979)
(-5.08614 -2.45028 -0.809377)
(-4.85733 -2.46833 0.153079)
(-4.62472 -2.7965 1.99649)
(-3.03559 -3.03559 2.8391)
(-1.10696 -2.78248 3.63066)
(-0.179567 -2.51654 3.85451)
(-0.383142 -1.92647 -3.21157)
(-2.66861 -1.80153 -2.78941)
(-4.3334 -2.12331 -2.1553)
(-4.04747 -1.51255 -1.02634)
(-4.81625 -1.12693 0.358259)
(-5.50893 -1.7013 1.35578)
(-4.73549 -2.13336 2.0746)
(-2.78248 -1.10696 3.63066)
(-1.61431 -1.61431 4.35743)
(-0.875112 -1.79686 4.73076)
(-0.40787 -0.969919 -3.52611)
(-2.32154 -0.994647 -2.4263)
(-3.76479 -0.62285 -1.24363)
(-4.21084 -0.426036 -0.47552)
(-5.27489 -0.786218 0.753831)
(-5.86376 -0.884672 1.70696)
(-4.03039 -1.14105 2.62435)
(-2.51654 -0.179568 3.85451)
(-1.79686 -0.875113 4.73076)
(-0.362118 -0.362119 4.74882)
(-0.0143887 -0.0143922 -11.8793)
(-0.0540876 0.508386 -11.1142)
(-1.42357 -0.181716 -10.898)
(-3.21879 -0.687096 -9.59065)
(-3.28345 -0.344089 -9.52281)
(-2.50526 -0.238785 -8.70896)
(-1.45835 -0.0451921 -8.10426)
(-0.838314 -0.134807 -7.45292)
(-1.78885 -0.354263 -7.28642)
(-1.35216 0.373754 -7.38316)
(0.508389 -0.0540885 -11.1142)
(-0.221412 -0.221415 -11.3438)
(-2.61906 -1.43565 -10.9748)
(-3.38116 -1.21432 -9.55428)
(-2.83513 -1.05803 -8.53201)
(-2.20636 -1.23562 -7.08863)
(-1.35437 -1.34778 -6.14936)
(-1.14738 -1.76823 -5.38455)
(-1.28028 -2.07521 -4.2523)
(-0.624143 -0.811038 -3.52363)
(-0.181715 -1.42357 -10.8981)
(-1.43564 -2.61906 -10.9748)
(-2.41648 -2.41648 -9.72778)
(-2.84117 -1.79082 -8.23484)
(-3.30474 -2.00608 -7.74084)
(-2.79501 -2.40425 -7.21196)
(-1.99096 -3.05713 -6.19194)
(-1.56574 -3.41221 -5.37039)
(-0.831656 -3.11013 -3.27272)
(-0.0879861 -2.91573 -2.67635)
(-0.687096 -3.21879 -9.59065)
(-1.21432 -3.38116 -9.55428)
(-1.79082 -2.84117 -8.23484)
(-2.97076 -2.97077 -7.24156)
(-3.44856 -2.82044 -7.24067)
(-3.2574 -3.07829 -6.03323)
(-2.36233 -3.27146 -5.13058)
(-1.20038 -3.32888 -3.93427)
(-0.783812 -3.03176 -2.71156)
(-0.429751 -3.45791 -1.85985)
(-0.344088 -3.28345 -9.52281)
(-1.05803 -2.83514 -8.532)
(-2.00608 -3.30475 -7.74084)
(-2.82043 -3.44856 -7.24067)
(-3.41227 -3.41227 -6.41859)
(-3.24603 -3.56077 -5.05101)
(-2.24155 -3.69655 -4.21317)
(-1.32604 -3.53454 -2.54596)
(-0.960685 -3.93376 -2.4293)
(-0.514136 -3.72324 -1.40156)
(-0.238786 -2.50526 -8.70896)
(-1.23562 -2.20636 -7.08863)
(-2.40425 -2.79501 -7.21196)
(-3.07829 -3.2574 -6.03323)
(-3.56077 -3.24603 -5.051)
(-3.54169 -3.54169 -4.19062)
(-2.33611 -3.94735 -2.57164)
(-1.43758 -3.87386 -1.59385)
(-0.972505 -4.3646 -0.724042)
(-0.219231 -4.56401 0.129864)
(-0.0451926 -1.45835 -8.10425)
(-1.34778 -1.35437 -6.14936)
(-3.05713 -1.99096 -6.19194)
(-3.27146 -2.36233 -5.13058)
(-3.69655 -2.24155 -4.21317)
(-3.94734 -2.33611 -2.57164)
(-2.57371 -2.57372 -1.36323)
(-1.7433 -2.92593 0.0513528)
(-1.65083 -2.97715 1.51597)
(-0.713543 -3.3277 2.37764)
(-0.134808 -0.838313 -7.45292)
(-1.76823 -1.14738 -5.38455)
(-3.41221 -1.56575 -5.37039)
(-3.32888 -1.20038 -3.93427)
(-3.53454 -1.32604 -2.54596)
(-3.87385 -1.43758 -1.59385)
(-2.92593 -1.7433 0.0513525)
(-1.84102 -1.84102 1.9862)
(-1.37428 -1.9784 2.98712)
(-0.569785 -1.67601 2.50449)
(-0.354264 -1.78885 -7.28641)
(-2.07521 -1.28028 -4.2523)
(-3.11012 -0.831656 -3.27272)
(-3.03176 -0.783811 -2.71156)
(-3.93375 -0.960685 -2.4293)
(-4.3646 -0.972505 -0.724042)
(-2.97715 -1.65083 1.51597)
(-1.9784 -1.37428 2.98712)
(-1.48583 -1.48583 4.28359)
(-0.411161 -1.4663 3.86583)
(0.373757 -1.35216 -7.38316)
(-0.811036 -0.624142 -3.52363)
(-2.91573 -0.0879861 -2.67635)
(-3.4579 -0.429751 -1.85984)
(-3.72324 -0.514135 -1.40156)
(-4.564 -0.219232 0.129864)
(-3.3277 -0.713544 2.37764)
(-1.67601 -0.569786 2.50449)
(-1.46629 -0.411161 3.86583)
(-0.55025 -0.55025 4.17563)
(0.123118 0.123116 -12.7382)
(-0.357161 -0.189723 -12.5971)
(-1.13446 -0.394666 -12.7514)
(-2.2594 -0.597369 -10.5732)
(-2.42247 0.467467 -11.0385)
(-1.71852 0.907464 -11.7525)
(-1.46354 1.26031 -13.1802)
(-1.35232 1.53556 -14.4265)
(-1.85671 2.65097 -17.4416)
(-1.06667 3.45166 -21.6811)
(-0.18972 -0.357163 -12.5971)
(-0.874943 -0.874946 -12.1631)
(-1.54211 -1.01416 -12.8929)
(-1.39727 -0.621125 -11.8259)
(-0.917639 -0.0434069 -11.8614)
(-0.925676 -0.634376 -9.40731)
(-0.835446 -0.336311 -8.07085)
(0.0383431 -0.0421662 -7.62861)
(0.059392 1.34508 -9.35427)
(-0.265975 2.38528 -15.8908)
(-0.394665 -1.13446 -12.7514)
(-1.01416 -1.54211 -12.8929)
(-0.880641 -0.880641 -12.0697)
(-1.28865 -0.388939 -12.0558)
(-2.43572 -1.29831 -11.1582)
(-2.01142 -2.13369 -8.73284)
(-0.871331 -2.41623 -7.06577)
(0.329075 -2.60349 -5.13886)
(0.570734 -2.79266 -4.74012)
(-0.0264723 -2.101 -9.98812)
(-0.597369 -2.2594 -10.5732)
(-0.621124 -1.39727 -11.826)
(-0.388937 -1.28865 -12.0558)
(-1.81493 -1.81493 -11.4891)
(-2.66239 -2.04674 -9.42665)
(-2.0436 -1.75094 -7.68324)
(-1.30525 -2.20856 -6.38907)
(-0.338083 -2.38279 -4.55858)
(0.561877 -3.20405 -3.67107)
(0.425677 -2.93605 -6.23866)
(0.467468 -2.42247 -11.0385)
(-0.0434048 -0.91764 -11.8614)
(-1.29831 -2.43572 -11.1582)
(-2.04674 -2.66239 -9.42665)
(-2.37173 -2.37173 -7.55612)
(-2.17324 -2.35004 -5.63332)
(-1.50318 -2.54609 -4.77894)
(-0.666411 -2.74572 -3.32371)
(0.0174716 -2.82874 -3.21386)
(0.241521 -3.28518 -3.51175)
(0.907465 -1.71852 -11.7525)
(-0.634374 -0.925676 -9.40731)
(-2.13369 -2.01142 -8.73284)
(-1.75094 -2.0436 -7.68324)
(-2.35004 -2.17324 -5.63332)
(-2.21796 -2.21796 -3.71313)
(-1.70093 -2.31277 -2.58594)
(-0.620736 -2.26001 -2.25411)
(0.0224183 -1.56366 -1.71122)
(-0.0307662 -2.08456 -1.10847)
(1.26031 -1.46354 -13.1802)
(-0.336311 -0.835447 -8.07085)
(-2.41623 -0.871331 -7.06576)
(-2.20856 -1.30525 -6.38907)
(-2.54609 -1.50318 -4.77894)
(-2.31277 -1.70093 -2.58594)
(-1.54524 -1.54524 -1.98232)
(0.082695 -1.04468 -1.62986)
(0.192931 -1.02433 0.189271)
(-0.279375 -1.65576 2.12893)
(1.53556 -1.35232 -14.4265)
(-0.0421646 0.0383413 -7.62861)
(-2.60349 0.329073 -5.13886)
(-2.38279 -0.338086 -4.55858)
(-2.74572 -0.666413 -3.32371)
(-2.26001 -0.620737 -2.2541)
(-1.04468 0.0826945 -1.62986)
(-0.0998247 -0.0998245 -0.397708)
(-0.588666 -0.0148582 1.50198)
(-0.662195 -1.02836 3.66809)
(2.65097 -1.85671 -17.4416)
(1.34508 0.059392 -9.35427)
(-2.79266 0.570733 -4.74012)
(-3.20404 0.561878 -3.67107)
(-2.82874 0.0174701 -3.21385)
(-1.56366 0.0224172 -1.71122)
(-1.02433 0.19293 0.18927)
(-0.0148577 -0.588667 1.50198)
(-0.735603 -0.735604 4.12862)
(-1.29287 -0.125726 4.309)
(3.45166 -1.06667 -21.6811)
(2.38528 -0.265975 -15.8908)
(-2.101 -0.0264721 -9.98812)
(-2.93605 0.425679 -6.23866)
(-3.28518 0.241521 -3.51175)
(-2.08455 -0.0307663 -1.10847)
(-1.65576 -0.279375 2.12893)
(-1.02836 -0.662197 3.66809)
(-0.125725 -1.29288 4.309)
(-0.052318 -0.0523193 4.47676)
(0.12677 0.12677 -14.5319)
(-0.0672474 0.942384 -15.0646)
(0.600273 -0.323199 -12.8216)
(-1.50585 -1.93981 -12.2749)
(-4.46269 -1.167 -8.74824)
(-4.64698 2.10638 -6.33974)
(-4.13238 5.06414 -3.42197)
(-5.09971 6.66308 -0.606491)
(-9.04342 7.73305 4.63995)
(-5.59166 6.16398 11.7536)
(0.942385 -0.0672475 -15.0646)
(-0.517216 -0.517217 -14.2057)
(-2.28192 -0.753971 -11.5894)
(-2.34965 -2.69688 -10.151)
(-0.416494 -1.1778 -8.46625)
(1.58416 1.78402 -9.346)
(0.424322 4.76664 -9.03744)
(-2.4308 7.51942 -8.14155)
(-9.54252 10.6262 -5.16959)
(-7.16072 10.8819 2.98489)
(-0.323199 0.600273 -12.8216)
(-0.753971 -2.28192 -11.5894)
(-1.57939 -1.57939 -10.691)
(-1.92968 -1.45402 -9.65516)
(0.0182102 0.428643 -8.27703)
(1.29746 -0.68018 -7.52481)
(1.60303 -1.37534 -6.73603)
(0.759897 -0.342177 -7.12506)
(-5.68092 2.57307 -6.61102)
(-5.33599 6.73646 -0.443497)
(-1.93981 -1.50585 -12.2749)
(-2.69688 -2.34965 -10.151)
(-1.45401 -1.92968 -9.65516)
(-0.341612 -0.341613 -8.5655)
(0.357341 0.781676 -7.4897)
(-0.219825 0.0212304 -6.29367)
(0.762325 -0.984633 -4.8447)
(1.51762 -1.51373 -5.10415)
(-2.46389 -1.50549 -5.0311)
(-2.99734 3.01846 -1.24143)
(-1.167 -4.46269 -8.74824)
(-1.1778 -0.416495 -8.46625)
(0.428645 0.0182074 -8.27704)
(0.781676 0.35734 -7.4897)
(0.381053 0.381053 -6.31669)
(-0.468846 0.409337 -5.4425)
(0.068069 0.106571 -3.81734)
(0.239043 -1.23007 -3.57534)
(-1.14873 -1.9739 -1.79422)
(-0.812034 1.40695 -0.318698)
(2.10638 -4.64698 -6.33973)
(1.78402 1.58416 -9.346)
(-0.680178 1.29746 -7.52481)
(0.0212337 -0.219826 -6.29367)
(0.409338 -0.468846 -5.4425)
(-0.494307 -0.494307 -4.59984)
(-0.877078 -1.15072 -2.93935)
(-0.562857 -2.18001 -0.920802)
(0.17313 -0.961472 0.417376)
(0.383514 1.07667 0.754317)
(5.06414 -4.13238 -3.42197)
(4.76664 0.424324 -9.03744)
(-1.37534 1.60303 -6.73603)
(-0.984632 0.762326 -4.8447)
(0.106572 0.0680687 -3.81734)
(-1.15072 -0.877079 -2.93935)
(-1.61763 -1.61763 0.0148189)
(0.428295 -1.06953 2.17214)
(2.10795 0.236045 1.84837)
(1.22611 1.44885 1.38641)
(6.66309 -5.09971 -0.606488)
(7.51942 -2.4308 -8.14155)
(-0.342176 0.759897 -7.12506)
(-1.51373 1.51762 -5.10415)
(-1.23007 0.239043 -3.57535)
(-2.18001 -0.562858 -0.920801)
(-1.06953 0.428294 2.17214)
(1.29082 1.29082 2.99678)
(2.69152 1.96095 2.4753)
(1.59632 0.504058 2.32069)
(7.73305 -9.04342 4.63995)
(10.6262 -9.54252 -5.16959)
(2.57308 -5.68093 -6.61102)
(-1.50549 -2.46389 -5.0311)
(-1.9739 -1.14873 -1.79422)
(-0.961472 0.173129 0.417377)
(0.236047 2.10795 1.84837)
(1.96095 2.69152 2.4753)
(1.32119 1.32119 1.54885)
(-0.230777 -0.657625 3.97726)
(6.16398 -5.59166 11.7537)
(10.8819 -7.16072 2.98489)
(6.73646 -5.33599 -0.443493)
(3.01847 -2.99734 -1.24143)
(1.40695 -0.812033 -0.318696)
(1.07668 0.383514 0.754319)
(1.44885 1.22611 1.38641)
(0.504056 1.59632 2.32069)
(-0.657626 -0.230778 3.97726)
(-0.382492 -0.382494 4.84803)
)
;

boundaryField
{
    block1_in
    {
        type            extrapolatedCalculated;
        value           nonuniform List<vector> 
100
(
(-4.34916 -4.34916 26.0083)
(-0.456062 -3.17269 8.95415)
(-0.605198 -0.411375 10.6318)
(1.55729 0.257154 -1.01271)
(1.29426 1.86799 2.75196)
(-1.10372 0.751507 1.3291)
(-2.36397 -0.860014 5.75322)
(-1.84239 -2.45358 0.216368)
(-0.906583 2.16568 -4.25402)
(-0.734168 3.03079 7.40695)
(-3.17269 -0.456062 8.95415)
(0.571219 0.571219 4.07337)
(-1.67495 1.60198 7.29737)
(0.139859 2.15661 5.38234)
(-0.460925 -0.793027 8.84357)
(-2.38281 -2.90673 -1.51168)
(-4.27584 -1.59869 -2.13382)
(-4.44247 -0.996191 -5.33057)
(-4.43345 3.27391 -5.93303)
(-5.25454 3.2032 6.82832)
(-0.411376 -0.605198 10.6318)
(1.60198 -1.67495 7.29738)
(-0.842734 -0.842735 1.44022)
(-0.496167 1.47118 0.154288)
(-3.42254 -0.65468 6.0535)
(-3.15954 -3.06341 -0.709266)
(-3.43025 -2.91967 -5.16417)
(-4.12971 -2.61119 -10.9249)
(-4.87536 1.35361 -14.4697)
(-7.05478 2.2097 -5.87961)
(0.257152 1.5573 -1.01271)
(2.15661 0.13986 5.38235)
(1.47118 -0.496169 0.154292)
(-0.423194 -0.423195 5.05425)
(-3.71456 -3.4564 2.43426)
(-4.20044 -2.91444 -4.09929)
(-3.72096 -2.56885 -6.20407)
(-4.33442 -2.4413 -11.4647)
(-2.03474 0.348831 -13.9617)
(-3.89874 1.02378 -11.1746)
(1.86799 1.29426 2.75196)
(-0.793028 -0.460925 8.84357)
(-0.654682 -3.42254 6.0535)
(-3.4564 -3.71456 2.43426)
(-4.43193 -4.43192 -2.50805)
(-4.98914 -3.06981 -9.32556)
(-4.95303 -3.05365 -10.0001)
(-4.79579 -0.924976 -16.8758)
(-3.40856 1.78929 -11.7278)
(-3.72704 0.3457 -11.1165)
(0.751506 -1.10372 1.32911)
(-2.90673 -2.38281 -1.51168)
(-3.06341 -3.15954 -0.709266)
(-2.91444 -4.20044 -4.09928)
(-3.06982 -4.98914 -9.32556)
(-3.43555 -3.43555 -16.7566)
(-2.3675 -2.3755 -16.554)
(-0.605058 -0.896834 -19.9625)
(-3.91771 1.41758 -16.3194)
(-4.21492 0.705307 -13.5514)
(-0.860016 -2.36397 5.75322)
(-1.59869 -4.27584 -2.13382)
(-2.91968 -3.43026 -5.16417)
(-2.56885 -3.72096 -6.20407)
(-3.05365 -4.95303 -10.0001)
(-2.3755 -2.3675 -16.554)
(-0.223165 -0.223162 -11.181)
(-0.707739 -2.47518 -9.39647)
(-3.69824 -1.82058 -14.2807)
(-5.79968 0.048481 -13.6949)
(-2.45358 -1.84239 0.216363)
(-0.996192 -4.44247 -5.33058)
(-2.61119 -4.12971 -10.9249)
(-2.4413 -4.33442 -11.4647)
(-0.924974 -4.79579 -16.8758)
(-0.896831 -0.605057 -19.9625)
(-2.47518 -0.707738 -9.39647)
(-4.3719 -4.3719 -11.5442)
(-3.67849 -3.67436 -16.6103)
(-3.2439 -1.39614 -22.1548)
(2.16568 -0.906583 -4.25401)
(3.27391 -4.43345 -5.93302)
(1.35361 -4.87536 -14.4697)
(0.348833 -2.03474 -13.9617)
(1.78929 -3.40856 -11.7278)
(1.41758 -3.9177 -16.3194)
(-1.82058 -3.69823 -14.2807)
(-3.67436 -3.67849 -16.6103)
(-0.692571 -0.692571 -18.4572)
(0.61395 0.48307 -15.4466)
(3.03078 -0.73417 7.40695)
(3.2032 -5.25454 6.82832)
(2.2097 -7.05478 -5.87961)
(1.02378 -3.89874 -11.1746)
(0.3457 -3.72704 -11.1165)
(0.705305 -4.21492 -13.5514)
(0.0484785 -5.79968 -13.6949)
(-1.39614 -3.2439 -22.1548)
(0.483069 0.613951 -15.4466)
(-0.089619 -0.0896172 -14.5833)
)
;
    }
    block1_out
    {
        type            extrapolatedCalculated;
        value           nonuniform List<vector> 
100
(
(0.12677 0.12677 -15.5282)
(0.942385 -0.0672475 -16.6008)
(-0.323199 0.600273 -12.6873)
(-1.93981 -1.50585 -14.4908)
(-1.167 -4.46269 -6.04773)
(2.10638 -4.64698 1.45987)
(5.06414 -4.13238 10.4617)
(6.66309 -5.09971 18.264)
(7.73305 -9.04342 34.0804)
(6.16398 -5.59166 57.3577)
(-0.0672474 0.942384 -16.6008)
(-0.517216 -0.517217 -17.1473)
(-0.753971 -2.28192 -10.366)
(-2.69688 -2.34965 -7.55818)
(-1.1778 -0.416495 -2.21482)
(1.78402 1.58416 -6.9505)
(4.76664 0.424324 -8.37688)
(7.51942 -2.4308 -7.06115)
(10.6262 -9.54252 4.29712)
(10.8819 -7.16072 34.3956)
(0.600273 -0.323199 -12.6873)
(-2.28192 -0.753971 -10.366)
(-1.57939 -1.57939 -8.94658)
(-1.45401 -1.92968 -5.0999)
(0.428645 0.0182074 -2.83653)
(-0.680178 1.29746 -5.74705)
(-1.37534 1.60303 -6.37229)
(-0.342176 0.759897 -9.89628)
(2.57308 -5.68093 -6.98392)
(6.73646 -5.33599 15.9702)
(-1.50585 -1.93981 -14.4908)
(-2.34965 -2.69688 -7.55819)
(-1.92968 -1.45402 -5.0999)
(-0.341612 -0.341613 -2.25707)
(0.781676 0.35734 -3.71562)
(0.0212337 -0.219826 -3.75285)
(-0.984632 0.762326 -2.07317)
(-1.51373 1.51762 -5.50896)
(-1.50549 -2.46389 -6.15737)
(3.01847 -2.99734 8.268)
(-4.46269 -1.167 -6.04773)
(-0.416494 -1.1778 -2.21482)
(0.0182102 0.428643 -2.83653)
(0.357341 0.781676 -3.71562)
(0.381053 0.381053 -4.57268)
(0.409338 -0.468846 -5.12677)
(0.106572 0.0680687 -2.98276)
(-1.23007 0.239043 -4.53498)
(-1.9739 -1.14873 -0.747438)
(1.40695 -0.812033 4.31072)
(-4.64698 2.10638 1.45986)
(1.58416 1.78402 -6.9505)
(1.29746 -0.68018 -5.74706)
(-0.219825 0.0212304 -3.75285)
(-0.468846 0.409337 -5.12677)
(-0.494307 -0.494307 -5.88396)
(-1.15072 -0.877079 -3.56778)
(-2.18001 -0.562858 -0.173577)
(-0.961472 0.173129 3.02992)
(1.07668 0.383514 2.87524)
(-4.13238 5.06414 10.4617)
(0.424322 4.76664 -8.37688)
(1.60303 -1.37534 -6.37229)
(0.762325 -0.984633 -2.07317)
(0.068069 0.106571 -2.98276)
(-0.877078 -1.15072 -3.56778)
(-1.61763 -1.61763 2.35747)
(-1.06953 0.428294 6.79998)
(0.236047 2.10795 5.33337)
(1.44885 1.22611 1.39848)
(-5.09971 6.66308 18.264)
(-2.4308 7.51942 -7.06114)
(0.759897 -0.342177 -9.89628)
(1.51762 -1.51373 -5.50896)
(0.239043 -1.23007 -4.53498)
(-0.562857 -2.18001 -0.173578)
(0.428295 -1.06953 6.79998)
(1.29082 1.29082 7.71131)
(1.96095 2.69152 4.62501)
(0.504056 1.59632 -0.201243)
(-9.04342 7.73305 34.0803)
(-9.54252 10.6262 4.29711)
(-5.68092 2.57307 -6.98392)
(-2.46389 -1.50549 -6.15736)
(-1.14873 -1.9739 -0.747439)
(0.17313 -0.961472 3.02991)
(2.10795 0.236045 5.33337)
(2.69152 1.96095 4.62502)
(1.32119 1.32119 0.782731)
(-0.657626 -0.230778 3.51535)
(-5.59166 6.16398 57.3577)
(-7.16072 10.8819 34.3956)
(-5.33599 6.73646 15.9702)
(-2.99734 3.01846 8.268)
(-0.812034 1.40695 4.31072)
(0.383514 1.07667 2.87524)
(1.22611 1.44885 1.39848)
(1.59632 0.504058 -0.201236)
(-0.230777 -0.657625 3.51535)
(-0.382492 -0.382494 5.91724)
)
;
    }
    block1_wall1
    {
        type            extrapolatedCalculated;
        value           nonuniform List<vector> 
200
(
(-0.000102464 -4.34916 8.62111)
(1.15104e-06 -3.17269 4.35248)
(7.35853e-07 -0.411375 4.47178)
(5.70938e-07 0.257154 -1.56939)
(5.89084e-07 1.86799 -1.787)
(6.01121e-07 0.751507 -3.43903)
(1.57544e-07 -0.860014 -2.14031)
(-1.86499e-07 -2.45358 -4.63606)
(-7.82171e-07 2.16568 -7.62941)
(-1.11635e-06 3.03079 -3.73621)
(4.34599e-07 -0.0906848 -1.28045)
(4.62573e-07 0.366217 3.61751)
(4.55791e-07 -1.34981 2.14034)
(4.70684e-07 -2.06171 1.15474)
(2.12492e-07 -1.17256 -1.55697)
(3.63072e-07 -1.10244 -3.63707)
(2.51147e-07 -1.50067 -6.36006)
(4.12785e-07 -2.93907 -6.45877)
(1.96521e-07 -0.529761 -7.28327)
(-4.99964e-09 1.0935 -10.5993)
(4.53421e-07 0.548857 6.31623)
(5.95184e-07 0.2481 6.0942)
(6.52613e-07 -2.87415 4.08731)
(5.91801e-07 -3.44015 4.0472)
(5.79145e-07 -2.92382 3.16052)
(4.89853e-07 -4.05158 0.93591)
(3.17021e-07 -3.68171 -1.19756)
(4.10685e-07 -3.3768 -2.50388)
(3.15092e-07 -1.9748 -3.07892)
(-7.89535e-09 -0.285195 -5.32784)
(7.14138e-07 -0.312717 5.03825)
(4.93919e-07 -1.86271 3.48584)
(5.99758e-07 -3.39682 3.14234)
(3.76477e-07 -2.9885 3.79962)
(6.58769e-07 -4.28385 2.20085)
(5.27916e-07 -5.46052 0.869922)
(5.80493e-07 -4.94046 -0.389348)
(2.37982e-07 -4.82042 -1.65871)
(2.50856e-07 -3.35372 -1.9705)
(7.22118e-08 -1.15542 -3.21923)
(6.65269e-07 -1.00356 4.50894)
(4.93582e-07 -1.64781 4.93088)
(6.39549e-07 -2.56037 5.42627)
(1.3712e-07 -4.38165 4.25836)
(3.45039e-07 -5.85352 2.65187)
(4.32587e-07 -6.64178 1.59992)
(3.02086e-07 -6.21035 -0.0808546)
(4.19194e-07 -4.95795 -0.921729)
(2.67565e-07 -3.53531 -0.822394)
(2.45064e-07 -1.53393 -1.06098)
(5.61073e-07 0.109221 5.98503)
(4.0372e-07 -0.945374 7.34344)
(4.32789e-07 -4.06933 5.9753)
(5.58783e-07 -5.7629 4.48)
(4.36981e-07 -6.94229 3.6067)
(3.31423e-07 -8.19324 2.09952)
(4.34086e-07 -7.46211 1.48129)
(7.80351e-08 -5.56196 0.715563)
(2.86601e-07 -3.49297 0.111917)
(4.0939e-07 -1.394 0.536059)
(-9.44359e-08 0.35485 6.16509)
(5.30739e-07 -1.65754 5.43312)
(4.17514e-07 -5.42381 4.01511)
(6.70204e-09 -6.75025 3.45519)
(1.65203e-07 -8.234 2.11989)
(4.21351e-07 -8.76719 1.64917)
(1.12972e-07 -7.5943 1.80811)
(-2.92412e-08 -6.32732 1.24389)
(-6.75373e-08 -3.71482 0.733892)
(3.10369e-07 -1.10979 1.26006)
(2.32553e-07 -0.622745 2.8919)
(1.62878e-07 -3.09535 1.74119)
(-5.90458e-08 -6.04727 1.37188)
(3.44966e-07 -7.65812 0.930147)
(1.23694e-08 -8.74831 0.237659)
(-4.17257e-08 -8.50503 1.05635)
(5.36833e-08 -7.86738 0.834996)
(-7.65285e-08 -6.63617 0.903103)
(1.38576e-07 -3.47681 1.12282)
(-6.47509e-08 -0.867839 1.23273)
(-2.71195e-07 -0.795861 -0.864373)
(-3.13774e-07 -3.17756 -0.952449)
(-2.44797e-07 -6.23486 -0.540526)
(-1.57133e-07 -7.88447 -0.99112)
(-2.44959e-07 -8.1078 -0.246556)
(-2.32018e-07 -8.16985 0.182534)
(-2.14149e-07 -7.74755 0.0870096)
(-2.71884e-07 -6.03949 0.955553)
(-5.76171e-08 -3.3852 1.17471)
(5.22032e-08 -0.999882 0.974202)
(-8.60228e-07 -0.710822 -0.827627)
(-6.53113e-07 -2.77151 -0.823546)
(-5.52299e-07 -6.08594 -0.286014)
(-4.35869e-07 -7.36415 -0.152436)
(-2.94715e-07 -7.57466 0.792931)
(-4.26142e-07 -8.17146 0.385669)
(-2.89027e-07 -7.09436 0.707203)
(-1.70825e-08 -5.54847 1.099)
(-2.84868e-08 -3.45816 1.15004)
(-3.4476e-07 -1.06835 1.38947)
(-1.02962e-06 -0.79178 -0.187589)
(-6.57841e-07 -2.63595 0.261208)
(-7.02453e-07 -5.56375 0.570819)
(-7.49058e-07 -6.80553 1.71763)
(-8.0947e-07 -7.5697 1.5354)
(-7.90316e-07 -8.25558 1.47444)
(-4.13567e-07 -7.03422 1.48726)
(-4.6639e-07 -5.59665 1.31112)
(-2.69276e-07 -3.09472 1.63314)
(-2.08314e-07 -0.76045 2.07422)
(-1.01316e-06 -0.262025 -0.31029)
(-1.26675e-06 -2.0131 0.691516)
(-9.57264e-07 -4.62952 1.33497)
(-1.13704e-06 -6.39956 2.0975)
(-6.34861e-07 -7.81784 1.70874)
(-7.47953e-07 -8.2196 1.94858)
(-9.5717e-07 -7.25769 1.7512)
(-6.38312e-07 -5.40259 1.89462)
(-5.63588e-07 -2.69505 2.18544)
(-4.14654e-07 -0.627268 2.09791)
(-1.51049e-06 0.210025 0.442414)
(-1.22242e-06 -0.990693 0.947754)
(-7.49697e-07 -4.15776 1.48069)
(-1.2734e-06 -6.43175 0.768511)
(-1.27146e-06 -7.71862 1.16737)
(-1.10267e-06 -8.21312 1.48067)
(-8.1989e-07 -7.08818 1.89913)
(-7.82782e-07 -5.16241 2.34514)
(-7.3681e-07 -2.89143 2.36543)
(-7.03312e-07 -0.847979 2.07625)
(-1.40787e-06 0.243315 -0.690873)
(-1.56235e-06 -0.97482 -0.639922)
(-1.4988e-06 -4.80876 -1.50203)
(-1.11993e-06 -6.71289 -1.8753)
(-1.10806e-06 -7.10568 -1.16428)
(-9.8364e-07 -7.48783 -0.089537)
(-9.35173e-07 -6.39322 1.23063)
(-9.89973e-07 -4.9363 1.98866)
(-1.25632e-06 -2.96394 2.18822)
(-8.28296e-07 -0.916448 1.9807)
(-1.55626e-06 0.260976 -4.55234)
(-1.60029e-06 -1.80185 -5.20356)
(-1.5608e-06 -5.39314 -5.9901)
(-1.68295e-06 -6.09401 -5.00787)
(-1.45815e-06 -5.93286 -4.08434)
(-1.11966e-06 -5.81821 -2.13505)
(-1.03988e-06 -5.00998 -0.458823)
(-1.13544e-06 -4.20482 0.59528)
(-1.24732e-06 -2.89939 0.98569)
(-1.10278e-06 -1.0555 0.86452)
(-1.9697e-06 -0.407905 -8.62066)
(-1.83464e-06 -2.41258 -9.52358)
(-1.85664e-06 -4.61308 -8.15719)
(-1.96875e-06 -4.80713 -6.78847)
(-1.66358e-06 -4.23285 -5.69783)
(-1.63671e-06 -3.86232 -4.15977)
(-1.33155e-06 -3.6629 -3.01669)
(-1.53326e-06 -3.49179 -1.86937)
(-1.66022e-06 -2.6947 -0.982031)
(-1.26467e-06 -1.03762 -0.896452)
(-2.28473e-06 -0.641942 -11.1689)
(-2.16808e-06 -1.33838 -10.7754)
(-2.38493e-06 -2.65803 -8.81044)
(-2.03196e-06 -3.63464 -7.58592)
(-1.88148e-06 -3.30416 -7.2221)
(-1.60796e-06 -3.13707 -6.63651)
(-1.83823e-06 -2.71958 -5.86504)
(-1.38225e-06 -2.17016 -4.43197)
(-1.53848e-06 -1.92647 -3.21157)
(-1.63558e-06 -0.969919 -3.52611)
(-2.46156e-06 -0.0143922 -11.8793)
(-2.41021e-06 -0.0540885 -11.1142)
(-2.00297e-06 -1.42357 -10.8981)
(-2.00483e-06 -3.21879 -9.59065)
(-1.76224e-06 -3.28345 -9.52281)
(-1.88862e-06 -2.50526 -8.70896)
(-1.85405e-06 -1.45835 -8.10425)
(-1.68043e-06 -0.838313 -7.45292)
(-1.74077e-06 -1.78885 -7.28641)
(-1.97552e-06 -1.35216 -7.38316)
(-2.77006e-06 0.123116 -12.7382)
(-2.07746e-06 -0.357163 -12.5971)
(-2.26472e-06 -1.13446 -12.7514)
(-2.32763e-06 -2.2594 -10.5732)
(-2.35582e-06 -2.42247 -11.0385)
(-1.99083e-06 -1.71852 -11.7525)
(-1.77618e-06 -1.46354 -13.1802)
(-2.21993e-06 -1.35232 -14.4265)
(-1.63001e-06 -1.85671 -17.4416)
(-1.87614e-06 -1.06667 -21.6811)
(-3.50674e-06 0.12677 -14.5319)
(-2.82485e-06 -0.0672475 -15.0646)
(-2.6483e-06 0.600273 -12.8216)
(-2.57616e-06 -1.50585 -12.2749)
(-2.301e-06 -4.46269 -8.74824)
(-2.34006e-06 -4.64698 -6.33973)
(-2.36995e-06 -4.13238 -3.42197)
(-1.74413e-06 -5.09971 -0.606488)
(-1.79796e-06 -9.04342 4.63995)
(-1.51419e-06 -5.59166 11.7537)
)
;
    }
    block1_wall2
    {
        type            extrapolatedCalculated;
        value           nonuniform List<vector> 
200
(
(-0.734168 1.11635e-06 -3.73621)
(0.307689 4.99964e-09 -10.5993)
(0.204837 7.89535e-09 -5.32784)
(-0.46448 -7.22118e-08 -3.21923)
(-1.16931 -2.45064e-07 -1.06098)
(-1.68802 -4.0939e-07 0.536059)
(-2.0359 -3.10369e-07 1.26006)
(-2.43502 6.47509e-08 1.23273)
(-2.64933 -5.22032e-08 0.974202)
(-2.33104 3.4476e-07 1.38947)
(-2.12816 2.08314e-07 2.07422)
(-2.32365 4.14654e-07 2.09791)
(-2.12885 7.03312e-07 2.07625)
(-1.77819 8.28296e-07 1.9807)
(-1.55449 1.10278e-06 0.86452)
(-0.726058 1.26467e-06 -0.896452)
(-0.40787 1.63558e-06 -3.52611)
(0.373757 1.97552e-06 -7.38316)
(3.45166 1.87614e-06 -21.6811)
(6.16398 1.51419e-06 11.7537)
(-5.25454 5.84969e-07 -2.98367)
(-2.25199 -4.0105e-08 -9.66025)
(-2.25712 -3.81393e-07 -6.10001)
(-2.36804 -2.24714e-07 -4.59337)
(-2.9508 -6.79671e-08 -2.28452)
(-3.91467 5.09876e-08 -0.330531)
(-4.72146 -2.94372e-07 0.513056)
(-5.27119 -1.47579e-08 0.619296)
(-5.17054 8.87135e-08 1.07818)
(-4.60303 2.90271e-07 1.91064)
(-4.61619 3.41767e-07 2.08162)
(-4.89496 6.07042e-07 2.09723)
(-4.43589 8.14667e-07 2.6217)
(-4.20966 8.97004e-07 2.55506)
(-3.96394 1.17041e-06 1.91666)
(-3.09351 1.34912e-06 0.250166)
(-2.32154 1.53559e-06 -2.4263)
(-0.811036 1.83113e-06 -3.52363)
(2.38528 2.18423e-06 -15.8908)
(10.8819 1.77106e-06 2.98489)
(-7.05478 6.25172e-07 -7.37694)
(-4.99892 1.65582e-07 -7.60183)
(-4.72147 -1.09021e-07 -5.44389)
(-4.07284 -4.40134e-08 -3.91291)
(-4.48035 -5.58411e-08 -2.6076)
(-5.52731 -1.18231e-07 -1.2346)
(-6.43974 8.11147e-08 -0.0964721)
(-6.68205 -8.31308e-08 0.783646)
(-6.27033 -2.52305e-07 1.64237)
(-6.10434 2.75296e-07 1.94383)
(-6.42768 5.3871e-07 1.7823)
(-6.19045 2.68636e-07 2.27822)
(-5.70899 8.23529e-07 2.76154)
(-5.47104 6.48903e-07 2.45265)
(-4.87932 1.13735e-06 1.98067)
(-4.86651 1.17836e-06 0.745947)
(-3.76479 1.29818e-06 -1.24363)
(-2.91573 1.66511e-06 -2.67635)
(-2.101 1.99226e-06 -9.98812)
(6.73646 2.12781e-06 -0.443493)
(-3.89874 3.64786e-07 -9.92926)
(-4.58734 1.53991e-07 -7.32694)
(-4.66487 8.13754e-08 -5.17393)
(-5.3141 -7.0118e-08 -4.35225)
(-6.5363 -1.29409e-07 -3.73899)
(-7.41564 3.04067e-07 -2.28992)
(-8.08002 -7.82888e-08 -0.641679)
(-8.29986 4.42158e-08 0.788709)
(-8.35534 -1.0741e-07 1.65589)
(-8.53156 1.40069e-07 1.75329)
(-8.52206 5.04747e-07 1.9955)
(-8.03609 5.1318e-07 2.81592)
(-7.67248 7.74408e-07 3.34111)
(-6.8549 5.43689e-07 3.38472)
(-5.93111 1.05184e-06 2.52119)
(-5.45537 1.19991e-06 1.3647)
(-4.21084 1.45253e-06 -0.47552)
(-3.4579 1.86193e-06 -1.85984)
(-2.93605 1.7057e-06 -6.23866)
(3.01847 1.73681e-06 -1.24143)
(-3.72704 3.12257e-07 -10.684)
(-4.58629 1.2548e-08 -8.36796)
(-5.61107 1.30251e-07 -6.17065)
(-6.9443 8.81883e-08 -5.78435)
(-7.76776 9.55997e-08 -4.70915)
(-8.16366 2.39686e-07 -2.77831)
(-8.53861 1.90796e-07 -0.980687)
(-8.88871 1.66738e-07 0.50832)
(-9.11772 2.27992e-07 1.41066)
(-9.08121 2.50282e-07 1.77711)
(-8.73073 4.42633e-07 2.27777)
(-8.47855 4.96722e-07 3.1278)
(-8.02666 4.42789e-07 3.94273)
(-7.55991 3.02753e-07 4.19402)
(-7.0071 1.04234e-06 3.3802)
(-5.90571 1.47148e-06 2.46622)
(-5.27489 1.52655e-06 0.753831)
(-3.72324 2.03438e-06 -1.40156)
(-3.28518 2.19212e-06 -3.51175)
(1.40695 2.14403e-06 -0.318696)
(-4.21492 3.60892e-07 -11.9769)
(-4.80864 3.94996e-07 -9.21097)
(-6.47922 2.42231e-07 -7.53195)
(-7.55301 2.79186e-07 -6.50894)
(-7.97257 2.76831e-07 -4.95834)
(-8.47063 2.01033e-07 -3.06077)
(-8.91179 7.72506e-08 -1.36673)
(-9.32475 1.23414e-07 0.209597)
(-9.29988 1.87197e-07 1.46339)
(-8.92705 5.1056e-07 2.14027)
(-8.55007 3.26429e-07 2.59815)
(-8.48604 4.20018e-07 3.52)
(-8.35544 5.2795e-07 4.25976)
(-8.26125 7.78042e-07 4.40427)
(-7.49249 1.08384e-06 4.17538)
(-6.43452 1.35288e-06 3.09692)
(-5.86376 1.5599e-06 1.70696)
(-4.564 1.85436e-06 0.129864)
(-2.08455 2.37431e-06 -1.10847)
(1.07668 2.41796e-06 0.754319)
(-5.79968 3.62956e-07 -12.5669)
(-5.15361 5.35523e-07 -10.6323)
(-5.68716 3.87159e-07 -8.91501)
(-5.92207 2.17866e-07 -7.2777)
(-6.07895 3.47361e-07 -5.62678)
(-6.49916 3.82003e-07 -3.71753)
(-7.03721 2.24768e-07 -1.8348)
(-7.35404 2.33724e-07 0.120227)
(-7.05539 3.30235e-07 1.80836)
(-6.74819 6.68624e-07 2.52691)
(-7.11971 5.21507e-07 2.71878)
(-7.47673 6.79802e-07 3.32243)
(-7.73672 5.72288e-07 4.16753)
(-7.21363 7.54398e-07 5.05697)
(-6.17428 1.08401e-06 5.20692)
(-5.47526 1.15065e-06 4.09495)
(-4.03039 1.72254e-06 2.62435)
(-3.3277 2.27476e-06 2.37764)
(-1.65576 2.22443e-06 2.12893)
(1.44885 2.4562e-06 1.38641)
(-3.2439 8.38727e-07 -15.6326)
(-3.80812 6.01499e-07 -9.09845)
(-4.35807 7.5385e-07 -8.30041)
(-4.40154 4.33738e-07 -6.90073)
(-4.16346 2.78426e-07 -5.53542)
(-4.31704 3.35416e-07 -4.01904)
(-4.69089 5.82852e-08 -2.22162)
(-4.61278 3.4832e-07 0.191418)
(-4.52854 3.17608e-07 2.06925)
(-5.07276 1.68567e-07 2.07596)
(-5.75996 3.80368e-07 1.8696)
(-5.92545 3.79167e-07 2.90299)
(-5.87193 5.10103e-07 4.52286)
(-5.17585 7.20225e-07 5.96672)
(-4.54183 1.15263e-06 5.91375)
(-3.78243 1.35866e-06 5.24081)
(-2.51654 1.61385e-06 3.85451)
(-1.67601 1.78225e-06 2.50449)
(-1.02836 2.77505e-06 3.66809)
(0.504056 2.32659e-06 2.32069)
(0.61395 7.27859e-07 -14.007)
(-1.6365 8.34815e-07 -11.7464)
(-2.61836 7.4129e-07 -9.50843)
(-2.98489 6.04728e-07 -7.08309)
(-2.97552 4.27996e-07 -5.54228)
(-3.00396 4.94224e-07 -4.24496)
(-2.91397 1.08865e-07 -2.13054)
(-2.87316 3.86184e-07 0.28258)
(-3.18763 6.27945e-08 1.34838)
(-3.94376 5.70832e-07 1.2955)
(-4.26737 1.60587e-07 1.86609)
(-3.93082 4.88856e-07 3.21046)
(-3.13123 4.91396e-07 4.91712)
(-2.97343 7.56424e-07 6.38708)
(-2.71918 9.90782e-07 6.60035)
(-2.3606 1.54848e-06 6.12023)
(-1.79686 2.098e-06 4.73076)
(-1.46629 2.16567e-06 3.86583)
(-0.125725 2.40558e-06 4.309)
(-0.657626 2.36326e-06 3.97726)
(-0.089619 7.25353e-07 -14.0973)
(-0.611529 6.94707e-07 -12.3308)
(-0.673947 8.53919e-07 -9.6488)
(-0.751899 6.83724e-07 -7.25788)
(-0.848739 5.27105e-07 -5.5545)
(-0.76412 2.53658e-07 -3.95749)
(-0.561272 4.89077e-07 -2.09081)
(-0.72439 2.81143e-07 -0.0822388)
(-0.926091 2.20123e-07 0.998648)
(-1.07412 3.15638e-07 0.996212)
(-1.22538 4.1263e-07 1.88254)
(-1.05767 2.99905e-07 4.03913)
(-0.396699 4.44179e-07 5.48025)
(-0.494541 8.44772e-07 6.37877)
(-0.405007 1.22611e-06 6.52658)
(-0.568313 1.43278e-06 6.16312)
(-0.362118 1.7715e-06 4.74882)
(-0.55025 2.44917e-06 4.17563)
(-0.052318 2.79669e-06 4.47676)
(-0.382492 2.63111e-06 4.84803)
)
;
    }
    block1_wall3
    {
        type            extrapolatedCalculated;
        value           nonuniform List<vector> 
200
(
(1.26854e-06 -0.73417 -3.73621)
(4.54332e-07 -5.25454 -2.98367)
(3.18347e-07 -7.05478 -7.37694)
(1.8086e-07 -3.89874 -9.92926)
(3.85032e-07 -3.72704 -10.684)
(5.86414e-07 -4.21492 -11.9769)
(3.78946e-07 -5.79968 -12.5669)
(6.80031e-07 -3.2439 -15.6326)
(7.19988e-07 0.613951 -14.007)
(7.25353e-07 -0.0896172 -14.0973)
(-1.44865e-07 0.307688 -10.5992)
(-2.58945e-07 -2.25199 -9.66024)
(2.60994e-07 -4.99892 -7.60183)
(1.79971e-07 -4.58734 -7.32694)
(2.2216e-07 -4.58628 -8.36796)
(2.54863e-07 -4.80864 -9.21097)
(4.18737e-07 -5.15361 -10.6323)
(6.78448e-07 -3.80812 -9.09844)
(8.80955e-07 -1.6365 -11.7464)
(6.94707e-07 -0.611529 -12.3308)
(-2.53379e-07 0.204839 -5.32784)
(-3.92914e-07 -2.25712 -6.10001)
(-1.88476e-07 -4.72148 -5.44389)
(-7.23093e-08 -4.66487 -5.17392)
(-3.54253e-08 -5.61107 -6.17065)
(2.27896e-07 -6.47922 -7.53194)
(3.61336e-07 -5.68716 -8.91501)
(5.63262e-07 -4.35807 -8.30041)
(6.13791e-07 -2.61836 -9.50843)
(8.53919e-07 -0.673947 -9.6488)
(-2.52317e-07 -0.464478 -3.21923)
(-2.4793e-07 -2.36804 -4.59337)
(2.92361e-08 -4.07284 -3.91291)
(-1.14433e-07 -5.3141 -4.35225)
(-2.58119e-08 -6.9443 -5.78435)
(3.35239e-07 -7.55301 -6.50894)
(4.11299e-07 -5.92207 -7.2777)
(6.52052e-07 -4.40154 -6.90073)
(4.13441e-07 -2.98489 -7.08309)
(6.83724e-07 -0.7519 -7.25788)
(-3.07363e-08 -1.16931 -1.06097)
(-2.11008e-07 -2.9508 -2.28451)
(-5.98721e-07 -4.48035 -2.6076)
(-4.59688e-08 -6.5363 -3.73899)
(1.0828e-07 -7.76776 -4.70915)
(1.01003e-07 -7.97257 -4.95834)
(2.36107e-07 -6.07895 -5.62678)
(2.31812e-07 -4.16346 -5.53542)
(6.72301e-07 -2.97552 -5.54228)
(5.27105e-07 -0.848738 -5.5545)
(-1.16403e-07 -1.68802 0.536061)
(-1.5049e-07 -3.91467 -0.330531)
(-6.23702e-09 -5.52731 -1.2346)
(-1.07063e-07 -7.41565 -2.28992)
(1.27232e-07 -8.16366 -2.77831)
(1.8319e-07 -8.47063 -3.06077)
(3.88402e-07 -6.49915 -3.71753)
(3.81335e-07 -4.31704 -4.01904)
(1.6032e-07 -3.00397 -4.24496)
(2.53658e-07 -0.76412 -3.95749)
(-1.33798e-07 -2.0359 1.26006)
(-1.97748e-07 -4.72147 0.513056)
(-1.34552e-07 -6.43974 -0.0964721)
(5.39144e-08 -8.08002 -0.641679)
(-2.91204e-08 -8.53861 -0.980684)
(7.55956e-08 -8.91179 -1.36672)
(2.30491e-07 -7.03721 -1.8348)
(2.80003e-07 -4.69089 -2.22162)
(3.70132e-07 -2.91397 -2.13054)
(4.89077e-07 -0.561272 -2.09081)
(-1.103e-07 -2.43502 1.23273)
(2.17181e-07 -5.2712 0.619298)
(7.8081e-09 -6.68205 0.783648)
(-4.99021e-08 -8.29986 0.788708)
(7.47714e-09 -8.88871 0.50832)
(-7.9479e-08 -9.32475 0.209598)
(4.35566e-07 -7.35405 0.120226)
(3.40218e-07 -4.61278 0.191418)
(3.89283e-08 -2.87316 0.282581)
(2.81143e-07 -0.724391 -0.0822388)
(-3.11521e-07 -2.64933 0.974202)
(1.37955e-07 -5.17055 1.07818)
(2.93293e-07 -6.27033 1.64237)
(-1.03889e-07 -8.35534 1.65589)
(1.0288e-07 -9.11772 1.41066)
(5.18647e-07 -9.29988 1.46339)
(2.45962e-07 -7.05539 1.80836)
(-1.486e-07 -4.52854 2.06925)
(7.07493e-08 -3.18763 1.34838)
(2.20123e-07 -0.926092 0.998648)
(-1.03747e-07 -2.33104 1.38947)
(1.03148e-07 -4.60303 1.91064)
(-7.66596e-08 -6.10433 1.94383)
(1.3909e-07 -8.53157 1.75329)
(3.83024e-07 -9.08121 1.77711)
(3.84678e-07 -8.92705 2.14027)
(2.20837e-07 -6.74819 2.52691)
(1.26614e-07 -5.07276 2.07596)
(5.2514e-07 -3.94376 1.2955)
(3.15638e-07 -1.07412 0.996212)
(4.90558e-07 -2.12817 2.07423)
(3.57795e-07 -4.61619 2.08162)
(4.12828e-07 -6.42768 1.78229)
(4.6309e-07 -8.52206 1.9955)
(4.07213e-07 -8.73074 2.27778)
(3.37374e-07 -8.55007 2.59815)
(3.26943e-07 -7.11971 2.71878)
(3.64438e-07 -5.75996 1.8696)
(4.98105e-07 -4.26737 1.86609)
(4.1263e-07 -1.22538 1.88254)
(4.15697e-07 -2.32365 2.09792)
(5.56107e-07 -4.89496 2.09724)
(4.36988e-07 -6.19045 2.27822)
(5.30687e-07 -8.03609 2.81592)
(3.3459e-07 -8.47856 3.1278)
(4.50531e-07 -8.48605 3.52)
(3.52805e-07 -7.47673 3.32243)
(5.2439e-07 -5.92545 2.90299)
(3.7573e-07 -3.93082 3.21045)
(2.99905e-07 -1.05767 4.03913)
(5.6148e-07 -2.12885 2.07624)
(1.07928e-06 -4.43589 2.6217)
(7.3822e-07 -5.70899 2.76154)
(3.37571e-07 -7.67248 3.34111)
(5.97442e-07 -8.02666 3.94273)
(7.26491e-07 -8.35544 4.25976)
(4.91846e-07 -7.73673 4.16753)
(7.29859e-07 -5.87193 4.52286)
(7.57758e-07 -3.13123 4.91712)
(4.44179e-07 -0.396698 5.48025)
(1.14494e-06 -1.77819 1.98069)
(1.02794e-06 -4.20966 2.55505)
(7.64614e-07 -5.47104 2.45265)
(7.32173e-07 -6.8549 3.38472)
(7.6011e-07 -7.55991 4.19402)
(8.56709e-07 -8.26125 4.40427)
(7.19365e-07 -7.21364 5.05697)
(8.18182e-07 -5.17586 5.96672)
(7.35448e-07 -2.97343 6.38708)
(8.44772e-07 -0.494541 6.37877)
(1.24849e-06 -1.55449 0.864521)
(8.16055e-07 -3.96394 1.91665)
(1.21956e-06 -4.87932 1.98067)
(9.39528e-07 -5.93111 2.52119)
(9.31255e-07 -7.00711 3.3802)
(1.02421e-06 -7.4925 4.17538)
(1.14257e-06 -6.17428 5.20692)
(9.57827e-07 -4.54183 5.91376)
(1.33887e-06 -2.71918 6.60035)
(1.22611e-06 -0.405006 6.52658)
(1.30129e-06 -0.726061 -0.896451)
(1.52265e-06 -3.09352 0.250164)
(1.24982e-06 -4.86651 0.745946)
(1.44388e-06 -5.45537 1.3647)
(1.30206e-06 -5.90572 2.46622)
(1.30208e-06 -6.43452 3.09691)
(1.38566e-06 -5.47526 4.09495)
(1.45463e-06 -3.78243 5.24081)
(1.26039e-06 -2.36061 6.12024)
(1.43278e-06 -0.568314 6.16312)
(1.98893e-06 -0.407873 -3.52611)
(1.6018e-06 -2.32154 -2.4263)
(1.1949e-06 -3.76479 -1.24363)
(1.75361e-06 -4.21084 -0.475523)
(1.65943e-06 -5.27489 0.75383)
(1.42759e-06 -5.86376 1.70696)
(1.73529e-06 -4.03039 2.62435)
(2.17247e-06 -2.51654 3.85451)
(1.69385e-06 -1.79686 4.73076)
(1.7715e-06 -0.362119 4.74882)
(2.12909e-06 0.373754 -7.38316)
(1.96841e-06 -0.811038 -3.52363)
(1.84798e-06 -2.91573 -2.67635)
(1.6604e-06 -3.45791 -1.85985)
(1.77685e-06 -3.72324 -1.40156)
(1.70703e-06 -4.56401 0.129864)
(2.00222e-06 -3.3277 2.37764)
(2.03139e-06 -1.67601 2.50449)
(2.20558e-06 -1.4663 3.86583)
(2.44917e-06 -0.55025 4.17563)
(1.85803e-06 3.45166 -21.6811)
(2.41303e-06 2.38528 -15.8908)
(2.27658e-06 -2.101 -9.98812)
(1.9286e-06 -2.93605 -6.23866)
(2.37991e-06 -3.28518 -3.51175)
(2.19704e-06 -2.08456 -1.10847)
(2.32828e-06 -1.65576 2.12893)
(2.52917e-06 -1.02836 3.66809)
(2.52287e-06 -0.125726 4.309)
(2.79669e-06 -0.0523193 4.47676)
(1.45648e-06 6.16398 11.7536)
(1.60539e-06 10.8819 2.98489)
(2.0121e-06 6.73646 -0.443497)
(2.07344e-06 3.01846 -1.24143)
(2.27658e-06 1.40695 -0.318698)
(2.1373e-06 1.07667 0.754317)
(2.66672e-06 1.44885 1.38641)
(2.51698e-06 0.504058 2.32069)
(2.85384e-06 -0.657625 3.97726)
(2.63111e-06 -0.382494 4.84803)
)
;
    }
    block1_wall4
    {
        type            extrapolatedCalculated;
        value           nonuniform List<vector> 
200
(
(-4.34916 -0.000102464 8.62111)
(-0.0906859 4.34599e-07 -1.28045)
(0.548857 4.53421e-07 6.31623)
(-0.312717 7.14138e-07 5.03825)
(-1.00356 6.65269e-07 4.50894)
(0.109218 5.61073e-07 5.98503)
(0.354848 -9.44359e-08 6.16509)
(-0.622746 2.32553e-07 2.8919)
(-0.795863 -2.71195e-07 -0.864373)
(-0.710823 -8.60228e-07 -0.827627)
(-0.791782 -1.02962e-06 -0.187589)
(-0.262025 -1.01316e-06 -0.31029)
(0.210027 -1.51049e-06 0.442414)
(0.243315 -1.40787e-06 -0.690873)
(0.260974 -1.55626e-06 -4.55234)
(-0.407905 -1.9697e-06 -8.62066)
(-0.64194 -2.28473e-06 -11.1689)
(-0.0143887 -2.46156e-06 -11.8793)
(0.123118 -2.77006e-06 -12.7382)
(0.12677 -3.50674e-06 -14.5319)
(-3.17269 8.61529e-07 4.35247)
(0.366217 4.2303e-07 3.61751)
(0.248101 4.07777e-07 6.0942)
(-1.86271 4.67875e-07 3.48584)
(-1.64781 6.19967e-07 4.93088)
(-0.945374 3.33488e-07 7.34344)
(-1.65754 -4.76525e-08 5.43312)
(-3.09535 3.05664e-07 1.74119)
(-3.17756 -1.62246e-07 -0.95245)
(-2.77151 -5.85833e-07 -0.823545)
(-2.63595 -9.43351e-07 0.261209)
(-2.0131 -1.03117e-06 0.691518)
(-0.990691 -1.18387e-06 0.947754)
(-0.974818 -1.30111e-06 -0.639925)
(-1.80185 -1.74001e-06 -5.20356)
(-2.41258 -1.71268e-06 -9.52357)
(-1.33838 -2.11972e-06 -10.7754)
(-0.0540876 -2.12254e-06 -11.1142)
(-0.357161 -2.30308e-06 -12.5971)
(-0.0672474 -2.86682e-06 -15.0646)
(-0.411376 9.98496e-07 4.47178)
(-1.34981 2.29427e-07 2.14034)
(-2.87415 6.17341e-07 4.08731)
(-3.39682 5.14066e-07 3.14234)
(-2.56037 3.33419e-07 5.42627)
(-4.06933 6.51607e-07 5.9753)
(-5.42381 4.86378e-07 4.01511)
(-6.04726 5.82158e-08 1.37188)
(-6.23485 -3.05422e-07 -0.540527)
(-6.08593 -3.94522e-07 -0.286015)
(-5.56374 -7.23276e-07 0.570819)
(-4.62952 -1.30964e-06 1.33497)
(-4.15776 -1.20023e-06 1.48069)
(-4.80876 -1.67977e-06 -1.50203)
(-5.39313 -1.86682e-06 -5.99011)
(-4.61307 -1.99236e-06 -8.15719)
(-2.65803 -1.58532e-06 -8.81044)
(-1.42357 -2.1171e-06 -10.898)
(-1.13446 -2.26065e-06 -12.7514)
(0.600273 -2.56838e-06 -12.8216)
(0.257152 8.32966e-07 -1.56939)
(-2.06171 4.15363e-07 1.15474)
(-3.44016 3.77029e-07 4.0472)
(-2.9885 3.88783e-07 3.79962)
(-4.38165 3.77881e-07 4.25836)
(-5.7629 1.7711e-07 4.48)
(-6.75025 5.57517e-07 3.45519)
(-7.65812 2.36808e-07 0.930149)
(-7.88447 -5.34475e-07 -0.99112)
(-7.36415 -5.4224e-07 -0.152437)
(-6.80553 -6.75599e-07 1.71762)
(-6.39956 -8.56497e-07 2.0975)
(-6.43175 -1.05512e-06 0.768512)
(-6.71289 -1.21315e-06 -1.8753)
(-6.094 -1.78538e-06 -5.00787)
(-4.80712 -1.73422e-06 -6.78847)
(-3.63464 -1.84334e-06 -7.58592)
(-3.21879 -2.17096e-06 -9.59065)
(-2.2594 -2.30408e-06 -10.5732)
(-1.50585 -2.6098e-06 -12.2749)
(1.86799 7.89893e-07 -1.787)
(-1.17256 5.93912e-07 -1.55697)
(-2.92382 5.15959e-07 3.16052)
(-4.28385 7.33323e-07 2.20085)
(-5.85352 5.96611e-07 2.65187)
(-6.94229 1.68291e-07 3.6067)
(-8.234 9.36347e-08 2.11989)
(-8.74831 6.80291e-08 0.23766)
(-8.1078 -3.3454e-07 -0.246555)
(-7.57466 -5.01051e-07 0.792932)
(-7.56969 -8.28518e-07 1.53541)
(-7.81784 -9.54673e-07 1.70874)
(-7.71862 -9.08875e-07 1.16737)
(-7.10568 -1.31577e-06 -1.16428)
(-5.93286 -1.3044e-06 -4.08434)
(-4.23285 -1.75687e-06 -5.69783)
(-3.30416 -1.47473e-06 -7.2221)
(-3.28345 -1.57615e-06 -9.52281)
(-2.42247 -2.02048e-06 -11.0385)
(-4.46269 -2.51659e-06 -8.74824)
(0.751506 6.1431e-07 -3.43903)
(-1.10244 3.82876e-07 -3.63707)
(-4.05158 4.20271e-07 0.935913)
(-5.46052 2.79678e-07 0.869923)
(-6.64178 1.86196e-07 1.59992)
(-8.19324 2.78977e-07 2.09952)
(-8.76719 3.37562e-07 1.64917)
(-8.50502 5.00692e-08 1.05635)
(-8.16985 -2.93406e-07 0.182533)
(-8.17146 -5.14283e-07 0.385669)
(-8.25558 -5.51954e-07 1.47444)
(-8.2196 -5.82833e-07 1.94858)
(-8.21312 -1.20572e-06 1.48067)
(-7.48783 -1.22528e-06 -0.0895391)
(-5.81821 -1.37262e-06 -2.13505)
(-3.86231 -1.46728e-06 -4.15977)
(-3.13707 -1.62503e-06 -6.63651)
(-2.50526 -1.53346e-06 -8.70896)
(-1.71852 -2.42301e-06 -11.7525)
(-4.64698 -2.44331e-06 -6.33974)
(-0.860016 4.46016e-07 -2.14031)
(-1.50067 3.58038e-07 -6.36006)
(-3.68171 2.4829e-07 -1.19756)
(-4.94046 7.95594e-07 -0.389347)
(-6.21035 4.4709e-07 -0.0808538)
(-7.46211 1.43736e-07 1.48129)
(-7.5943 3.21296e-07 1.80811)
(-7.86738 8.99348e-08 0.834996)
(-7.74755 -1.74939e-07 0.0870093)
(-7.09436 -4.68512e-07 0.707205)
(-7.03422 -2.20698e-07 1.48727)
(-7.25769 -6.4731e-07 1.7512)
(-7.08817 -9.95761e-07 1.89914)
(-6.39322 -1.21027e-06 1.23063)
(-5.00998 -1.2328e-06 -0.458823)
(-3.66289 -1.5889e-06 -3.01669)
(-2.71957 -1.67515e-06 -5.86504)
(-1.45835 -1.77428e-06 -8.10426)
(-1.46354 -1.65862e-06 -13.1802)
(-4.13238 -2.28212e-06 -3.42197)
(-2.45358 -2.57397e-07 -4.63606)
(-2.93907 3.04843e-07 -6.45877)
(-3.3768 4.87553e-07 -2.50388)
(-4.82042 4.22997e-07 -1.65871)
(-4.95794 3.53328e-07 -0.921729)
(-5.56196 3.28237e-07 0.715563)
(-6.32732 -2.09573e-08 1.2439)
(-6.63617 1.49263e-09 0.903104)
(-6.03949 -3.39605e-07 0.955554)
(-5.54847 -1.43454e-07 1.099)
(-5.59665 -2.81576e-07 1.31112)
(-5.40259 -6.09264e-07 1.89462)
(-5.16241 -7.79194e-07 2.34514)
(-4.9363 -9.89371e-07 1.98866)
(-4.20482 -1.20485e-06 0.59528)
(-3.49179 -1.64202e-06 -1.86937)
(-2.17016 -1.77139e-06 -4.43197)
(-0.838314 -1.75842e-06 -7.45292)
(-1.35232 -1.99465e-06 -14.4265)
(-5.09971 -2.02933e-06 -0.606491)
(2.16568 -8.32289e-07 -7.62941)
(-0.529761 2.4605e-07 -7.28327)
(-1.9748 1.1549e-07 -3.07891)
(-3.35372 6.8621e-08 -1.97049)
(-3.53532 1.25617e-07 -0.822392)
(-3.49297 -1.9881e-08 0.111916)
(-3.71482 3.7019e-07 0.733893)
(-3.47681 1.6173e-07 1.12282)
(-3.38519 -1.88061e-07 1.17471)
(-3.45816 -4.47252e-07 1.15004)
(-3.09472 -4.96177e-07 1.63314)
(-2.69505 -6.02568e-07 2.18544)
(-2.89142 -5.68342e-07 2.36543)
(-2.96394 -8.9185e-07 2.18822)
(-2.89939 -9.73601e-07 0.985691)
(-2.6947 -1.48697e-06 -0.982033)
(-1.92647 -1.60637e-06 -3.21157)
(-1.78885 -1.87564e-06 -7.28642)
(-1.85671 -1.94831e-06 -17.4416)
(-9.04342 -1.71154e-06 4.63995)
(3.03078 -1.26854e-06 -3.73621)
(1.0935 1.44865e-07 -10.5992)
(-0.285194 2.53379e-07 -5.32784)
(-1.15542 2.52317e-07 -3.21923)
(-1.53393 3.07363e-08 -1.06097)
(-1.394 1.16403e-07 0.536061)
(-1.10978 1.33798e-07 1.26006)
(-0.867838 1.103e-07 1.23273)
(-0.999881 3.11521e-07 0.974202)
(-1.06835 1.03747e-07 1.38947)
(-0.760449 -4.90558e-07 2.07423)
(-0.627265 -4.15697e-07 2.09792)
(-0.847975 -5.6148e-07 2.07624)
(-0.916446 -1.14494e-06 1.98069)
(-1.0555 -1.24849e-06 0.864521)
(-1.03762 -1.30129e-06 -0.896451)
(-0.969916 -1.98893e-06 -3.52611)
(-1.35216 -2.12909e-06 -7.38316)
(-1.06667 -1.85803e-06 -21.6811)
(-5.59166 -1.45648e-06 11.7536)
)
;
    }
}


// ************************************************************************* //
