/*--------------------------------*- C++ -*----------------------------------*\
| =========                 |                                                 |
| \\      /  F ield         | OpenFOAM: The Open Source CFD Toolbox           |
|  \\    /   O peration     | Version:  v2106                                 |
|   \\  /    A nd           | Website:  www.openfoam.com                      |
|    \\/     M anipulation  |                                                 |
\*---------------------------------------------------------------------------*/
FoamFile
{
    version     2.0;
    format      ascii;
    arch        "LSB;label=32;scalar=64";
    class       volScalarField;
    location    "0";
    object      Tmode2;
}
// * * * * * * * * * * * * * * * * * * * * * * * * * * * * * * * * * * * * * //

dimensions      [0 0 0 0 0 0 0];

internalField   nonuniform List<scalar> 
2000
(
-0.0376894
-0.0376894
-0.0376894
-0.0376894
-0.0376894
-0.0376894
-0.0376894
-0.0376894
-0.0376894
-0.0376894
-0.0376894
-0.0376894
-0.0376894
-0.0376894
-0.0376894
-0.0376894
-0.0376894
-0.0376894
-0.0376894
-0.0376894
-0.0376894
-0.0376894
-0.0376894
-0.0376894
-0.0376894
-0.0376894
-0.0376894
-0.0376894
-0.0376894
-0.0376894
-0.0376894
-0.0376894
-0.0376894
-0.0376894
-0.0376894
-0.0376894
-0.0376894
-0.0376894
-0.0376894
-0.0376894
-0.0376894
-0.0376894
-0.0376894
-0.0376894
-0.0376894
-0.0376894
-0.0376894
-0.0376894
-0.0376894
-0.0376894
-0.0376894
-0.0376894
-0.0376894
-0.0376894
-0.0376894
-0.0376894
-0.0376894
-0.0376894
-0.0376894
-0.0376894
-0.0376894
-0.0376894
-0.0376894
-0.0376894
-0.0376894
-0.0376894
-0.0376894
-0.0376894
-0.0376894
-0.0376894
-0.0376894
-0.0376894
-0.0376894
-0.0376894
-0.0376894
-0.0376894
-0.0376894
-0.0376894
-0.0376894
-0.0376894
-0.0376894
-0.0376894
-0.0376894
-0.0376894
-0.0376894
-0.0376894
-0.0376894
-0.0376894
-0.0376894
-0.0376894
-0.0376894
-0.0376894
-0.0376894
-0.0376894
-0.0376894
-0.0376894
-0.0376894
-0.0376894
-0.0376894
-0.0376894
-0.0338145
-0.0338145
-0.0338145
-0.0338145
-0.0338145
-0.0338145
-0.0338145
-0.0338145
-0.0338145
-0.0338145
-0.0338145
-0.0338145
-0.0338145
-0.0338145
-0.0338145
-0.0338145
-0.0338145
-0.0338145
-0.0338145
-0.0338145
-0.0338145
-0.0338145
-0.0338145
-0.0338145
-0.0338145
-0.0338145
-0.0338145
-0.0338145
-0.0338145
-0.0338145
-0.0338145
-0.0338145
-0.0338145
-0.0338145
-0.0338145
-0.0338145
-0.0338145
-0.0338145
-0.0338145
-0.0338145
-0.0338145
-0.0338145
-0.0338145
-0.0338145
-0.0338145
-0.0338145
-0.0338145
-0.0338145
-0.0338145
-0.0338145
-0.0338145
-0.0338145
-0.0338145
-0.0338145
-0.0338145
-0.0338145
-0.0338145
-0.0338145
-0.0338145
-0.0338145
-0.0338145
-0.0338145
-0.0338145
-0.0338145
-0.0338145
-0.0338145
-0.0338145
-0.0338145
-0.0338145
-0.0338145
-0.0338145
-0.0338145
-0.0338145
-0.0338145
-0.0338145
-0.0338145
-0.0338145
-0.0338145
-0.0338145
-0.0338145
-0.0338145
-0.0338145
-0.0338145
-0.0338145
-0.0338145
-0.0338145
-0.0338145
-0.0338145
-0.0338145
-0.0338145
-0.0338145
-0.0338145
-0.0338145
-0.0338145
-0.0338145
-0.0338145
-0.0338145
-0.0338145
-0.0338145
-0.0338145
-0.0299397
-0.0299397
-0.0299397
-0.0299397
-0.0299397
-0.0299397
-0.0299397
-0.0299397
-0.0299397
-0.0299397
-0.0299397
-0.0299397
-0.0299397
-0.0299397
-0.0299397
-0.0299397
-0.0299397
-0.0299397
-0.0299397
-0.0299397
-0.0299397
-0.0299397
-0.0299397
-0.0299397
-0.0299397
-0.0299397
-0.0299397
-0.0299397
-0.0299397
-0.0299397
-0.0299397
-0.0299397
-0.0299397
-0.0299397
-0.0299397
-0.0299397
-0.0299397
-0.0299397
-0.0299397
-0.0299397
-0.0299397
-0.0299397
-0.0299397
-0.0299397
-0.0299397
-0.0299397
-0.0299397
-0.0299397
-0.0299397
-0.0299397
-0.0299397
-0.0299397
-0.0299397
-0.0299397
-0.0299397
-0.0299397
-0.0299397
-0.0299397
-0.0299397
-0.0299397
-0.0299397
-0.0299397
-0.0299397
-0.0299397
-0.0299397
-0.0299397
-0.0299397
-0.0299397
-0.0299397
-0.0299397
-0.0299397
-0.0299397
-0.0299397
-0.0299397
-0.0299397
-0.0299397
-0.0299397
-0.0299397
-0.0299397
-0.0299397
-0.0299397
-0.0299397
-0.0299397
-0.0299397
-0.0299397
-0.0299397
-0.0299397
-0.0299397
-0.0299397
-0.0299397
-0.0299397
-0.0299397
-0.0299397
-0.0299397
-0.0299397
-0.0299397
-0.0299397
-0.0299397
-0.0299397
-0.0299397
-0.0260648
-0.0260648
-0.0260648
-0.0260648
-0.0260648
-0.0260648
-0.0260648
-0.0260648
-0.0260648
-0.0260648
-0.0260648
-0.0260648
-0.0260648
-0.0260648
-0.0260648
-0.0260648
-0.0260648
-0.0260648
-0.0260648
-0.0260648
-0.0260648
-0.0260648
-0.0260648
-0.0260648
-0.0260648
-0.0260648
-0.0260648
-0.0260648
-0.0260648
-0.0260648
-0.0260648
-0.0260648
-0.0260648
-0.0260648
-0.0260648
-0.0260648
-0.0260648
-0.0260648
-0.0260649
-0.0260649
-0.0260648
-0.0260648
-0.0260648
-0.0260648
-0.0260648
-0.0260648
-0.0260648
-0.0260648
-0.0260649
-0.0260649
-0.0260648
-0.0260648
-0.0260648
-0.0260648
-0.0260648
-0.0260648
-0.0260648
-0.0260649
-0.0260649
-0.0260649
-0.0260648
-0.0260648
-0.0260648
-0.0260648
-0.0260648
-0.0260648
-0.0260649
-0.0260649
-0.0260649
-0.0260649
-0.0260648
-0.0260648
-0.0260648
-0.0260648
-0.0260648
-0.0260649
-0.0260649
-0.0260649
-0.0260649
-0.0260649
-0.0260648
-0.0260648
-0.0260648
-0.0260649
-0.0260649
-0.0260649
-0.0260649
-0.0260649
-0.0260649
-0.0260649
-0.0260648
-0.0260648
-0.0260648
-0.0260649
-0.0260649
-0.0260649
-0.0260649
-0.0260649
-0.0260649
-0.0260649
-0.02219
-0.02219
-0.02219
-0.02219
-0.02219
-0.02219
-0.02219
-0.02219
-0.02219
-0.02219
-0.02219
-0.02219
-0.02219
-0.02219
-0.02219
-0.02219
-0.02219
-0.02219
-0.02219
-0.02219
-0.02219
-0.02219
-0.02219
-0.02219
-0.02219
-0.02219
-0.02219
-0.02219
-0.02219
-0.02219
-0.02219
-0.02219
-0.02219
-0.02219
-0.02219
-0.02219
-0.02219
-0.02219
-0.02219
-0.02219
-0.02219
-0.02219
-0.02219
-0.02219
-0.02219
-0.02219
-0.02219
-0.02219
-0.02219
-0.02219
-0.02219
-0.02219
-0.02219
-0.02219
-0.02219
-0.02219
-0.02219
-0.02219
-0.02219
-0.02219
-0.02219
-0.02219
-0.02219
-0.02219
-0.02219
-0.02219
-0.02219
-0.02219
-0.0221901
-0.0221901
-0.02219
-0.02219
-0.02219
-0.02219
-0.02219
-0.02219
-0.02219
-0.0221901
-0.0221901
-0.0221901
-0.02219
-0.02219
-0.02219
-0.02219
-0.02219
-0.02219
-0.0221901
-0.0221901
-0.0221901
-0.0221901
-0.02219
-0.02219
-0.02219
-0.02219
-0.02219
-0.02219
-0.0221901
-0.0221901
-0.0221901
-0.0221901
-0.0183151
-0.0183151
-0.0183151
-0.0183152
-0.0183152
-0.0183152
-0.0183152
-0.0183152
-0.0183152
-0.0183152
-0.0183151
-0.0183151
-0.0183151
-0.0183152
-0.0183152
-0.0183152
-0.0183152
-0.0183152
-0.0183152
-0.0183152
-0.0183151
-0.0183151
-0.0183151
-0.0183152
-0.0183152
-0.0183152
-0.0183152
-0.0183152
-0.0183152
-0.0183152
-0.0183152
-0.0183152
-0.0183152
-0.0183152
-0.0183152
-0.0183152
-0.0183152
-0.0183152
-0.0183152
-0.0183152
-0.0183152
-0.0183152
-0.0183152
-0.0183152
-0.0183152
-0.0183152
-0.0183152
-0.0183152
-0.0183152
-0.0183152
-0.0183152
-0.0183152
-0.0183152
-0.0183152
-0.0183152
-0.0183152
-0.0183152
-0.0183152
-0.0183152
-0.0183152
-0.0183152
-0.0183152
-0.0183152
-0.0183152
-0.0183152
-0.0183152
-0.0183152
-0.0183152
-0.0183152
-0.0183152
-0.0183152
-0.0183152
-0.0183152
-0.0183152
-0.0183152
-0.0183152
-0.0183152
-0.0183153
-0.0183153
-0.0183153
-0.0183152
-0.0183152
-0.0183152
-0.0183152
-0.0183152
-0.0183152
-0.0183152
-0.0183153
-0.0183153
-0.0183153
-0.0183152
-0.0183152
-0.0183152
-0.0183152
-0.0183152
-0.0183152
-0.0183152
-0.0183153
-0.0183153
-0.0183153
-0.0144403
-0.0144403
-0.0144403
-0.0144404
-0.0144404
-0.0144404
-0.0144404
-0.0144404
-0.0144404
-0.0144404
-0.0144403
-0.0144403
-0.0144403
-0.0144404
-0.0144404
-0.0144404
-0.0144404
-0.0144404
-0.0144404
-0.0144404
-0.0144403
-0.0144403
-0.0144404
-0.0144404
-0.0144404
-0.0144404
-0.0144404
-0.0144404
-0.0144404
-0.0144404
-0.0144404
-0.0144404
-0.0144404
-0.0144404
-0.0144404
-0.0144404
-0.0144404
-0.0144404
-0.0144404
-0.0144404
-0.0144404
-0.0144404
-0.0144404
-0.0144404
-0.0144404
-0.0144404
-0.0144404
-0.0144404
-0.0144404
-0.0144404
-0.0144404
-0.0144404
-0.0144404
-0.0144404
-0.0144404
-0.0144404
-0.0144404
-0.0144404
-0.0144404
-0.0144404
-0.0144404
-0.0144404
-0.0144404
-0.0144404
-0.0144404
-0.0144404
-0.0144404
-0.0144404
-0.0144405
-0.0144404
-0.0144404
-0.0144404
-0.0144404
-0.0144404
-0.0144404
-0.0144404
-0.0144404
-0.0144405
-0.0144405
-0.0144405
-0.0144404
-0.0144404
-0.0144404
-0.0144404
-0.0144404
-0.0144404
-0.0144405
-0.0144405
-0.0144405
-0.0144405
-0.0144404
-0.0144404
-0.0144404
-0.0144404
-0.0144404
-0.0144404
-0.0144404
-0.0144405
-0.0144405
-0.0144405
-0.0105656
-0.0105656
-0.0105656
-0.0105656
-0.0105656
-0.0105656
-0.0105656
-0.0105656
-0.0105656
-0.0105656
-0.0105656
-0.0105656
-0.0105656
-0.0105656
-0.0105656
-0.0105656
-0.0105656
-0.0105656
-0.0105656
-0.0105656
-0.0105656
-0.0105656
-0.0105656
-0.0105656
-0.0105656
-0.0105656
-0.0105656
-0.0105656
-0.0105656
-0.0105656
-0.0105656
-0.0105656
-0.0105656
-0.0105656
-0.0105656
-0.0105656
-0.0105656
-0.0105656
-0.0105656
-0.0105656
-0.0105656
-0.0105656
-0.0105656
-0.0105656
-0.0105656
-0.0105656
-0.0105656
-0.0105656
-0.0105656
-0.0105656
-0.0105656
-0.0105656
-0.0105656
-0.0105656
-0.0105656
-0.0105656
-0.0105656
-0.0105656
-0.0105656
-0.0105656
-0.0105656
-0.0105656
-0.0105656
-0.0105656
-0.0105656
-0.0105656
-0.0105656
-0.0105657
-0.0105657
-0.0105657
-0.0105656
-0.0105656
-0.0105656
-0.0105656
-0.0105656
-0.0105656
-0.0105657
-0.0105657
-0.0105657
-0.0105657
-0.0105656
-0.0105656
-0.0105656
-0.0105656
-0.0105656
-0.0105656
-0.0105657
-0.0105657
-0.0105657
-0.0105657
-0.0105656
-0.0105656
-0.0105656
-0.0105656
-0.0105656
-0.0105656
-0.0105657
-0.0105657
-0.0105657
-0.0105657
-0.00669077
-0.00669077
-0.00669077
-0.00669079
-0.00669079
-0.0066908
-0.00669081
-0.00669081
-0.00669082
-0.00669081
-0.00669077
-0.00669077
-0.00669078
-0.00669079
-0.00669079
-0.0066908
-0.0066908
-0.00669081
-0.00669082
-0.00669082
-0.00669077
-0.00669078
-0.00669078
-0.0066908
-0.0066908
-0.00669081
-0.00669081
-0.00669082
-0.00669082
-0.00669082
-0.00669079
-0.00669079
-0.0066908
-0.0066908
-0.00669081
-0.00669082
-0.00669082
-0.00669083
-0.00669084
-0.00669083
-0.00669079
-0.00669079
-0.0066908
-0.00669081
-0.00669082
-0.00669083
-0.00669083
-0.00669084
-0.00669084
-0.00669084
-0.0066908
-0.0066908
-0.00669081
-0.00669082
-0.00669083
-0.00669083
-0.00669084
-0.00669084
-0.00669084
-0.00669084
-0.00669081
-0.0066908
-0.00669081
-0.00669082
-0.00669083
-0.00669084
-0.00669085
-0.00669085
-0.00669085
-0.00669085
-0.00669081
-0.00669081
-0.00669082
-0.00669083
-0.00669084
-0.00669084
-0.00669085
-0.00669085
-0.00669085
-0.00669085
-0.00669082
-0.00669082
-0.00669082
-0.00669084
-0.00669084
-0.00669084
-0.00669085
-0.00669085
-0.00669086
-0.00669086
-0.00669081
-0.00669082
-0.00669082
-0.00669083
-0.00669084
-0.00669084
-0.00669085
-0.00669085
-0.00669086
-0.00669086
-0.00281598
-0.00281598
-0.00281598
-0.002816
-0.002816
-0.00281601
-0.00281601
-0.00281601
-0.00281602
-0.00281601
-0.00281598
-0.00281598
-0.00281599
-0.002816
-0.002816
-0.002816
-0.00281601
-0.00281602
-0.00281602
-0.00281602
-0.00281598
-0.00281599
-0.00281599
-0.00281601
-0.002816
-0.00281601
-0.00281601
-0.00281602
-0.00281602
-0.00281602
-0.002816
-0.002816
-0.00281601
-0.00281601
-0.00281602
-0.00281602
-0.00281602
-0.00281603
-0.00281603
-0.00281603
-0.002816
-0.002816
-0.002816
-0.00281602
-0.00281602
-0.00281603
-0.00281603
-0.00281603
-0.00281604
-0.00281603
-0.00281601
-0.002816
-0.00281601
-0.00281602
-0.00281603
-0.00281603
-0.00281604
-0.00281604
-0.00281604
-0.00281604
-0.00281601
-0.00281601
-0.00281601
-0.00281602
-0.00281603
-0.00281604
-0.00281604
-0.00281604
-0.00281604
-0.00281604
-0.00281601
-0.00281602
-0.00281602
-0.00281603
-0.00281603
-0.00281604
-0.00281604
-0.00281604
-0.00281604
-0.00281604
-0.00281602
-0.00281602
-0.00281602
-0.00281603
-0.00281604
-0.00281604
-0.00281604
-0.00281604
-0.00281605
-0.00281605
-0.00281601
-0.00281602
-0.00281602
-0.00281603
-0.00281603
-0.00281604
-0.00281604
-0.00281604
-0.00281605
-0.00281605
0.00105881
0.00105881
0.00105881
0.0010588
0.0010588
0.0010588
0.00105879
0.00105879
0.00105879
0.0010588
0.00105881
0.00105881
0.0010588
0.0010588
0.0010588
0.0010588
0.0010588
0.00105879
0.00105879
0.00105879
0.00105881
0.0010588
0.0010588
0.00105879
0.0010588
0.00105879
0.00105879
0.00105879
0.00105879
0.00105879
0.0010588
0.0010588
0.00105879
0.00105879
0.00105879
0.00105878
0.00105878
0.00105877
0.00105878
0.00105878
0.0010588
0.0010588
0.0010588
0.00105879
0.00105879
0.00105878
0.00105878
0.00105877
0.00105877
0.00105878
0.0010588
0.0010588
0.00105879
0.00105878
0.00105878
0.00105877
0.00105877
0.00105877
0.00105877
0.00105878
0.00105879
0.0010588
0.00105879
0.00105878
0.00105878
0.00105877
0.00105877
0.00105876
0.00105876
0.00105877
0.00105879
0.00105879
0.00105879
0.00105877
0.00105877
0.00105877
0.00105876
0.00105876
0.00105877
0.00105877
0.00105879
0.00105879
0.00105879
0.00105878
0.00105877
0.00105877
0.00105876
0.00105877
0.00105876
0.00105876
0.0010588
0.00105879
0.00105879
0.00105878
0.00105878
0.00105878
0.00105877
0.00105877
0.00105876
0.00105876
0.00493362
0.00493362
0.00493362
0.00493361
0.00493361
0.00493361
0.00493361
0.00493361
0.00493361
0.00493362
0.00493362
0.00493362
0.00493361
0.00493361
0.00493361
0.00493361
0.00493361
0.00493361
0.00493361
0.00493361
0.00493362
0.00493361
0.00493361
0.0049336
0.00493361
0.00493361
0.00493361
0.00493361
0.0049336
0.00493361
0.00493361
0.00493361
0.0049336
0.00493361
0.00493361
0.0049336
0.0049336
0.00493359
0.0049336
0.00493361
0.00493361
0.00493361
0.00493361
0.00493361
0.00493361
0.0049336
0.0049336
0.00493359
0.0049336
0.0049336
0.00493361
0.00493361
0.00493361
0.0049336
0.0049336
0.00493359
0.00493359
0.0049336
0.0049336
0.0049336
0.00493361
0.00493361
0.00493361
0.0049336
0.0049336
0.00493359
0.00493359
0.00493359
0.00493359
0.0049336
0.00493361
0.00493361
0.00493361
0.00493359
0.00493359
0.0049336
0.00493359
0.00493359
0.00493359
0.00493359
0.00493361
0.00493361
0.0049336
0.0049336
0.0049336
0.0049336
0.00493359
0.00493359
0.00493358
0.00493359
0.00493362
0.00493361
0.00493361
0.00493361
0.0049336
0.0049336
0.0049336
0.00493359
0.00493359
0.0049336
0.00880845
0.00880845
0.00880845
0.00880844
0.00880845
0.00880844
0.00880845
0.00880844
0.00880844
0.00880845
0.00880845
0.00880845
0.00880844
0.00880844
0.00880845
0.00880844
0.00880845
0.00880844
0.00880844
0.00880844
0.00880845
0.00880844
0.00880844
0.00880844
0.00880845
0.00880844
0.00880844
0.00880844
0.00880844
0.00880844
0.00880844
0.00880844
0.00880844
0.00880844
0.00880844
0.00880844
0.00880844
0.00880844
0.00880844
0.00880845
0.00880845
0.00880845
0.00880845
0.00880844
0.00880845
0.00880844
0.00880844
0.00880843
0.00880844
0.00880844
0.00880844
0.00880844
0.00880844
0.00880844
0.00880844
0.00880843
0.00880843
0.00880843
0.00880844
0.00880844
0.00880845
0.00880845
0.00880844
0.00880844
0.00880844
0.00880843
0.00880843
0.00880843
0.00880844
0.00880843
0.00880844
0.00880844
0.00880844
0.00880844
0.00880843
0.00880843
0.00880843
0.00880843
0.00880843
0.00880843
0.00880844
0.00880844
0.00880844
0.00880844
0.00880844
0.00880844
0.00880844
0.00880843
0.00880843
0.00880843
0.00880845
0.00880844
0.00880844
0.00880845
0.00880844
0.00880844
0.00880843
0.00880843
0.00880843
0.00880844
0.0126833
0.0126833
0.0126833
0.0126833
0.0126833
0.0126833
0.0126833
0.0126833
0.0126833
0.0126833
0.0126833
0.0126833
0.0126833
0.0126833
0.0126833
0.0126833
0.0126833
0.0126833
0.0126833
0.0126833
0.0126833
0.0126833
0.0126833
0.0126833
0.0126833
0.0126833
0.0126833
0.0126833
0.0126833
0.0126833
0.0126833
0.0126833
0.0126833
0.0126833
0.0126833
0.0126833
0.0126833
0.0126833
0.0126833
0.0126833
0.0126833
0.0126833
0.0126833
0.0126833
0.0126833
0.0126833
0.0126833
0.0126833
0.0126833
0.0126833
0.0126833
0.0126833
0.0126833
0.0126833
0.0126833
0.0126833
0.0126833
0.0126833
0.0126833
0.0126833
0.0126833
0.0126833
0.0126833
0.0126833
0.0126833
0.0126833
0.0126833
0.0126833
0.0126833
0.0126833
0.0126833
0.0126833
0.0126833
0.0126833
0.0126833
0.0126833
0.0126833
0.0126833
0.0126833
0.0126833
0.0126833
0.0126833
0.0126833
0.0126833
0.0126833
0.0126833
0.0126833
0.0126833
0.0126833
0.0126833
0.0126833
0.0126833
0.0126833
0.0126833
0.0126833
0.0126833
0.0126833
0.0126833
0.0126833
0.0126833
0.0165582
0.0165582
0.0165582
0.0165582
0.0165582
0.0165582
0.0165582
0.0165582
0.0165582
0.0165582
0.0165582
0.0165582
0.0165582
0.0165582
0.0165582
0.0165582
0.0165582
0.0165582
0.0165582
0.0165582
0.0165582
0.0165582
0.0165582
0.0165582
0.0165582
0.0165582
0.0165582
0.0165582
0.0165582
0.0165582
0.0165582
0.0165582
0.0165582
0.0165582
0.0165582
0.0165582
0.0165582
0.0165582
0.0165582
0.0165582
0.0165582
0.0165582
0.0165582
0.0165582
0.0165582
0.0165582
0.0165582
0.0165581
0.0165582
0.0165582
0.0165582
0.0165582
0.0165582
0.0165582
0.0165582
0.0165581
0.0165582
0.0165582
0.0165582
0.0165581
0.0165582
0.0165582
0.0165582
0.0165582
0.0165582
0.0165582
0.0165582
0.0165581
0.0165581
0.0165581
0.0165582
0.0165582
0.0165582
0.0165582
0.0165581
0.0165582
0.0165581
0.0165581
0.0165581
0.0165581
0.0165582
0.0165582
0.0165582
0.0165582
0.0165582
0.0165582
0.0165581
0.0165581
0.0165581
0.0165581
0.0165582
0.0165582
0.0165582
0.0165582
0.0165582
0.0165581
0.0165581
0.0165581
0.0165581
0.0165581
0.0204331
0.0204331
0.0204331
0.020433
0.0204331
0.0204331
0.0204331
0.0204331
0.0204331
0.0204331
0.0204331
0.0204331
0.0204331
0.020433
0.0204331
0.0204331
0.0204331
0.0204331
0.0204331
0.0204331
0.0204331
0.0204331
0.020433
0.020433
0.020433
0.020433
0.020433
0.020433
0.020433
0.020433
0.020433
0.020433
0.020433
0.020433
0.020433
0.020433
0.020433
0.020433
0.020433
0.020433
0.0204331
0.0204331
0.020433
0.020433
0.020433
0.020433
0.020433
0.020433
0.020433
0.020433
0.0204331
0.0204331
0.020433
0.020433
0.020433
0.020433
0.020433
0.020433
0.020433
0.020433
0.0204331
0.0204331
0.020433
0.020433
0.020433
0.020433
0.020433
0.020433
0.020433
0.020433
0.0204331
0.0204331
0.020433
0.020433
0.020433
0.020433
0.020433
0.020433
0.020433
0.020433
0.0204331
0.0204331
0.020433
0.020433
0.020433
0.020433
0.020433
0.020433
0.020433
0.020433
0.0204331
0.0204331
0.020433
0.020433
0.020433
0.020433
0.020433
0.020433
0.020433
0.020433
0.024308
0.024308
0.024308
0.024308
0.024308
0.024308
0.024308
0.024308
0.024308
0.024308
0.024308
0.024308
0.024308
0.024308
0.024308
0.024308
0.024308
0.024308
0.024308
0.024308
0.024308
0.024308
0.024308
0.024308
0.024308
0.024308
0.024308
0.024308
0.024308
0.024308
0.024308
0.024308
0.024308
0.024308
0.024308
0.024308
0.024308
0.024308
0.024308
0.024308
0.024308
0.024308
0.024308
0.024308
0.024308
0.024308
0.024308
0.024308
0.024308
0.024308
0.024308
0.024308
0.024308
0.024308
0.024308
0.024308
0.024308
0.0243079
0.024308
0.024308
0.024308
0.024308
0.024308
0.024308
0.024308
0.024308
0.0243079
0.0243079
0.0243079
0.0243079
0.024308
0.024308
0.024308
0.024308
0.024308
0.0243079
0.0243079
0.0243079
0.0243079
0.0243079
0.024308
0.024308
0.024308
0.024308
0.024308
0.024308
0.0243079
0.0243079
0.0243079
0.0243079
0.024308
0.024308
0.024308
0.024308
0.024308
0.024308
0.0243079
0.0243079
0.0243079
0.024308
0.0281829
0.0281829
0.0281829
0.0281829
0.0281829
0.0281829
0.0281829
0.0281829
0.0281829
0.0281829
0.0281829
0.0281829
0.0281829
0.0281829
0.0281829
0.0281829
0.0281829
0.0281829
0.0281829
0.0281829
0.0281829
0.0281829
0.0281829
0.0281829
0.0281829
0.0281829
0.0281829
0.0281829
0.0281829
0.0281829
0.0281829
0.0281829
0.0281829
0.0281829
0.0281829
0.0281829
0.0281829
0.0281829
0.0281829
0.0281829
0.0281829
0.0281829
0.0281829
0.0281829
0.0281829
0.0281829
0.0281829
0.0281829
0.0281829
0.0281829
0.0281829
0.0281829
0.0281829
0.0281829
0.0281829
0.0281829
0.0281829
0.0281829
0.0281829
0.0281829
0.0281829
0.0281829
0.0281829
0.0281829
0.0281829
0.0281829
0.0281829
0.0281829
0.0281829
0.0281829
0.0281829
0.0281829
0.0281829
0.0281829
0.0281829
0.0281829
0.0281829
0.0281829
0.0281829
0.0281829
0.0281829
0.0281829
0.0281829
0.0281829
0.0281829
0.0281829
0.0281829
0.0281829
0.0281829
0.0281829
0.0281829
0.0281829
0.0281829
0.0281829
0.0281829
0.0281829
0.0281829
0.0281829
0.0281829
0.0281829
0.0320578
0.0320579
0.0320579
0.0320579
0.0320579
0.0320579
0.0320579
0.0320579
0.0320579
0.0320579
0.0320579
0.0320579
0.0320579
0.0320579
0.0320579
0.0320579
0.0320579
0.0320579
0.0320579
0.0320579
0.0320579
0.0320579
0.0320579
0.0320579
0.0320579
0.0320579
0.0320579
0.0320579
0.0320579
0.0320579
0.0320579
0.0320579
0.0320579
0.0320579
0.0320579
0.0320579
0.0320579
0.0320579
0.0320579
0.0320579
0.0320579
0.0320579
0.0320579
0.0320579
0.0320579
0.0320579
0.0320579
0.0320579
0.0320579
0.0320578
0.0320579
0.0320579
0.0320579
0.0320579
0.0320579
0.0320579
0.0320579
0.0320579
0.0320578
0.0320578
0.0320579
0.0320579
0.0320579
0.0320579
0.0320579
0.0320579
0.0320578
0.0320578
0.0320578
0.0320578
0.0320579
0.0320579
0.0320579
0.0320579
0.0320579
0.0320579
0.0320578
0.0320578
0.0320578
0.0320578
0.0320579
0.0320579
0.0320579
0.0320579
0.0320579
0.0320578
0.0320578
0.0320578
0.0320578
0.0320578
0.0320579
0.0320579
0.0320579
0.0320579
0.0320578
0.0320578
0.0320578
0.0320578
0.0320578
0.0320578
0.0359327
0.0359328
0.0359328
0.0359329
0.0359329
0.0359329
0.0359329
0.035933
0.035933
0.0359331
0.0359328
0.0359328
0.0359328
0.0359329
0.0359329
0.0359329
0.0359329
0.0359329
0.0359329
0.035933
0.0359328
0.0359328
0.0359329
0.0359329
0.0359328
0.0359329
0.0359329
0.0359329
0.0359329
0.0359329
0.0359329
0.0359329
0.0359329
0.0359329
0.0359328
0.0359329
0.0359329
0.0359329
0.0359329
0.0359329
0.0359329
0.0359329
0.0359328
0.0359328
0.0359328
0.0359329
0.0359329
0.0359329
0.0359329
0.0359329
0.0359329
0.0359329
0.0359329
0.0359329
0.0359329
0.0359329
0.0359329
0.0359329
0.0359329
0.0359328
0.0359329
0.0359329
0.0359329
0.0359329
0.0359329
0.0359329
0.0359328
0.0359328
0.0359328
0.0359328
0.035933
0.0359329
0.0359329
0.0359329
0.0359329
0.0359329
0.0359328
0.0359328
0.0359328
0.0359328
0.035933
0.0359329
0.0359329
0.0359329
0.0359329
0.0359329
0.0359328
0.0359328
0.0359328
0.0359328
0.0359331
0.035933
0.0359329
0.0359329
0.0359329
0.0359328
0.0359328
0.0359328
0.0359328
0.0359328
)
;

boundaryField
{
    block1_in
    {
        type            calculated;
        value           nonuniform List<scalar> 
100
(
-0.0396269
-0.0396269
-0.0396269
-0.0396269
-0.0396269
-0.0396269
-0.0396268
-0.0396268
-0.0396268
-0.0396268
-0.0396269
-0.0396269
-0.0396269
-0.0396269
-0.0396269
-0.0396268
-0.0396268
-0.0396268
-0.0396268
-0.0396268
-0.0396269
-0.0396269
-0.0396269
-0.0396269
-0.0396268
-0.0396268
-0.0396268
-0.0396268
-0.0396268
-0.0396268
-0.0396269
-0.0396269
-0.0396269
-0.0396268
-0.0396268
-0.0396268
-0.0396268
-0.0396268
-0.0396268
-0.0396268
-0.0396269
-0.0396269
-0.0396268
-0.0396268
-0.0396268
-0.0396268
-0.0396268
-0.0396268
-0.0396268
-0.0396268
-0.0396269
-0.0396268
-0.0396268
-0.0396268
-0.0396268
-0.0396268
-0.0396268
-0.0396268
-0.0396268
-0.0396268
-0.0396268
-0.0396268
-0.0396268
-0.0396268
-0.0396268
-0.0396268
-0.0396268
-0.0396268
-0.0396268
-0.0396268
-0.0396268
-0.0396268
-0.0396268
-0.0396268
-0.0396268
-0.0396268
-0.0396268
-0.0396268
-0.0396268
-0.0396268
-0.0396268
-0.0396268
-0.0396268
-0.0396268
-0.0396268
-0.0396268
-0.0396268
-0.0396268
-0.0396268
-0.0396268
-0.0396268
-0.0396268
-0.0396268
-0.0396268
-0.0396268
-0.0396268
-0.0396268
-0.0396268
-0.0396268
-0.0396268
)
;
    }
    block1_out
    {
        type            calculated;
        value           nonuniform List<scalar> 
100
(
0.0378704
0.0378704
0.0378704
0.0378704
0.0378704
0.0378704
0.0378704
0.0378704
0.0378704
0.0378704
0.0378704
0.0378704
0.0378704
0.0378704
0.0378704
0.0378704
0.0378704
0.0378704
0.0378704
0.0378704
0.0378704
0.0378704
0.0378704
0.0378704
0.0378704
0.0378704
0.0378704
0.0378704
0.0378704
0.0378704
0.0378704
0.0378704
0.0378704
0.0378704
0.0378704
0.0378704
0.0378704
0.0378704
0.0378704
0.0378704
0.0378704
0.0378704
0.0378704
0.0378704
0.0378704
0.0378704
0.0378704
0.0378703
0.0378704
0.0378704
0.0378704
0.0378704
0.0378704
0.0378704
0.0378704
0.0378704
0.0378703
0.0378703
0.0378703
0.0378703
0.0378704
0.0378704
0.0378704
0.0378704
0.0378704
0.0378703
0.0378703
0.0378703
0.0378703
0.0378703
0.0378704
0.0378704
0.0378704
0.0378704
0.0378703
0.0378703
0.0378703
0.0378703
0.0378703
0.0378703
0.0378704
0.0378704
0.0378704
0.0378704
0.0378704
0.0378703
0.0378703
0.0378703
0.0378703
0.0378703
0.0378704
0.0378704
0.0378704
0.0378704
0.0378704
0.0378703
0.0378703
0.0378703
0.0378703
0.0378703
)
;
    }
    block1_wall1
    {
        type            calculated;
        value           nonuniform List<scalar> 
200
(
-0.0376894
-0.0376894
-0.0376894
-0.0376894
-0.0376894
-0.0376894
-0.0376894
-0.0376894
-0.0376894
-0.0376894
-0.0338145
-0.0338145
-0.0338145
-0.0338145
-0.0338145
-0.0338145
-0.0338145
-0.0338145
-0.0338145
-0.0338145
-0.0299397
-0.0299397
-0.0299397
-0.0299397
-0.0299397
-0.0299397
-0.0299397
-0.0299397
-0.0299397
-0.0299397
-0.0260648
-0.0260648
-0.0260648
-0.0260648
-0.0260648
-0.0260648
-0.0260648
-0.0260648
-0.0260648
-0.0260648
-0.02219
-0.02219
-0.02219
-0.02219
-0.02219
-0.02219
-0.02219
-0.02219
-0.02219
-0.02219
-0.0183151
-0.0183151
-0.0183151
-0.0183152
-0.0183152
-0.0183152
-0.0183152
-0.0183152
-0.0183152
-0.0183152
-0.0144403
-0.0144403
-0.0144403
-0.0144404
-0.0144404
-0.0144404
-0.0144404
-0.0144404
-0.0144404
-0.0144404
-0.0105656
-0.0105656
-0.0105656
-0.0105656
-0.0105656
-0.0105656
-0.0105656
-0.0105656
-0.0105656
-0.0105656
-0.00669077
-0.00669077
-0.00669077
-0.00669079
-0.00669079
-0.0066908
-0.00669081
-0.00669081
-0.00669082
-0.00669081
-0.00281598
-0.00281598
-0.00281598
-0.002816
-0.002816
-0.00281601
-0.00281601
-0.00281601
-0.00281602
-0.00281601
0.00105881
0.00105881
0.00105881
0.0010588
0.0010588
0.0010588
0.00105879
0.00105879
0.00105879
0.0010588
0.00493362
0.00493362
0.00493362
0.00493361
0.00493361
0.00493361
0.00493361
0.00493361
0.00493361
0.00493362
0.00880845
0.00880845
0.00880845
0.00880844
0.00880845
0.00880844
0.00880845
0.00880844
0.00880844
0.00880845
0.0126833
0.0126833
0.0126833
0.0126833
0.0126833
0.0126833
0.0126833
0.0126833
0.0126833
0.0126833
0.0165582
0.0165582
0.0165582
0.0165582
0.0165582
0.0165582
0.0165582
0.0165582
0.0165582
0.0165582
0.0204331
0.0204331
0.0204331
0.020433
0.0204331
0.0204331
0.0204331
0.0204331
0.0204331
0.0204331
0.024308
0.024308
0.024308
0.024308
0.024308
0.024308
0.024308
0.024308
0.024308
0.024308
0.0281829
0.0281829
0.0281829
0.0281829
0.0281829
0.0281829
0.0281829
0.0281829
0.0281829
0.0281829
0.0320578
0.0320579
0.0320579
0.0320579
0.0320579
0.0320579
0.0320579
0.0320579
0.0320579
0.0320579
0.0359327
0.0359328
0.0359328
0.0359329
0.0359329
0.0359329
0.0359329
0.035933
0.035933
0.0359331
)
;
    }
    block1_wall2
    {
        type            calculated;
        value           nonuniform List<scalar> 
200
(
-0.0376894
-0.0338145
-0.0299397
-0.0260648
-0.02219
-0.0183152
-0.0144404
-0.0105656
-0.00669081
-0.00281601
0.0010588
0.00493362
0.00880845
0.0126833
0.0165582
0.0204331
0.024308
0.0281829
0.0320579
0.0359331
-0.0376894
-0.0338145
-0.0299397
-0.0260648
-0.02219
-0.0183152
-0.0144404
-0.0105656
-0.00669082
-0.00281602
0.00105879
0.00493361
0.00880844
0.0126833
0.0165582
0.0204331
0.024308
0.0281829
0.0320579
0.035933
-0.0376894
-0.0338145
-0.0299397
-0.0260648
-0.02219
-0.0183152
-0.0144404
-0.0105656
-0.00669082
-0.00281602
0.00105879
0.00493361
0.00880844
0.0126833
0.0165582
0.020433
0.024308
0.0281829
0.0320579
0.0359329
-0.0376894
-0.0338145
-0.0299397
-0.0260649
-0.02219
-0.0183152
-0.0144404
-0.0105656
-0.00669083
-0.00281603
0.00105878
0.00493361
0.00880845
0.0126833
0.0165582
0.020433
0.024308
0.0281829
0.0320579
0.0359329
-0.0376894
-0.0338145
-0.0299397
-0.0260649
-0.02219
-0.0183152
-0.0144404
-0.0105656
-0.00669084
-0.00281603
0.00105878
0.0049336
0.00880844
0.0126833
0.0165582
0.020433
0.024308
0.0281829
0.0320578
0.0359329
-0.0376894
-0.0338145
-0.0299397
-0.0260649
-0.02219
-0.0183152
-0.0144404
-0.0105656
-0.00669084
-0.00281604
0.00105878
0.0049336
0.00880844
0.0126833
0.0165581
0.020433
0.024308
0.0281829
0.0320578
0.0359328
-0.0376894
-0.0338145
-0.0299397
-0.0260649
-0.0221901
-0.0183152
-0.0144404
-0.0105657
-0.00669085
-0.00281604
0.00105877
0.0049336
0.00880843
0.0126833
0.0165581
0.020433
0.0243079
0.0281829
0.0320578
0.0359328
-0.0376894
-0.0338145
-0.0299397
-0.0260649
-0.0221901
-0.0183153
-0.0144405
-0.0105657
-0.00669085
-0.00281604
0.00105877
0.00493359
0.00880843
0.0126833
0.0165581
0.020433
0.0243079
0.0281829
0.0320578
0.0359328
-0.0376894
-0.0338145
-0.0299397
-0.0260649
-0.0221901
-0.0183153
-0.0144405
-0.0105657
-0.00669086
-0.00281605
0.00105876
0.00493359
0.00880843
0.0126833
0.0165581
0.020433
0.0243079
0.0281829
0.0320578
0.0359328
-0.0376894
-0.0338145
-0.0299397
-0.0260649
-0.0221901
-0.0183153
-0.0144405
-0.0105657
-0.00669086
-0.00281605
0.00105876
0.0049336
0.00880844
0.0126833
0.0165581
0.020433
0.024308
0.0281829
0.0320578
0.0359328
)
;
    }
    block1_wall3
    {
        type            calculated;
        value           nonuniform List<scalar> 
200
(
-0.0376894
-0.0376894
-0.0376894
-0.0376894
-0.0376894
-0.0376894
-0.0376894
-0.0376894
-0.0376894
-0.0376894
-0.0338145
-0.0338145
-0.0338145
-0.0338145
-0.0338145
-0.0338145
-0.0338145
-0.0338145
-0.0338145
-0.0338145
-0.0299397
-0.0299397
-0.0299397
-0.0299397
-0.0299397
-0.0299397
-0.0299397
-0.0299397
-0.0299397
-0.0299397
-0.0260648
-0.0260648
-0.0260648
-0.0260649
-0.0260649
-0.0260649
-0.0260649
-0.0260649
-0.0260649
-0.0260649
-0.02219
-0.02219
-0.02219
-0.02219
-0.02219
-0.02219
-0.0221901
-0.0221901
-0.0221901
-0.0221901
-0.0183152
-0.0183152
-0.0183152
-0.0183152
-0.0183152
-0.0183152
-0.0183152
-0.0183153
-0.0183153
-0.0183153
-0.0144404
-0.0144404
-0.0144404
-0.0144404
-0.0144404
-0.0144404
-0.0144404
-0.0144405
-0.0144405
-0.0144405
-0.0105656
-0.0105656
-0.0105656
-0.0105656
-0.0105656
-0.0105656
-0.0105657
-0.0105657
-0.0105657
-0.0105657
-0.00669081
-0.00669082
-0.00669082
-0.00669083
-0.00669084
-0.00669084
-0.00669085
-0.00669085
-0.00669086
-0.00669086
-0.00281601
-0.00281602
-0.00281602
-0.00281603
-0.00281603
-0.00281604
-0.00281604
-0.00281604
-0.00281605
-0.00281605
0.0010588
0.00105879
0.00105879
0.00105878
0.00105878
0.00105878
0.00105877
0.00105877
0.00105876
0.00105876
0.00493362
0.00493361
0.00493361
0.00493361
0.0049336
0.0049336
0.0049336
0.00493359
0.00493359
0.0049336
0.00880845
0.00880844
0.00880844
0.00880845
0.00880844
0.00880844
0.00880843
0.00880843
0.00880843
0.00880844
0.0126833
0.0126833
0.0126833
0.0126833
0.0126833
0.0126833
0.0126833
0.0126833
0.0126833
0.0126833
0.0165582
0.0165582
0.0165582
0.0165582
0.0165582
0.0165581
0.0165581
0.0165581
0.0165581
0.0165581
0.0204331
0.0204331
0.020433
0.020433
0.020433
0.020433
0.020433
0.020433
0.020433
0.020433
0.024308
0.024308
0.024308
0.024308
0.024308
0.024308
0.0243079
0.0243079
0.0243079
0.024308
0.0281829
0.0281829
0.0281829
0.0281829
0.0281829
0.0281829
0.0281829
0.0281829
0.0281829
0.0281829
0.0320579
0.0320579
0.0320579
0.0320579
0.0320578
0.0320578
0.0320578
0.0320578
0.0320578
0.0320578
0.0359331
0.035933
0.0359329
0.0359329
0.0359329
0.0359328
0.0359328
0.0359328
0.0359328
0.0359328
)
;
    }
    block1_wall4
    {
        type            calculated;
        value           nonuniform List<scalar> 
200
(
-0.0376894
-0.0338145
-0.0299397
-0.0260648
-0.02219
-0.0183151
-0.0144403
-0.0105656
-0.00669077
-0.00281598
0.00105881
0.00493362
0.00880845
0.0126833
0.0165582
0.0204331
0.024308
0.0281829
0.0320578
0.0359327
-0.0376894
-0.0338145
-0.0299397
-0.0260648
-0.02219
-0.0183151
-0.0144403
-0.0105656
-0.00669077
-0.00281598
0.00105881
0.00493362
0.00880845
0.0126833
0.0165582
0.0204331
0.024308
0.0281829
0.0320579
0.0359328
-0.0376894
-0.0338145
-0.0299397
-0.0260648
-0.02219
-0.0183151
-0.0144403
-0.0105656
-0.00669077
-0.00281598
0.00105881
0.00493362
0.00880845
0.0126833
0.0165582
0.0204331
0.024308
0.0281829
0.0320579
0.0359328
-0.0376894
-0.0338145
-0.0299397
-0.0260648
-0.02219
-0.0183152
-0.0144404
-0.0105656
-0.00669079
-0.002816
0.0010588
0.00493361
0.00880844
0.0126833
0.0165582
0.020433
0.024308
0.0281829
0.0320579
0.0359329
-0.0376894
-0.0338145
-0.0299397
-0.0260648
-0.02219
-0.0183152
-0.0144404
-0.0105656
-0.00669079
-0.002816
0.0010588
0.00493361
0.00880845
0.0126833
0.0165582
0.0204331
0.024308
0.0281829
0.0320579
0.0359329
-0.0376894
-0.0338145
-0.0299397
-0.0260648
-0.02219
-0.0183152
-0.0144404
-0.0105656
-0.0066908
-0.00281601
0.0010588
0.00493361
0.00880844
0.0126833
0.0165582
0.0204331
0.024308
0.0281829
0.0320579
0.0359329
-0.0376894
-0.0338145
-0.0299397
-0.0260648
-0.02219
-0.0183152
-0.0144404
-0.0105656
-0.00669081
-0.00281601
0.00105879
0.00493361
0.00880845
0.0126833
0.0165582
0.0204331
0.024308
0.0281829
0.0320579
0.0359329
-0.0376894
-0.0338145
-0.0299397
-0.0260648
-0.02219
-0.0183152
-0.0144404
-0.0105656
-0.00669081
-0.00281601
0.00105879
0.00493361
0.00880844
0.0126833
0.0165582
0.0204331
0.024308
0.0281829
0.0320579
0.035933
-0.0376894
-0.0338145
-0.0299397
-0.0260648
-0.02219
-0.0183152
-0.0144404
-0.0105656
-0.00669082
-0.00281602
0.00105879
0.00493361
0.00880844
0.0126833
0.0165582
0.0204331
0.024308
0.0281829
0.0320579
0.035933
-0.0376894
-0.0338145
-0.0299397
-0.0260648
-0.02219
-0.0183152
-0.0144404
-0.0105656
-0.00669081
-0.00281601
0.0010588
0.00493362
0.00880845
0.0126833
0.0165582
0.0204331
0.024308
0.0281829
0.0320579
0.0359331
)
;
    }
}


// ************************************************************************* //
