/*--------------------------------*- C++ -*----------------------------------*\
| =========                 |                                                 |
| \\      /  F ield         | OpenFOAM: The Open Source CFD Toolbox           |
|  \\    /   O peration     | Version:  v2106                                 |
|   \\  /    A nd           | Website:  www.openfoam.com                      |
|    \\/     M anipulation  |                                                 |
\*---------------------------------------------------------------------------*/
FoamFile
{
    version     2.0;
    format      ascii;
    arch        "LSB;label=32;scalar=64";
    class       volScalarField;
    location    "0";
    object      Tmode5;
}
// * * * * * * * * * * * * * * * * * * * * * * * * * * * * * * * * * * * * * //

dimensions      [0 0 0 0 0 0 0];

internalField   nonuniform List<scalar> 
2000
(
0.139738
0.078359
0.0730452
0.0487742
0.0468786
0.0317251
0.0212013
-0.0219455
-0.0855481
-0.123871
0.0783589
0.0646138
0.0505114
0.0457266
0.050995
0.0371576
0.0411783
0.0250934
-0.0126755
-0.0644886
0.0730453
0.0505114
0.0269199
0.0195086
0.0318931
0.0226757
0.0136309
0.00473195
-0.0150691
-0.056121
0.0487742
0.0457266
0.0195086
0.0280054
0.0225312
0.00455335
-0.00840104
-0.0149939
-0.019893
-0.0524977
0.0468786
0.050995
0.0318931
0.0225312
0.00807997
-0.0120284
-0.0216647
-0.0381038
-0.0274937
-0.0405694
0.0317251
0.0371576
0.0226757
0.00455335
-0.0120284
-0.0318507
-0.0384159
-0.059186
-0.0565878
-0.0434984
0.0212013
0.0411784
0.0136309
-0.00840105
-0.0216647
-0.0384159
-0.0381561
-0.0471305
-0.060564
-0.0468197
-0.0219455
0.0250934
0.00473195
-0.0149939
-0.0381038
-0.059186
-0.0471305
-0.0598046
-0.0776702
-0.0840816
-0.0855481
-0.0126755
-0.0150691
-0.019893
-0.0274937
-0.0565878
-0.0605639
-0.0776702
-0.0783735
-0.0800013
-0.123871
-0.0644886
-0.056121
-0.0524977
-0.0405694
-0.0434984
-0.0468197
-0.0840816
-0.0800013
-0.0808242
0.0350169
0.0278309
0.0308539
0.0230855
0.0267872
0.0212988
0.0256733
0.0166343
0.00114134
-0.0165539
0.0278309
0.0425787
0.0412253
0.0316318
0.0352088
0.021752
0.0237626
0.0216414
0.0141311
-0.0046938
0.0308539
0.0412253
0.0291224
0.0170871
0.0212053
0.00908215
0.00933682
0.00537196
-0.000798528
-0.0142023
0.0230855
0.0316318
0.0170871
0.0110424
0.00907033
-0.000820717
-0.00437977
-0.00791423
-0.0097894
-0.0231592
0.0267872
0.0352088
0.0212053
0.00907033
0.00655928
-0.00698824
-0.0113502
-0.0233589
-0.0204794
-0.0310133
0.0212988
0.021752
0.00908215
-0.000820721
-0.00698824
-0.0198338
-0.0227995
-0.0349366
-0.0397717
-0.0419898
0.0256733
0.0237626
0.00933682
-0.00437978
-0.0113502
-0.0227995
-0.0265854
-0.039766
-0.0524455
-0.0489287
0.0166343
0.0216414
0.00537196
-0.00791424
-0.0233589
-0.0349366
-0.039766
-0.0564544
-0.0640045
-0.0689296
0.00114134
0.0141311
-0.000798532
-0.00978941
-0.0204794
-0.0397717
-0.0524455
-0.0640045
-0.0737871
-0.0768808
-0.0165539
-0.00469381
-0.0142023
-0.0231592
-0.0310133
-0.0419898
-0.0489287
-0.0689296
-0.0768808
-0.0845939
0.0345675
0.0339939
0.0410069
0.0247001
0.0333239
0.0271092
0.0182508
0.0142942
0.00690794
0.00306575
0.0339939
0.0296778
0.0404943
0.0319381
0.0348119
0.0305941
0.0205289
0.0104529
0.0148287
0.0131122
0.0410069
0.0404943
0.0397014
0.0294853
0.0268986
0.0184466
0.0114302
0.00827639
0.00324484
-0.00319368
0.0247001
0.0319381
0.0294853
0.0218768
0.0110337
0.00498464
-0.000844693
-0.0051365
-0.0109598
-0.0147429
0.0333239
0.0348119
0.0268986
0.0110337
0.010252
-0.00147029
-0.00806022
-0.0175761
-0.0188195
-0.0212877
0.0271092
0.0305941
0.0184466
0.00498463
-0.00147029
-0.00840319
-0.0147054
-0.0251957
-0.0293583
-0.0311242
0.0182508
0.0205289
0.0114302
-0.000844698
-0.00806022
-0.0147054
-0.0215134
-0.0316859
-0.0412917
-0.0415909
0.0142942
0.0104529
0.00827638
-0.00513651
-0.0175761
-0.0251957
-0.0316859
-0.0448365
-0.0463031
-0.0553623
0.00690793
0.0148287
0.00324484
-0.0109598
-0.0188195
-0.0293583
-0.0412917
-0.0463031
-0.0610137
-0.0722006
0.00306574
0.0131122
-0.0031937
-0.014743
-0.0212877
-0.0311242
-0.0415909
-0.0553623
-0.0722006
-0.0751343
0.0356366
0.0394702
0.0381308
0.0303799
0.0374972
0.0299572
0.0257437
0.0168349
0.011049
0.0076442
0.0394702
0.0391205
0.0374106
0.0366888
0.0378254
0.0304111
0.0251149
0.0161816
0.0153545
0.0113208
0.0381308
0.0374106
0.0374673
0.0287827
0.033527
0.0189839
0.017825
0.0158835
0.00483228
0.00201377
0.0303799
0.0366888
0.0287827
0.0230409
0.0216877
0.0124614
0.00524523
-0.00155285
-0.0061823
-0.00424256
0.0374972
0.0378254
0.033527
0.0216877
0.0236477
0.00470236
-0.00191281
-0.00984286
-0.0103862
-0.0115596
0.0299572
0.0304111
0.0189839
0.0124614
0.00470236
-0.00391026
-0.00897917
-0.01895
-0.0203178
-0.022115
0.0257437
0.0251149
0.017825
0.00524522
-0.00191281
-0.00897917
-0.0204285
-0.0294735
-0.0333714
-0.0361961
0.0168349
0.0161816
0.0158835
-0.00155286
-0.00984287
-0.01895
-0.0294735
-0.0379086
-0.0366108
-0.0435181
0.011049
0.0153545
0.00483227
-0.00618231
-0.0103862
-0.0203178
-0.0333714
-0.0366108
-0.0486872
-0.0550994
0.0076442
0.0113208
0.00201375
-0.00424257
-0.0115596
-0.022115
-0.0361961
-0.0435181
-0.0550994
-0.0582118
0.031282
0.0286811
0.0358171
0.0319907
0.0317426
0.0260046
0.0222815
0.0190874
0.0168406
0.0109222
0.0286811
0.0337255
0.0383752
0.0339715
0.0324639
0.0277766
0.0224654
0.0155401
0.014008
0.00967467
0.0358171
0.0383752
0.0365799
0.0266749
0.0350221
0.022314
0.0178229
0.0160666
0.00839931
0.0070517
0.0319907
0.0339715
0.0266749
0.0307555
0.0260216
0.0146456
0.00593777
0.00177161
-0.000251644
0.00134196
0.0317426
0.0324639
0.0350221
0.0260216
0.0257456
0.00963823
0.00236021
-0.00411379
-0.00606332
-0.00878868
0.0260046
0.0277766
0.022314
0.0146456
0.00963823
0.0013526
-0.00650831
-0.0144122
-0.0162591
-0.0178697
0.0222815
0.0224654
0.0178229
0.00593776
0.0023602
-0.00650832
-0.0171952
-0.0246795
-0.0275888
-0.0311025
0.0190874
0.0155401
0.0160666
0.00177161
-0.0041138
-0.0144123
-0.0246796
-0.0310451
-0.0297706
-0.029713
0.0168406
0.014008
0.0083993
-0.000251655
-0.00606333
-0.0162592
-0.0275888
-0.0297706
-0.0329032
-0.0356103
0.0109222
0.00967465
0.00705169
0.00134195
-0.00878869
-0.0178697
-0.0311025
-0.029713
-0.0356103
-0.0427092
0.028102
0.0322177
0.03658
0.0277171
0.0323377
0.0259878
0.0223977
0.0164183
0.0172577
0.016863
0.0322177
0.0353241
0.0342325
0.030631
0.0367689
0.0277714
0.0256751
0.0153325
0.0164516
0.010952
0.03658
0.0342325
0.0357714
0.0288151
0.035352
0.0215562
0.0196478
0.019043
0.0136873
0.0087469
0.0277171
0.030631
0.0288151
0.0331576
0.025017
0.0162214
0.0124579
0.00734706
0.00319343
0.00284168
0.0323377
0.0367689
0.035352
0.025017
0.0238738
0.013384
0.0089005
0.000657603
-0.00313883
-0.00456038
0.0259878
0.0277714
0.0215562
0.0162213
0.013384
0.00820031
0.000619246
-0.00575369
-0.00839777
-0.0100677
0.0223977
0.0256751
0.0196478
0.0124579
0.00890049
0.000619242
-0.00588255
-0.013236
-0.0180718
-0.0218792
0.0164183
0.0153325
0.019043
0.00734705
0.000657594
-0.0057537
-0.013236
-0.0208199
-0.0198858
-0.0161145
0.0172577
0.0164516
0.0136873
0.00319341
-0.00313884
-0.00839778
-0.0180718
-0.0198858
-0.0177926
-0.0250871
0.016863
0.010952
0.00874688
0.00284167
-0.00456039
-0.0100677
-0.0218792
-0.0161145
-0.0250871
-0.030954
0.0222924
0.0269476
0.027659
0.0208042
0.0276797
0.0195634
0.0196107
0.0156512
0.0162063
0.0196475
0.0269476
0.0316113
0.0253458
0.0246527
0.0269949
0.0216745
0.0255573
0.0155465
0.0161229
0.0107158
0.027659
0.0253458
0.0277111
0.0191035
0.0239638
0.0157997
0.0184972
0.0179797
0.0127168
0.00876344
0.0208041
0.0246527
0.0191035
0.0209131
0.0159938
0.0108557
0.0109068
0.00560585
0.00408086
0.0048178
0.0276796
0.0269949
0.0239638
0.0159938
0.0166957
0.00768416
0.00764667
0.00204555
0.00039525
0.000454464
0.0195634
0.0216745
0.0157997
0.0108557
0.00768416
0.00557373
0.00338798
-0.000589638
-0.0029174
-0.0029182
0.0196107
0.0255572
0.0184971
0.0109068
0.00764666
0.00338798
-0.00019278
-0.00959116
-0.0107882
-0.014553
0.0156512
0.0155465
0.0179797
0.00560584
0.00204554
-0.000589644
-0.00959117
-0.015643
-0.0106723
-0.0113094
0.0162063
0.0161228
0.0127167
0.00408085
0.000395239
-0.00291741
-0.0107882
-0.0106723
-0.0137819
-0.0222622
0.0196475
0.0107158
0.00876342
0.00481779
0.000454455
-0.00291821
-0.014553
-0.0113094
-0.0222622
-0.0244753
0.0145889
0.0124654
0.0135113
0.0115279
0.0147752
0.0101696
0.014491
0.0103089
0.0116585
0.0198539
0.0124654
0.0166087
0.0127314
0.0110512
0.013519
0.0116093
0.0152562
0.00981201
0.0127599
0.00921773
0.0135113
0.0127314
0.00960976
0.00302027
0.0113007
0.0041415
0.0103198
0.0129729
0.00989795
0.0085952
0.0115279
0.0110512
0.00302027
0.00568137
0.00376446
0.00189619
0.00494065
0.00228149
0.00558323
0.0066515
0.0147752
0.013519
0.0113007
0.00376446
0.00756142
0.00228517
0.0050371
0.00276588
0.00339265
0.00263764
0.0101696
0.0116092
0.00414149
0.00189618
0.00228517
0.00272014
0.00180272
5.62519e-05
-0.0016701
-0.000445127
0.014491
0.0152562
0.0103198
0.00494064
0.0050371
0.00180272
-0.00219439
-0.0104636
-0.00602337
-0.0129771
0.0103089
0.009812
0.0129729
0.00228147
0.00276588
5.62466e-05
-0.0104636
-0.0122914
-0.00752666
-0.0123148
0.0116585
0.0127599
0.00989794
0.00558321
0.00339264
-0.0016701
-0.00602338
-0.00752667
-0.0125666
-0.0178796
0.0198538
0.00921772
0.00859519
0.00665148
0.00263763
-0.000445137
-0.0129771
-0.0123148
-0.0178796
-0.02395
-0.010499
-0.00779954
-0.00356876
-0.00770148
-0.00326391
-0.000573361
0.00340028
0.00525762
0.0102401
0.0191498
-0.00779954
-0.00890657
-0.00713871
-0.0106722
-0.00266815
-0.0020114
0.00322888
0.00562341
0.00982837
0.00630918
-0.00356877
-0.00713872
-0.00968759
-0.0134394
-0.00214405
-0.00747003
0.000653205
0.0080374
0.00756224
0.00890152
-0.00770148
-0.0106722
-0.0134394
-0.00922604
-0.00910405
-0.00879511
-0.00287954
-0.000533909
0.00656652
0.00716001
-0.00326391
-0.00266815
-0.00214406
-0.00910405
-0.00356871
-0.00674133
-0.000675908
0.00156912
0.00420489
0.00213612
-0.000573366
-0.00201141
-0.00747004
-0.00879511
-0.00674133
-0.00492739
-0.00379319
0.000299909
0.000225354
-0.000582382
0.00340027
0.00322888
0.000653195
-0.00287955
-0.000675913
-0.0037932
-0.00359705
-0.00612001
-0.00268441
-0.0117049
0.00525761
0.0056234
0.00803739
-0.000533919
0.00156911
0.000299905
-0.00612001
-0.00584157
-0.00650763
-0.00545858
0.0102401
0.00982835
0.00756223
0.00656651
0.00420488
0.000225349
-0.00268441
-0.00650763
-0.00622555
-0.00917512
0.0191498
0.00630917
0.00890151
0.00716
0.00213611
-0.000582386
-0.0117049
-0.00545858
-0.00917512
-0.0141733
-0.0307608
-0.025605
-0.018326
-0.0250964
-0.0146481
-0.012131
-0.00355833
0.00441
0.0080589
0.0155022
-0.025605
-0.0178062
-0.0216799
-0.0238508
-0.0144878
-0.0114124
-0.000538018
0.00281221
0.00615682
0.00465747
-0.018326
-0.0216799
-0.0229555
-0.0236928
-0.0105333
-0.0113378
-0.00473567
0.00496233
0.0063717
0.00908173
-0.0250964
-0.0238508
-0.0236928
-0.0175829
-0.0156135
-0.015042
-0.0079983
-0.00168825
0.00631475
0.00532413
-0.0146481
-0.0144879
-0.0105333
-0.0156135
-0.0100795
-0.0139815
-0.00419689
0.00119497
0.00241126
0.000644905
-0.012131
-0.0114124
-0.0113378
-0.015042
-0.0139815
-0.0101788
-0.00546335
0.0024273
0.00176489
0.00131232
-0.00355834
-0.000538028
-0.00473568
-0.00799831
-0.0041969
-0.00546335
-0.000396573
-0.0019397
-0.00141492
-0.00718032
0.00440999
0.0028122
0.00496232
-0.00168825
0.00119497
0.0024273
-0.0019397
-0.00136477
0.000365974
0.00425015
0.00805889
0.00615681
0.00637169
0.00631474
0.00241125
0.00176488
-0.00141493
0.000365971
0.00187797
-0.0051051
0.0155021
0.00465745
0.00908172
0.00532412
0.000644895
0.00131231
-0.00718033
0.00425015
-0.0051051
-0.00664254
-0.0372098
-0.0334909
-0.0267893
-0.0339911
-0.0198974
-0.0163915
-0.00446237
0.00106459
0.00333724
0.0135613
-0.0334909
-0.0283657
-0.0295272
-0.0279499
-0.0173136
-0.0131482
-0.00361576
-0.00123542
0.00405533
0.00431273
-0.0267893
-0.0295272
-0.0233265
-0.0275535
-0.0144254
-0.0139394
-0.00740105
0.00365873
0.00486018
0.00643054
-0.0339911
-0.0279499
-0.0275535
-0.0227562
-0.0194441
-0.0167371
-0.00847842
-0.00277111
0.00391782
0.00431929
-0.0198974
-0.0173136
-0.0144254
-0.0194441
-0.0118432
-0.0140214
-0.00410985
0.000853068
0.00233335
0.00267798
-0.0163915
-0.0131482
-0.0139394
-0.0167371
-0.0140214
-0.00929148
-0.00388284
0.00439958
0.00198214
0.00597931
-0.00446238
-0.00361577
-0.00740106
-0.00847843
-0.00410985
-0.00388284
0.00219049
-0.00216261
0.000833664
0.00084568
0.00106458
-0.00123543
0.00365872
-0.00277111
0.000853062
0.00439958
-0.00216261
-0.00121816
0.00673787
0.00924283
0.00333723
0.00405532
0.00486018
0.00391782
0.00233334
0.00198214
0.000833663
0.00673787
0.00541174
0.00110647
0.0135613
0.00431272
0.00643053
0.00431929
0.00267797
0.00597931
0.000845678
0.00924283
0.00110647
-0.00187607
-0.0460209
-0.0415776
-0.0375138
-0.0377875
-0.0251886
-0.0183929
-0.00809148
-0.00375738
0.00154998
0.0138496
-0.0415776
-0.0392728
-0.0350534
-0.0334928
-0.0215747
-0.0151869
-0.00794956
-0.00297615
0.00384756
0.00213897
-0.0375138
-0.0350534
-0.0313028
-0.0350552
-0.0188409
-0.0165885
-0.00793111
0.00370682
0.00352879
0.00549265
-0.0377875
-0.0334928
-0.0350552
-0.0274078
-0.0198418
-0.0144364
-0.00569103
-0.00122788
0.00602755
0.0101414
-0.0251886
-0.0215747
-0.0188409
-0.0198418
-0.00821213
-0.00915196
-0.00142356
0.00283955
0.00992979
0.0106019
-0.0183929
-0.0151869
-0.0165885
-0.0144364
-0.00915196
-0.006247
-0.000270982
0.00990931
0.0110394
0.0159092
-0.00809149
-0.00794956
-0.00793111
-0.00569104
-0.00142357
-0.000270984
0.0064359
0.00600369
0.0134894
0.0130705
-0.0037574
-0.00297616
0.00370682
-0.00122788
0.00283955
0.00990931
0.00600368
0.00995871
0.0152942
0.019119
0.00154997
0.00384755
0.00352878
0.00602755
0.00992978
0.0110393
0.0134894
0.0152942
0.0140444
0.0156982
0.0138495
0.00213896
0.00549264
0.0101414
0.0106019
0.0159092
0.0130705
0.0191191
0.0156982
0.0150356
-0.0534567
-0.0475474
-0.0394252
-0.0396128
-0.0247994
-0.0188497
-0.0112316
-0.00424496
0.00312741
0.012404
-0.0475474
-0.0391246
-0.0361533
-0.0367582
-0.0226339
-0.0171247
-0.00863088
-0.00125192
0.00467138
0.00157244
-0.0394252
-0.0361533
-0.038456
-0.0371147
-0.0195666
-0.0157392
-0.00627212
0.00610293
0.00719012
0.0100114
-0.0396128
-0.0367582
-0.0371147
-0.026545
-0.0154312
-0.0103204
-0.00136252
0.00680143
0.0163633
0.0171785
-0.0247994
-0.0226339
-0.0195666
-0.0154312
-0.0028473
-0.00411794
0.00545299
0.0103946
0.0177855
0.0167298
-0.0188497
-0.0171247
-0.0157392
-0.0103204
-0.00411795
-0.000120408
0.00770914
0.0169812
0.0217284
0.0257681
-0.0112316
-0.00863088
-0.00627212
-0.00136252
0.00545299
0.00770914
0.01437
0.0160528
0.0265048
0.0209708
-0.00424496
-0.00125192
0.00610292
0.00680143
0.0103946
0.0169812
0.0160528
0.0209567
0.0263347
0.0267926
0.00312741
0.00467138
0.00719012
0.0163633
0.0177855
0.0217284
0.0265048
0.0263347
0.0300163
0.0239263
0.012404
0.00157244
0.0100114
0.0171785
0.0167298
0.0257681
0.0209708
0.0267926
0.0239263
0.0246388
-0.0481847
-0.0424613
-0.0328636
-0.0377126
-0.0206592
-0.0169556
-0.00975034
-0.00269144
0.00423094
0.0110714
-0.0424613
-0.034211
-0.0357315
-0.0340155
-0.0189997
-0.0157126
-0.00745213
0.00139671
0.00728035
0.00351307
-0.0328636
-0.0357315
-0.0348355
-0.0308965
-0.0162472
-0.0135796
-0.00337511
0.00906154
0.0107159
0.0101464
-0.0377126
-0.0340155
-0.0308965
-0.0214741
-0.0110908
-0.00731817
0.0026159
0.0117169
0.0207853
0.0183204
-0.0206592
-0.0189997
-0.0162472
-0.0110908
-0.000512055
-0.00130774
0.00960745
0.013426
0.0192175
0.0187254
-0.0169556
-0.0157126
-0.0135796
-0.00731817
-0.00130774
0.00538272
0.0139953
0.0226123
0.0259822
0.0260276
-0.00975034
-0.00745213
-0.00337512
0.0026159
0.00960745
0.0139953
0.0233419
0.0214502
0.0254231
0.0193037
-0.00269144
0.00139671
0.00906154
0.0117169
0.013426
0.0226123
0.0214502
0.0220874
0.0250278
0.0268613
0.00423094
0.00728035
0.0107159
0.0207853
0.0192175
0.0259822
0.0254231
0.0250278
0.028125
0.0212133
0.0110714
0.00351308
0.0101464
0.0183204
0.0187254
0.0260276
0.0193037
0.0268613
0.0212133
0.0138261
-0.0435199
-0.0354928
-0.0313103
-0.0349867
-0.0187505
-0.0138501
-0.00634184
-0.000666813
0.00495403
0.00995897
-0.0354928
-0.0321435
-0.0342632
-0.0314962
-0.016338
-0.0120598
-0.00459454
0.00445965
0.00813532
0.00509384
-0.0313103
-0.0342632
-0.0309971
-0.0271066
-0.0134668
-0.0106739
-0.000627757
0.00780022
0.00655752
0.00494456
-0.0349867
-0.0314962
-0.0271066
-0.0196827
-0.00869988
-0.00438633
0.00397223
0.00857935
0.0174958
0.0156504
-0.0187505
-0.016338
-0.0134667
-0.00869988
0.00302323
0.00294403
0.0102786
0.0111566
0.0179632
0.0155315
-0.0138501
-0.0120598
-0.0106739
-0.00438632
0.00294404
0.00847471
0.0154363
0.0214442
0.0210842
0.017869
-0.00634184
-0.00459454
-0.000627755
0.00397223
0.0102786
0.0154363
0.0247749
0.0151394
0.017608
0.0121437
-0.000666808
0.00445965
0.00780022
0.00857935
0.0111566
0.0214442
0.0151394
0.0139058
0.0171619
0.0179541
0.00495403
0.00813532
0.00655753
0.0174958
0.0179632
0.0210842
0.017608
0.0171619
0.0137322
0.00847221
0.00995897
0.00509385
0.00494456
0.0156504
0.0155316
0.017869
0.0121437
0.0179541
0.00847221
0.00842151
-0.0414169
-0.0364516
-0.0313043
-0.0323956
-0.0184169
-0.0103792
-0.00220076
0.00150163
0.00407649
0.0071016
-0.0364516
-0.0344945
-0.0297335
-0.0315226
-0.0155914
-0.00816058
-0.00269972
0.0034793
0.00818315
0.00979894
-0.0313043
-0.0297335
-0.0322783
-0.0279228
-0.0134184
-0.00949437
-0.0031179
0.0050364
0.00545976
0.00415732
-0.0323956
-0.0315226
-0.0279228
-0.0217604
-0.0110402
-0.00824606
-0.00197059
0.00453232
0.0120354
0.00863082
-0.0184169
-0.0155914
-0.0134184
-0.0110402
-0.00169868
-0.000551076
0.00710314
0.00828468
0.0121382
0.00787897
-0.0103792
-0.00816058
-0.00949437
-0.00824606
-0.000551075
0.00657532
0.0105967
0.0115766
0.00993
0.00973427
-0.00220076
-0.00269972
-0.0031179
-0.00197058
0.00710314
0.0105967
0.0105903
0.0009525
0.0093768
-0.000350341
0.00150164
0.0034793
0.0050364
0.00453233
0.00828468
0.0115766
0.000952503
0.0033713
0.00438225
0.000279097
0.0040765
0.00818316
0.00545977
0.0120354
0.0121382
0.00993001
0.0093768
0.00438225
-0.000490472
-0.00610046
0.00710161
0.00979895
0.00415733
0.00863082
0.00787897
0.00973427
-0.000350342
0.000279098
-0.00610046
-0.00289001
-0.0421005
-0.0383105
-0.0265697
-0.0258247
-0.0131577
-0.00542975
0.000384805
0.0032078
0.00787751
0.00590129
-0.0383105
-0.0321205
-0.0218813
-0.024507
-0.0105666
-0.00551263
-0.00246734
0.00552512
0.01341
0.0102156
-0.0265697
-0.0218813
-0.0256582
-0.0200193
-0.00850389
-0.00615519
0.000342966
0.0110017
0.010149
0.0115546
-0.0258247
-0.024507
-0.0200193
-0.0152663
-0.00542465
-0.00604571
-0.00129921
0.00349651
0.0110668
0.0122417
-0.0131577
-0.0105666
-0.00850389
-0.00542465
-0.000141968
-0.000475028
0.00458662
0.00256466
0.0125194
0.0084364
-0.00542975
-0.00551262
-0.00615518
-0.00604571
-0.000475027
0.00699772
0.0040597
0.00647328
0.00954185
0.00723093
0.000384809
-0.00246734
0.000342971
-0.0012992
0.00458662
0.0040597
0.00091035
-0.00159102
0.00164724
-0.00786074
0.0032078
0.00552513
0.0110017
0.00349652
0.00256466
0.00647328
-0.00159102
-0.00675752
-0.00589239
-0.00257195
0.00787752
0.01341
0.010149
0.0110668
0.0125194
0.00954186
0.00164724
-0.00589239
-0.00277995
-0.00616589
0.0059013
0.0102156
0.0115546
0.0122417
0.0084364
0.00723093
-0.00786073
-0.00257194
-0.00616589
-0.00726248
-0.040119
-0.0267731
-0.0196927
-0.0152687
-0.0066374
-0.000445461
0.00371461
0.0119036
0.0190382
0.00634014
-0.0267731
-0.0251055
-0.0156036
-0.0168794
-0.00808342
-0.00341804
-0.00141788
0.00621046
0.00735489
-0.00139926
-0.0196927
-0.0156036
-0.0190571
-0.0118691
-0.00481968
-0.00287682
0.00487336
0.010661
0.00841621
0.00771777
-0.0152687
-0.0168794
-0.0118691
-0.00839461
-0.00171546
-0.00282668
-0.00100341
0.00304556
0.0104811
0.0057826
-0.00663739
-0.00808342
-0.00481968
-0.00171546
0.00030414
-0.00198828
-0.000963163
0.00191814
0.00918774
0.00293403
-0.000445453
-0.00341803
-0.00287682
-0.00282668
-0.00198828
-0.00118883
-0.00450478
0.00242587
0.00185469
-2.25558e-05
0.00371463
-0.00141787
0.00487336
-0.0010034
-0.000963159
-0.00450477
-0.00279919
-0.00478592
-0.0080951
-0.0145063
0.0119036
0.00621047
0.010661
0.00304557
0.00191815
0.00242587
-0.00478592
-0.00783559
-0.00734478
-0.0095195
0.0190382
0.0073549
0.00841622
0.0104812
0.00918775
0.00185469
-0.0080951
-0.00734478
-0.0164305
-0.0196369
0.00634015
-0.00139926
0.00771777
0.00578261
0.00293403
-2.25523e-05
-0.0145063
-0.0095195
-0.0196369
-0.0316415
-0.0445602
-0.00398013
-0.00968952
-0.0011035
0.00298292
0.0116715
0.0151758
0.0284482
0.0373759
0.0275084
-0.00398013
-0.00443687
-0.0053378
-0.0036693
0.00253842
0.0112826
0.00833
0.00945708
0.0109761
-0.000589188
-0.00968953
-0.00533779
-0.00836142
-0.000360248
0.000456663
0.00346612
0.00999757
0.0111696
0.0137931
0.00355987
-0.0011035
-0.00366929
-0.000360246
-0.00281777
0.00133992
0.00486106
0.00470015
0.00597081
0.00985912
0.00670829
0.00298292
0.00253842
0.000456666
0.00133992
0.000746123
-0.000496849
-0.00412817
-0.00217962
-0.00170596
-0.00860827
0.0116715
0.0112826
0.00346613
0.00486107
-0.000496847
0.000456137
-0.00452075
-0.00356814
-0.00446616
-0.0172898
0.0151758
0.00833001
0.00999758
0.00470016
-0.00412817
-0.00452075
-0.0112926
-0.017566
-0.00966027
-0.021611
0.0284482
0.00945709
0.0111696
0.00597082
-0.00217961
-0.00356814
-0.017566
-0.0200299
-0.0141204
-0.025877
0.0373759
0.0109761
0.0137932
0.00985913
-0.00170595
-0.00446615
-0.00966027
-0.0141204
-0.0106544
-0.0336108
0.0275084
-0.000589179
0.00355987
0.0067083
-0.00860826
-0.0172898
-0.021611
-0.025877
-0.0336108
-0.0362566
-0.101644
-0.0431742
-0.0345242
0.0071897
0.00922898
0.0228937
0.0213094
0.0469286
0.0841115
0.0868727
-0.0431742
-0.0207134
-0.0141595
-2.11336e-05
-0.00452421
0.0163241
0.0107138
0.0191935
0.0392802
0.0483593
-0.0345242
-0.0141595
0.00619658
0.0157371
-0.00562445
0.00379615
0.0137163
0.0217873
0.0348944
0.0454584
0.0071897
-2.11265e-05
0.0157371
-0.00238832
-0.00634375
0.00626267
0.0131309
0.0175868
0.022503
0.0387234
0.00922899
-0.00452421
-0.00562445
-0.00634375
-0.00291501
0.00842289
0.00951239
0.019926
0.0110278
0.0191905
0.0228937
0.0163241
0.00379615
0.00626268
0.00842289
0.0192608
0.0155761
0.022997
0.015875
0.00376818
0.0213095
0.0107138
0.0137163
0.0131309
0.00951239
0.0155761
0.00235025
-0.00667477
-0.00293338
-0.0144853
0.0469286
0.0191935
0.0217873
0.0175868
0.019926
0.022997
-0.00667477
-0.0159184
-0.0125666
-0.00745671
0.0841116
0.0392803
0.0348944
0.022503
0.0110278
0.0158751
-0.00293337
-0.0125666
-0.021851
-0.0311248
0.0868727
0.0483593
0.0454584
0.0387235
0.0191905
0.00376819
-0.0144853
-0.00745671
-0.0311249
-0.0325468
)
;

boundaryField
{
    block1_in
    {
        type            calculated;
        value           nonuniform List<scalar> 
100
(
0.0432791
0.0428448
0.0423942
0.0459113
0.0448633
0.0432006
0.0381055
0.0306281
0.0243676
0.018572
0.0428448
0.0453593
0.0409382
0.0427357
0.0396006
0.0362402
0.0292559
0.0226037
0.0180182
0.0130575
0.0423942
0.0409382
0.0381106
0.0361801
0.0267914
0.0203985
0.0163082
0.0103472
0.00637003
0.00346726
0.0459113
0.0427357
0.0361801
0.0275029
0.0170281
0.0105003
0.00456042
-0.00182392
-0.00450824
-0.00512998
0.0448633
0.0396006
0.0267914
0.0170281
0.00728432
-0.000816889
-0.00778387
-0.0152397
-0.0153002
-0.0149752
0.0432006
0.0362402
0.0203985
0.0105003
-0.00081689
-0.00899379
-0.0169648
-0.0252161
-0.0278999
-0.0286515
0.0381055
0.0292559
0.0163082
0.00456042
-0.00778387
-0.0169648
-0.0244706
-0.0348112
-0.0420354
-0.0439395
0.0306281
0.0226037
0.0103472
-0.00182392
-0.0152397
-0.0252161
-0.0348112
-0.0482958
-0.0579758
-0.0612294
0.0243676
0.0180182
0.00637003
-0.00450824
-0.0153002
-0.0278999
-0.0420354
-0.0579758
-0.0663875
-0.0721669
0.018572
0.0130575
0.00346726
-0.00512998
-0.0149752
-0.0286515
-0.0439395
-0.0612294
-0.0721669
-0.0718514
)
;
    }
    block1_out
    {
        type            calculated;
        value           nonuniform List<scalar> 
100
(
0.00918411
0.00957073
0.0172216
0.0296836
0.0376001
0.0432621
0.0443503
0.0449493
0.0465672
0.0450224
0.00957073
0.0164026
0.0185366
0.0282996
0.034165
0.0386755
0.0392046
0.040054
0.0423561
0.0412656
0.0172216
0.0185366
0.0213692
0.0268054
0.0257039
0.0271326
0.0307044
0.0314468
0.0333457
0.0339993
0.0296836
0.0282996
0.0268054
0.0252943
0.0222751
0.0223602
0.0235092
0.0233042
0.0258083
0.0289951
0.0376001
0.034165
0.0257039
0.0222751
0.0191155
0.0170331
0.0164569
0.0150402
0.0202101
0.0231348
0.0432621
0.0386755
0.0271326
0.0223602
0.0170331
0.0143308
0.0123704
0.0104346
0.0123758
0.0134823
0.0443503
0.0392046
0.0307044
0.0235092
0.0164569
0.0123704
0.0107096
0.00617317
0.00291445
0.00252841
0.0449493
0.040054
0.0314467
0.0233042
0.0150401
0.0104346
0.00617317
-0.00301962
-0.0097535
-0.0106223
0.0465672
0.0423561
0.0333457
0.0258083
0.0202101
0.0123758
0.00291445
-0.0097535
-0.0141559
-0.0170386
0.0450224
0.0412656
0.0339993
0.0289951
0.0231348
0.0134823
0.00252841
-0.0106223
-0.0170386
-0.0163597
)
;
    }
    block1_wall1
    {
        type            calculated;
        value           nonuniform List<scalar> 
200
(
0.139738
0.078359
0.0730453
0.0487742
0.0468786
0.0317251
0.0212013
-0.0219455
-0.0855481
-0.123871
0.0350169
0.0278309
0.0308539
0.0230855
0.0267872
0.0212988
0.0256733
0.0166343
0.00114134
-0.0165539
0.0345675
0.0339939
0.0410069
0.0247001
0.0333239
0.0271092
0.0182508
0.0142942
0.00690793
0.00306574
0.0356366
0.0394702
0.0381308
0.0303799
0.0374972
0.0299572
0.0257437
0.0168349
0.011049
0.0076442
0.031282
0.0286811
0.0358171
0.0319907
0.0317426
0.0260046
0.0222815
0.0190874
0.0168406
0.0109222
0.028102
0.0322177
0.03658
0.0277171
0.0323377
0.0259878
0.0223977
0.0164183
0.0172577
0.016863
0.0222924
0.0269476
0.027659
0.0208041
0.0276796
0.0195634
0.0196107
0.0156512
0.0162063
0.0196475
0.0145889
0.0124654
0.0135113
0.0115279
0.0147752
0.0101696
0.014491
0.0103089
0.0116585
0.0198538
-0.010499
-0.00779955
-0.00356877
-0.00770149
-0.00326391
-0.00057337
0.00340026
0.00525761
0.0102401
0.0191498
-0.0307608
-0.025605
-0.018326
-0.0250964
-0.0146481
-0.012131
-0.00355834
0.00440999
0.00805888
0.0155021
-0.0372098
-0.0334909
-0.0267893
-0.0339911
-0.0198975
-0.0163915
-0.00446239
0.00106458
0.00333723
0.0135613
-0.0460209
-0.0415776
-0.0375138
-0.0377875
-0.0251886
-0.0183929
-0.00809149
-0.0037574
0.00154997
0.0138495
-0.0534567
-0.0475474
-0.0394252
-0.0396128
-0.0247994
-0.0188497
-0.0112316
-0.00424497
0.0031274
0.012404
-0.0481847
-0.0424613
-0.0328636
-0.0377126
-0.0206592
-0.0169557
-0.00975034
-0.00269144
0.00423094
0.0110714
-0.0435199
-0.0354928
-0.0313103
-0.0349867
-0.0187505
-0.0138501
-0.00634184
-0.00066681
0.00495403
0.00995897
-0.0414169
-0.0364516
-0.0313043
-0.0323956
-0.0184169
-0.0103792
-0.00220076
0.00150164
0.0040765
0.00710161
-0.0421005
-0.0383105
-0.0265697
-0.0258247
-0.0131577
-0.00542975
0.000384807
0.0032078
0.00787751
0.0059013
-0.040119
-0.0267731
-0.0196927
-0.0152687
-0.0066374
-0.000445453
0.00371462
0.0119036
0.0190382
0.00634015
-0.0445602
-0.00398013
-0.00968953
-0.0011035
0.00298292
0.0116715
0.0151758
0.0284482
0.0373759
0.0275084
-0.101644
-0.0431742
-0.0345242
0.0071897
0.00922899
0.0228937
0.0213095
0.0469286
0.0841116
0.0868727
)
;
    }
    block1_wall2
    {
        type            calculated;
        value           nonuniform List<scalar> 
200
(
-0.123871
-0.0165539
0.00306574
0.0076442
0.0109222
0.016863
0.0196475
0.0198538
0.0191498
0.0155021
0.0135613
0.0138495
0.012404
0.0110714
0.00995897
0.00710161
0.0059013
0.00634015
0.0275084
0.0868727
-0.0644886
-0.00469381
0.0131122
0.0113208
0.00967465
0.010952
0.0107158
0.00921771
0.00630917
0.00465745
0.00431272
0.00213896
0.00157243
0.00351308
0.00509385
0.00979895
0.0102156
-0.00139926
-0.000589178
0.0483593
-0.056121
-0.0142023
-0.00319369
0.00201375
0.00705168
0.00874688
0.00876342
0.00859518
0.00890151
0.00908172
0.00643052
0.00549264
0.0100114
0.0101464
0.00494456
0.00415733
0.0115546
0.00771777
0.00355987
0.0454584
-0.0524977
-0.0231592
-0.014743
-0.00424257
0.00134195
0.00284166
0.00481779
0.00665148
0.00716
0.00532411
0.00431929
0.0101414
0.0171785
0.0183204
0.0156504
0.00863082
0.0122417
0.00578261
0.0067083
0.0387235
-0.0405694
-0.0310133
-0.0212877
-0.0115596
-0.00878869
-0.00456039
0.000454452
0.00263763
0.0021361
0.000644891
0.00267797
0.0106019
0.0167298
0.0187254
0.0155315
0.00787897
0.0084364
0.00293403
-0.00860826
0.0191905
-0.0434984
-0.0419898
-0.0311242
-0.022115
-0.0178697
-0.0100677
-0.00291821
-0.00044514
-0.00058239
0.00131231
0.00597931
0.0159092
0.0257681
0.0260276
0.017869
0.00973427
0.00723093
-2.2553e-05
-0.0172898
0.00376819
-0.0468197
-0.0489287
-0.0415909
-0.0361961
-0.0311025
-0.0218792
-0.014553
-0.0129771
-0.0117049
-0.00718033
0.000845675
0.0130705
0.0209708
0.0193037
0.0121437
-0.000350344
-0.00786074
-0.0145063
-0.021611
-0.0144853
-0.0840816
-0.0689296
-0.0553623
-0.0435181
-0.029713
-0.0161145
-0.0113094
-0.0123148
-0.00545859
0.00425014
0.00924282
0.019119
0.0267926
0.0268613
0.0179541
0.000279096
-0.00257195
-0.0095195
-0.025877
-0.00745671
-0.0800013
-0.0768808
-0.0722006
-0.0550994
-0.0356103
-0.0250871
-0.0222622
-0.0178796
-0.00917512
-0.0051051
0.00110647
0.0156982
0.0239263
0.0212133
0.00847221
-0.00610046
-0.00616589
-0.0196369
-0.0336108
-0.0311248
-0.0808242
-0.0845939
-0.0751343
-0.0582118
-0.0427092
-0.030954
-0.0244754
-0.02395
-0.0141733
-0.00664255
-0.00187608
0.0150356
0.0246388
0.0138261
0.00842151
-0.00289001
-0.00726249
-0.0316415
-0.0362566
-0.0325468
)
;
    }
    block1_wall3
    {
        type            calculated;
        value           nonuniform List<scalar> 
200
(
-0.123871
-0.0644886
-0.056121
-0.0524977
-0.0405694
-0.0434984
-0.0468197
-0.0840816
-0.0800013
-0.0808242
-0.0165539
-0.0046938
-0.0142023
-0.0231592
-0.0310133
-0.0419898
-0.0489287
-0.0689296
-0.0768808
-0.0845939
0.00306575
0.0131122
-0.00319368
-0.0147429
-0.0212877
-0.0311242
-0.0415909
-0.0553623
-0.0722006
-0.0751343
0.0076442
0.0113208
0.00201377
-0.00424256
-0.0115596
-0.022115
-0.0361961
-0.0435181
-0.0550994
-0.0582118
0.0109222
0.00967466
0.00705169
0.00134196
-0.00878868
-0.0178697
-0.0311025
-0.029713
-0.0356103
-0.0427092
0.016863
0.010952
0.00874689
0.00284168
-0.00456039
-0.0100677
-0.0218792
-0.0161145
-0.0250871
-0.030954
0.0196475
0.0107158
0.00876344
0.0048178
0.000454462
-0.0029182
-0.014553
-0.0113094
-0.0222622
-0.0244754
0.0198539
0.00921772
0.0085952
0.00665149
0.00263764
-0.000445131
-0.0129771
-0.0123148
-0.0178796
-0.02395
0.0191498
0.00630918
0.00890152
0.00716001
0.00213611
-0.000582386
-0.0117049
-0.00545859
-0.00917512
-0.0141733
0.0155022
0.00465746
0.00908173
0.00532413
0.000644902
0.00131232
-0.00718032
0.00425015
-0.0051051
-0.00664255
0.0135613
0.00431273
0.00643053
0.00431929
0.00267797
0.00597931
0.000845676
0.00924283
0.00110647
-0.00187608
0.0138495
0.00213897
0.00549265
0.0101414
0.0106019
0.0159092
0.0130705
0.019119
0.0156982
0.0150356
0.012404
0.00157243
0.0100114
0.0171785
0.0167298
0.0257681
0.0209708
0.0267926
0.0239263
0.0246388
0.0110714
0.00351307
0.0101464
0.0183204
0.0187254
0.0260276
0.0193037
0.0268613
0.0212133
0.0138261
0.00995897
0.00509384
0.00494455
0.0156504
0.0155315
0.017869
0.0121437
0.0179541
0.00847221
0.00842151
0.0071016
0.00979894
0.00415732
0.00863082
0.00787897
0.00973427
-0.000350343
0.000279095
-0.00610046
-0.00289001
0.00590129
0.0102156
0.0115546
0.0122417
0.0084364
0.00723093
-0.00786074
-0.00257195
-0.00616589
-0.00726249
0.00634014
-0.00139926
0.00771777
0.0057826
0.00293403
-2.25566e-05
-0.0145063
-0.00951951
-0.0196369
-0.0316415
0.0275084
-0.000589188
0.00355987
0.00670829
-0.00860827
-0.0172898
-0.021611
-0.025877
-0.0336108
-0.0362566
0.0868727
0.0483593
0.0454584
0.0387234
0.0191905
0.00376818
-0.0144853
-0.00745671
-0.0311248
-0.0325468
)
;
    }
    block1_wall4
    {
        type            calculated;
        value           nonuniform List<scalar> 
200
(
0.139738
0.0350169
0.0345675
0.0356366
0.031282
0.028102
0.0222924
0.0145889
-0.010499
-0.0307608
-0.0372098
-0.0460209
-0.0534567
-0.0481847
-0.0435199
-0.0414169
-0.0421005
-0.040119
-0.0445602
-0.101644
0.078359
0.0278309
0.0339939
0.0394702
0.0286811
0.0322177
0.0269476
0.0124654
-0.00779954
-0.025605
-0.0334909
-0.0415776
-0.0475474
-0.0424613
-0.0354928
-0.0364516
-0.0383105
-0.0267731
-0.00398013
-0.0431742
0.0730453
0.0308539
0.0410069
0.0381308
0.0358171
0.03658
0.027659
0.0135113
-0.00356877
-0.018326
-0.0267893
-0.0375138
-0.0394252
-0.0328636
-0.0313103
-0.0313043
-0.0265697
-0.0196927
-0.00968952
-0.0345242
0.0487742
0.0230855
0.0247001
0.0303799
0.0319907
0.0277171
0.0208042
0.0115279
-0.00770148
-0.0250964
-0.0339911
-0.0377875
-0.0396128
-0.0377126
-0.0349867
-0.0323956
-0.0258247
-0.0152687
-0.0011035
0.0071897
0.0468786
0.0267872
0.0333239
0.0374972
0.0317426
0.0323377
0.0276797
0.0147752
-0.00326391
-0.0146481
-0.0198974
-0.0251886
-0.0247994
-0.0206592
-0.0187505
-0.0184169
-0.0131577
-0.0066374
0.00298292
0.00922898
0.0317251
0.0212988
0.0271092
0.0299572
0.0260046
0.0259878
0.0195634
0.0101696
-0.000573364
-0.012131
-0.0163915
-0.0183929
-0.0188497
-0.0169556
-0.0138501
-0.0103792
-0.00542975
-0.000445461
0.0116715
0.0228937
0.0212013
0.0256733
0.0182508
0.0257437
0.0222815
0.0223977
0.0196107
0.014491
0.00340027
-0.00355833
-0.00446238
-0.00809148
-0.0112316
-0.00975035
-0.00634184
-0.00220076
0.000384804
0.00371461
0.0151758
0.0213094
-0.0219454
0.0166343
0.0142942
0.0168349
0.0190874
0.0164183
0.0156512
0.0103089
0.00525762
0.00441
0.00106459
-0.00375739
-0.00424497
-0.00269145
-0.000666816
0.00150163
0.0032078
0.0119036
0.0284482
0.0469286
-0.0855481
0.00114134
0.00690794
0.011049
0.0168406
0.0172577
0.0162063
0.0116585
0.0102401
0.00805889
0.00333723
0.00154998
0.00312741
0.00423094
0.00495403
0.00407649
0.0078775
0.0190382
0.0373759
0.0841115
-0.123871
-0.0165539
0.00306575
0.0076442
0.0109222
0.016863
0.0196475
0.0198539
0.0191498
0.0155022
0.0135613
0.0138495
0.012404
0.0110714
0.00995897
0.0071016
0.00590129
0.00634014
0.0275084
0.0868727
)
;
    }
}


// ************************************************************************* //
