/*--------------------------------*- C++ -*----------------------------------*\
| =========                 |                                                 |
| \\      /  F ield         | OpenFOAM: The Open Source CFD Toolbox           |
|  \\    /   O peration     | Version:  v2106                                 |
|   \\  /    A nd           | Website:  www.openfoam.com                      |
|    \\/     M anipulation  |                                                 |
\*---------------------------------------------------------------------------*/
FoamFile
{
    version     2.0;
    format      ascii;
    arch        "LSB;label=32;scalar=64";
    class       volScalarField;
    location    "2";
    object      gradTx;
}
// * * * * * * * * * * * * * * * * * * * * * * * * * * * * * * * * * * * * * //

dimensions      [0 -1 0 1 0 0 0];

internalField   nonuniform List<scalar> 
5712
(
-6083.12
-7763.14
-14474.8
-21083.3
-21614.1
-37168.5
-16724.6
-42215.6
-13541.5
-29601.6
-20170.4
-30622.7
-18082.6
-23675.8
-7949.98
-9078.47
-13704.1
-15769.8
-17629.2
-17592.5
-14119.5
-17623
-20555
-18680.1
-4932.29
-3682.28
-6130.09
-4103.18
-11446
-9092.68
-19523.6
-14086
-15217.9
-15831.8
-16904.1
-16072.8
-5827.61
-4602.86
-36007
-48224.4
-23393.8
-28688.6
-48486.1
-62911.3
-25356
-28966.1
-26662.1
-37689.8
-23316.5
-30902.5
-13539.5
-21899.6
-2573.47
-865.034
-2710.65
-974.648
-7785.4
-3128.63
-10691.7
-3919.95
-7627.84
-2923.75
-8161.55
-2608.62
-13912
-4417.47
-17962.1
-6047.12
-22518.5
-11227
-20553.1
-12315.4
-21444.3
-13997.7
-18787.8
-14340.8
-16007.1
-9561.9
-16015.8
-8155.36
-21145.2
-13719.9
-21171.1
-13860.9
-19740.6
-15174.6
-19949.2
-15258.8
-17268.6
-11071.6
-17879.1
-11355.6
-16226.1
-6978.24
-7492.55
-9014.19
-16316.2
-7613.34
-6494.26
-9065.6
-17183.8
-6962.23
-8523.44
-9124.4
-18039.1
-7139.17
-9288.93
-9559.46
-3339.87
-3642.84
-1113.97
-2134.42
-9827.52
-10387
-3748.61
-6534.57
-12599.1
-14075.5
-5937.84
-10040.7
-11829.8
-1105.37
-12829.3
-15581.7
-8322.4
-774.367
-7297.57
-11427.4
-18276.7
-12258.8
-9492.79
-11233
-9610.84
-8128.54
-12627
-3262.48
-2729.61
-1850.48
-1845.87
-9246.29
-7931.37
-5469.45
-5231.07
-11613.4
-10052.6
-7149.94
-6459.15
-5749.22
-7365.83
-11808.7
-12263.4
-13318.3
-12193.7
-14973.7
-13183.9
-9830.8
-8278.04
-8836.38
-9471.06
-11475.1
-9334.59
-10323.9
-7780.18
-8826.66
-6306.01
-10069.2
-6703.23
-9922.39
-4960.94
-8523.7
-9344.85
-12326.2
-16275.8
-13598.8
-19842.2
-6672.82
-7544.88
-8696.56
-3157.27
-7609.11
-14611.6
-7222.66
-15607.8
-13474.9
-24412.5
-13711.6
-25831.4
-5633.3
-12390
-5106.19
-13149.4
-7642.66
-5940.63
-10491.8
-4293.36
-7964.29
-1970.46
-9204.71
-1077.99
-7311.64
-8758.71
-10977.7
-5144.12
-6027.46
-10276.2
-9688.02
-6711.56
-2224.34
-1996.17
-1838.24
-1587.67
-1482.15
-1356.34
-6640.53
-5626.95
-4997.09
-4190.72
-3496.94
-3115.44
-8301.25
-7366.19
-6899.38
-5072.77
-4299.42
-4134.92
-6633.6
-6049.99
-5975.2
-10885
-8609.25
-7399.77
-10036.3
-7735.05
-6441.48
-10557.9
-8636.62
-7651.14
-6275.84
-4317.91
-3461.06
-15761.7
-14021.6
-12398.2
-9901.19
-8535.45
-7317.1
-8574.09
-6945.82
-5767.14
-7023.89
-5301.88
-4263.58
-6953.09
-4012.64
-2387.19
-10163.5
-13910.6
-7962.75
-10423.8
-10734.1
-15881.6
-9499.82
-13917.6
-212.34
-884.04
322.102
-227.488
-3182.88
-3614.74
-1435.34
-902.984
-1171.83
-3007.11
-9485.75
-13891.1
-6640.2
-3530.51
-9614.8
-9505.94
-14469.2
-15851.2
247.613
3437.9
-7573.1
-7101.06
-6411.84
-4941.65
-1157.45
-661.405
-707.635
-284.947
-2513.94
-734.481
-130.98
427.78
-9331.09
-2887.56
-6228.17
-1997.73
-8331.06
-2669.93
-9924.9
-3303.33
-9316.82
-12114.6
-8524.88
-11861.4
-13975.3
-14726.5
-13225.1
-13984.8
-6311.46
-10074.6
-7255.72
-9959.72
-8877.16
-11473.5
-9647.63
-11608.9
-13667.6
-13754.5
-14248.9
-13830.6
-6264.72
-9820.02
-6682.53
-10021.5
-1225.86
-2563.64
-8484.22
-6328.7
-751.935
-2178.31
-7872.78
-5695.16
-1499.01
-2654.43
-8703.74
-6801
-1852.37
-2841.52
-8813.79
-7097.87
315.207
402.342
-350.374
-260.374
1862.89
1922.85
-363.206
-327.607
-615.097
690.403
-2658.81
-2231.77
9599.63
9181.63
4646.98
2876.46
-630.792
10151.3
10436.5
3605.4
4950.49
-482.408
-10123.3
-8454.84
-8041.44
-7938.75
-5832.51
522.51
582.662
-220.145
-432.038
1705.45
2025.69
-743.393
-1187.85
1603.94
2610.7
-1858.32
-2547.6
4954.97
2298.33
7830.23
4946.99
2830.78
2164.28
2875.21
2674.68
-2039.63
-3411.15
-3905.05
-2530.48
-1581.51
629.862
-1989.52
5.29272
-3198.8
-1796.81
-4187.24
-4911.83
-5873.39
-5507.51
-10571.1
-6790.26
-8284.58
-8470.48
-12450.8
-10284.9
-9056.99
-6033.35
-5113.33
-5198.72
-12284.2
-6042.42
-13449.7
-6699.01
-13825.7
-10532.8
-14732.4
-11246.5
-10673.9
-5276.08
-11840.8
-5931.79
-8334.3
-7450.27
-7800.81
-11491.9
-5969.26
-6882.22
-6878.52
-10640.4
-9327.87
-7580.98
-8667.68
-13073.2
-10760.8
-8218.29
-10053.8
-13545.4
775.284
953.815
1136.16
-183.539
304.314
382.184
2990.9
3558.85
3689.6
-251.188
906.855
992.74
3703.21
4665.11
4969.58
-1607.64
797.059
1288.16
1353.08
1250.48
972.333
3913.74
4308.64
4142.32
3033.68
3928.05
4034.2
3756.38
4651.73
4753.5
-2850.37
156.539
508.993
-3559.04
-1911.55
-889.94
829.764
2436.27
3284.52
536.187
2720.33
3668.85
-310.105
2193.79
2937.5
-4249.02
382.998
999.293
-44.5405
7.49002
25.4033
24.8043
230.026
142.276
98.9475
67.7964
-189.391
-10.6906
46.7996
45.8918
319.781
240.343
190.666
136.696
-561.421
-118.777
23.1688
30.4177
-93.7146
122.96
188.774
176.327
-115.938
73.371
116.603
99.8924
-356.902
-75.1952
24.0587
37.203
-1478.75
-434.529
-66.4918
41.4421
-2201.1
-621.081
-167.936
-69.6734
-1166.74
-293.195
-10.8323
66.6664
-1869.88
-503.858
-136.144
-78.1316
-1501.53
-462.43
-90.4432
2.22995
-2416.84
-706.836
-192.659
-69.1162
-1601.07
-536.293
-142.815
-35.3666
-2561.99
-777.975
-230.72
-87.5699
-67.3357
-8.97698
7.79332
5.42718
-29.5893
8.22477
13.2878
3.72816
-116.614
2.20848
33.3781
25.4014
7.31975
53.7976
48.7205
17.4485
-815.62
-217.125
-43.735
-21.9588
-551.189
-106.971
6.71971
-7.11468
-469.708
-23.9657
68.7737
56.3249
-335.991
-11.8307
31.5942
-31.7491
-1705.33
-433.512
-115.693
-102.613
43.8238
31.4364
18.091
8.48285
159.839
63.4677
29.1756
18.3199
45.1338
65.035
48.488
26.1005
394.642
165.985
81.7054
51.7763
-138.511
42.9245
54.9207
28.9624
447.668
223.919
117.849
75.5082
-468.213
-3.78463
52.3588
20.84
222.612
223.172
134.294
87.6879
-1067.63
-136.884
29.5332
30.9109
-177.888
169.049
137.177
99.6517
-1951.65
-328.831
-19.6042
16.4613
-732.538
-18.9159
65.3401
63.4867
-1625.14
-225.199
22.0266
35.8288
-591.848
58.4501
103.126
88.1068
-2242.78
-448.712
-84.5918
-22.8935
-869.934
-94.2566
14.6754
25.2296
-2447.58
-567.297
-157.145
-63.729
-1002.65
-182.207
-43.2722
-13.3377
24.8735
17.3933
11.2794
7.66698
6.04615
46.8529
29.9836
19.0353
12.8728
10.1401
57.19
40.059
25.9694
17.6495
13.9178
103.378
66.6434
42.3946
28.6864
22.6003
68.6396
49.1874
31.9542
21.7232
17.1317
136.686
87.9553
55.8914
37.8098
29.7882
68.9705
44.5267
28.3422
19.191
15.1258
32.8173
22.4013
14.4924
9.85717
7.77707
75.7131
51.6169
33.2133
22.5341
17.7646
26.4066
19.3713
12.6264
8.59127
6.77753
100.897
65.1804
41.3422
27.9437
22.0106
29.3585
20.5228
13.2265
8.97208
7.07268
39.8599
29.5301
19.3566
13.1957
10.414
22.2598
16.5446
10.8132
7.36432
5.81053
12.2452
12.5427
8.7045
6.0122
4.75587
3.43744
5.03476
3.598
2.4977
1.97715
17.2352
12.7157
8.28821
5.63586
4.44408
16.9339
11.156
7.07991
4.78147
3.76409
48.1924
33.6049
21.6098
14.6438
11.5371
47.7763
30.4834
19.195
12.938
10.1795
51.8638
38.9293
25.3214
17.203
13.5611
69.0663
43.1951
27.0869
18.2455
14.3542
82.8807
52.1655
32.8006
22.118
17.4129
58.0254
34.6277
21.521
14.4708
11.381
48.3949
29.4612
18.4119
12.4004
9.76279
-370.431
-470.832
-862.001
-1161.99
-966.331
-1472.74
-519.571
-1248.84
86.1775
-403.217
-785.331
-1224.63
-27.8364
-92.712
-1109.66
-1712.52
-1359.77
-1924.75
-540.761
-124.297
-27.795
-6.09785
-1.51838
-200.906
-84.0427
-12.1256
-3.12614
-1.31137
-1662.04
-380.552
-85.3946
-18.6431
-4.64811
-486.136
-126.47
-30.0086
-6.24762
-1.6463
-2804.12
-643.599
-144.788
-31.7064
-7.88678
-761.608
-211.574
-50.294
-11.4664
-2.84105
-3788.36
-872.324
-197.012
-43.2623
-10.7715
-882.452
-264.946
-65.0745
-15.0272
-3.72139
-4771.97
-1110
-252.401
-55.6928
-13.9214
-966.448
-319.37
-80.8996
-18.9555
-4.75226
-5740.93
-1377.76
-317.66
-70.6717
-17.7384
-1436.23
-435.411
-106.711
-24.3195
-6.04031
-5310.52
-1268.92
-291.224
-64.5232
-16.1464
-1142.82
-373.214
-93.912
-21.783
-5.41309
-5949.2
-1430.99
-330.661
-73.6875
-18.5236
-1610.69
-474.452
-114.745
-25.8122
-6.39797
-6217.11
-1483.62
-343.41
-76.5095
-19.2247
-1663.46
-492.353
-120.23
-25.1274
-6.59469
-691.738
-6558.63
-6019.14
-2318.88
1365.17
2430.99
6853.95
10154.7
1045.36
7226.95
-1834.61
2104.07
2107.8
4371.3
8238.55
11825.5
12675.6
15964.2
5151.61
6702.45
-19596.3
-14322
-5132.96
-4118.2
-2967.3
-4272.89
-3908.35
-12188.7
-11923.8
-10171.6
-11172.6
-9378.49
-6767.67
-8672.04
-5861.06
-5007.56
-6115.66
-4215.56
-19720.9
-10540.9
-3880.44
-6587.37
-8749
-6184.74
-6846.77
-5126.39
-3168.36
-4508.03
-4700.54
-5080.72
-19327.4
-12872.3
-12289.9
-8988.55
-9062.45
-9390.37
-4233.48
-5644.8
-6990.21
-14551.6
-13256.1
-12039
-12322.6
-12041.2
-9604.8
-6932.03
-5836.38
-4955.91
-2829.2
-4570.34
-3833.69
-2913.36
-1840.66
-636.048
-3696.38
-3115.01
-2361.81
-1477.88
-504.22
-2647.62
-2214.43
-1665.17
-1034.46
-351.333
-3835.2
-3227.84
-2439.71
-1519.92
-516.544
-3489.19
-2924.02
-2207.31
-1378.23
-470.094
-8174.21
-6670.19
-5765.69
-6033.22
-7343.26
-6759.86
-5273.14
-4118.44
-3746.67
-2798.45
-6498.13
-4075.19
-3071.54
-2379.16
-1268.38
-5869.55
-4133.66
-2946.72
-2322.18
-1442.15
-4421.61
-2834.91
-1855.45
-1380.32
-707.76
-5421.36
-4124.23
-2926.12
-1805.14
-639.077
-5971.84
-3907.44
-2664.13
-1690.34
-670.932
-3861.95
-2306.69
-1403.82
-782.88
-273.731
-4164.27
-3257.75
-2336.46
-1426.56
-489.339
-4917.01
-3708.95
-2566.77
-1521.16
-512.376
-3536.47
-2780.68
-1990.54
-1203.52
-406.639
-13564.2
-10962.6
-9665.19
-9637.19
-10404.2
-7949.49
-5979.24
-4642.78
-3408.75
-1680.71
-3265.52
-2597.57
-1903.19
-1190.95
-419.911
-5651.11
-4599.71
-3454.35
-2212.83
-797.166
-7303.53
-5896.64
-4517.14
-3050.34
-1214.34
-5339.62
-4392.88
-3348.77
-2181.36
-796.834
-5999.07
-4983.77
-3798.48
-2444.07
-871.14
-4505.17
-3734.3
-2818.57
-1782.14
-620.368
-2750.19
-2236.5
-1644.87
-1010.25
-342.7
-3993.38
-3318.54
-2486.94
-1545.95
-526.719
-4034.5
-3256.05
-2394.73
-1483.95
-511.053
-4440.73
-3655.08
-2736.72
-1717.43
-594.864
-13990.1
-12229.5
-11047.4
-10959.5
-10930.7
-9209.95
-6909.52
-5718.98
-4648.08
-2619.12
-9358.87
-7752.16
-6338.73
-5133.35
-2754.03
-7236.74
-5688.06
-4516.89
-3288.58
-1448.08
-7699
-6324.72
-4906.44
-3330.67
-1310.8
-7498.45
-5844.99
-4614.3
-3349.7
-1460.81
-3677.79
-3025.09
-2284.46
-1460.84
-519.411
-5012.56
-4184.85
-3159.01
-1980.59
-679.47
-6090.92
-5030.46
-3816.62
-2449.06
-870.866
-5140.59
-10401.4
-10949.5
-29720.5
-10851.5
-39821.1
-5881.6
-14153.5
-10901.3
-8519.17
-17901.4
-15045.7
-10972.2
-10491.7
-20151.8
-16182.4
-3778.23
-2801.53
-7265.29
-4983.65
-8487.26
-6386.85
-22593.9
-16666.3
-13981.8
-10694.2
-14415.2
-8648.07
-1141.53
-3448.23
-37139.6
-48680.6
-22602.2
-28546.9
-49135.6
-63169.8
-24469.6
-28749.8
-27654.7
-38197.7
-22608.7
-30845.2
-14889.7
-22535.3
-1797.44
-473.524
-3139.95
-1070.31
-6114.37
-2717.27
-12348.5
-4452.37
-2741.83
-1533.9
-6760.16
-2119.88
-13942.5
-4373.4
-18128
-6094.41
-15574.7
-8143.67
-17815.9
-10728
-14423.9
-10432.2
-16043
-12626.8
-14104.2
-8319.93
-11219.4
-5819.32
-20082.7
-13000.4
-20904.3
-13663.4
-18645.2
-14428.2
-19655.8
-15055.1
-16564.2
-10493.6
-17711.5
-11195.5
-15317.2
-6730.97
-6690.09
-8731.13
-13736.5
-6876.06
-5002.12
-8550.68
-16938.2
-6901.9
-8148.68
-8984.63
-18009.2
-7135.19
-9182.96
-9518.31
-1041.08
-933.508
-250.068
-1082.08
-4219.02
-4350.71
-2611.9
-5141.77
-2375.69
-2955.49
-4041.33
-7612.23
-11605.3
-9509.28
-8832.01
-10871.3
-7081.48
-7479.8
-7897.34
-6470.41
-12563.2
-10719.1
-11233.8
-9196.87
-6265.85
-5278.13
-11495.6
-1004.72
-758.297
-555.674
-622.43
-3929.53
-3139.99
-3291.38
-2904.37
-590.567
464.608
-3887.09
-3056.79
-10015.3
-10705.6
-9256.08
-8523.29
-6749.16
-4936.47
-8706.71
-6972.6
-7633.26
-5990.39
-11389
-11658.3
-9571.28
-7600.96
-6975.68
-4829.27
-6050.39
-3900.62
-8883.79
-5451.72
-9036.66
-5079.82
-8082.53
-9207.58
-12863.6
-17176.5
-13594.5
-19802.3
-6080.13
-7254.19
-7376.69
-2904.48
-7454.27
-14454.1
-7187.28
-15549.9
-13428.1
-24499.4
-13692.4
-25809.3
-5414.23
-12193.8
-5055.18
-13090.4
-7191.69
-5733.13
-10298
-4227.23
-6959.23
-1822.45
-8869.36
-1247.39
-7133.04
-8627.32
-10890.7
-5105.54
-5981.19
-10234.7
-9665.46
-6695.02
-750.804
-700.007
-501.889
-580.138
-2404.72
-1764.04
-2149.86
-1957.8
1005.87
564.262
-2525.88
-2816.6
-10650.4
-10148.5
-7565.02
-6594.35
-3935.71
-3353.45
-5481.28
-4553.28
-5039.35
-3699.72
-18115.7
-15979.8
-7751.88
-6708.48
-5767.09
-4491.1
-4687.64
-3097.46
-4916.07
-2207.77
-5615.62
-9116.03
-4878.54
-9145.56
-8034.68
-10140.1
-8887.56
-12214.1
-1026.57
-789.059
-796.214
-690.363
-3643.94
-2683.89
-2949.21
-1758.09
-1707.06
-2085.49
-8350.03
-9019.03
-4514.6
-3980.06
-9083.76
-9386.02
-13661.6
-15627.1
41.4288
3255.4
-7344.78
-7111
-6297.51
-4986.71
-1125.34
-1044.25
-1142
-945.667
-2124.06
-1646.7
-997.014
-905.674
-8046.84
-4173.54
-6786.11
-3486.68
-8573.3
-3573.43
-10040.5
-3677.29
-5922.21
-10480.5
-7374.61
-10995.7
-8732.77
-11541.7
-11204.1
-12504.7
-5867
-9862.59
-5411.59
-9746.96
-8414
-11120.1
-9512.77
-11515.9
-12820.2
-13137.4
-14007.7
-13663.6
-6159.63
-9761.09
-6666.56
-10015.4
-1757.42
-3370.54
-8881.05
-6978.13
-1749.92
-3454.48
-8710.25
-6648.82
-1918.5
-3229.67
-8929.27
-7202.16
-2030.8
-3075.43
-8882.02
-7237.11
-1156.76
-1305.58
-1107.97
-1256.75
-2475.97
-2616.53
-1894.3
-2154.93
-8596.64
-8162.32
-4713.69
-4988.13
-4260.16
-5430.51
-4703.07
-1364.3
-2803.48
-1570.2
-1726.35
-4011.07
1576.13
-2098.54
-13664.7
-12042.1
-11313.7
-10262.4
-7419.98
-1332.83
-1247.98
-1452.5
-1931.27
-2669.96
-2177.35
-2793.99
-3730.91
-8551.02
-8624.24
-5461
-7260.19
-5255.71
-6909.41
-3578.55
-5531.72
-5472.9
-5926.39
-2188.71
-2480.94
-4441.45
-6363.78
-9815.04
-8149.62
-8153.16
-6114.85
-7577.37
-5600.71
-7311.64
-5751.5
-6373.53
-7231.93
-8981.02
-8990.2
-11868.1
-8047.89
-10614.1
-11485.1
-13211.6
-11291.7
-10611.7
-7249.44
-8094
-8233.71
-12800.1
-6829.12
-13584.4
-6890.88
-14043.5
-11187.1
-14777.3
-11387.7
-11396.6
-6045.39
-12045.8
-6137.35
-9816.3
-8556.88
-9129.46
-12751.4
-8499.13
-9320.36
-8774.51
-12643.4
-10109.7
-8311.83
-9428.56
-13884.2
-11006.2
-8449.14
-10301.1
-13778.5
-1078.2
-914.857
-1422.64
-981.74
-1799.58
-1987.14
-2287.14
-1527.69
-8584.55
-7521.37
-5070.53
-2232.09
-8078.49
-7669.5
-6597.95
-5897.4
-5742.94
-4847.95
-2599.55
-2455.67
-6076.94
-2616.55
-8874.26
-7560.47
-5380.22
-4100.2
-4536.15
-2621.77
-3794.41
-1472.12
-6476.65
-328.682
-307.043
-149.514
-75.6558
-43.279
-267.169
-170.342
-104.716
-70.0191
-833.469
-392.364
-176.594
-91.8906
-709.471
-419.692
-229.732
-148.047
-1374.48
-592.643
-244.437
-108.273
-1303.82
-666.714
-351.763
-223.043
-880.101
-444.583
-240.873
-139.386
-693.989
-311.018
-140.046
-76.2056
-2083.63
-807.253
-325.49
-161.47
-2555.54
-809.444
-278.172
-95.5079
-1998.31
-762.91
-315.413
-163.256
-2318.55
-723.249
-254.611
-77.5619
-1944.2
-749.931
-281.259
-118.318
-2657.23
-843.09
-281.602
-107.989
-1783.8
-659.021
-225.746
-89.2184
-2650.34
-830.28
-265.387
-102.382
-290.448
-126.438
-58.5317
-28.178
-252.045
-95.8887
-47.7271
-23.1043
-744.941
-325.801
-149.742
-75.449
-626.925
-247.261
-127.333
-65.1099
-1508.71
-570.528
-228.156
-91.5102
-1369.03
-490.452
-211.796
-87.7149
-1630.47
-637.004
-288.738
-139.718
-1249.16
-450.23
-201.795
-65.6727
-2336.67
-716.578
-260.643
-59.8728
-176.697
-68.9443
-36.2244
-20.5756
-68.5165
-43.5236
-28.0994
-19.9041
-537.861
-201.099
-103.321
-58.2314
-237.242
-131.352
-80.8082
-56.0288
-966.833
-338.442
-166.039
-89.7539
-514.379
-234.125
-132.221
-88.2459
-1481.11
-488.595
-229.105
-116.963
-943.828
-351.164
-179.034
-113.192
-1979.39
-598.259
-259.653
-138.555
-1305.08
-430.218
-207.431
-131.152
-2688.46
-786.346
-313.966
-153.762
-1339.44
-415.747
-191.124
-113.69
-2566.97
-761.004
-315.069
-159.38
-1461.91
-455.322
-212.363
-131.469
-2692.1
-742.218
-276.902
-131.001
-1225.58
-345.227
-149.292
-82.893
-2595.49
-666.7
-222.987
-100.81
-1114.63
-264.215
-97.3862
-48.6821
-28.2141
-17.7975
-11.2577
-7.61776
-6.00799
-47.7157
-29.9134
-18.901
-12.7911
-10.0895
-66.0804
-41.2082
-25.975
-17.5618
-13.8481
-107.34
-66.869
-42.2046
-28.5589
-22.5285
-82.638
-50.966
-32.0173
-21.6307
-17.0523
-143.707
-88.4765
-55.6939
-37.667
-29.7104
-74.4178
-45.1338
-28.3219
-19.1423
-15.0978
-40.7208
-23.638
-14.628
-9.85204
-7.76459
-89.8989
-53.3738
-33.3062
-22.4789
-17.7199
-35.6634
-20.5525
-12.7347
-8.58054
-6.75971
-109.604
-65.8669
-41.2066
-27.8265
-21.9293
-36.5729
-21.3471
-13.2725
-8.95009
-7.04718
-55.8224
-31.7718
-19.6014
-13.1927
-10.3995
-31.7687
-17.8106
-10.9534
-7.36828
-5.80869
-31.3859
-15.4554
-9.10571
-6.0579
-4.76687
-14.6138
-6.61211
-3.81067
-2.52263
-1.98466
-20.6169
-13.0828
-8.27079
-5.59348
-4.41095
-17.9017
-11.1417
-7.01005
-4.7353
-3.73375
-54.9006
-34.2396
-21.5422
-14.5544
-11.477
-49.3752
-30.3275
-19.0179
-12.8388
-10.1246
-65.8277
-40.4798
-25.369
-17.125
-13.5032
-71.1199
-42.9604
-26.8469
-18.1127
-14.2898
-87.5061
-52.1994
-32.5865
-21.992
-17.3184
-57.3184
-34.1445
-21.2897
-14.3587
-11.3309
-49.9655
-29.3399
-18.2827
-12.3379
-9.70029
-73.1314
-199.144
-148.796
-511.094
-123.409
-710.564
124.769
-657.714
366.845
-163.288
-762.739
-1209.3
17.6688
-131.019
-1102.89
-1702.38
-1358.48
-1921.62
-532.731
-125.205
-28.2064
-6.20913
-1.54886
-145.897
-78.1345
-10.9265
-2.97293
-1.31512
-1646.98
-383.865
-86.6947
-18.9809
-4.74014
-352.376
-105.941
-26.8975
-5.76475
-1.57091
-2780.66
-647.657
-146.572
-32.1918
-8.02158
-607.756
-187.46
-46.5418
-10.9014
-2.74729
-3758.22
-874.817
-198.585
-43.7326
-10.9093
-764.67
-244.845
-61.7367
-14.4922
-3.62668
-4749.65
-1111.28
-253.552
-56.0733
-14.0408
-912.999
-307.441
-78.6128
-18.5556
-4.67738
-5734.22
-1377.46
-317.905
-70.7958
-17.7868
-1431.63
-433.685
-106.259
-24.2241
-6.01903
-5301.75
-1269.21
-291.814
-64.755
-16.2276
-1129.22
-367.771
-92.6303
-21.5304
-5.36134
-5943.81
-1430.4
-330.694
-73.7366
-18.5465
-1608.98
-473.948
-114.614
-25.7858
-6.39227
-6215.17
-1483.38
-343.409
-76.5229
-19.2316
-1663.16
-492.283
-120.213
-25.124
-6.59389
-702.615
-6481.8
-5755.58
-2240.36
-1549.51
-948.128
-3682.05
-2691.71
-6102.99
-5664.63
-2879.47
-2177.19
-454.457
-691.953
-1177.37
-1891.8
-2799.01
-3798.61
-326.771
-697.494
-1438.81
-2479.15
-3685.89
-4873.16
-347.079
-160.409
-592.854
-407.511
-1083.19
-903.741
-1789.23
-1668.87
-2539.34
-2454.67
-3271.11
-2974.13
-4624.19
-5124.98
-5461.64
-7932.57
-8709.64
-9487.84
-5813.84
-6285.92
-6151.48
-5518.57
-4641.84
-4000.76
-411.038
-348.744
-265.31
-165.865
-56.4221
-625.62
-530.6
-403.526
-252.222
-85.7912
-1064.09
-902.126
-685.891
-428.672
-145.81
-1708.79
-1447.93
-1100.53
-687.804
-233.976
-2525.83
-2138.51
-1624.89
-1015.73
-345.66
-3422.04
-2893.51
-2198.01
-1375.18
-468.529
-295.492
-250.655
-190.654
-119.178
-40.5391
-630.472
-534.581
-406.48
-254.05
-86.4127
-1300.07
-1101.98
-837.777
-523.625
-178.122
-2238.81
-1896.76
-1441.76
-901.262
-306.659
-3325.43
-2815.35
-2139.71
-1338.2
-455.597
-4389.9
-3712.68
-2821.9
-1766.92
-602.376
-313.94
-266.379
-202.658
-126.696
-43.0972
-145.09
-123.104
-93.6506
-58.5441
-19.9137
-536.085
-454.712
-345.83
-216.157
-73.5217
-368.503
-312.572
-237.722
-148.579
-50.5342
-979.126
-830.202
-631.227
-394.481
-134.169
-816.957
-692.706
-526.657
-329.099
-111.923
-1616.38
-1369.71
-1040.96
-650.409
-221.207
-1507.54
-1277.26
-970.443
-606.161
-206.113
-2291.7
-1940.05
-1473.45
-920.464
-313.079
-2214.67
-1873.92
-1422.19
-887.748
-301.786
-2946.16
-2489.59
-1889.08
-1180.3
-401.708
-2676.89
-2259.34
-1711.31
-1067.13
-362.675
-4152.81
-3504.18
-2662.65
-1670.42
-571.049
-4574.44
-3846.31
-2927.39
-1849.65
-638.304
-4814.54
-4023.06
-3077.15
-1978.45
-700.435
-6810.89
-5634.61
-4375.04
-2938.68
-1119.57
-7106.85
-5776.67
-4595.98
-3320.26
-1457.46
-7431.94
-5964.48
-4828.26
-3668.16
-1759.42
-5224.37
-4411.78
-3355.13
-2106.22
-720.168
-5625.41
-4739.84
-3609.9
-2277.89
-783.722
-5466.03
-4589.48
-3506.4
-2234.97
-779.211
-4838.15
-4038.81
-3107.09
-2022.14
-727.085
-3954.17
-3262.85
-2545.57
-1729.03
-668.232
-3297.23
-2685.52
-2127.06
-1511.59
-628.352
-477.18
-761.133
-1295.8
-2063.64
-3031.67
-4078.9
-359.032
-795.306
-1603.87
-2709.35
-3966.28
-5164.87
-369.062
-179.592
-660.089
-467.02
-1199.41
-1009.6
-1961.31
-1829.56
-2786.49
-2730.21
-3586.83
-3389.95
-4912.21
-5389.35
-5702.19
-8074.8
-8770.56
-9506.43
-6058.31
-6427.71
-6170.43
-5438.93
-4533.98
-3952.01
-431.693
-366.377
-278.812
-174.35
-59.3171
-688.555
-584.382
-444.751
-278.154
-94.6427
-1172.01
-994.551
-756.9
-473.423
-161.101
-1865.87
-1582.95
-1204.68
-753.653
-256.518
-2739.47
-2323.18
-1768.14
-1106.72
-376.891
-3681.49
-3119.91
-2375.33
-1488.7
-507.669
-324.806
-275.668
-209.796
-131.204
-44.6408
-719.427
-610.569
-464.703
-290.662
-98.9073
-1450.47
-1230.75
-936.686
-585.947
-199.416
-2449.2
-2077.58
-1581.2
-989.409
-336.831
-3582.89
-3037.88
-2312.32
-1447.84
-493.232
-4659.81
-3948.09
-3006.22
-1884.91
-643.054
-333.906
-283.407
-215.682
-134.874
-45.886
-162.499
-137.935
-104.982
-65.6526
-22.3364
-597.204
-506.892
-385.788
-241.271
-82.0899
-422.561
-358.685
-273.001
-170.735
-58.0901
-1084.98
-920.791
-700.769
-438.279
-149.129
-913.346
-775.172
-589.947
-368.95
-125.533
-1773.69
-1504.93
-1145.26
-716.349
-243.778
-1654.66
-1403.98
-1068.38
-668.178
-227.361
-2518.65
-2136.23
-1625.63
-1017.13
-346.255
-2468.04
-2093.3
-1592.68
-996.196
-339.037
-3238.62
-2744.99
-2089.25
-1308.49
-445.909
-3061.55
-2594.75
-1973.82
-1235.07
-420.544
-4423.21
-3743.95
-2853.47
-1794.18
-614.054
-4828.97
-4078.17
-3116.74
-1975.08
-682.496
-5055.75
-4251.43
-3270.29
-2110.26
-747.976
-6979.52
-5814.87
-4543.55
-3064.25
-1168.98
-7203.67
-5892.02
-4713.41
-3416.58
-1500.94
-7467.95
-6008.94
-4875.06
-3708.3
-1778.57
-5453.88
-4615.35
-3517.23
-2211.42
-756.738
-5763.92
-4868.03
-3716.18
-2349.14
-808.99
-5494.43
-4624.97
-3542.84
-2263.16
-790.102
-4777.48
-3998.24
-3085.43
-2014.41
-726.179
-3866.15
-3196.22
-2501.99
-1707.11
-662.924
-3257.03
-2654.39
-2106.12
-1500.79
-625.702
-19531.4
-14375.6
-5504.95
-4525.68
-3426.98
-4858.66
-4393.09
-12919
-14632.1
-11678.8
-13432.2
-8209.52
-11544.3
-6336.79
-6596.67
-4858.2
-20365
-11510.9
-4559.39
-7471.63
-9589.88
-6680.02
-7495.93
-5695.01
-3518.07
-5152.39
-5601.06
-5774.29
-19202.3
-13063.4
-12924.3
-9373.11
-9492.79
-9906.31
-4897.08
-6277.97
-7609.64
-14566.5
-13333.2
-12158.4
-12487.2
-12198.5
-9699.68
-7031.64
-5933.87
-5038.11
-2865.51
-4930.75
-4163.99
-3184.4
-2020.79
-699.632
-4078.33
-3453.09
-2630.29
-1651.64
-564.506
-3084.8
-2607.62
-1982.16
-1241.97
-423.762
-4383.05
-3711.67
-2823.18
-1767.7
-602.406
-3951.15
-3340.11
-2542.95
-1597.92
-546.758
-9874.02
-8661.75
-7696.29
-7668.57
-8544.43
-11307.9
-10169.1
-8663.87
-7342.73
-4670.29
-8625.59
-6275.44
-4996.24
-3736.66
-1766.08
-10310.6
-8835.26
-7220.35
-5543.28
-2801.06
-7039.54
-5752.1
-4344.75
-2781.62
-989.034
-9215.72
-7020.49
-5295.67
-3487.55
-1322.51
-5553.77
-4603.48
-3483.37
-2207.73
-768.734
-5762.01
-4764.75
-3603.02
-2286.29
-797.848
-4289.37
-3571.91
-2702.08
-1703.64
-588.091
-14927.8
-12611.2
-11321.1
-11078.5
-11434.7
-9170.84
-7268.16
-5808.75
-4255.55
-2020.76
-3990.99
-3313.53
-2522.11
-1616.13
-572.769
-6569.93
-5491.38
-4218.43
-2736.66
-986.447
-8240.05
-6846.11
-5357.88
-3645.8
-1439.79
-5862.58
-4907.64
-3796.01
-2492.31
-910.844
-6643.59
-5587.63
-4303.65
-2785.44
-993.445
-5072.18
-4267.68
-3265.32
-2083.18
-727.478
-3135.43
-2629.92
-1994.59
-1254.57
-430.972
-4621.78
-3898.18
-2964.69
-1863.84
-638.736
-4957.99
-4142.75
-3147.31
-1994.77
-693.204
-5138.75
-4316.51
-3293.35
-2093.31
-728.615
-14126.9
-12526.5
-11447.7
-11424
-11405
-9501.64
-7218.9
-6016.45
-4889.65
-2729.53
-10289.2
-8755.68
-7297.08
-5888.13
-3099.84
-7695.4
-6169.93
-4959.71
-3618.43
-1577.47
-8190.48
-6835.61
-5370.7
-3668.13
-1441.76
-8126.68
-6496.63
-5213.85
-3793.98
-1638
-4335.22
-3639.18
-2795.84
-1804.43
-641.771
-5626.97
-4748.6
-3621.5
-2287.32
-787.384
-6728.27
-5646.19
-4343.79
-2810.72
-1001.43
-553.118
-1541.29
-2389.57
-3151.53
-3856.88
-4508.5
-2455.82
-6615.07
-6353.9
-2427.7
-8466.31
-7171.3
-8575.7
-9608.49
-2213.17
-1430.89
-5154.7
-3008.47
-9849.42
-7014.87
151.747
-2006.01
-5550.85
-5271.79
-1973.79
-7256.79
-5911.83
-7263.24
-8271.01
-1839.82
-858.847
-4442.16
-1614.34
-8229.87
-4265.77
1346.67
-1486.06
-4278.28
-4069.16
-1473.39
-5812.38
-3665.25
-5989.63
-6720.16
-1402.38
-783.822
-3187.33
-1676.3
-6653.1
-1823.1
1477.04
-1115.36
-3367.77
-3281.47
-1150.06
-4531.85
-2329.47
-5067.46
-6018.88
-1070.3
-822.24
-2367.04
-1691.52
-5925.51
-497.109
1104.93
-916.222
-2895.86
-2870.93
-986.346
-3704.61
-1966.21
-4601.56
-5877.9
-859.794
-892.6
-1736.31
-1625.81
-5218.92
-279.963
69.5445
-818.251
-2612.69
-2660.6
-902.788
-3458.74
-2206.18
-4294.55
-5638.46
-675.577
-704.341
-1461.62
-1600.03
-5146.56
-1010.92
-479.729
-1396.05
-3462.16
-4818.68
-1852.8
-5597.57
-9604.74
-7118.08
-10299.5
-1068
-796.674
-3970.87
-2546.43
-1678.64
-9441.48
-4746.66
-1314.42
-3267.86
-4286.12
-1629.74
-5237.29
-8766.75
-6495.8
-8870.47
-1111.49
-727.372
-4185.66
-2458.31
-847.158
-9297.21
-3658.95
-1182.15
-2948.17
-3591.82
-1340.29
-4860.51
-7963.45
-5640.97
-7935.77
-1021.29
-844.416
-3698.42
-2643.2
-988.402
-7661.93
-3596.64
-1049.88
-2715.36
-3058.24
-1119.18
-4611.44
-7377.86
-5124.39
-7330.95
-966.188
-904.309
-3526.52
-2882.32
-705.898
-7239.91
-3812.38
-966.061
-2479.33
-2763.45
-998.57
-4242.61
-6896.79
-4743.96
-7049.9
-921.501
-985.903
-3267.71
-3170.87
-765.344
-7090.68
-4071.53
-905.428
-2229.32
-2586.94
-929.295
-3942.34
-6864.92
-4443.82
-6856.26
-950.064
-1103.05
-2927.03
-3014.87
-984.9
-7345.08
-4560.22
5531.55
6973.62
14507.3
21152.4
21642.2
37154.8
16732.4
42218.1
13553.3
29606.6
20211.1
30624.5
18095.4
23749.9
6835.37
7741.46
13715.5
15772.5
17624.6
17590.2
14121
17621.1
20552.5
18677.4
4548.97
3428.11
5577.87
3746.85
11447.1
9066.99
19567.9
14105.5
15196.8
15835.9
16896.9
16073.6
5826.42
4583.85
36011.8
48230.4
23394.3
28690.4
48492
62918.1
25355.8
28966.9
26665.7
37695
23316
30904.9
13544.5
21904.3
2428.71
829.833
2492.38
906.3
7759.18
3116.53
10695.3
3920.65
7623.05
2920.91
8150.24
2604.25
13912.7
4417.47
17964.6
6047.94
22518.2
11226.2
20551.7
12314.3
21442
13995.8
18785.6
14339
16004.9
9560.81
16015.2
8154.42
21144.7
13719
21171.1
13860.1
19739.3
15173.3
19948.4
15257.7
17268.2
11071
17879.4
11355.1
16222.8
6977.14
7491.45
9014.05
16313.8
7612.27
6493
9065.3
17183.7
6962.24
8522.94
9124.5
18040.2
7139.62
9288.7
9559.69
3138.62
3386.08
1068.94
2005.93
9783.54
10348.9
3728.66
6505.56
12591.4
14067.4
5934.36
10035.1
11829.9
1106.15
12828.5
15578.7
8321.06
775.208
7297.82
11426.8
18273.2
12256.7
9491.59
11232.1
9609.68
8126.66
12626.3
2981.64
2469.6
1674.51
1691.49
9264.17
7947
5513.49
5258.14
11607.1
10050
7147.53
6458.66
5749.39
7365.77
11808.6
12263.2
13317.4
12192.9
14970.6
13182.2
9829.81
8277.94
8835.83
9470.82
11474.6
9334.41
10323.1
7779.83
8825.43
6305.5
10069
6703.34
9921.87
4960.89
8522.97
9344.65
12325.3
16275.2
13597.7
19841.5
6672.29
7544.83
8696.05
3157.27
7608.43
14611.4
7222.01
15607.6
13473.9
24411.8
13710.7
25830.7
5632.86
12390.1
5105.77
13149.4
7642.43
5940.71
10492.1
4293.55
7963.84
1970.52
9204.89
1078.25
7311.57
8758.87
10978.1
5144.32
6027.36
10276.4
9688.37
6711.8
1983.25
1792.03
1674.16
1454.87
1366.68
1261.55
6661.7
5634.11
4996.16
4214.93
3507.87
3118.34
8301.19
7366.85
6900.05
5073.85
4301.71
4137.33
6633.62
6050.16
5975.4
10884.9
8609.44
7400.04
10036.1
7735.28
6441.85
10557.6
8637.17
7651.88
6276.32
4319
3462.31
15761.6
14021.8
12398.6
9901.07
8535.52
7317.32
8573.95
6945.93
5767.42
7023.74
5302.04
4263.92
6953.18
4012.93
2387.63
10140.7
13896.2
7937.94
10411.3
10723.5
15873.6
9487.05
13910.4
233.074
780.506
-259.888
176.499
3182.29
3680.8
1437.19
975.548
1149.58
2984.24
9471.36
13873.1
6624.56
3519.34
9608.45
9503.14
14465.4
15849.5
-252.802
-3439.54
7564.84
7097.24
6407.03
4939.82
1023.66
604.992
604.975
246.512
2563.02
743.519
186.238
-410.871
9321.25
2886.26
6222.74
1998.27
8325.16
2668.62
9921.82
3302.39
9308.08
12110.1
8518.03
11857.9
13969.3
14723
13220.5
13982
6305.25
10071.3
7248.03
9955.73
8872.99
11471
9645.36
11607.2
13664.7
13752.5
14247.2
13829.2
6260.86
9817.68
6680.52
10019.9
1222.63
2563.35
8481.87
6327.85
747.991
2177.7
7870.16
5694.25
1496.54
2653.9
8701.92
6800.23
1851.07
2841.16
8812.55
7097.28
-304.449
-387.972
324.277
231.874
-1843.66
-1899.19
365.099
338.217
616.068
-689.52
2658.33
2231.28
-9599.62
-9180.91
-4647.31
-2876.78
630.573
-10150.3
-10435.5
-3605.4
-4949.67
482.297
10121.5
8452.12
8038.74
7936.57
5831.59
-516.706
-569.751
173.089
372.062
-1671.44
-1993.15
773.594
1216.14
-1603.03
-2608.49
1857.74
2546.47
-4954.79
-2298.36
-7830.02
-4946.98
-2831.14
-2164.43
-2875.01
-2674.09
2039.19
3410.46
3904.19
2530.16
1580.27
-630.23
1988.4
-5.594
3198.01
1796.61
4186.71
4911.32
5871.49
5506.61
10569.1
6789.25
8283.08
8469.71
12449.1
10284
9055.17
6032.45
5111.64
5197.89
12282.6
6041.55
13448.5
6698.3
13824.3
10532
14731.3
11245.7
10672.4
5275.33
11839.7
5931.19
8332.96
7449.49
7800.04
11491.2
5967.98
6881.46
6877.75
10639.7
9326.75
7580.28
8666.98
13072.5
10759.8
8217.71
10053.2
13544.7
-756.34
-895.344
-1059.71
132.023
-306.521
-373.559
-2951.9
-3537.99
-3675.77
289.892
-887.327
-979.905
-3699.89
-4661.85
-4967.3
1605.55
-796.463
-1287.68
-1353.05
-1250.36
-972.209
-3913.7
-4308.43
-4142.09
-3033.53
-3927.65
-4033.8
-3755.33
-4650.28
-4752.21
2849.41
-156.542
-508.786
3558.84
1911.64
890.137
-829.895
-2436.1
-3284.25
-536.242
-2720.05
-3668.49
310.166
-2193.36
-2937
4248.47
-383.059
-999.214
42.7128
-5.85309
-23.303
-23.4731
-216.258
-132.87
-92.1329
-62.9855
189.722
10.7214
-46.2911
-44.9788
-314.294
-238.169
-189.425
-135.694
561.473
118.819
-23.1076
-30.3513
94.5568
-122.619
-188.578
-176.182
115.988
-73.3189
-116.566
-99.8636
356.895
75.2209
-24.0343
-37.1833
1478.84
434.644
66.5844
-41.3651
2200.98
621.11
167.986
69.7421
1166.7
293.257
10.903
-66.6024
1869.76
503.886
136.188
78.1934
1501.51
462.497
90.509
-2.17361
2416.71
706.859
192.704
69.1826
1601.05
536.354
142.876
35.4199
2561.9
778.008
230.767
87.6351
63.8189
9.26295
-7.01297
-5.44187
25.0829
-7.8953
-12.4504
-3.86682
116.64
-2.15573
-32.8514
-24.5152
-3.04571
-52.2484
-47.6606
-16.4416
815.588
217.166
43.7847
21.9917
551.301
107.108
-6.62102
7.15656
469.738
24.0617
-68.695
-56.2713
336.094
11.9545
-31.5173
31.7982
1705.22
433.555
115.744
102.679
-48.9582
-31.0754
-17.4316
-8.3601
-154.473
-60.148
-27.4328
-17.1986
-35.8245
-62.3662
-47.295
-25.1431
-388.33
-164.486
-81.1004
-51.3584
138.879
-42.7098
-54.7864
-28.879
-446.71
-223.497
-117.643
-75.3718
468.352
3.93321
-52.2588
-20.7617
-222.257
-222.932
-134.158
-87.5925
1067.6
136.953
-29.4739
-30.8476
178
-168.924
-137.096
-99.5882
1951.47
328.817
19.6218
-16.4165
732.456
18.9105
-65.3307
-63.4706
1625
225.221
-21.9905
-35.7752
591.819
-58.4113
-103.089
-88.0716
2242.6
448.692
84.6038
22.9359
869.847
94.2379
-14.6757
-25.2201
2447.45
567.295
157.165
63.7735
1002.59
182.2
43.2771
13.3496
-23.1348
-16.0692
-10.3971
-7.06096
-5.566
-43.2547
-27.6036
-17.5031
-11.83
-9.31592
-56.8151
-39.8989
-25.8814
-17.5909
-13.8712
-102.827
-66.3732
-42.2388
-28.5831
-22.5191
-68.5994
-49.1735
-31.9494
-21.7209
-17.13
-136.609
-87.9225
-55.8764
-37.8014
-29.7823
-68.9559
-44.5213
-28.3406
-19.1906
-15.1258
-32.8115
-22.3996
-14.4922
-9.85737
-7.77738
-75.6773
-51.6024
-33.2075
-22.5312
-17.7627
-26.3944
-19.3668
-12.6247
-8.59057
-6.77705
-100.868
-65.1701
-41.3393
-27.943
-22.0101
-29.3463
-20.5184
-13.225
-8.97151
-7.07214
-39.8424
-29.5238
-19.3543
-13.1947
-10.4136
-22.253
-16.5426
-10.8128
-7.36429
-5.81071
-12.2322
-12.5383
-8.70272
-6.01136
-4.75544
-3.43127
-5.03288
-3.59728
-2.49736
-1.97703
-15.939
-11.6712
-7.58808
-5.15389
-4.06155
-15.5505
-10.1744
-6.43904
-4.34269
-3.41591
-47.9073
-33.4991
-21.5536
-14.6062
-11.5069
-47.5774
-30.4253
-19.1663
-12.9185
-10.1636
-51.8305
-38.9188
-25.3185
-17.2017
-13.5603
-69.0174
-43.1807
-27.0826
-18.2434
-14.3533
-82.8585
-52.158
-32.799
-22.1179
-17.4126
-58.0051
-34.621
-21.5193
-14.4704
-11.3813
-48.3853
-29.458
-18.4113
-12.4006
-9.76235
317.422
415.535
878.587
1180.36
970.264
1475.63
520.934
1249.93
-85.6784
403.678
785.44
1224.75
28.054
92.9644
1109.74
1712.61
1359.84
1924.83
475.692
108.584
24.2085
5.30074
1.31845
174.977
74.4262
10.3899
2.68429
1.1637
1682.72
385.899
86.6265
18.917
4.71614
496.594
129.583
30.7282
6.43079
1.68901
2802.83
643.309
144.725
31.6924
7.88324
762.51
211.856
50.3681
11.4831
2.84516
3788.25
872.278
196.999
43.259
10.7704
882.833
265.06
65.1059
15.0347
3.72331
4772.1
1110.02
252.402
55.6923
13.921
966.658
319.432
80.9164
18.9596
4.75333
5741.18
1377.82
317.672
70.6738
17.7388
1436.32
435.44
106.718
24.3212
6.04074
5310.73
1268.96
291.232
64.5243
16.1465
1142.96
373.255
93.9229
21.7856
5.41379
5949.48
1431.06
330.675
73.6904
18.5243
1610.78
474.477
114.751
25.8135
6.3983
6217.42
1483.69
343.427
76.513
19.2255
1663.54
492.377
120.236
25.1286
6.59498
689.89
6557.56
6016
2313.42
-1188.4
-2163.75
-6867.61
-10164
-1085.94
-7275.33
1819.23
-2124.27
-2121.28
-4386.85
-8269.69
-11862
-12604.6
-15882.7
-4436.57
-5778.23
19595.7
14321.6
5132.78
4118.06
2967.22
4272.76
3908.23
12188.4
11923.9
10171.4
11172.7
9378.75
6767.6
8671.97
5861.15
5007.51
6115.68
4215.53
19720.3
10540.6
3880.37
6587.19
8748.71
6184.53
6846.54
5126.23
3168.31
4507.91
4700.46
5080.58
19326.8
12871.8
12289.5
8988.23
9062.13
9390.06
4233.37
5644.62
6989.98
14551
13255.4
12038.3
12321.9
12040.7
9604.37
6931.64
5836.03
4955.63
2829.06
4570.17
3833.53
2913.24
1840.58
636.02
3696.25
3114.9
2361.72
1477.82
504.2
2647.55
2214.36
1665.12
1034.43
351.322
3835.08
3227.74
2439.63
1519.87
516.526
3489.08
2923.93
2207.24
1378.18
470.076
8173.74
6669.69
5765.21
6032.77
7342.82
6759.81
5273.07
4118.37
3746.56
2798.26
6497.89
4074.97
3071.34
2378.99
1268.28
5869.59
4133.71
2946.78
2322.24
1442.11
4421.76
2835.05
1855.61
1380.48
707.799
5421.28
4124.16
2926.05
1805.09
639.058
5971.76
3907.37
2664.07
1690.3
670.906
3862.01
2306.76
1403.88
782.925
273.745
4164.22
3257.7
2336.42
1426.53
489.328
4917.02
3708.96
2566.77
1521.16
512.377
3536.44
2780.65
1990.51
1203.5
406.634
13563.4
10961.8
9664.42
9636.49
10403.6
7949.16
5978.92
4642.49
3408.53
1680.6
3265.45
2597.5
1903.14
1190.91
419.896
5650.93
4599.54
3454.21
2212.74
797.129
7303.23
5896.36
4516.89
3050.16
1214.26
5339.42
4392.69
3348.61
2181.25
796.793
5998.85
4983.57
3798.32
2443.96
871.098
4505.02
3734.17
2818.46
1782.06
620.341
2750.15
2236.46
1644.83
1010.23
342.692
3993.27
3318.44
2486.86
1545.9
526.701
4034.41
3255.97
2394.66
1483.9
511.037
4440.6
3654.96
2736.63
1717.37
594.84
13989.4
12228.7
11046.7
10958.8
10930.1
9209.51
6909.11
5718.61
4647.78
2618.97
9358.41
7751.68
6338.3
5133
2753.85
7236.41
5687.75
4516.61
3288.37
1447.99
7698.68
6324.41
4906.18
3330.48
1310.72
7498.12
5844.68
4614.02
3349.48
1460.72
3677.67
3024.99
2284.38
1460.78
519.389
5012.4
4184.7
3158.89
1980.51
679.443
6090.7
5030.26
3816.45
2448.95
870.824
4758.86
9468.77
10969.2
29833.3
10882.9
39970.8
5427.59
12775.8
10889.6
8511.94
17855.1
15029.1
10960.5
10485.8
20103.5
16168.6
3504.24
2631.05
6629.29
4552.34
8487.66
6350.83
22691.3
16720.2
13945.8
10686.5
14397.4
8640.18
1136.79
3419.39
37147.7
48688.2
22599
28547.9
49142.2
63177.2
24466.6
28750.1
27661.1
38204.6
22604.9
30847.1
14898.5
22541.9
1730.7
472.775
2886.85
994.584
6069.92
2699.42
12361.9
4455.68
2733.35
1530.29
6742.72
2113.8
13942.7
4373.25
18130.6
6095.3
15569.9
8140.79
17809.1
10724.9
14420
10429.6
16037.6
12624.1
14097.9
8317.25
11215.5
5816.74
20079.9
12998.6
20903.7
13662.4
18642.7
14426.5
19654.8
15053.9
16562.1
10492.1
17711.5
11194.8
15312.2
6729.41
6688.14
8730.81
13733.3
6874.83
5000.14
8550.28
16937.6
6901.8
8147.71
8984.62
18010.3
7135.63
9182.6
9518.51
1047.64
930.312
274.733
1043.4
4146.41
4278.81
2582.84
5100.56
2371.22
2952.58
4038.38
7607.59
11603.5
9508.14
8830.39
10870.1
7080.55
7479.57
7896.82
6469.7
12563
10717.8
11231.4
9194.15
6263.55
5276.27
11495.1
947.682
724.148
489.762
574.923
3914
3114.86
3323.67
2912.41
587.482
-466.01
3884.85
3056.44
10015.2
10705.8
9256.15
8523.69
6749
4936.73
8705.84
6972.11
7632.49
5990.28
11388
11658
9570.17
7600.84
6974.86
4829.24
6049.72
3900.5
8883.75
5451.81
9035.32
5079.56
8081.13
9207.14
12862.2
17175.8
13593
19801.4
6079.02
7253.96
7375.65
2904.34
7453.23
14453.8
7186.53
15549.7
13426.9
24498.6
13691.5
25808.6
5413.43
12193.7
5054.65
13090.4
7191.18
5733.11
10298.3
4227.37
6958.63
1822.4
8869.53
1247.48
7132.78
8627.41
10891
5105.71
5981.02
10234.9
9665.8
6695.26
718.16
689.505
466.257
553.595
2378.35
1731.55
2154.35
1952.11
-1006.4
-564.455
2525.87
2817.11
10650.6
10148.8
7565.38
6594.8
3936.08
3353.92
5481.16
4553.38
5039.39
3699.94
18115.5
15979.9
7751.87
6708.64
5767.13
4491.27
4687.65
3097.55
4916.16
2207.87
5618
9115.87
4883.62
9145.56
8033.75
10137.7
8884.54
12209.8
919.153
668.958
699.027
576.397
3679.84
2753.41
2996.69
1835.47
1711.63
2087.53
8351.33
9019.54
4516.48
3984.41
9083.07
9384.92
13659.3
15625.9
-40.4455
-3255.07
7345.18
7110.1
6297.55
4986.4
988.566
954.203
1001.75
858.893
2169.89
1656.2
1043.14
917.466
8049.97
4174.9
6790.92
3489.61
8573.89
3574.27
10039.7
3677.27
5921.97
10479.7
7374.03
10994.7
8730.98
11540
11201.5
12502.9
5867.35
9862.12
5411.95
9746.62
8413.09
11119
9511.46
11514.7
12818.4
13135.9
14006.3
13662.3
6159.45
9760.39
6665.7
10014.4
1759.26
3371.73
8881.02
6978.29
1751.64
3455.46
8710.34
6649.07
1919.36
3230.3
8928.89
7202.08
2030.72
3075.54
8881.24
7236.77
1020.47
1142.56
1016.42
1141.4
2519.45
2674.25
1899.78
2168.52
8598.24
8162.7
4714.5
4988.23
4260.3
5430.22
4703.26
1365.3
2804.08
1570.46
1726.61
4010.96
-1575.58
2098.81
13663
12041.2
11313.3
10262.5
7420.22
1140.72
1034.64
1294.89
1732.5
2741.35
2262.46
2835.86
3786.55
8551.5
8624.92
5460.55
7258.46
5255.77
6909.46
3578.66
5531.62
5472.71
5926.02
2188.81
2480.77
4441.45
6363.17
9814.38
8149.39
8152.8
6114.7
7577.21
5600.56
7311.66
5751.41
6373.65
7231.76
8980.55
8989.86
11867.4
8047.48
10613.2
11484.6
13210.5
11291.1
10611.3
7249.18
8093.84
8233.49
12799.2
6828.69
13583.4
6890.32
14042.4
11186.5
14776.2
11387
11396
6045.11
12044.9
6136.92
9816.12
8556.69
9129.47
12751.2
8499.14
9320.2
8774.62
12643.2
10109.3
8311.56
9428.38
13883.8
11005.5
8448.72
10300.6
13778
830.32
698.785
1249.75
853.175
1903.62
2073.2
2361.31
1587.58
8586.96
7524.92
5067.6
2233.01
8078.52
7669.59
6597.76
5897.33
5742.58
4847.81
2599.64
2456.44
6075.92
2616.31
8874.12
7560.52
5380.1
4100.21
4536.03
2621.8
3794.35
1472.3
6476.31
328.565
280.573
136.486
69.1138
40.0222
243.384
156.233
96.2917
64.5731
834.259
392.795
176.732
91.6018
713.077
420.957
230.154
147.875
1375.14
593.007
244.673
108.41
1305.28
667.389
352.082
223.17
880.64
444.862
241.023
139.458
694.215
311.15
140.123
76.2497
2084.22
807.569
325.671
161.571
2555.74
809.584
278.267
95.5771
1998.83
763.207
315.606
163.386
2318.79
723.403
254.709
77.6276
1944.56
750.149
281.389
118.393
2657.33
843.194
281.681
108.06
1783.94
659.145
225.835
89.2818
2650.33
830.342
265.447
102.45
265.233
115.21
53.1939
25.9095
225.668
85.9515
42.9923
21.1137
745.154
325.927
149.893
75.2479
629.947
247.97
127.502
64.9201
1509.11
570.742
228.315
91.6331
1369.43
490.635
211.913
87.8213
1630.91
637.281
288.913
139.837
1249.52
450.436
201.909
65.7468
2336.95
716.753
260.753
59.9399
152.107
60.8748
32.622
18.8993
55.2549
38.6562
25.634
18.3845
546.363
202.767
103.689
58.0798
244.164
132.366
80.9773
55.9844
967.524
338.688
166.129
89.8271
515.574
234.513
132.331
88.2898
1481.51
488.83
229.228
117.051
944.34
351.452
179.157
113.26
1979.65
598.447
259.771
138.646
1305.37
430.437
207.55
131.228
2688.62
786.495
314.07
153.845
1339.55
415.856
191.199
113.745
2567.2
761.193
315.194
159.473
1462.08
455.479
212.462
131.539
2692.15
742.31
276.974
131.069
1225.63
345.292
149.339
82.9294
2595.44
666.737
223.029
100.864
1114.62
264.237
97.4077
48.7033
26.128
16.4658
10.411
7.04408
5.55576
44.0185
27.5859
17.4273
11.7937
9.30367
65.9286
41.1309
25.9305
17.533
13.8259
107.036
66.6937
42.0977
28.4875
22.4722
82.6984
51.0042
32.0423
21.6477
17.0656
143.759
88.5086
55.7147
37.681
29.721
74.4478
45.1509
28.3327
19.1496
15.1035
40.739
23.6475
14.6337
9.85588
7.76763
89.9424
53.3984
33.3217
22.4893
17.728
35.6821
20.5625
12.7409
8.58473
6.76304
109.669
65.9052
41.231
27.8431
21.9425
36.5949
21.3594
13.2803
8.95536
7.05146
55.8499
31.786
19.61
13.1985
10.4039
31.7845
17.8186
10.9582
7.37151
5.81117
31.4055
15.4642
9.11067
6.06114
4.7693
14.6232
6.61604
3.81282
2.52403
1.98568
18.9894
12.0347
7.60494
5.14301
4.05627
16.3893
10.1865
6.40644
4.32779
3.41323
54.8182
34.2074
21.5257
14.5444
11.4696
49.3541
30.3322
19.0237
12.8434
10.1284
65.8843
40.5156
25.3923
17.1408
13.5155
71.1694
42.9935
26.8685
18.1273
14.3008
87.5627
52.2331
32.608
22.0065
17.3301
57.3561
34.1677
21.3046
14.3688
11.3386
49.9948
29.3568
18.2934
12.3451
9.70642
51.9842
170.784
161.841
524.652
125.642
712.141
-124.095
658.262
-366.639
163.49
762.777
1209.36
-17.5989
131.115
1102.93
1702.45
1358.54
1921.7
468.296
109.287
24.5485
5.39395
1.34417
124.857
69.0461
9.27412
2.53864
1.16639
1668.97
389.55
87.9974
19.2691
4.81138
362.9
109.203
27.6572
5.95756
1.61574
2779.31
647.386
146.515
32.1794
8.0184
608.359
187.719
46.6178
10.9192
2.75175
3758.18
874.799
198.581
43.7311
10.9088
764.877
244.934
61.766
14.4999
3.62873
4749.87
1111.33
253.561
56.0746
14.041
913.12
307.486
78.6274
18.5595
4.67849
5734.54
1377.54
317.921
70.7991
17.7875
1431.72
433.711
106.266
24.2257
6.01946
5302.04
1269.27
291.827
64.7575
16.2281
1129.32
367.803
92.6397
21.5329
5.36203
5944.14
1430.48
330.71
73.7401
18.5474
1609.07
473.973
114.62
25.7872
6.39259
6215.49
1483.45
343.426
76.5265
19.2324
1663.24
492.308
120.219
25.1252
6.59419
702.281
6481.26
5753.98
2240.56
1419.52
832.94
3706.04
2745.3
6132.21
5737.31
2648.74
1931.79
454.441
691.928
1177.33
1891.74
2798.91
3798.47
326.759
697.468
1438.76
2479.06
3685.76
4872.98
347.067
160.403
592.832
407.496
1083.15
903.709
1789.17
1668.81
2539.26
2454.59
3271
2974.03
4624.02
5124.8
5461.45
7932.28
8709.34
9487.52
5813.63
6285.68
6151.25
5518.36
4641.67
4000.62
411.024
348.731
265.301
165.859
56.42
625.598
530.581
403.511
252.213
85.788
1064.05
902.093
685.866
428.656
145.804
1708.73
1447.87
1100.49
687.778
233.968
2525.74
2138.43
1624.83
1015.69
345.647
3421.91
2893.4
2197.93
1375.13
468.511
295.482
250.646
190.647
119.174
40.5376
630.449
534.561
406.465
254.041
86.4094
1300.03
1101.94
837.746
523.605
178.116
2238.72
1896.69
1441.7
901.228
306.647
3325.31
2815.25
2139.63
1338.15
455.579
4389.74
3712.54
2821.79
1766.85
602.351
313.929
266.369
202.65
126.691
43.0957
145.085
123.1
93.6472
58.5419
19.913
536.065
454.695
345.818
216.149
73.5189
368.489
312.561
237.713
148.573
50.5323
979.091
830.172
631.204
394.466
134.164
816.928
692.681
526.638
329.087
111.919
1616.33
1369.66
1040.92
650.385
221.198
1507.48
1277.22
970.409
606.14
206.106
2291.62
1939.98
1473.4
920.431
313.067
2214.6
1873.85
1422.14
887.716
301.776
2946.06
2489.5
1889.01
1180.25
401.693
2676.8
2259.26
1711.26
1067.09
362.662
4152.66
3504.05
2662.55
1670.35
571.025
4574.27
3846.15
2927.27
1849.57
638.276
4814.35
4022.89
3077.01
1978.36
700.402
6810.6
5634.34
4374.82
2938.52
1119.51
7106.54
5776.38
4595.73
3320.07
1457.38
7431.63
5964.19
4828.01
3667.96
1759.33
5224.17
4411.61
3354.99
2106.13
720.137
5625.19
4739.65
3609.75
2277.8
783.688
5465.82
4589.29
3506.25
2234.87
779.175
4837.96
4038.64
3106.95
2022.05
727.05
3954.01
3262.7
2545.44
1728.94
668.199
3297.1
2685.4
2126.95
1511.52
628.321
477.164
761.107
1295.75
2063.57
3031.57
4078.77
359.02
795.279
1603.81
2709.26
3966.14
5164.69
369.05
179.586
660.067
467.004
1199.37
1009.56
1961.25
1829.5
2786.39
2730.12
3586.71
3389.85
4912.05
5389.16
5701.99
8074.51
8770.26
9506.12
6058.09
6427.47
6170.2
5438.73
4533.82
3951.87
431.678
366.364
278.803
174.344
59.3151
688.532
584.362
444.736
278.145
94.6395
1171.97
994.517
756.874
473.406
161.096
1865.8
1582.9
1204.64
753.627
256.509
2739.38
2323.1
1768.08
1106.68
376.878
3681.36
3119.8
2375.25
1488.65
507.651
324.795
275.659
209.789
131.199
44.6393
719.403
610.549
464.688
290.652
98.904
1450.42
1230.71
936.654
585.927
199.409
2449.12
2077.51
1581.14
989.375
336.819
3582.76
3037.77
2312.24
1447.79
493.214
4659.64
3947.95
3006.11
1884.84
643.031
333.895
283.397
215.674
134.869
45.8844
162.493
137.931
104.978
65.6504
22.3357
597.184
506.875
385.775
241.263
82.0871
422.547
358.673
272.992
170.729
58.0882
1084.95
920.76
700.745
438.264
149.124
913.316
775.146
589.927
368.938
125.529
1773.63
1504.88
1145.22
716.325
243.77
1654.6
1403.94
1068.34
668.156
227.354
2518.57
2136.16
1625.58
1017.1
346.243
2467.96
2093.23
1592.62
996.163
339.026
3238.51
2744.9
2089.18
1308.45
445.894
3061.45
2594.67
1973.76
1235.03
420.531
4423.05
3743.82
2853.37
1794.12
614.031
4828.8
4078.02
3116.63
1975.01
682.471
5055.57
4251.28
3270.17
2110.18
747.949
6979.26
5814.64
4543.37
3064.13
1168.94
7203.39
5891.77
4713.21
3416.43
1500.88
7467.65
6008.67
4874.82
3708.13
1778.49
5453.69
4615.19
3517.1
2211.34
756.71
5763.7
4867.85
3716.04
2349.05
808.959
5494.22
4624.79
3542.7
2263.07
790.07
4777.3
3998.08
3085.3
2014.32
726.148
3866
3196.08
2501.88
1707.04
662.895
3256.9
2654.28
2106.02
1500.72
625.673
19530.9
14375.2
5504.76
4525.53
3426.88
4858.51
4392.95
12918.5
14631.9
11678.6
13432.1
8209.35
11544.1
6336.65
6596.52
4858.08
20364.3
11510.5
4559.28
7471.42
9589.58
6679.81
7495.69
5694.83
3517.98
5152.25
5600.92
5774.13
19201.7
13063
12923.9
9372.8
9492.47
9905.98
4896.94
6277.77
7609.4
14565.9
13332.5
12157.8
12486.6
12198
9699.27
7031.28
5933.57
5037.87
2865.39
4930.58
4163.85
3184.29
2020.72
699.607
4078.2
3452.97
2630.2
1651.59
564.487
3084.71
2607.54
1982.1
1241.93
423.749
4382.92
3711.56
2823.09
1767.65
602.387
3951.02
3340
2542.87
1597.87
546.74
9873.65
8661.46
7696.07
7668.39
8544.26
11307.7
10168.9
8663.67
7342.55
4670.13
8625.36
6275.27
4996.11
3736.57
1766.04
10310.5
8835.12
7220.23
5543.19
2800.97
7039.4
5751.98
4344.65
2781.55
989.01
9215.54
7020.34
5295.55
3487.47
1322.48
5553.64
4603.36
3483.28
2207.68
768.714
5761.88
4764.64
3602.93
2286.23
797.828
4289.27
3571.82
2702.01
1703.6
588.076
14927.2
12610.7
11320.8
11078.2
11434.4
9170.54
7267.92
5808.57
4255.42
2020.71
3990.89
3313.45
2522.05
1616.08
572.754
6569.73
5491.21
4218.3
2736.58
986.418
8239.79
6845.88
5357.71
3645.68
1439.74
5862.38
4907.48
3795.88
2492.23
910.814
6643.37
5587.44
4303.51
2785.35
993.412
5072.02
4267.54
3265.21
2083.12
727.455
3135.34
2629.85
1994.53
1254.54
430.961
4621.65
3898.06
2964.61
1863.78
638.717
4957.86
4142.64
3147.23
1994.72
693.185
5138.59
4316.38
3293.25
2093.25
728.593
14126.3
12525.9
11447.2
11423.6
11404.7
9501.26
7218.58
6016.19
4889.45
2729.43
10288.8
8755.35
7296.82
5887.94
3099.76
7695.11
6169.69
4959.52
3618.3
1577.42
8190.18
6835.36
5370.5
3668
1441.71
8126.38
6496.39
5213.66
3793.85
1637.95
4335.09
3639.07
2795.76
1804.38
641.752
5626.79
4748.45
3621.38
2287.25
787.358
6728.06
5646
4343.65
2810.63
1001.4
553.104
1541.25
2389.51
3151.45
3856.79
4508.41
2271.3
6620.83
6359.92
2244.33
8463.39
7167.68
8572.73
9605.4
2054.34
1378.91
5135.43
2933.39
9849.15
7011.59
-148.166
1851.54
5557
5277.96
1821.41
7256.62
5910.05
7262.8
8269.46
1707.16
844.453
4418.2
1529.65
8232.87
4265.34
-1339.3
1368.87
4282.72
4073.53
1357.4
5814.2
3665.61
5990.95
6720.21
1297.63
763.838
3167.01
1613.45
6656.59
1824.79
-1472.16
1026.71
3370.22
3283.65
1059.48
4533.69
2330.43
5068.72
6019.43
992.671
795.088
2347.6
1631.93
5928.37
498.917
-1101.7
843.311
2897.37
2871.97
909.08
3706.13
1967.19
4602.47
5878.46
798.939
842.926
1717.82
1589.25
5221.3
281.606
-67.1848
753.302
2613.62
2661.06
832.43
3459.97
2207
4295.18
5638.93
630.373
672.562
1442.96
1570.81
5148.63
1012.37
481.79
1287.09
3465.9
4824.26
1709.39
5598.66
9604.42
7118.24
10298.1
961.309
682.425
3997.2
2607.72
1678.63
9441.26
4746.24
1211.85
3271.23
4291.12
1502.53
5238.18
8766.54
6496.59
8869.77
1001.08
611.525
4210.3
2528.91
846.354
9296.57
3657.71
1089.94
2950.94
3595.35
1234.98
4861.14
7963.45
5642.18
7935.87
920.632
713.959
3718.23
2713.76
987.081
7661.14
3594.53
968.38
2717.3
3060.14
1031.61
4611.7
7377.85
5125.29
7331.26
870.812
773.838
3545.97
2940.92
704.329
7238.98
3809.85
891.542
2480.62
2764.42
920.979
4242.56
6896.7
4744.51
7050.17
830.112
856.561
3286.77
3214.2
763.493
7089.69
4068.76
835.639
2230.29
2587.45
857.388
3942.21
6864.81
4444.15
6856.46
853.575
969.21
2949.83
3053.17
983.522
7344.34
4558.68
)
;

boundaryField
{
    patch1
    {
        type            calculated;
        value           nonuniform List<scalar> 
2440
(
-5827.61
-6640.2
-9390.37
-4233.48
-5644.8
-6990.21
-9906.31
-4897.08
-6277.97
-7609.64
5826.42
6624.56
9390.06
4233.37
5644.62
6989.98
9905.98
4896.94
6277.77
7609.4
-6083.12
-14474.8
-21614.1
-16724.6
-13541.5
-20170.4
-18082.6
-7949.98
-129.075
1365.17
6853.95
1045.36
-1834.61
2107.8
8238.55
12675.6
5151.61
-19596.3
-14322
-5132.96
-4118.2
-2967.3
-4272.89
-3908.35
-12188.7
-11923.8
-10171.6
-11172.6
-9378.49
-6767.67
-8672.04
-5861.06
-5007.56
-6115.66
-4215.56
-19720.9
-10540.9
-3880.44
-6587.37
-8749
-6184.74
-6846.77
-5126.39
-3168.36
-4508.03
-4700.54
-5080.72
-19327.4
-12872.3
-12289.9
-8988.55
-9062.45
-22.9542
-347.079
-160.409
-592.854
-407.511
-1083.19
-903.741
-1789.23
-1668.87
-2539.34
-2454.67
-3271.11
-2974.13
-369.062
-179.592
-660.089
-467.02
-1199.41
-1009.6
-1961.31
-1829.56
-2786.49
-2730.21
-3586.83
-3389.95
-19531.4
-14375.6
-5504.95
-4525.68
-3426.98
-4858.66
-4393.09
-12919
-14632.1
-11678.8
-13432.2
-8209.52
-11544.3
-6336.79
-6596.67
-4858.2
-20365
-11510.9
-4559.39
-7471.63
-9589.88
-6680.02
-7495.93
-5695.01
-3518.07
-5152.39
-5601.06
-5774.29
-19202.3
-13063.4
-12924.3
-9373.11
-9492.79
5531.55
14507.3
21642.2
16732.4
13553.3
20211.1
18095.4
6835.37
128.263
-1188.4
-6867.61
-1085.94
1819.23
-2121.28
-8269.69
-12604.6
-4436.57
19595.7
14321.6
5132.78
4118.06
2967.22
4272.76
3908.23
12188.4
11923.9
10171.4
11172.7
9378.75
6767.6
8671.97
5861.15
5007.51
6115.68
4215.53
19720.3
10540.6
3880.37
6587.19
8748.71
6184.53
6846.54
5126.23
3168.31
4507.91
4700.46
5080.58
19326.8
12871.8
12289.5
8988.23
9062.13
22.7465
347.067
160.403
592.832
407.496
1083.15
903.709
1789.17
1668.81
2539.26
2454.59
3271
2974.03
369.05
179.586
660.067
467.004
1199.37
1009.56
1961.25
1829.5
2786.39
2730.12
3586.71
3389.85
19530.9
14375.2
5504.76
4525.53
3426.88
4858.51
4392.95
12918.5
14631.9
11678.6
13432.1
8209.35
11544.1
6336.65
6596.52
4858.08
20364.3
11510.5
4559.28
7471.42
9589.58
6679.81
7495.69
5694.83
3517.98
5152.25
5600.92
5774.13
19201.7
13063
12923.9
9372.8
9492.47
-16072.8
-13891.1
11.381
9.76279
-11.3309
-9.70029
-4508.5
-1010.92
-479.729
-7345.08
-4560.22
16073.6
13873.1
-11.3813
-9.76235
11.3386
9.70642
4508.41
1012.37
481.79
7344.34
4558.68
-15831.8
281.26
34.9302
174.622
837.857
-663.172
-638.232
-551.134
-509.481
-20.9938
-48.2589
1400.16
1935.61
-526.915
-374.936
-321.04
-222.25
-1838.24
-1356.34
-4997.09
-3115.44
-6899.38
-4134.92
-5975.2
-7399.77
-6441.48
-7651.14
-3461.06
-12398.2
-7317.1
-5767.14
-4263.58
-2387.19
-3007.11
1136.16
382.184
3689.6
992.74
4969.58
1288.16
972.333
4142.32
4034.2
4753.5
508.993
-889.94
3284.52
3668.85
2937.5
999.293
8.48285
18.3199
26.1005
51.7763
28.9624
75.5082
20.84
87.6879
30.9109
99.6517
16.4613
63.4867
35.8288
88.1068
-22.8935
25.2296
-63.729
-13.3377
6.04615
10.1401
13.9178
22.6003
17.1317
29.7882
15.1258
7.77707
17.7646
6.77753
22.0106
7.07268
10.414
5.81053
4.75587
1.97715
4.44408
3.76409
11.5371
10.1795
13.5611
14.3542
17.4129
-1.5392
-1.24147
-4.71058
-1.4432
-7.99062
-2.51215
-10.9118
-3.27916
-14.0909
-4.22065
-17.8041
-5.71975
-16.2609
-4.85387
-18.5511
-6.27116
-19.231
-6.57179
26.3169
-60.4716
-1160.71
2635.33
8937.46
6149.45
3368.78
5229.16
10772.9
14718.9
6760.4
-290.201
-272.498
94.7393
704.99
-810.193
-681.173
-607.419
-530.153
-23.7848
-49.3229
1345.91
1757.54
-540.96
-379.352
-329.102
-225.794
-700.039
-580.176
-1764.04
-1957.8
564.262
-2816.6
-10148.5
-6594.35
-3353.45
-4553.28
-3699.72
-15979.8
-6708.48
-4491.1
-3097.46
-2207.77
-914.885
-981.76
-1987.14
-1527.69
-7521.37
-2232.09
-7669.5
-5897.4
-4847.95
-2455.67
-2616.55
-7560.47
-4100.2
-2621.77
-1472.12
-328.682
-20.5756
-19.9041
-58.2314
-56.0288
-89.7539
-88.2459
-116.963
-113.192
-138.555
-131.152
-153.762
-113.69
-159.38
-131.469
-131.001
-82.893
-100.81
-48.6821
-6.00799
-10.0895
-13.8481
-22.5285
-17.0523
-29.7104
-15.0978
-7.76459
-17.7199
-6.75971
-21.9293
-7.04718
-10.3995
-5.80869
-4.76687
-1.98466
-4.41095
-3.73375
-11.477
-10.1246
-13.5032
-14.2898
-17.3184
-1.57062
-1.24203
-4.80515
-1.35959
-8.12869
-2.40805
-11.0526
-3.17472
-14.2123
-4.13853
-17.8526
-5.69761
-16.3427
-4.79839
-18.5741
-6.26535
-19.2379
-6.57099
-32.5689
407.528
-1132.74
-312.837
-692.069
-1561.95
-835.681
-818.219
-2612.66
-2660.53
-902.706
-3458.74
-2206.18
-4294.55
-5638.46
-675.577
-704.341
-1461.62
-1600.03
-5146.56
-905.401
-2229.3
-2586.87
-929.219
-3942.34
-6864.92
-4443.82
-6856.26
-950.064
-1103.05
-2927.03
-3014.87
-984.9
15835.9
-281.158
-34.9511
-174.649
-837.797
663.168
638.239
551.14
509.497
20.9926
48.2936
-1400.12
-1935.49
526.933
374.962
321.055
222.265
1674.16
1261.55
4996.16
3118.34
6900.05
4137.33
5975.4
7400.04
6441.85
7651.88
3462.31
12398.6
7317.32
5767.42
4263.92
2387.63
2984.24
-1059.71
-373.559
-3675.77
-979.905
-4967.3
-1287.68
-972.209
-4142.09
-4033.8
-4752.21
-508.786
890.137
-3284.25
-3668.49
-2937
-999.214
-8.3601
-17.1986
-25.1431
-51.3584
-28.879
-75.3718
-20.7617
-87.5925
-30.8476
-99.5882
-16.4165
-63.4706
-35.7752
-88.0716
22.9359
-25.2201
63.7735
13.3496
-5.566
-9.31592
-13.8712
-22.5191
-17.13
-29.7823
-15.1258
-7.77738
-17.7627
-6.77705
-22.0101
-7.07214
-10.4136
-5.81071
-4.75544
-1.97703
-4.06155
-3.41591
-11.5069
-10.1636
-13.5603
-14.3533
-17.4126
1.33743
1.09871
4.77863
1.48602
7.98708
2.51633
10.9108
3.28113
14.0906
4.22175
17.8045
5.72017
16.261
4.85457
18.5518
6.27148
19.2318
6.57208
-27.8105
56.1129
1153.25
-2369.75
-8945.84
-6184.15
-3382.59
-5241.2
-10803.8
-14646.9
-5851.8
290.255
272.407
-94.8377
-704.967
810.138
681.164
607.37
530.15
23.7209
49.2952
-1345.94
-1757.58
540.931
379.343
329.101
225.797
689.534
553.631
1731.55
1952.11
-564.455
2817.11
10148.8
6594.8
3353.92
4553.38
3699.94
15979.9
6708.64
4491.27
3097.55
2207.87
698.811
853.194
2073.2
1587.58
7524.92
2233.01
7669.59
5897.33
4847.81
2456.44
2616.31
7560.52
4100.21
2621.8
1472.3
328.565
18.8993
18.3845
58.0798
55.9844
89.8271
88.2898
117.051
113.26
138.646
131.228
153.845
113.745
159.473
131.539
131.069
82.9294
100.864
48.7033
5.55576
9.30367
13.8259
22.4722
17.0656
29.721
15.1035
7.76763
17.728
6.76304
21.9425
7.05146
10.4039
5.81117
4.7693
1.98568
4.05627
3.41323
11.4696
10.1284
13.5155
14.3008
17.3301
1.36401
1.09842
4.87641
1.4045
8.12551
2.41257
11.052
3.1768
14.2124
4.13964
17.8533
5.69803
16.3432
4.79907
18.5749
6.26567
19.2388
6.57129
33.1103
-410.016
1133.4
254.587
729.768
1616.34
718.805
753.272
2613.6
2660.98
832.355
3459.97
2207
4295.18
5638.93
630.373
672.562
1442.96
1570.81
5148.63
835.614
2230.27
2587.39
857.318
3942.21
6864.81
4444.15
6856.46
853.575
969.21
2949.83
3053.17
983.522
-13738.7
4679.86
-4508.5
13738
-4679.87
4508.41
-13704.1
-15769.8
-14119.5
-17623
-4932.29
-3682.28
-11446
-9092.68
-3862.16
-4341.09
-10433.5
-11111.9
-11462.5
-12445.1
-9769.07
-3129.86
-14052.8
-3446.28
-2963.46
-8891.09
-7948.2
-9378.56
-8079.85
-2349.94
-2081.57
-1898.78
-6568.65
-5426.92
-4760.8
-6596.63
-5844.59
-5566.57
-10163.5
-13910.6
-10734.1
-15881.6
-212.34
-884.04
-3182.88
-3614.74
539.407
486.583
2289.35
2049.11
846.437
1342.01
5587.18
2546.05
5658.65
524.824
555.656
1623.1
1804.99
1626.6
2204.62
1004.1
1155.46
1313.83
3377.68
3903.09
3927.39
3874.82
4722.83
4953.64
-269.776
-520.188
-306.557
431.23
976.839
138.375
557.138
21.1553
0.668444
44.1475
222.154
529.233
979.817
1138.33
145.319
576.983
20.2027
-0.668454
13715.5
15772.5
14121
17621.1
4548.97
3428.11
11447.1
9066.99
3618.38
4028.72
10397.6
11080.5
11458.8
12440.9
9769.09
3129.96
14052.3
3154.59
2686.13
8907.95
7963.16
9375.37
8078.69
2097.91
1870.47
1730.81
6589.27
5434.28
4760.47
6596.87
5845.39
5567.41
10140.7
13896.2
10723.5
15873.6
233.074
780.506
3182.29
3680.8
-510.806
-464.456
-2273
-2029.08
-845.438
-1341.37
-5587.4
-2546.18
-5658.65
-517.692
-542.929
-1594.12
-1776.28
-1626.14
-2203.56
-959.073
-1074.74
-1219.9
-3341.74
-3883.96
-3915.15
-3873.12
-4721.05
-4952.44
227.691
536.125
310.092
-430.115
-976.501
-138.349
-557.044
-21.1444
-0.664322
-53.6924
-209.626
-527.267
-979.307
-1138.23
-145.343
-576.991
-20.2197
0.663363
2530.09
6022.94
70.3971
40.1707
24.7654
16.6228
13.0721
87.624
51.8815
32.246
21.6897
17.0688
-2278.02
-344.418
3164.97
9356.5
1638.03
-31.5148
66.4149
39.2607
24.4748
16.5126
13.0117
87.047
51.2931
31.9859
21.5898
16.9974
553.104
1541.25
2389.51
3151.45
3856.79
-3250.35
-3343.64
-9646.69
-9788.33
-14079.3
-13069.3
-3349.23
-3126.16
-2957.88
-9637.34
-8951.38
-8435.09
-11512.8
-10364.8
-9735.61
0
0
0
0
0
0
0
0
-2454.75
-1148.99
-622.707
-384.511
-522.576
-368.222
-269.688
-188.82
-225.844
-159.118
-113.453
-79.1335
-109.909
-68.2169
-43.0896
-29.1744
-23.0151
-48.0122
-29.777
-18.8003
-12.7245
-10.0359
-39.4401
-305.566
-820.95
-1625.84
-2498.65
-3011.11
-35.699
-30.3158
-23.0834
-14.4408
-4.91405
-276.497
-234.719
-178.659
-111.738
-38.0177
-742.724
-630.392
-479.772
-300.046
-102.088
-1470.5
-1247.77
-949.516
-593.828
-202.057
-2258.82
-1915.91
-1457.7
-911.728
-310.277
-2719.66
-2305.1
-1753.4
-1097
-373.485
-3805.46
-3395.82
-2849.44
-2158.46
-1353.94
-463.619
0
0
0
0
0
0
0
0
0
0
0
0
1290.87
-284.832
135.213
-172.245
-2528.85
-2533.23
-5739.39
-5359.47
-4983.13
-5147.08
-2507.57
-2441.38
-2367.73
-5353.23
-5504.61
-5499.26
-6075.81
-6633.08
-6795.68
-560.471
-375.42
-257.206
-186.602
-214.725
-154.729
-109.209
-77.5156
-112.717
-69.1245
-43.3728
-29.2658
-23.0518
-48.0371
-29.8615
-18.8411
-12.7412
-10.0444
3203.03
2781.14
2259.47
1656.78
1012.81
341.96
22.8877
253.65
726.521
1477.25
2210.36
2581.26
20.6882
17.5386
13.3304
8.32713
2.8313
229.37
194.554
147.959
92.4719
31.4503
656.797
556.937
423.449
264.607
89.9892
1334.56
1130.79
859.193
536.674
182.483
1994.34
1687.52
1280.7
799.371
271.727
2323.44
1961
1485.15
925.891
314.615
-3164.9
-9356.51
-1643.81
30.0027
-66.3739
-39.2356
-24.4588
-16.5018
-13.0031
-86.9982
-51.2648
-31.968
-21.5778
-16.9874
-553.118
-1541.29
-2389.57
-3151.53
-3856.88
-2530.18
-6022.92
-70.3791
-40.1648
-24.7643
-16.6228
-13.0723
-87.6114
-51.8774
-32.2457
-21.6904
-17.0689
2279.53
345.311
-7994.77
-10818.9
-17927.2
-20056.3
-19943.3
-22337.6
-9195.84
-9775.98
-1587.67
-1482.15
-1356.34
-4190.72
-3496.94
-3115.44
-5072.77
-4299.42
-4134.92
-6275.84
-4317.91
-3461.06
-6953.09
-4012.64
-2387.19
426.041
-5.35334
-610.951
186.525
-691.101
312.735
-118.956
110.879
1484.67
1369.5
398.643
209.57
125.765
80.5476
721.302
385.901
235.548
150.25
234.616
82.4443
37.0307
23.9563
599.319
216.883
102.832
67.2735
732.3
290.234
146.128
98.273
580.201
290.35
160.735
112.424
291.247
239.925
157.944
121.311
132.21
139.355
113.368
97.4043
116.954
172.909
136.809
115.962
101.541
92.241
74.7277
64.0589
39.7586
32.729
25.7408
21.8789
50.354
31.2492
19.6594
13.2624
10.4409
98.1661
60.8241
38.2515
25.8044
20.3153
62.2948
36.6608
22.7542
15.3059
12.0434
72.191
42.8792
26.6903
17.9607
14.1324
48.1626
28.9208
18.057
12.171
9.58405
18.2481
11.1526
7.00865
4.73568
3.73258
19.0235
11.8055
7.40192
4.98488
3.92178
51.7995
31.2016
19.4177
13.0528
10.264
73.2303
43.55
27.0403
18.174
14.2921
-252.741
-490.209
-340.568
346.806
1283.8
-16.9381
756.534
-236.732
-256.532
-65.1462
-47.3686
-2.27322
-0.872856
-0.80735
-64.7667
-1.9014
0.738445
0.888362
0.179519
-66.0709
-7.17221
-0.243761
0.0996052
0.110597
30.8155
4.08594
0.794627
0.1948
0.171515
178.1
20.5706
2.00293
0.0736216
0.0815423
-116.36
-39.6051
-10.4958
-2.49624
-0.470251
12.5142
-19.7303
-6.75636
-1.70206
-0.276908
-159.153
-45.0724
-11.3075
-2.59259
-0.470071
-160.275
-46.0046
-11.3961
-2.51638
-0.462201
7833.22
10816.8
14722.6
17814.6
18320.9
21274
7096.95
8785.44
-2741.23
-7732.49
-5359.95
-3671.27
-2446.54
-2046.13
-1537.7
-954.302
-323.819
-3612.34
-2285.03
-1430.74
-1035.77
-531.396
-3499.62
-2045.27
-1200.04
-637.591
-213.991
-3094.66
-2442.07
-1750.04
-1056.29
-355.729
-501.889
-580.138
-2149.86
-1957.8
-2525.88
-2816.6
-5039.35
-3699.72
-4916.07
-2207.77
-411.589
-397.079
-1308.68
-468.672
-1070.33
68.4668
-874.542
-746.339
-2.56346
-221.285
-177.813
-142.296
-101.748
-73.7676
-343.48
-274.632
-184.956
-134.614
-1.60656
-31.2985
-25.6726
-20.7987
-40.6032
-93.1064
-72.2135
-57.8502
-196.134
-165.818
-114.154
-88.8051
-447.007
-233.975
-144.195
-108.8
-618.528
-268.57
-157.885
-120.415
-325.505
-186.896
-123.412
-98.7186
-556.544
-253.33
-152.387
-118.153
-158.084
-109.23
-78.3033
-64.3285
-43.2384
-34.3912
-26.1605
-21.9283
-49.4182
-30.8452
-19.4651
-13.1687
-10.3866
-96.9093
-60.1752
-37.9415
-25.6688
-20.248
-59.6107
-35.9772
-22.5618
-15.2528
-12.0413
-71.2709
-42.397
-26.4912
-17.8911
-14.1143
-46.8312
-28.5468
-17.9491
-12.1412
-9.58027
-18.1581
-11.1163
-6.9964
-4.73229
-3.73176
-18.931
-11.6371
-7.30624
-4.93345
-3.88964
-50.4433
-30.6351
-19.1773
-12.9426
-10.2053
-71.4876
-42.8205
-26.7305
-18.0325
-14.2237
7.5275
110.427
311.672
765.082
1340.18
-19.1796
708.489
-239.212
-258.2
-3.30687
-39.469
-0.568873
-0.615174
-0.790229
85.3495
24.2504
5.18808
1.6632
0.324593
101.47
22.9844
5.07768
1.02361
0.293371
152.109
28.0165
5.321
1.03312
0.34793
226.803
33.6107
4.88623
0.660645
0.213182
-114.327
-38.3252
-10.0669
-2.38552
-0.438878
22.1311
-14.8865
-5.44243
-1.40002
-0.203007
-159.289
-44.8941
-11.2045
-2.5612
-0.459574
-160.598
-46.0295
-11.387
-2.51133
-0.460119
-37.265
-421.968
-1193.37
-2286.32
-3573.63
-4844.66
-5822.25
-6212.92
-5734.95
-4193.58
-1987.47
-285.956
-33.6499
-28.4951
-21.6369
-13.5073
-4.59135
-381.374
-323.319
-245.804
-153.607
-52.2442
-1078.35
-914.066
-694.914
-434.319
-147.738
-2064.84
-1749.48
-1329.81
-831.246
-282.821
-3224.39
-2729.94
-2074.75
-1297.47
-441.696
-4364.37
-3691.13
-2805.44
-1756.5
-598.788
-5231.74
-4418.04
-3360.15
-2109.63
-721.413
-5559.97
-4685.39
-3569.78
-2253.72
-775.716
-5099.51
-4285.07
-3276.04
-2088.64
-727.898
-3695.64
-3094.02
-2377.25
-1536.91
-546.296
-1737.31
-1450.53
-1120.32
-734.002
-265.98
-250.862
-210.617
-163.688
-107.865
-39.2937
-67.963
-515.846
-1354.08
-2515.2
-3857.94
-5142.22
-6053.53
-6293.44
-5625.43
-3945.1
-1741.94
-184.884
-61.5169
-52.2457
-39.7905
-24.8998
-8.4749
-466.673
-396.103
-301.504
-188.598
-64.179
-1224.66
-1039.21
-790.93
-494.764
-168.38
-2273.87
-1928.97
-1468.1
-918.596
-312.708
-3485.3
-2955.3
-2249.44
-1408.37
-479.751
-4639.6
-3931.09
-2993.24
-1876.67
-640.211
-5449.13
-4611.12
-3514.09
-2209.65
-756.205
-5641.46
-4763.52
-3636.63
-2299.62
-792.224
-5006.14
-4211.54
-3224.9
-2059.58
-718.771
-3470.24
-2901.74
-2230.27
-1445
-515.209
-1509.69
-1251.58
-964.188
-633.833
-231.384
-156.129
-126.876
-97.1791
-64.663
-24.2009
-3279.42
-13432.2
-4546.11
-2953.15
-2496.78
-1897.42
-1188.1
-405.123
-10310.6
-8835.26
-7220.35
-5543.28
-2801.06
-4021.97
-3353.05
-2535.23
-1595.08
-549.088
8003.95
10823.6
17960.6
20056.9
19955.2
22400.1
7880.98
8354.25
1454.87
1366.68
1261.55
4214.93
3507.87
3118.34
5073.85
4301.71
4137.33
6276.32
4319
3462.31
6953.18
4012.93
2387.63
-355.095
-21.0024
610.308
-135.705
684.258
-314.336
73.4729
-112.399
-1445.54
-1358.01
-370.8
-194.703
-116.907
-74.81
-717.699
-384.482
-234.732
-149.593
-224.632
-77.9968
-34.8212
-22.4965
-592.985
-215.362
-102.224
-66.8544
-731.331
-289.811
-145.922
-98.1362
-579.845
-290.128
-160.609
-112.337
-291.126
-239.823
-157.877
-121.26
-132.239
-139.364
-113.37
-97.4038
-116.945
-172.881
-136.784
-115.941
-101.575
-92.2606
-74.7394
-64.067
-39.7735
-32.7392
-25.7476
-21.884
-46.6027
-28.8595
-18.1371
-12.2291
-9.62474
-97.8008
-60.646
-38.1495
-25.7368
-20.262
-62.2963
-36.6622
-22.7558
-15.3074
-12.0451
-72.1847
-42.8773
-26.6906
-17.9616
-14.1335
-48.1671
-28.9237
-18.0591
-12.1727
-9.58558
-18.2515
-11.1546
-7.00995
-4.73661
-3.73334
-17.4714
-10.7728
-6.73586
-4.53024
-3.56135
-51.6085
-31.1458
-19.3903
-13.0343
-10.249
-73.1882
-43.5375
-27.0368
-18.1725
-14.2916
212.668
508.07
343.261
-345.804
-1283.4
16.9882
-756.376
236.757
256.548
46.8521
39.8355
1.10566
0.561692
0.688756
75.6522
5.13833
0.0145575
-0.696857
-0.134446
67.1465
7.51284
0.334444
-0.0786461
-0.105284
-30.3926
-3.95323
-0.757106
-0.185476
-0.169012
-177.913
-20.5114
-1.98563
-0.0690653
-0.0802457
116.393
39.6162
10.499
2.49711
0.470504
-12.4311
19.7571
6.76421
1.70417
0.277525
159.169
45.0775
11.3089
2.59295
0.470168
160.285
46.0074
11.3968
2.51654
0.462235
-7842.13
-10824.6
-14749.1
-17843.1
-18259.2
-21201.5
-5992.09
-7448.98
2741.16
7732.76
5360.07
3671.25
2446.47
2046.07
1537.65
954.274
323.809
3612.52
2285.19
1430.91
1035.92
531.441
3499.72
2045.37
1200.13
637.653
214.011
3094.64
2442.05
1750.02
1056.28
355.725
466.257
553.595
2154.35
1952.11
2525.87
2817.11
5039.39
3699.94
4916.16
2207.87
353.618
315.258
1341.99
524.346
1071.74
-67.6149
765.917
682.631
35.7199
229.282
163.297
131.426
93.9828
68.2215
345.88
275.498
185.28
134.538
-7.29974
27.2122
23.3683
19.2319
47.5058
94.1355
72.3865
57.8052
197.285
166.198
114.263
88.8473
447.455
234.23
144.307
108.863
618.752
268.744
157.986
120.484
325.601
186.978
123.47
98.7636
556.682
253.45
152.469
118.214
158.141
109.276
78.3357
64.3537
43.2558
34.4043
26.1695
21.9353
45.7329
28.5367
18.0056
12.1813
9.60878
96.7266
60.0714
37.8788
25.6271
20.2152
59.6365
35.9921
22.5711
15.2592
12.0461
71.3072
42.4179
26.5044
17.9001
14.1213
46.8482
28.5565
17.9551
12.1454
9.58355
18.1632
11.1192
6.99821
4.73355
3.73279
17.3365
10.6426
6.67911
4.51014
3.55665
50.4234
30.6397
19.1828
12.9469
10.2089
71.5352
42.8519
26.751
18.0462
14.2341
-21.9958
-97.2534
-310.242
-764.623
-1340.05
19.1745
-708.462
239.21
258.208
-9.84173
32.5554
-0.490358
0.316941
0.67167
-74.4404
-20.8744
-4.39641
-1.46223
-0.277418
-100.747
-22.6826
-4.98849
-1.00213
-0.287826
-151.907
-27.9248
-5.28925
-1.02444
-0.34548
-226.736
-33.5797
-4.87423
-0.656955
-0.212033
114.337
38.3296
10.0686
2.38604
0.439048
-22.1045
14.8985
5.44706
1.40151
0.203494
159.295
44.8963
11.2052
2.5614
0.459627
160.605
46.0315
11.3875
2.51145
0.460139
37.2633
421.952
1193.33
2286.24
3573.5
4844.48
5822.03
6212.68
5734.73
4193.42
1987.4
285.947
33.6483
28.4938
21.6358
13.5067
4.59113
381.36
323.307
245.794
153.601
52.2422
1078.31
914.033
694.888
434.302
147.733
2064.76
1749.41
1329.76
831.214
282.81
3224.27
2729.83
2074.67
1297.42
441.679
4364.21
3690.99
2805.33
1756.43
598.764
5231.54
4417.87
3360.01
2109.54
721.383
5559.75
4685.19
3569.62
2253.62
775.681
5099.31
4284.89
3275.89
2088.55
727.864
3695.5
3093.89
2377.14
1536.84
546.271
1737.24
1450.48
1120.27
733.971
265.969
250.855
210.611
163.684
107.862
39.2927
67.961
515.829
1354.03
2515.12
3857.8
5142.04
6053.31
6293.21
5625.22
3944.94
1741.87
184.875
61.5151
52.2442
39.7893
24.899
8.47465
466.658
396.09
301.494
188.592
64.1769
1224.62
1039.17
790.904
494.747
168.374
2273.79
1928.9
1468.05
918.565
312.697
3485.18
2955.2
2249.36
1408.32
479.734
4639.44
3930.95
2993.13
1876.6
640.188
5448.94
4610.95
3513.96
2209.57
756.177
5641.25
4763.34
3636.49
2299.53
792.193
5005.95
4211.37
3224.77
2059.5
718.741
3470.1
2901.61
2230.17
1444.93
515.185
1509.62
1251.52
964.138
633.8
231.372
156.119
126.867
97.1713
64.6575
24.1988
3279.32
13432.1
4546
2953.07
2496.71
1897.36
1188.06
405.111
10310.5
8835.12
7220.23
5543.19
2800.97
4021.88
3352.97
2535.17
1595.04
549.074
0
0
0
0
0
0
0
0
0
0
0
0
-1294.57
284.23
-136.257
171.896
2528.81
2533.22
5739.45
5359.57
4983.1
5147.21
2507.58
2441.39
2367.73
5353.37
5504.77
5499.41
6076.12
6633.5
6796.05
560.476
375.424
257.204
186.602
214.629
154.685
109.186
77.5037
112.722
69.125
43.3714
29.264
23.0501
48.0312
29.8577
18.8383
12.7391
10.0427
-3203.07
-2781.18
-2259.5
-1656.8
-1012.83
-341.967
-22.8886
-253.66
-726.547
-1477.31
-2210.44
-2581.34
-20.6891
-17.5394
-13.331
-8.3275
-2.83142
-229.379
-194.561
-147.965
-92.4753
-31.4515
-656.821
-556.957
-423.464
-264.617
-89.9924
-1334.6
-1130.83
-859.223
-536.693
-182.49
-1994.41
-1687.58
-1280.74
-799.399
-271.736
-2323.51
-1961.07
-1485.19
-925.923
-314.625
3250.38
3343.65
9646.62
9788.27
14078.7
13068.8
3349.24
3126.2
2957.94
9637.41
8951.59
8435.38
11512.8
10365.2
9736.14
0
0
0
0
0
0
0
0
2456.46
1150.21
623.419
384.915
523.188
368.532
269.852
188.901
226.028
159.209
113.501
79.1594
109.948
68.2401
43.1044
29.1846
23.0232
48.0253
29.7846
18.8052
12.728
10.0387
39.439
305.556
820.923
1625.79
2498.57
3011.02
35.698
30.3149
23.0827
14.4404
4.91391
276.488
234.712
178.654
111.734
38.0165
742.699
630.371
479.756
300.036
102.084
1470.45
1247.73
949.484
593.809
202.05
2258.75
1915.85
1457.65
911.698
310.267
2719.58
2305.03
1753.34
1096.96
373.473
3805.37
3395.73
2849.36
2158.41
1353.9
463.607
)
;
    }
    patch2
    {
        type            calculated;
        value           nonuniform List<scalar> 
348
(
-553.118
553.104
-1460.81
-519.411
-679.47
-870.866
-1638
-641.771
-787.384
-1001.43
1460.72
519.389
679.443
870.824
1637.95
641.752
787.358
1001.4
-12041.2
-2829.2
-636.048
-504.22
-351.333
-516.544
-470.094
-7343.26
-2798.45
-1268.38
-1442.15
-707.76
-639.077
-670.932
-273.731
-489.339
-512.376
-406.639
-10404.2
-1680.71
-419.911
-797.166
-1214.34
-796.834
-871.14
-620.368
-342.7
-526.719
-511.053
-594.864
-10930.7
-2619.12
-2754.03
-1448.08
-1310.8
-56.4221
-85.7912
-145.81
-233.976
-345.66
-468.529
-40.5391
-86.4127
-178.122
-306.659
-455.597
-602.376
-43.0972
-19.9137
-73.5217
-50.5342
-134.169
-111.923
-221.207
-206.113
-313.079
-301.786
-401.708
-362.675
-571.049
-638.304
-700.435
-1119.57
-1457.46
-1759.42
-720.168
-783.722
-779.211
-727.085
-668.232
-628.352
-59.3171
-94.6427
-161.101
-256.518
-376.891
-507.669
-44.6408
-98.9073
-199.416
-336.831
-493.232
-643.054
-45.886
-22.3364
-82.0899
-58.0901
-149.129
-125.533
-243.778
-227.361
-346.255
-339.037
-445.909
-420.544
-614.054
-682.496
-747.976
-1168.98
-1500.94
-1778.57
-756.738
-808.99
-790.102
-726.179
-662.924
-625.702
-12198.5
-2865.51
-699.632
-564.506
-423.762
-602.406
-546.758
-8544.43
-4670.29
-1766.08
-2801.06
-989.034
-1322.51
-768.734
-797.848
-588.091
-11434.7
-2020.76
-572.769
-986.447
-1439.79
-910.844
-993.445
-727.478
-430.972
-638.736
-693.204
-728.615
-11405
-2729.53
-3099.84
-1577.47
-1441.76
12040.7
2829.06
636.02
504.2
351.322
516.526
470.076
7342.82
2798.26
1268.28
1442.11
707.799
639.058
670.906
273.745
489.328
512.377
406.634
10403.6
1680.6
419.896
797.129
1214.26
796.793
871.098
620.341
342.692
526.701
511.037
594.84
10930.1
2618.97
2753.85
1447.99
1310.72
56.42
85.788
145.804
233.968
345.647
468.511
40.5376
86.4094
178.116
306.647
455.579
602.351
43.0957
19.913
73.5189
50.5323
134.164
111.919
221.198
206.106
313.067
301.776
401.693
362.662
571.025
638.276
700.402
1119.51
1457.38
1759.33
720.137
783.688
779.175
727.05
668.199
628.321
59.3151
94.6395
161.096
256.509
376.878
507.651
44.6393
98.904
199.409
336.819
493.214
643.031
45.8844
22.3357
82.0871
58.0882
149.124
125.529
243.77
227.354
346.243
339.026
445.894
420.531
614.031
682.471
747.949
1168.94
1500.88
1778.49
756.71
808.959
790.07
726.148
662.895
625.673
12198
2865.39
699.607
564.487
423.749
602.387
546.74
8544.26
4670.13
1766.04
2800.97
989.01
1322.48
768.714
797.828
588.076
11434.4
2020.71
572.754
986.418
1439.74
910.814
993.412
727.455
430.961
638.717
693.185
728.593
11404.7
2729.43
3099.76
1577.42
1441.71
-183.539
304.314
382.184
-251.188
906.855
992.74
-1607.64
797.059
1288.16
-2850.37
156.539
508.993
-4249.02
382.998
999.293
-1422.64
-981.74
-2287.14
-1527.69
-5070.53
-2232.09
-6076.94
-2616.55
-6476.65
-328.682
132.023
-306.521
-373.559
289.892
-887.327
-979.905
1605.55
-796.463
-1287.68
2849.41
-156.542
-508.786
4248.47
-383.059
-999.214
1249.75
853.175
2361.31
1587.58
5067.6
2233.01
6075.92
2616.31
6476.31
328.565
)
;
    }
    patch3
    {
        type            calculated;
        value           nonuniform List<scalar> 
96
(
-454.457
-691.953
-1177.37
-1891.8
-2799.01
-3798.61
-326.771
-697.494
-1438.81
-2479.15
-3685.89
-4873.16
-4624.19
-5124.98
-5461.64
-7932.57
-8709.64
-9487.84
-5813.84
-6285.92
-6151.48
-5518.57
-4641.84
-4000.76
-477.18
-761.133
-1295.8
-2063.64
-3031.67
-4078.9
-359.032
-795.306
-1603.87
-2709.35
-3966.28
-5164.87
-4912.21
-5389.35
-5702.19
-8074.8
-8770.56
-9506.43
-6058.31
-6427.71
-6170.43
-5438.93
-4533.98
-3952.01
454.441
691.928
1177.33
1891.74
2798.91
3798.47
326.759
697.468
1438.76
2479.06
3685.76
4872.98
4624.02
5124.8
5461.45
7932.28
8709.34
9487.52
5813.63
6285.68
6151.25
5518.36
4641.67
4000.62
477.164
761.107
1295.75
2063.57
3031.57
4078.77
359.02
795.279
1603.81
2709.26
3966.14
5164.69
4912.05
5389.16
5701.99
8074.51
8770.26
9506.12
6058.09
6427.47
6170.2
5438.73
4533.82
3951.87
)
;
    }
    patch4
    {
        type            calculated;
        value           nonuniform List<scalar> 
384
(
-9349.19
-25937.7
-43892.2
-60399.3
-49135.2
-38505.9
-27954.5
-10471.6
-12584.8
-35584.8
-52766.2
-19191.7
8356.89
26024.5
43900.2
60414.5
49151.8
38519.3
28037.7
8893.8
11396.8
35744.3
52961.6
17266.5
-41174.5
-59444.8
-66545.2
-91146.2
-42776
-60172.8
-67616.7
-91645.2
41181.4
59453.8
66555.1
91158.2
42789.3
60184.7
67629.2
91658.5
-18560
-30337.2
20232.4
31227
-15551.7
-5453.43
-20129.7
-7350.23
16236.1
5724.13
20562.5
7521.22
-20221.1
-31217.4
18566.3
30344
-7322.26
-4863.47
-22881.9
-16094.8
-28971.3
-42364.1
-3093.9
-1088.39
-11392.5
-4048.79
-8585.85
-5804.07
-26139.2
-18814.3
-30527
-43162.2
-3597.91
-1212.12
-13142.5
-4621.51
6628.66
4416.8
22954
16137.5
28977.3
42371.6
2828.09
1005.08
11411.2
4054.87
7783.77
5264.47
26274
18897.3
30538.7
43172.6
3282.7
1116.21
13174.8
4631.52
-16231.1
-5722.2
-20557.2
-7519.16
15555.1
5454.8
20134
7351.97
-12258.8
-12627
-10719.1
-11495.6
12256.7
12626.3
10717.8
11495.1
-865.034
-974.648
-3128.63
-3919.95
-2923.75
-2608.62
-4417.47
-6047.12
-6978.24
-9014.19
-7613.34
-9065.6
-6962.23
-9124.4
-7139.17
-9559.46
-473.524
-1070.31
-2717.27
-4452.37
-1533.9
-2119.88
-4373.4
-6094.41
-6730.97
-8731.13
-6876.06
-8550.68
-6901.9
-8984.63
-7135.19
-9518.31
829.833
906.3
3116.53
3920.65
2920.91
2604.25
4417.47
6047.94
6977.14
9014.05
7612.27
9065.3
6962.24
9124.5
7139.62
9559.69
472.775
994.584
2699.42
4455.68
1530.29
2113.8
4373.25
6095.3
6729.41
8730.81
6874.83
8550.28
6901.8
8984.62
7135.63
9518.51
-1113.97
-2134.42
-3748.61
-6534.57
-5937.84
-10040.7
-8322.4
-250.068
-1082.08
-2611.9
-5141.77
-4041.33
-7612.23
-7081.48
1068.94
2005.93
3728.66
6505.56
5934.36
10035.1
8321.06
274.733
1043.4
2582.84
5100.56
4038.38
7607.59
7080.55
-784.311
-2410.8
-4085.18
-5565.26
-6926.72
-8670.74
-7943.11
-9056.4
-9283.34
-798.046
-2451.99
-4127.84
-5583.51
-6926.43
-8664.37
-7941.3
-9049.79
-9280.65
694.657
2432.29
4084.23
5565.24
6926.92
8671.13
7943.43
9056.83
9283.81
707.03
2474.93
4126.96
5583.65
6926.8
8664.86
7941.75
9050.29
9281.13
-163.134
-498.684
-843.032
-1144.25
-1431.93
-1847.33
-1673.48
-1940
-1989.04
-166.432
-508.313
-854.819
-1152.84
-1436.16
-1847.12
-1674.72
-1939.34
-1988.73
143.298
504.221
842.833
1144.23
1431.95
1847.41
1673.53
1940.09
1989.14
146.152
514.205
854.66
1152.87
1436.22
1847.22
1674.81
1939.45
1988.83
-36.0505
-110.178
-186.362
-253.332
-318.808
-417.11
-375.848
-439.088
-450.543
-36.8593
-112.543
-189.52
-256.091
-320.625
-417.442
-376.714
-439.157
-450.545
31.5788
111.449
186.316
253.323
318.81
417.125
375.858
439.107
450.564
32.275
113.888
189.485
256.094
320.637
417.463
376.731
439.18
450.567
-7.93358
-24.2726
-41.1122
-55.981
-70.7114
-93.2859
-83.7578
-98.3342
-100.875
-8.12209
-24.8265
-41.8871
-56.7197
-71.2651
-93.4514
-84.0795
-98.4037
-100.894
6.93995
24.5541
41.1015
55.9779
70.7108
93.2888
83.7592
98.3381
100.88
7.10232
25.1228
41.8786
56.7191
71.2668
93.4557
84.0828
98.4084
100.898
-2.00674
-6.1228
-10.3486
-14.1008
-17.8592
-23.7619
-21.231
-25.1227
-25.8143
-2.05595
-6.26707
-10.5558
-14.3097
-18.0296
-23.8275
-21.343
-25.155
-25.8239
1.75488
6.19253
10.3457
14.0997
17.8587
23.7625
21.2311
25.1235
25.8154
1.79739
6.34011
10.5533
14.3091
18.0297
23.8284
21.3437
25.1561
25.825
)
;
    }
}


// ************************************************************************* //
