/*--------------------------------*- C++ -*----------------------------------*\
| =========                 |                                                 |
| \\      /  F ield         | OpenFOAM: The Open Source CFD Toolbox           |
|  \\    /   O peration     | Version:  v2106                                 |
|   \\  /    A nd           | Website:  www.openfoam.com                      |
|    \\/     M anipulation  |                                                 |
\*---------------------------------------------------------------------------*/
FoamFile
{
    version     2.0;
    format      ascii;
    arch        "LSB;label=32;scalar=64";
    class       volScalarField;
    location    "2";
    object      gradTy;
}
// * * * * * * * * * * * * * * * * * * * * * * * * * * * * * * * * * * * * * //

dimensions      [0 -1 0 1 0 0 0];

internalField   nonuniform List<scalar> 
5712
(
10765.9
6205.73
17472.9
11433.9
19024.5
14064.3
29774.8
36877.9
39089.3
47836.3
25332
21999.5
16110.4
12758.3
8092.44
5471.03
18119.7
18676.6
15561.8
18388.2
24397
21969.6
28079.7
22872.5
7628.16
5539.37
4276.31
3181.3
9146.93
7493.55
5529.24
4470.09
16564.6
17270.4
16976.5
14452.2
13339
10332.6
10306.5
11707.3
16687.5
16590.2
34797.4
35994.9
24754.7
25476.9
14117.7
11906.3
15411.2
10994.3
7170.84
7353.86
5799.97
7898.78
3029.1
3592.72
7975.09
10672.8
4732.71
5465.68
8894.95
14604.6
6140.2
9943.6
2349.26
5941.4
1956.36
4450.34
16651.3
20665.8
17061.4
20492.7
20336.6
20699.4
20563.2
20339.8
14474.1
19682.3
14978.1
19498.6
16750.6
20305.2
16718
20238.5
20650.9
20025.4
20543.7
19814.4
13342.8
19737.6
12868
19797.1
16138.7
18735.9
20446.1
28196
17087.3
21486
20249.1
30420.9
15311.6
16564.5
20544.9
27212.7
15155.1
15535.8
20776.7
27058.8
4582.96
5915.5
11618.4
19931.4
5757.35
6485.12
15130.8
22949.9
7284.97
7344.78
19420.5
26070.8
23129.5
25008.9
19301.5
18363.3
25926.5
25332.2
23796.2
19791.7
16948.4
29390.9
22954.2
22573.3
19902.2
19414.9
33976.1
1820.98
2174.75
3831.38
8404.76
2609.01
2916.92
5394.66
9620.82
3955.8
3344.03
7457.5
11307.9
25389.6
25657.7
22787.7
22912
19219.5
18037.5
14408.7
12957.7
9937.57
13509.9
22962.2
22662.3
23018.3
23069.7
19784.4
18844.8
16125.4
14612
10644.4
13798.9
22623
25742.6
22504.4
26300.3
21975.2
23117.6
21390.5
23178.8
20352.9
20824.8
20207.4
20253.5
22304.1
26382.9
22180.4
26331
20729.5
23407.6
20538.3
23327.8
20430.4
20784.5
20412.5
20761.5
16964.2
16176.3
10880.3
12033.3
16829.8
15723.1
10696.2
11989.1
17219.3
16152.5
11129.5
12128.3
17292.5
15997.9
11481
12157.6
1537.8
1091.8
784.001
920.001
670.102
632.203
2121.34
1355.22
1062.41
1841.54
1534.92
1362.7
2546.24
2260.96
2329.31
3266.91
2771.6
2539.78
25312
23644.9
22339.9
23064.7
22036.6
21057.1
16415
15707.4
15330.6
10951.1
9870.53
9434.94
4957.74
3830.42
3323.62
22718.4
21809.2
20812.1
23051.8
21738.7
20558.8
16867.1
15062.2
14004
10872
9092.72
8380.61
5285.07
3827.23
3151.78
24698.9
24466.5
26753.3
24206
27711.3
24423.7
33341.9
25557.9
18934.1
19254
18600.5
17086.5
21384
20131.4
20818.4
17575.3
20380.2
20455.3
19154.9
20856.1
25680.1
22618.3
25406.8
25760.4
27661.9
28579.7
20681.1
21531.4
18830.6
18320.3
22520
23038.9
14431.4
6429.03
13203.8
7297.2
14677.3
6459.48
13100
7168.88
14720.1
6508.26
13316.9
7587.53
12878.6
8033.96
13010
7954.09
19674.3
16941.9
19322.3
16813.6
21843.5
19896.3
21865.9
19594.5
18717.6
13770.3
19821.5
13682.5
19619.9
16673.8
19812.6
16468.7
22315.9
19372.1
22284.7
19104.8
18367.5
13758.3
18233.3
13659.4
11645.9
6418.68
10341.8
4942.25
10887.8
5528.18
9954.42
4414.33
11887.3
6976.87
10483.2
5174.41
11866.5
7346.8
10429.9
5213.66
1824.45
667.038
2467.54
93.7639
1978.71
965.24
2657.1
500.794
2578.74
1799.18
3105.98
1406.34
12073.3
19296.7
8242.54
7638.18
3915.64
19045.9
12979
7038.31
6981.52
2758.27
19722
15379.9
11968.5
8725.28
3507.11
88.7853
-22.3076
-1016.95
-1338.43
432.222
144.536
-472.438
-782.581
1238.77
1052.94
425.329
-57.4912
19693.2
19701.7
13230.4
13340.9
8224.52
9071.89
6652.5
6781.32
1911.88
1214.44
18350.9
17252.2
14186.3
13078
10876.4
10376.8
7689.98
7670.66
2858.55
3632.58
14467.1
12349.6
14526.1
11973.8
17357.3
14906.3
17261.8
14577.2
12096.4
10513.6
11711.8
10610.5
14515.4
11740
14425.2
11722.9
17177.1
14788.2
16999.9
14730.4
12337.1
10325.5
12325.3
10506.8
8864.49
8192.8
4054.37
5489.47
8508.01
8040.35
3698.53
5174.54
9324.81
8419.81
4225.31
6038.86
9636.09
8509
4536.02
6198.43
2488.06
2218.55
1825.75
12401.8
6145.99
4871.01
2288.29
2353.98
2085.57
12950.4
7034.17
5823.8
3080.59
3564.31
3649.69
13570.1
8482.54
7448.41
19422.9
18918.6
18378.8
13683.9
13954.7
14007.4
10357.9
10819.8
11050.7
9563.66
9633.87
9508.59
14789.7
10214
9166.21
16469.5
15919
15418.6
12744.7
12558.5
12357.2
11165.4
10970.8
10708.4
11630.3
10661.5
9954.2
17874
11443.6
10240.6
2007.12
408.001
-4.78849
-144.914
2687.8
712.832
97.3602
-106.421
1983.98
382.835
4.47563
-129.334
2777.18
769.664
145.459
-72.4496
1880.8
305.861
14.267
-103.845
2834.26
782.356
190.822
-33.4328
3268.93
997.703
248.992
-3.44347
3440.52
1135.15
328.096
61.2242
2145.86
473.956
93.7371
-59.8901
803.119
-86.2786
-71.8049
-89.049
1390.1
121.309
-37.4935
-110.097
390.805
-255.224
-127.314
-110.512
2631.93
735.066
193.085
-6.54164
1036.93
41.1953
-20.824
-58.1192
2892.25
906.006
277.297
53.085
1119.26
129.188
29.8281
-11.9973
634.344
-110.598
-162.883
-195.923
-1066.94
-768.393
-366.054
-260.708
574.366
-147.97
-160.984
-183.566
-1011.57
-750.481
-351.54
-250.409
565.117
-186.161
-153.333
-167.422
-719.473
-662.759
-313.885
-225.865
339.061
-316.705
-194.013
-166.963
-496.374
-615.324
-266.976
-177.552
-174.871
-459.777
-209.644
-142.572
-3070.8
-1326.61
-472.775
-90.7647
-5662.07
-1677.37
-570.398
-139.21
-2797.04
-1241.31
-448.505
-88.4536
-5247.24
-1576.54
-544.879
-133.98
-2291.24
-1092.51
-396.297
-71.0016
-4572.83
-1411.31
-493.356
-119.904
-1706.05
-929.293
-357.94
-67.327
-3927.41
-1243.99
-441.946
-107.6
-1396.53
-802.98
-316.161
-71.3446
-3974.38
-1143.51
-394.896
-96.7995
-1348.05
-695.141
-252.819
-62.5642
-4725.12
-1098.57
-329.36
-78.2641
-1369.93
-743.429
-287.264
-67.7019
-4719.26
-1122.76
-355.566
-85.6919
-1375.18
-659.504
-205.867
-44.4115
-4865.54
-1071.97
-293.389
-65.1584
-1331.28
-612.471
-156.983
-24.1958
-4731.75
-1024.02
-255.279
-50.5376
-176.726
-114.86
-66.9627
-34.3061
-10.5069
-152.609
-107.404
-64.0413
-33.0334
-10.1355
-164.554
-104.731
-61.007
-31.2553
-9.57352
-132.251
-93.3872
-55.8036
-28.8087
-8.84224
-152.341
-92.8238
-53.6626
-27.4455
-8.4042
-109.208
-77.1456
-46.1178
-23.8176
-7.3123
-69.5861
-52.33
-31.9076
-16.5892
-5.10391
-14.6763
-17.5587
-11.6919
-6.23932
-1.93486
-110.383
-71.3252
-41.4801
-21.2653
-6.51748
-126.348
-66.1537
-36.8196
-18.68
-5.712
-149.597
-86.0839
-48.9412
-24.9331
-7.62857
-162.045
-79.533
-43.936
-22.2374
-6.7946
-69.2084
-48.2651
-28.5266
-14.7063
-4.51539
-87.1582
-45.2303
-25.1488
-12.7811
-3.91169
-18.3353
-15.7588
-9.74896
-5.10562
-1.57639
-40.2146
-16.7371
-8.89312
-4.49319
-1.37576
-215.514
-124.098
-69.9953
-35.5312
-10.8564
-268.482
-131.446
-71.9724
-36.2901
-11.0705
-207.639
-116.78
-65.6805
-33.3246
-10.1818
-260.334
-125.537
-68.6135
-34.5889
-10.5517
-196.877
-105.403
-58.8868
-29.8462
-9.11818
-244.442
-114.517
-62.4364
-31.4751
-9.60318
-193.377
-95.2078
-52.4236
-26.4982
-8.09151
-227.963
-101.112
-55.1099
-27.7965
-8.48282
-193.81
-88.2631
-48.406
-24.455
-7.46807
8237.53
12558.2
8715.68
12904.3
9441.79
13387.9
10005.1
13771.2
9742.56
13409.3
9227.14
10362.3
9167.54
10732.2
9320.95
10343.1
9504.34
10504
7234.88
1233.4
262.01
58.4126
10.2933
8029.45
2277.03
550.136
124.118
21.8669
7355.53
1230.17
259.213
57.5371
10.1084
8155.21
2279.64
548.205
123.028
21.4812
7508.81
1236.98
258.125
56.9969
9.98721
8303.04
2291.95
547.55
122.325
21.3159
7545.39
1215.26
251.061
55.2515
9.66997
8312.49
2270.26
539.872
120.316
20.934
7262.41
1140.34
234.968
51.8391
9.08969
7973.77
2180.56
519.96
116.157
20.2342
6623.59
1081.96
230.223
51.6111
9.11708
6772.85
1940.56
474.692
107.74
18.9396
6794.31
1091.64
229.479
51.1164
9.00031
7092.61
2027.65
491.625
110.708
19.3603
6571.62
1084.19
231.871
52.1196
9.2171
6687.65
1906.7
467.031
106.36
18.7508
6568.12
1079.54
230.788
51.9147
9.17484
6721.6
1903.85
465.346
106.262
18.7071
30562.3
43490.4
42474.9
29642.4
17316
18202.6
25648.9
26735.9
20060.5
22499.1
32108.8
43763.6
40521.9
53680.1
26366.7
30060.1
20690.3
22079.9
11191
12265.6
4896.01
3346.26
1116.74
912.08
1007.92
906.697
1057.06
4888.92
4973.09
3093.29
4385.4
4304.9
1966.07
2610.8
2438.53
1680.15
1907.32
1607.67
4383.93
2561.15
1778.79
1597.85
1941.13
1715.52
1402.69
1353.49
1304.07
1170.42
1502.39
1374.94
4535.37
2886.99
3260.15
2206.75
1885.01
2517.54
1432.46
1188.6
1550.72
10126.2
10597.2
11331.5
13627.9
25193.6
7554.12
9000.82
10319
12235.6
14971.5
2959.38
4282.34
5332.68
6078.35
6475.01
2429.78
3540.1
4426.17
5047.55
5370.16
2681.31
3896.79
4858.14
5525.62
5869.22
2416.32
3521.19
4400.58
5013.58
5329.56
2808.06
4074.28
5076.6
5777.54
6142.15
10448.1
11123.4
11502.6
13055.7
23021.5
10604.4
11118.8
11307
12249.8
14782.8
7233.25
8864
9969.62
11133.5
12437.7
9658.12
10490.4
10637.8
10982.8
11582.6
9461.72
10335.8
10385.4
10449
10661.1
4967.6
6724.82
7963.62
8841.08
9358.64
6305.36
8029.84
9130.57
9973.5
10585.3
5954.8
7671.37
8718.16
9394.76
9779.74
4329.5
6014.41
7239.26
8075.16
8524.06
4833.43
6556.64
7742.17
8528.46
8949.05
4163.74
5820.58
7028.94
7840.01
8261.75
9565.24
10552
11240.9
13069.9
23265.3
6200.1
7989.28
9327.5
10634.5
11940.3
4559.95
6302.74
7593.91
8534.51
9095.39
4140.11
5811.1
7088.2
8023.92
8571.41
4913.46
6698.31
8048.51
9131.97
9895.5
4416.22
6157.6
7511.16
8563.43
9232.77
3672.44
5234.89
6470.16
7385.91
7912.74
3556.94
5087.71
6283.21
7137.84
7604.23
3435.39
4921.76
6063.64
6847.4
7252.82
3098.34
4471.3
5543.7
6286.72
6671.75
3916.79
5533.21
6753.05
7601.63
8058.43
3608.54
5148.28
6336.56
7172.77
7622.53
9630.39
10385
11159.8
13294.2
24285.5
6737.88
8367.89
9759
11478.9
13613.5
7720.11
9378.32
10566.4
12415
16044.1
5476.55
7323.81
8810.38
10214.5
11418.5
4796.45
6601.67
8026.49
9219.09
10066
6107.61
7919.63
9338.93
10795.9
12277.3
3747.01
5331.15
6572.55
7483.15
8001.91
3143.02
4531.7
5621.94
6387.8
6792
4029.72
5682.36
6963.01
7912.09
8469.46
16900.9
11193.3
17438.6
12414.3
22567.7
32110.4
23548.6
31923.9
17969.3
19103.6
15358.4
18377.3
20402.9
19520.9
25836.9
21299.8
13014.9
12111.8
6368.92
5416.89
14209.9
12938
7327.28
5964.21
17578
19045.2
18056.7
16541.9
18372
12090.7
10113.9
11668.6
16576.2
16550.9
34277.3
35875.9
24047.5
25280.6
14639.4
12015.1
16004.7
11095
7749.72
7492.31
12670.2
13971.5
5305.56
5769.37
13974.7
15879.2
6632.74
7302.84
13379.3
18600
7772.08
11941.3
2723.43
6625.4
2030.65
4583.73
16903.9
19447.3
16813.2
19780.6
18474.4
18859.6
19377.3
19305.7
15286.9
19454.2
17345.4
19181.5
16522.4
19923.6
16632.1
20114.8
20036.7
19494.4
20361.5
19649.2
13562.7
19590.6
12895.5
19742.5
16931.8
19918.2
20632.6
28554.7
18432.6
23522.3
20674.3
31202.7
15666
17123.8
20605.1
27363.2
15244.1
15689.2
20783.8
27097.3
17368.3
18794.3
21674.8
32057.6
17520.6
17972.2
23231.6
32523
17338
17078.2
25063.9
32365.4
17167.2
18066.7
18198.2
19217.2
28593.1
17425.4
16197.4
19463.8
17621.6
32616.3
18163.5
18891.2
18607.6
19969.3
35382.2
10622.6
9792.95
9738.74
12501.8
11625.3
10732.8
10106
12875.6
12790.5
11186.2
10597.1
13205
17026.9
16612.8
15887.7
15637.4
18167.3
17168.8
14923.3
13540.6
11128.3
13816.6
18000.9
18071.8
18979.7
19326
18061.9
17146.9
16240.6
14505.2
10985.4
13401.1
20659.1
23471.9
21499.4
25077.6
19624.7
20774.5
20249.5
22018.7
19776.6
20093.2
19227.4
19066.4
21809.3
25786.3
22029.4
26152.6
20192
22842.9
20378.2
23162.3
20117.4
20407.9
20313.2
20648
16784.9
15870
10886.5
11945.1
16664.5
15361.7
10828.8
11932.8
17093.4
15971.5
11107.3
12062.3
17247.7
15939.5
11468.5
12132.2
9023.07
9168.3
3852.82
3563.46
10072.3
9775.62
4321.87
4150.46
9838.22
9273.11
4937.62
4785.1
16615.7
16298.7
16026.8
16231.2
15801.2
15442.2
11777.1
10634.5
5817.27
4842
18680.4
18132.6
19716.4
19125
15457.4
14474.7
10992.7
9552.54
5367.02
4092.98
20203.4
19359.8
24630
21654.2
22605
20284.7
30793
23352.3
18165.5
14642.4
19710
15294.9
18101.9
15011.2
19814.5
15568.2
18333.6
16360.7
16934.3
15927.4
18989.8
19990.1
24117.7
25366.7
26578.1
28262.3
19392.9
21073.3
17835.9
18034.5
21027.3
22538.7
11430
7426.6
11763.3
7649.04
11773.9
7339.46
11938.9
7472.67
12021.2
7247.02
12192.8
7712.07
12238.6
8032.17
12804.5
7947.48
15933
15661.5
17463.3
16018.6
18440.1
17813
20055.6
18429.6
16947.5
13478.6
16243.6
13413.1
18696.3
16249.2
19537.3
16339.5
21428.9
18781.9
22026.2
18925.6
17493.6
13573.3
17979.3
13601.5
11242.9
6794.79
10543.2
5300.3
10833.7
6533.23
10551.5
5183.59
11573.8
7108.52
10545.2
5339.26
11755.9
7376.38
10445.4
5267.28
11164.9
11864.3
6786.17
5968.14
11434.3
12065.5
6638.73
5903.35
11594.2
11634.4
6425.34
5836.35
14248.5
16961.1
14817.7
10522.1
6211.38
15788.5
14767.2
16344
10812.6
5906.75
17434.5
15418.4
13519.2
10804.6
5073.96
13248.7
15529.8
6181.66
7404.68
13075.3
14959.5
6079.35
7213.42
12111.8
13479.3
5659.73
6139.83
15826.4
15329.6
14392
14319.9
14873.4
16074.4
11313.8
12971.8
5343.33
5444.11
16031.8
15065.1
14511.9
13780.4
12992.4
13152.8
10490.5
11387.2
4650.39
6043.25
14158.1
12691.4
14217.3
12083.8
15946.3
13936.1
16452.7
14078.7
12263.2
11079.7
12334
11896.6
14320.1
11787.7
14364.2
11735.8
16770.5
14544.5
16878.2
14661
12356.3
10572.1
12317.2
10569.1
9364.43
8999.33
4529.76
6221.7
9649.54
9731.59
4646.56
6658.9
9523.9
8779.7
4444.42
6431.51
9692.81
8614.56
4610.98
6322.42
20306.9
20406.7
31076.8
25192.7
19175.4
19531.1
29625.5
23913.5
16660.5
17753.6
26939.5
22064.1
15195.9
14924.7
14347.3
14454.9
17070.1
18003.5
16600.9
16999.2
24564
20187.6
14513
14104.8
13794.8
13990
14640.9
15433.6
16578.9
16475
24443.4
18700.4
3376.6
1353.59
588.817
302.993
3694.06
1522.04
647.792
313.504
3229.25
1262.91
545.536
278.583
3619.64
1470.83
618.974
290.365
2950.99
1081.14
481.952
247.056
3490.23
1347.23
584.728
269.007
3650.21
1352.07
520.683
216.694
3568.02
1258.18
419.299
137.724
2707.7
919.13
416.828
210.435
1178.55
227.894
150.408
112.67
2280.14
756.445
377.564
214.309
1008.05
232.492
164.695
124.639
2940.46
999.749
397.085
167.943
1238.42
217.093
120.169
81.3936
2987.24
994.531
347.772
114.443
1182.51
186.286
78.2594
35.9872
2697.92
1030.42
484.311
280.228
1507.76
543.263
333.942
245.404
2494.83
934.108
443.921
259.487
1365.12
490.946
313.899
233.984
2206.2
779.842
385.905
232.077
1264.5
428.054
283.39
210.336
1606.24
494.423
264.854
180.021
1047.47
317.044
231.9
169.287
745.822
203.47
151.237
116.173
-334.179
48.6928
173.475
55.5457
-3283.39
-297.996
86.256
47.9159
-261.008
53.6398
165.478
53.9338
-3008.07
-282.729
81.4238
45.8887
-141.196
42.8364
145.513
44.0973
-2628.78
-280.551
67.5582
39.6283
-146.244
-10.6763
119.116
40.8809
-2522.61
-324.843
40.6386
31.5845
-461.186
-138.965
67.9182
37.9569
-3231.16
-457.166
-2.55801
21.7439
-1074.22
-419.65
-11.6153
28.9468
-4618.06
-807.214
-120.553
-4.82573
-854.772
-300.063
34.4736
36.6706
-4405.88
-658.027
-60.9789
8.96946
-1242.22
-510.045
-57.9485
15.4405
-4839.39
-914.805
-170.312
-19.448
-1293.89
-565.06
-107.996
-3.78225
-4731.2
-975.084
-215.386
-35.4011
194.489
116.767
66.7283
34.0293
10.4124
185.947
112.475
64.4055
32.8678
10.0588
180.745
106.723
60.8599
31.0244
9.4925
166.91
98.7419
56.2984
28.7042
8.78303
163.405
93.9604
53.454
27.2419
8.335
143.312
82.2288
46.6613
23.7638
7.26932
104.517
58.3912
32.7923
16.6454
5.08689
49.3341
24.2094
12.8343
6.38139
1.93696
122.132
72.9425
41.4997
21.1532
6.47231
96.4035
62.4589
36.127
18.4849
5.65964
146.613
85.1639
48.4737
24.7135
7.56175
125.692
74.8689
43.0146
21.9739
6.72407
84.4651
50.8322
28.8584
14.6938
4.49463
57.0446
42.0358
24.6789
12.6691
3.88358
34.9517
18.6001
10.2463
5.15781
1.5704
9.30935
13.6766
8.55132
4.43338
1.36002
206.412
121.288
68.9438
35.1119
10.7405
222.032
124.551
70.3295
35.7741
10.9404
196.38
113.942
64.6908
32.9409
10.0767
213.608
118.829
67.054
34.1072
10.4314
180.399
102.135
57.9328
29.5071
9.02793
197.109
108.121
61.0211
31.0528
9.49993
161.825
90.294
51.3433
26.1765
8.01118
177.12
95.0346
53.8477
27.4415
8.40128
146.303
82.7848
47.3215
24.146
7.38647
10454.7
13732.5
10521.9
13755.7
10666.8
13785.9
10527
13654.5
9881.66
13027
9238.41
10328.9
9236.23
10692
9315.26
10315.5
9500.11
10493.1
7990.04
1324.79
277.188
61.3155
10.7607
8604.31
2423.15
581.045
130.32
22.8724
7966.05
1304.58
271.908
60.0283
10.5163
8577.45
2395.9
573.944
128.34
22.3528
7883.06
1284.26
266.846
58.8269
10.2993
8498.39
2363.48
565.406
126.285
21.9932
7686.54
1235.63
255.629
56.3488
9.87123
8308.57
2299.56
549.786
122.836
21.3959
7279.82
1144.58
236.575
52.3355
9.19194
7888.12
2185.66
524.327
117.53
20.5107
6618.92
1081.19
230.22
51.6631
9.13403
6758.94
1938.62
474.834
107.918
18.9906
6799.35
1091.95
229.85
51.2917
9.04341
7072.83
2027.31
492.951
111.275
19.4913
6565.27
1083.32
231.782
52.1276
9.22277
6676.46
1904.73
466.836
106.388
18.7664
6565.35
1079.16
230.741
51.913
9.17588
6717.1
1903.05
465.238
106.26
18.7099
30132.4
43204.1
41491
28355.9
22128.1
26289.2
21418.2
26204.3
24962.6
39494.9
26427.6
40409.8
398.566
417.626
459.867
527.638
624.949
756.02
414.525
433.95
476.803
544.901
640.719
766.87
386.425
380.42
406.789
402.895
452.03
452.992
525.175
535.404
629.007
651.164
762.319
788.301
925.043
1135.68
1401.96
1746.56
2139.11
2420.7
925.391
1116.82
1340.92
1587.88
1821.3
1971.93
1067.48
1567.18
1971.02
2254.59
2400.78
1118.39
1641.61
2064.27
2360.95
2513.88
1231.21
1806.55
2270.94
2596.77
2764.71
1412.03
2070.52
2601.35
2973.62
3165.49
1671.1
2447.59
3072.36
3510.38
3736.36
2018.56
2950.45
3698.27
4223.11
4494.81
1110.15
1629.67
2049.45
2344.19
2496.13
1161.98
1705.36
2144.18
2452.18
2610.96
1276.33
1872.32
2353.21
2690.63
2864.57
1457.82
2136.86
2684.07
3067.96
3265.99
1712.54
2506.96
3146.04
3594.63
3826.5
2046.43
2989.33
3746.26
4278.88
4555.59
1035
1519.59
1911.28
2186.33
2328.13
1018.93
1496.05
1881.71
2152.54
2292.17
1089.43
1599.23
2011.12
2300.26
2449.3
1079.02
1584
1992.01
2278.44
2426.07
1210.32
1776.1
2232.84
2553.3
2718.44
1212.91
1779.93
2237.68
2558.81
2724.29
1405.58
2061.35
2590.02
2960.67
3151.64
1432.93
2101.36
2640.13
3017.72
3212.22
1682.17
2464.15
3093.17
3533.75
3760.78
1741.23
2550.13
3200.28
3655.24
3889.48
2035.86
2976.29
3730.19
4257.9
4530.24
2104.95
3076.3
3853.63
4396.44
4675.9
2462.82
3586.35
4485.01
5119.12
5450.9
3007.36
4349.72
5420.4
6188.48
6602.12
3674.34
5248.03
6502.04
7438.24
7977.7
4489.74
6267.28
7690.63
8846.16
9611.17
5340.83
7202.86
8713.04
10100.5
11217.4
5922.49
7796.68
9339.37
10887.8
12283.6
2462.76
3584.97
4483.84
5120.53
5455.18
2958.98
4283.37
5342.32
6103.33
6513.01
3527.63
5062.59
6289.21
7194.98
7704.4
4134.45
5860.5
7242.04
8307.23
8949.02
4685.18
6546.54
8041.86
9255.85
10049.2
5032.09
6965.49
8525.27
9837.28
10739.9
401.66
427.047
476.028
551.204
656.765
797.002
417.683
443.533
493.123
568.39
671.713
805.227
389.578
383.7
416.425
412.953
468.682
470.49
549.754
561.531
662.501
686.364
806.978
836.323
974.415
1189.18
1452.38
1784.09
2158.89
2426.24
969.623
1163.41
1384.54
1622.47
1842.7
1979.03
1075.8
1579.51
1986.67
2272.62
2420.05
1143.76
1679.22
2112.04
2416.03
2572.8
1274.8
1871.3
2353.37
2691.99
2866.66
1475.75
2165.54
2722.81
3114.39
3316.5
1757.48
2577.26
3239.2
3704.78
3945.5
2130.55
3120.27
3918.95
4482.26
4774.81
1118.66
1642.29
2065.5
2362.7
2515.95
1187.83
1743.74
2193.02
2508.6
2671.35
1320.41
1937.92
2436.91
2787.48
2968.39
1521.41
2231.9
2805.8
3209.28
3417.73
1796.77
2633.6
3309.22
3785
4031.44
2151.25
3148.29
3952.85
4521.51
4817.78
1043.48
1532.14
1927.17
2204.62
2347.67
1027.76
1509.09
1898.22
2171.53
2312.45
1115.36
1637.62
2059.81
2356.35
2509.26
1106.08
1624.04
2042.77
2336.87
2488.53
1255.21
1842.69
2317.52
2651.03
2823.03
1260.07
1849.89
2326.6
2661.42
2834.09
1472.01
2160.34
2716.46
3107.12
3308.69
1503.58
2206.7
2774.76
3173.76
3379.59
1773.15
2600.8
3269.11
3738.84
3981.49
1837.05
2694.54
3386.83
3873.27
4124.45
2158.07
3162.04
3972.1
4542.45
4837.94
2236.79
3277.72
4117.28
4707.79
5013.32
2599.15
3796.37
4762.03
5448.17
5808.68
3157.57
4586.75
5739.83
6574.11
7025.2
3820.3
5487.74
6835.79
7850.95
8436.87
4605.26
6470.05
7986.37
9224.6
10041.9
5409.16
7334.18
8913.8
10366.8
11529.9
5944.13
7841.46
9409.95
10983.7
12398.5
2584.62
3772.05
4729.84
5412.11
5771.86
3088.84
4486.21
5613.26
6428.35
6868.4
3651.36
5260.53
6559.15
7523.92
8067.4
4235.1
6026.69
7474.37
8595.76
9271.22
4749.47
6656.36
8199.01
9454.57
10274
5053.94
7003.69
8580.73
9908.2
10820.9
4876.62
3344.82
1179.91
967.161
1081.04
967.467
1126.36
4525.63
4429.6
3000.29
3749.03
2007.04
2545.27
1744.62
1901.67
1655.95
4223.31
2568.82
1845.95
1672.99
1999.33
1780.23
1464.81
1428.74
1395.3
1258.04
1583.91
1456.92
4478.28
2891.94
3223.77
2237.36
1936.17
2534.83
1501.91
1264.03
1623.12
10123.3
10652.3
11438.9
13804
25517.7
7568.32
9050.93
10409.1
12369.6
15147.3
3137.83
4566.38
5718.24
6546
6989.19
2582.27
3775.92
4738.32
5419.24
5774.78
2885.96
4218.59
5290.85
6047.13
6440.67
2584.82
3782.5
4747.42
5427.5
5780.69
3003.14
4383.35
5494.47
6282.79
6696.53
10178.6
11739.2
12974.6
15349.8
26637.3
10197.3
12034.3
13515.6
15618.3
19054.9
7284.7
9496.68
11299.9
13108.2
14847.3
9157.61
11445.5
12986.8
14627.5
16054.9
5199.77
7319.7
8991.14
10258.8
11012.7
6404.01
8692.35
10476.6
11941.6
12933.8
4582.28
6559.36
8125.16
9265.74
9897.48
4967.39
7060.19
8707.19
9917.26
10598.8
4367.64
6284.18
7804.07
8897.09
9488.98
9455.79
10931.5
12163.6
14526.1
25682
6357.72
8493.33
10250.9
11952.6
13533.2
4812.58
6831.71
8442.32
9668.23
10401.7
4385.22
6269.13
7782.05
8924.85
9596.67
5140.94
7185.84
8838.29
10196.2
11133.3
4628.4
6555.84
8116.59
9353.32
10136.2
3856.11
5544.49
6909.64
7935.95
8528.24
3780.43
5466.85
6823.79
7815.1
8361.14
3706.96
5384.43
6726.56
7681.39
8187
3349.43
4879.06
6106.93
6978.44
7437.2
4181.09
6024.94
7496.34
8564.36
9150.82
3856.84
5579.09
6960.19
7960.9
8506.66
9622.38
10556.9
11500.9
13842.9
25290.5
6792.75
8520.98
10023.7
11860
14096.3
7761.93
9682.65
11178.2
13346.5
17308.6
5596.17
7576.47
9216.77
10768.2
12076.2
4970
6936.44
8543.43
9902.44
10856.4
6246.48
8312.03
10040.9
11797.1
13495.2
3955.92
5690.61
7090.12
8136.19
8735.1
3360.5
4887.42
6115.4
6994.93
7464.14
4257.26
6092.54
7571.68
8693.89
9355.07
11600.5
10820.3
9505.07
7766.02
5542.43
2146.45
17263.3
17620.7
19985.2
20566.7
17021.2
18144.6
19197
18710.9
14150.4
17298.7
14795.1
17852.5
17042.2
15395
23649.5
16661.2
16892.3
18950
19312
16182.2
17289.7
18442.3
18137.8
14132.8
20910.6
14704.3
20865
17257.2
18705.2
25420
16021.9
16137.3
17669
17808.8
15615.3
17098.4
17463.3
17616.1
16271.8
18614.8
17018.6
18669.1
18807.8
20652.2
23021.4
15482.3
15616.7
16606
16602
15385.9
17110.9
16554.8
16966.7
15384.1
16401.2
16113.7
16039.1
17360.5
18773.2
20091.6
14904
15070
15946.1
15866.4
15275.7
17163.7
16028.5
16615.2
14695.9
13673.4
15456.1
13186.3
16125.4
16041.7
16785.7
14705.1
14909.8
15539.3
15432.1
15051.5
16640.5
15724.1
16225.3
14140.3
11871.6
14725.3
11682.7
15133
14274.6
15337.4
19720.2
19008.6
20830.7
21821.6
18481.7
18603.1
19515.4
18770.1
17307.1
12270.4
17358.9
12451
15373.4
14193.4
16405.5
18754.4
18261.4
19363.3
19995.1
18020
18292.5
18523.6
17908.1
16267
11962.7
16334.7
12147.5
14254.9
12700.6
15295.2
17559.5
17298.1
17660.7
17938.7
17224.5
17494.8
17289.3
16958.7
15728.6
12154.3
15588
11972.9
13923.6
11654.8
15548
16582
16461.7
16510.7
16606
16449.2
16658
16445.2
16201.8
15383.2
13367.1
15323.9
13117.8
13906.8
12232.1
16782.1
16290.5
16230.8
16006.3
16025.1
16036.3
16231.1
16059.4
15939.8
15751.7
15387.7
15713.7
15328.6
14560.2
13339.8
18333.8
16082
16020
15784.5
15781.4
15845.7
16215.8
15797.7
15795.5
16049
16662.1
16078
16619.9
15047.5
14290.6
19604.2
10590.4
6007.47
17465.9
11440.2
19043.8
14052.5
29800
36890
39134.9
47858.5
25377
21999.6
16117.2
12781.9
7849.86
5221.69
18122.3
18678.6
15560.4
18389
24408.7
21974.6
28087
22876.3
7471.61
5430.08
4132.32
3085.69
9121.72
7484.67
5527.92
4482.54
16560.2
17266
16975
14452.5
13335
10335.4
10307.3
11708.6
16688.9
16591.6
34803.5
35999.1
24757.6
25479
14118.4
11907.6
15412.5
10995.5
7171.86
7354.84
5696.34
7772
2947.98
3503.5
7976.65
10683.8
4745.74
5480.82
8895.99
14610.1
6145.8
9950.65
2350.5
5944.13
1956.79
4451.38
16652.2
20666.7
17062.6
20493.7
20339.1
20700.7
20565.3
20340.8
14475.8
19683.3
14978.2
19499.4
16751.7
20306
16718.9
20239.3
20652.5
20026.1
20544.7
19814.9
13344
19738.6
12869
19798.1
16140.4
18739.2
20447.6
28198.2
17088.6
21489.5
20250.6
30423.4
15313.2
16566.9
20546.3
27214.7
15156.6
15537.7
20778.2
27060.8
4507.06
5840.57
11458.3
19756.1
5762.41
6488.68
15144.8
22966.6
7287.22
7346.67
19426.7
26077.1
23129.5
25009.6
19301.2
18364.3
25930
25332.7
23796.1
19790.8
16949
29394.7
22955
22573.8
19902.6
19416.3
33979.1
1782.58
2144.73
3751.79
8321.36
2613.08
2920.72
5404.92
9629.36
3957.63
3345.13
7460.88
11310
25389.8
25657.8
22787.5
22911.9
19218.9
18037.2
14409.4
12958.4
9939.28
13511.1
22962.6
22662.4
23018.5
23069.9
19784.7
18845.2
16126.4
14612.8
10645.5
13799.6
22623.5
25742.7
22504.9
26300.5
21975.7
23117.7
21390.9
23178.8
20353.5
20825.3
20208
20254
22304.6
26383.1
22180.8
26331.2
20729.8
23407.7
20538.4
23327.8
20431.1
20785
20413.2
20761.9
16965
16176.9
10881
12033.9
16830.7
15723.8
10697.1
11989.8
17220
16153
11130.2
12128.9
17293.2
15998.4
11481.6
12158.1
1516.2
1074.65
769.633
915.238
664.639
625.713
2127.1
1358.36
1063.98
1847.2
1538.66
1365.05
2546.83
2261.73
2330.16
3267.96
2773.01
2541.21
25312.1
23645.2
22340.3
23064.9
22037.1
21057.8
16415.4
15708.1
15331.4
10951.7
9871.34
9435.85
4958.4
3831.19
3324.36
22718.5
21809.5
20812.5
23052.1
21739.3
20559.5
16867.5
15062.8
14004.7
10872.6
9093.34
8381.28
5285.53
3827.68
3152.19
24703
24467.7
26756.1
24207.2
27724
24428.7
33353
25562.3
18770.7
19203.8
18409.9
17027.9
21356.7
20106.1
20787.5
17550.4
20375.3
20451.4
19154.8
20854.6
25665.1
22604.8
25407.7
25760.6
27665.1
28581.5
20679.4
21530.5
18829.8
18319.4
22513.4
23035.7
14436.4
6436.82
13203.7
7306.52
14660.3
6454.93
13085.5
7165.55
14709.1
6504.07
13307.3
7583.27
12873.2
8030.74
13007.2
7952.1
19672.8
16941.6
19321.4
16813.3
21845.3
19897.1
21867.5
19595
18712.9
13769.1
19815.4
13681.1
19619.4
16673.5
19812.1
16468.4
22317
19372.4
22285.2
19104.8
18364.7
13757.4
18231.6
13658.6
11643.1
6416.48
10340.3
4941.11
10884.8
5525.99
9952.67
4413.07
11885.2
6975.02
10482
5173.44
11865
7345.41
10428.9
5212.85
1815.7
655.014
2458.24
80.2353
1979.03
966.121
2656.77
501.272
2577.92
1799.04
3104.51
1405.66
12074
19297.8
8242.25
7636.84
3914.27
19046.7
12979.4
7038.32
6980.59
2757.34
19722.8
15379.9
11967.6
8723.91
3506
72.7858
-42.8811
-1029.3
-1333.53
433.505
144.132
-472.747
-783.906
1239.04
1053.71
425.148
-56.9973
19693.5
19701.7
13230.3
13340.7
8224.3
9071.51
6651.97
6781.17
1911.36
1214.39
18351.3
17252.3
14186.2
13077.8
10875.9
10376.4
7689.21
7670.27
2857.83
3632.15
14466.9
12349.3
14525.8
11973.5
17357.6
14906.3
17262
14577.2
12095.8
10513.1
11711.1
10610
14515.2
11739.7
14424.8
11722.6
17177.2
14788.1
16999.8
14730.3
12336.6
10325.1
12324.7
10506.3
8863.68
8192.26
4053.66
5488.86
8507.11
8039.8
3697.76
5173.93
9324.1
8419.3
4224.69
6038.28
9635.45
8508.53
4535.46
6197.9
2444.93
2182.94
1797.61
12345.1
6095.1
4822.1
2284.17
2352.11
2085.55
12944.2
7033.77
5824.11
3081.53
3565
3650.24
13570.3
8483.29
7449.3
19422.8
18918.6
18378.8
13683.5
13954.3
14007
10357.3
10819.2
11050.2
9563.61
9633.74
9508.45
14789.4
10214.3
9166.58
16469.4
15919
15418.6
12744.5
12558.3
12357.1
11165.2
10970.6
10708.3
11630
10661.4
9954.15
17873.3
11443.4
10240.7
2009.89
408.67
-5.07923
-145.386
2688.51
711.862
96.3026
-107.328
1982.93
382.443
4.30217
-129.418
2776.74
769.534
145.389
-72.492
1879.64
305.461
14.0856
-103.944
2833.16
782.016
190.668
-33.5174
3267.81
997.333
248.83
-3.53513
3439.65
1134.83
327.954
61.1417
2144.94
473.566
93.5569
-59.9921
802.494
-86.6142
-71.983
-89.1605
1389.19
120.918
-37.6828
-110.205
390.146
-255.571
-127.498
-110.625
2631.07
734.694
192.909
-6.64429
1036.36
40.884
-20.9918
-58.228
2891.54
905.685
277.145
52.9946
1118.77
128.911
29.6782
-12.0951
636.525
-109.454
-162.711
-196.066
-1065.75
-768.114
-366.069
-260.717
573.526
-148.326
-161.154
-183.662
-1012.4
-750.717
-351.646
-250.504
564.267
-186.52
-153.511
-167.524
-720.164
-663.043
-314.032
-225.965
338.308
-317.056
-194.199
-167.079
-497.03
-615.631
-267.141
-177.657
-175.503
-460.112
-209.826
-142.691
-3066.16
-1326.18
-472.639
-90.7267
-5654.5
-1678.09
-570.759
-139.266
-2797.95
-1241.36
-448.608
-88.5083
-5248.47
-1576.33
-544.852
-133.987
-2291.82
-1092.7
-396.403
-71.0328
-4573.34
-1411.43
-493.419
-119.927
-1706.56
-929.56
-358.076
-67.3639
-3927.75
-1244.21
-442.058
-107.635
-1397
-803.279
-316.32
-71.3904
-3974.65
-1143.77
-395.033
-96.8406
-1348.44
-695.423
-252.974
-62.6068
-4725.3
-1098.82
-329.507
-78.309
-1370.37
-743.728
-287.422
-67.7449
-4719.46
-1123.02
-355.714
-85.736
-1375.53
-659.761
-206.01
-44.4482
-4865.68
-1072.2
-293.526
-65.2
-1331.58
-612.7
-157.11
-24.2272
-4731.88
-1024.23
-255.401
-50.5744
-177.037
-115.223
-67.2124
-34.4404
-10.5485
-153.292
-107.967
-64.4045
-33.2258
-10.1949
-164.62
-104.758
-61.024
-31.2652
-9.57671
-132.283
-93.4037
-55.8158
-28.8161
-8.84465
-152.412
-92.857
-53.6815
-27.4558
-8.40744
-109.265
-77.1746
-46.135
-23.8269
-7.31525
-69.6483
-52.3655
-31.9274
-16.5994
-5.10707
-14.7343
-17.5932
-11.711
-6.24891
-1.93777
-110.459
-71.3633
-41.5009
-21.276
-6.5208
-126.441
-66.1978
-36.8426
-18.6914
-5.71544
-149.678
-86.1222
-48.962
-24.9439
-7.63191
-162.14
-79.5765
-43.9586
-22.2487
-6.79794
-69.2824
-48.3052
-28.5482
-14.7172
-4.51876
-87.2496
-45.2743
-25.1717
-12.7925
-3.91518
-18.4019
-15.7961
-9.76911
-5.11558
-1.5794
-40.2977
-16.7775
-8.91416
-4.50351
-1.3789
-215.603
-124.36
-70.185
-35.6338
-10.8881
-268.501
-131.672
-72.1321
-36.3756
-11.0969
-207.719
-116.808
-65.6978
-33.3349
-10.1851
-260.408
-125.554
-68.6283
-34.5984
-10.5548
-196.957
-105.438
-58.9063
-29.8568
-9.12157
-244.523
-114.55
-62.4552
-31.4857
-9.60657
-193.465
-95.248
-52.4449
-26.5093
-8.09499
-228.053
-101.151
-55.1309
-27.8077
-8.48645
-193.906
-88.3057
-48.4283
-24.4662
-7.47137
8191.62
12506.8
8717.73
12905.7
9443.13
13388.6
10006
13771.7
9743.2
13409.8
9227.66
10362.8
9168.1
10732.8
9321.45
10343.6
9504.85
10504.5
7223.87
1224.96
259.863
57.9224
10.207
8014.33
2271.57
548.609
123.758
21.8015
7353.27
1230.68
259.309
57.5521
10.1103
8153.68
2279.07
548.01
122.973
21.4706
7508.26
1237.02
258.13
56.9949
9.98642
8302.61
2291.75
547.475
122.302
21.311
7545.4
1215.26
251.058
55.2491
9.66929
8312.48
2270.2
539.845
120.306
20.9317
7262.63
1140.36
234.97
51.8386
9.08948
7973.94
2180.58
519.956
116.153
20.2333
6623.91
1082.01
230.232
51.6129
9.11736
6773.16
1940.64
474.709
107.744
18.94
6794.6
1091.68
229.486
51.1174
9.00042
7092.89
2027.71
491.635
110.709
19.3603
6571.94
1084.24
231.881
52.1219
9.21747
6687.98
1906.79
467.052
106.364
18.7515
6568.45
1079.59
230.8
51.9171
9.17525
6721.94
1903.94
465.368
106.267
18.708
30563.4
43494.8
42482.6
29644.5
17051.3
17880.8
25650
26728.3
20087.8
22524.3
32136.3
43788
40565.8
53716.2
26403.2
30096.1
20663.1
22045.9
10769.7
11788
4895.96
3346.2
1116.71
912.05
1007.89
906.668
1057.03
4888.92
4973.08
3093.26
4385.38
4304.9
1966.04
2610.77
2438.5
1680.11
1907.29
1607.64
4383.92
2561.12
1778.75
1597.82
1941.09
1715.48
1402.65
1353.46
1304.03
1170.39
1502.36
1374.91
4535.34
2886.95
3260.12
2206.7
1884.97
2517.5
1432.42
1188.57
1550.68
10126
10596.9
11331
13627.3
25192.4
7553.95
9000.54
10318.6
12235.1
14970.8
2959.29
4282.2
5332.5
6078.13
6474.77
2429.7
3539.98
4426.02
5047.37
5369.97
2681.22
3896.66
4857.98
5525.43
5869.02
2416.24
3521.07
4400.43
5013.4
5329.37
2807.97
4074.15
5076.43
5777.34
6141.93
10448
11123.1
11502.2
13055.1
23020.2
10604.3
11118.5
11306.7
12249.4
14782.2
7233.14
8863.8
9969.32
11133.1
12437.2
9658.04
10490.3
10637.6
10982.6
11582.3
9461.67
10335.7
10385.3
10448.9
10661
4967.5
6724.66
7963.39
8840.81
9358.33
6305.26
8029.67
9130.33
9973.21
10585
5954.72
7671.23
8717.97
9394.54
9779.5
4329.41
6014.26
7239.06
8074.91
8523.79
4833.34
6556.49
7741.97
8528.23
8948.79
4163.65
5820.43
7028.74
7839.78
8261.5
9565.13
10551.7
11240.5
13069.2
23264
6199.98
7989.07
9327.18
10634
11939.8
4559.85
6302.57
7593.68
8534.23
9095.07
4140.01
5810.93
7087.96
8023.64
8571.1
4913.35
6698.12
8048.25
9131.64
9895.11
4416.1
6157.41
7510.9
8563.11
9232.4
3672.33
5234.72
6469.93
7385.63
7912.43
3556.84
5087.55
6283
7137.59
7603.95
3435.3
4921.62
6063.46
6847.17
7252.58
3098.25
4471.16
5543.52
6286.51
6671.53
3916.69
5533.06
6752.84
7601.38
8058.16
3608.44
5148.12
6336.35
7172.52
7622.27
9630.24
10384.7
11159.3
13293.5
24284.3
6737.73
8367.64
9758.63
11478.4
13612.9
7719.98
9378.05
10566
12414.4
16043.3
5476.41
7323.58
8810.05
10214.1
11418
4796.33
6601.46
8026.2
9218.73
10065.6
6107.48
7919.4
9338.6
10795.4
12276.7
3746.9
5330.98
6572.32
7482.87
8001.61
3142.92
4531.56
5621.75
6387.58
6791.76
4029.61
5682.18
6962.78
7911.8
8469.14
16868.6
11123.3
17442.4
12435.5
22555.5
32076.1
23588.9
31988.1
17969.5
19103.6
15362
18378
20397.8
19518.7
25824.6
21296.8
12959.5
12053.3
6294.58
5341.87
14217.5
12944.2
7349.75
5990.89
17583
19047
18056.4
16542.6
18377.2
12104
10114.9
11669.7
16576.9
16552.1
34276.9
35878.5
24046.6
25281.5
14643.4
12017.1
16007.5
11096.5
7754.47
7494.06
12602.9
13884.5
5229.76
5685.55
13981.6
15893
6654.26
7323.36
13385.2
18607.8
7783.66
11952
2726.32
6629.58
2031.4
4585.05
16904.8
19447.7
16814.9
19781.2
18473.3
18859
19376.3
19305.4
15292
19455.7
17348.5
19182.9
16523.4
19924.2
16632.9
20115.5
20036.4
19494.4
20361.9
19649.5
13565.3
19591.8
12896.7
19743.6
16935.1
19923
20634.8
28557.6
18435.4
23527
20676.6
31206.1
15668.5
17127.1
20606.9
27365.7
15245.9
15691.5
20785.4
27099.4
17324.8
18775.9
21599.9
31995.6
17518.6
17964.3
23243.1
32536.4
17339.8
17077.8
25069.5
32370.2
17167.5
18065.8
18199.7
19219.1
28597
17424.6
16197.8
19464.4
17622.8
32620
18162.9
18891.4
18608.6
19971.3
35385.9
10627.2
9796.19
9719.54
12485.1
11620
10727.1
10112.8
12880.3
12789.5
11185.3
10598.5
13206
17026.5
16612.7
15887.8
15637.3
18167
17168.2
14923.9
13540.8
11129.4
13817.4
18000.4
18071.5
18979.8
19325.9
18062.5
17147.2
16241.7
14505.8
10986.5
13401.8
20659.3
23471.9
21499.6
25077.6
19624.2
20774.2
20249.2
22018.3
19777.3
20093.7
19228.1
19066.8
21809.5
25786.3
22029.7
26152.7
20191.9
22842.7
20378.2
23162.2
20118
20408.4
20313.8
20648.4
16785.9
15870.7
10887.3
11945.8
16665.7
15362.5
10829.8
11933.5
17094.3
15972.1
11108
12062.9
17248.5
15940.1
11469.2
12132.8
9028.06
9180.75
3895
3602.56
10063.5
9766.02
4323.61
4150.54
9837.26
9272.37
4937.65
4785.29
16615.7
16298.8
16026.7
16231.1
15800.7
15441.8
11777.1
10634.4
5817.35
4842.08
18680.2
18132.5
19716.3
19124.9
15457.4
14474.6
10992.9
9552.55
5367.17
4093.05
20198.9
19356.8
24622.6
21650.3
22597.3
20281.2
30775.7
23347
18191.8
14655.7
19734.4
15307.3
18100.2
15008.3
19813.4
15566.6
18329.9
16357.8
16931.4
15925.2
18986.8
19987.2
24115.2
25365.8
26576.1
28262.6
19390
21071.7
17834
18033.4
21024.6
22536.3
11441.1
7437.11
11774.5
7661.48
11772.7
7341.01
11938
7474.32
12020.1
7246.89
12191.7
7711.91
12237.4
8031.54
12802.9
7946.32
15931.1
15660.1
17461.2
16017.4
18438
17811.7
20053.3
18428.5
16945.7
13477.6
16241.8
13412
18694.9
16248.3
19536.5
16339
21427.7
18781.3
22026
18925.4
17492
13572.3
17977.8
13600.7
11241.7
6794.26
10542.4
5299.74
10832.6
6532.77
10550.6
5183.08
11572.6
7107.78
10544.4
5338.63
11754.6
7375.35
10444.5
5266.58
11171.9
11867.8
6794.77
5975.42
11432.5
12064
6639.32
5903.43
11593.1
11633.4
6424.98
5835.74
14247.3
16959.8
14816.3
10521.2
6210.88
15787.5
14766.2
16342.7
10811.7
5906.19
17433.3
15417.2
13518.1
10803.8
5073.47
13247.5
15541.2
6199.85
7465.5
13073.3
14948.8
6078.29
7208.15
12110.9
13478.7
5659.1
6139.62
15825.8
15329.4
14391.3
14319.6
14872.6
16073.9
11313.2
12971.4
5342.8
5443.75
16031.1
15064.7
14511.1
13779.9
12991.6
13152.2
10489.8
11386.6
4649.92
6042.84
14157.2
12690.8
14216.6
12083.3
15945.6
13935.7
16452.2
14078.3
12262.5
11079.1
12333.3
11896.1
14319.5
11787.3
14363.8
11735.5
16770.1
14544.2
16878
14660.8
12355.7
10571.6
12316.7
10568.7
9363.82
8998.85
4529.31
6221.26
9648.91
9731.1
4646.11
6658.46
9523.29
8779.23
4443.95
6431.06
9692.2
8614.11
4610.48
6321.94
20306
20408.3
31076.7
25206.2
19149.3
19506.9
29612.1
23906.6
16659.7
17752.6
26939
22063.8
15195.9
14924.7
14347.1
14454.7
17069.5
18002.8
16600.6
16998.7
24563.5
20187.3
14512.8
14104.7
13794.5
13989.7
14640.5
15433.2
16578.4
16474.6
24442.8
18700
3385.14
1357.95
590.967
304.1
3701.59
1526.12
650.048
314.857
3229.56
1263.08
545.662
278.659
3620.46
1471.23
619.189
290.454
2951.04
1081.2
482.022
247.098
3490.39
1347.35
584.816
269.049
3650.03
1352.03
520.685
216.692
3567.5
1257.98
419.214
137.673
2707.5
919.057
416.823
210.436
1178.27
227.748
150.345
112.635
2279.98
756.411
377.583
214.328
1007.81
232.392
164.658
124.619
2940.11
999.598
397.026
167.91
1238.07
216.901
120.076
81.3375
2986.71
994.289
347.661
114.378
1182.09
186.05
78.1353
35.9079
2707.87
1034.87
486.388
281.155
1518.79
546.996
335.604
246.086
2494.82
934.2
444.014
259.552
1364.65
491.085
314.002
234.05
2206.09
779.888
385.969
232.121
1264.19
428.111
283.465
210.381
1606.02
494.401
264.87
180.03
1047.2
317.044
231.934
169.303
745.584
203.406
151.216
116.154
-317.106
52.75
174.866
55.8934
-3258.59
-294.71
87.1374
48.1308
-261.914
54.0034
165.61
53.9752
-3009.77
-282.141
81.6395
45.9424
-141.699
42.9408
145.595
44.1188
-2629.51
-280.407
67.6668
39.6596
-146.573
-10.6869
119.151
40.8924
-2523.01
-324.846
40.683
31.6001
-461.434
-139.035
67.9106
37.9592
-3231.41
-457.23
-2.55639
21.7478
-1074.45
-419.789
-11.6661
28.9403
-4618.2
-807.338
-120.61
-4.83989
-854.996
-300.17
34.4475
36.6704
-4406.05
-658.124
-61.0097
8.96361
-1242.46
-510.215
-58.0252
15.427
-4839.52
-914.955
-170.392
-19.47
-1294.16
-565.26
-108.1
-3.80567
-4731.32
-975.264
-215.489
-35.4312
195.089
117.193
66.9846
34.1621
10.4533
186.839
113.086
64.7719
33.0575
10.1172
180.788
106.735
60.8668
31.0284
9.49384
166.931
98.7424
56.2983
28.7046
8.78329
163.425
93.9636
53.4552
27.2427
8.33534
143.318
82.2242
46.658
23.7623
7.26895
104.501
58.3769
32.7836
16.6411
5.08562
49.2938
24.1836
12.8196
6.3741
1.93477
122.121
72.9338
41.4944
21.1506
6.47156
96.3733
62.4442
36.1189
18.481
5.6585
146.616
85.1615
48.4719
24.7127
7.56159
125.677
74.8602
43.0096
21.9716
6.72348
84.4352
50.814
28.848
14.6886
4.49305
56.9956
42.0125
24.6663
12.6629
3.88168
34.9007
18.5707
10.2301
5.14983
1.56802
9.24103
13.6436
8.53395
4.42486
1.35745
206.838
121.612
69.1396
35.2133
10.7716
222.368
124.822
70.4926
35.8583
10.9663
196.427
113.96
64.7007
32.9465
10.0785
213.655
118.846
67.0643
34.1131
10.4333
180.425
102.143
57.9367
29.5093
9.02869
197.138
108.131
61.0267
31.0558
9.50093
161.833
90.2939
51.3428
26.1764
8.0112
177.134
95.0369
53.8485
27.442
8.40141
146.298
82.7802
47.3186
24.1448
7.38625
10432.2
13707.9
10523.9
13757.3
10668.1
13786.9
10527.9
13655.3
9882.44
13027.7
9239.04
10329.5
9236.92
10692.6
9315.83
10316.1
9500.64
10493.6
7987.55
1316.74
275.042
60.8196
10.673
8598.6
2418.98
579.686
129.981
22.8094
7964.96
1305.3
272.037
60.0485
10.5188
8577.08
2395.65
573.806
128.294
22.3433
7883.08
1284.43
266.875
58.8293
10.2992
8498.53
2363.49
565.378
126.27
21.9896
7686.86
1235.7
255.642
56.3497
9.87109
8308.9
2299.64
549.792
122.833
21.3948
7280.22
1144.64
236.586
52.3372
9.1921
7888.52
2185.76
524.346
117.532
20.5107
6619.31
1081.25
230.233
51.6657
9.13446
6759.34
1938.73
474.859
107.923
18.9915
6799.76
1092.01
229.862
51.2941
9.04376
7073.24
2027.42
492.975
111.279
19.4919
6565.64
1083.38
231.794
52.1303
9.22322
6676.83
1904.83
466.861
106.394
18.7673
6565.7
1079.22
230.753
51.9156
9.17633
6717.45
1903.15
465.262
106.265
18.7108
30131.6
43205.8
41488.2
28352.1
22181.2
26359.3
21411.9
26190.4
24945.9
39439.7
26505.9
40557.8
398.553
417.611
459.852
527.62
624.928
755.994
414.511
433.935
476.786
544.882
640.697
766.844
386.411
380.406
406.775
402.881
452.015
452.976
525.157
535.385
628.986
651.141
762.294
788.275
925.013
1135.65
1401.92
1746.52
2139.06
2420.65
925.361
1116.79
1340.88
1587.84
1821.25
1971.88
1067.44
1567.12
1970.95
2254.51
2400.7
1118.35
1641.55
2064.2
2360.87
2513.8
1231.17
1806.49
2270.86
2596.68
2764.61
1411.98
2070.44
2601.26
2973.51
3165.38
1671.04
2447.5
3072.25
3510.26
3736.23
2018.49
2950.35
3698.14
4222.96
4494.65
1110.11
1629.61
2049.38
2344.11
2496.05
1161.94
1705.3
2144.1
2452.1
2610.87
1276.29
1872.25
2353.13
2690.53
2864.47
1457.77
2136.79
2683.98
3067.85
3265.87
1712.48
2506.88
3145.93
3594.51
3826.36
2046.36
2989.23
3746.13
4278.73
4555.43
1034.96
1519.54
1911.21
2186.25
2328.05
1018.9
1496
1881.65
2152.47
2292.09
1089.39
1599.18
2011.05
2300.18
2449.21
1078.98
1583.95
1991.94
2278.36
2425.99
1210.28
1776.04
2232.76
2553.21
2718.34
1212.87
1779.87
2237.6
2558.72
2724.2
1405.53
2061.28
2589.93
2960.57
3151.52
1432.88
2101.29
2640.03
3017.62
3212.1
1682.12
2464.06
3093.06
3533.62
3760.64
1741.17
2550.04
3200.17
3655.11
3889.35
2035.79
2976.19
3730.06
4257.75
4530.08
2104.88
3076.2
3853.5
4396.28
4675.73
2462.74
3586.23
4484.85
5118.93
5450.7
3007.26
4349.57
5420.2
6188.25
6601.87
3674.22
5247.85
6501.81
7437.95
7977.39
4489.61
6267.08
7690.34
8845.81
9610.78
5340.68
7202.62
8712.72
10100.1
11216.9
5922.33
7796.43
9339.02
10887.3
12283.1
2462.68
3584.85
4483.68
5120.35
5454.98
2958.88
4283.23
5342.13
6103.11
6512.76
3527.52
5062.41
6288.98
7194.7
7704.1
4134.32
5860.3
7241.77
8306.91
8948.66
4685.04
6546.32
8041.56
9255.48
10048.8
5031.94
6965.25
8524.96
9836.89
10739.5
401.646
427.032
476.012
551.185
656.743
796.975
417.669
443.518
493.106
568.371
671.69
805.2
389.565
383.687
416.411
412.939
468.666
470.474
549.735
561.512
662.479
686.341
806.952
836.295
974.383
1189.14
1452.34
1784.04
2158.83
2426.18
969.591
1163.37
1384.49
1622.42
1842.65
1978.97
1075.77
1579.46
1986.6
2272.54
2419.97
1143.72
1679.16
2111.96
2415.95
2572.71
1274.75
1871.23
2353.29
2691.9
2866.56
1475.7
2165.47
2722.72
3114.28
3316.38
1757.42
2577.17
3239.09
3704.66
3945.37
2130.48
3120.17
3918.82
4482.11
4774.65
1118.62
1642.24
2065.43
2362.62
2515.86
1187.79
1743.68
2192.95
2508.51
2671.26
1320.36
1937.86
2436.82
2787.39
2968.28
1521.36
2231.82
2805.7
3209.17
3417.61
1796.71
2633.51
3309.11
3784.87
4031.3
2151.17
3148.19
3952.71
4521.36
4817.61
1043.45
1532.08
1927.1
2204.54
2347.59
1027.72
1509.03
1898.15
2171.45
2312.37
1115.32
1637.57
2059.74
2356.27
2509.17
1106.05
1623.98
2042.7
2336.79
2488.44
1255.16
1842.63
2317.44
2650.94
2822.93
1260.03
1849.82
2326.52
2661.33
2834
1471.96
2160.27
2716.37
3107.02
3308.57
1503.52
2206.63
2774.67
3173.65
3379.47
1773.09
2600.72
3269
3738.72
3981.35
1836.98
2694.45
3386.72
3873.14
4124.31
2158
3161.94
3971.97
4542.3
4837.78
2236.72
3277.61
4117.14
4707.63
5013.16
2599.06
3796.24
4761.86
5447.99
5808.48
3157.47
4586.59
5739.64
6573.88
7024.96
3820.17
5487.55
6835.56
7850.67
8436.57
4605.12
6469.83
7986.08
9224.26
10041.5
5409
7333.94
8913.48
10366.4
11529.5
5943.97
7841.2
9409.6
10983.2
12398
2584.53
3771.93
4729.68
5411.92
5771.66
3088.74
4486.05
5613.06
6428.12
6868.16
3651.24
5260.35
6558.92
7523.65
8067.11
4234.96
6026.49
7474.1
8595.44
9270.87
4749.33
6656.13
8198.72
9454.22
10273.6
5053.79
7003.45
8580.41
9907.82
10820.4
4876.55
3344.75
1179.87
967.129
1081.01
967.436
1126.33
4525.51
4429.52
3000.21
3748.97
2006.99
2545.21
1744.57
1901.62
1655.9
4223.2
2568.75
1845.9
1672.94
1999.27
1780.18
1464.77
1428.69
1395.25
1258
1583.86
1456.87
4478.2
2891.87
3223.69
2237.3
1936.11
2534.76
1501.86
1263.99
1623.07
10123.1
10651.9
11438.4
13803.4
25516.6
7568.14
9050.65
10408.7
12369.1
15146.6
3137.73
4566.23
5718.05
6545.78
6988.95
2582.18
3775.8
4738.16
5419.06
5774.59
2885.87
4218.45
5290.67
6046.93
6440.46
2584.74
3782.37
4747.26
5427.32
5780.5
3003.05
4383.2
5494.29
6282.58
6696.31
10178.3
11738.8
12974.1
15349.2
26636.6
10197
12034
13515.2
15617.8
19054.4
7284.5
9496.4
11299.5
13107.8
14846.8
9157.43
11445.2
12986.5
14627.1
16054.5
5199.62
7319.48
8990.87
10258.5
11012.4
6403.85
8692.11
10476.3
11941.3
12933.5
4582.14
6559.16
8124.92
9265.45
9897.17
4967.25
7059.99
8706.93
9916.96
10598.5
4367.51
6283.99
7803.83
8896.82
9488.68
9455.5
10931.1
12163.2
14525.6
25681.3
6357.53
8493.05
10250.5
11952.2
13532.8
4812.43
6831.5
8442.06
9667.93
10401.4
4385.08
6268.93
7781.8
8924.56
9596.36
5140.78
7185.62
8838.01
10195.9
11133
4628.25
6555.63
8116.31
9353.01
10135.9
3855.98
5544.3
6909.4
7935.68
8527.95
3780.31
5466.67
6823.56
7814.84
8360.86
3706.85
5384.26
6726.35
7681.15
8186.74
3349.33
4878.9
6106.73
6978.22
7436.96
4180.96
6024.76
7496.1
8564.09
9150.53
3856.72
5578.92
6959.97
7960.64
8506.39
9622.13
10556.5
11500.4
13842.4
25289.6
6792.56
8520.7
10023.4
11859.6
14095.7
7761.7
9682.31
11177.8
13346
17308
5595.99
7576.22
9216.44
10767.8
12075.7
4969.84
6936.21
8543.14
9902.09
10856.1
6246.29
8311.76
10040.5
11796.7
13494.8
3955.8
5690.42
7089.89
8135.92
8734.8
3360.4
4887.26
6115.2
6994.7
7463.89
4257.12
6092.35
7571.43
8693.61
9354.76
11600.2
10820
9504.79
7765.8
5542.28
2146.4
17250.5
17622.7
19980.9
20589.2
17021.9
18145
19194.4
18709.5
14110.7
17271.1
14801
17847.7
17044.8
15395.7
23649.8
16650.6
16894.7
18948
19327
16183.2
17290.3
18440.8
18136.8
14095.4
20900.4
14709.6
20859.7
17259
18704.6
25418.3
16015.8
16139.1
17669
17815.2
15615.9
17098.8
17462.9
17615.6
16251.8
18610.7
17019
18667.5
18807.5
20651
23018.7
15476.8
15618.2
16606.7
16602.6
15386.3
17111
16555
16966.7
15363.4
16387.2
16113.8
16040.5
17360.2
18772.6
20089.2
14898.1
15071.5
15947
15864
15276.1
17163.8
16029
16615.4
14683.7
13669.3
15456.2
13192.3
16125.3
16041.5
16783.8
14699.5
14911.4
15540.3
15428.4
15051.9
16640.6
15724.6
16225.5
14134.4
11874.4
14725.7
11687.3
15133.1
14274.5
15335.9
19751.8
19007.4
20825
21862.7
18479.4
18601.1
19511.6
18767.9
17328.6
12279.5
17358.3
12447.1
15371.9
14192
16402.8
18777.5
18261.9
19360.7
20022.7
18018.7
18291.1
18521.3
17906.6
16281.4
11971.1
16334.5
12144.9
14254.1
12699.6
15293.1
17571.4
17300.1
17660.7
17951.5
17224.3
17494.2
17288.7
16958
15737.9
12158.5
15589.4
11974.5
13923.6
11654.5
15546.5
16586.8
16464.1
16511.6
16610.5
16449.8
16658
16445.4
16201.7
15393
13376.8
15325.8
13120.6
13907.3
12232.2
16781
16292.4
16233.2
16007.4
16026.1
16037
16231.4
16059.9
15939.9
15757.6
15416.8
15715.3
15334.9
14560.6
13339.9
18332.1
16083
16021.8
15785.4
15781.2
15846.2
16216
15798.2
15795.6
16052.2
16700.9
16078.5
16622.9
15047.3
14290.6
19601.9
)
;

boundaryField
{
    patch1
    {
        type            calculated;
        value           nonuniform List<scalar> 
2440
(
13339
25680.1
0
0
0
0
0
0
0
0
13335
25665.1
0
0
0
0
0
0
0
0
10765.9
17472.9
19024.5
29774.8
39089.3
25332
16110.4
8092.44
43482
17316
25648.9
20060.5
32108.8
40521.9
26366.7
20690.3
11191
0
0
0
0
0
0
0
0
0
0
0
0
0
0
0
0
0
0
0
0
0
0
0
0
0
0
0
0
0
0
0
0
0
0
0
43195.5
0
0
0
0
0
0
0
0
0
0
0
0
0
0
0
0
0
0
0
0
0
0
0
0
0
0
0
0
0
0
0
0
0
0
0
0
0
0
0
0
0
0
0
0
0
0
0
0
0
0
0
0
0
0
0
0
0
10590.4
17465.9
19043.8
29800
39134.9
25377
16117.2
7849.86
43486.3
17051.3
25650
20087.8
32136.3
40565.8
26403.2
20663.1
10769.7
0
0
0
0
0
0
0
0
0
0
0
0
0
0
0
0
0
0
0
0
0
0
0
0
0
0
0
0
0
0
0
0
0
0
0
43197.2
0
0
0
0
0
0
0
0
0
0
0
0
0
0
0
0
0
0
0
0
0
0
0
0
0
0
0
0
0
0
0
0
0
0
0
0
0
0
0
0
0
0
0
0
0
0
0
0
0
0
0
0
0
0
0
0
0
14452.2
20856.1
0
0
0
0
0
14274.6
15337.4
14290.6
19604.2
14452.5
20854.6
0
0
0
0
0
14274.5
15335.9
14290.6
19601.9
17270.4
25906.3
26563
21040.8
20377.8
26737.9
26696.1
21085.6
21069.7
16362.8
12136.9
15841.3
12070
16370.5
12244.6
16240.7
12315.8
784.001
632.203
1062.41
1362.7
2329.31
2539.78
22339.9
21057.1
15330.6
9434.94
3323.62
20812.1
20558.8
14004
8380.61
3151.78
20455.3
1825.75
4871.01
2085.57
5823.8
3649.69
7448.41
18378.8
14007.4
11050.7
9508.59
9166.21
15418.6
12357.2
10708.4
9954.2
10240.6
0
0
0
0
0
0
0
0
0
0
0
0
0
0
0
0
0
0
0
0
0
0
0
0
0
0
0
0
0
0
0
0
0
0
0
0
0
0
0
0
0
0.652229
-0.249218
0.651846
-0.310502
0.648759
-0.311523
0.637757
-0.303731
0.626263
-0.298165
0.199098
-0.112682
0.415433
-0.21927
0.0729946
-0.0422478
0.0147251
-0.00773843
30561.4
42482.2
29643.8
18155.5
26759.1
22505.5
43761.3
53670.8
30091.3
22069.2
12253.5
23621.5
25327.9
20298.7
19178.7
26133.6
26515.2
20702.4
20954.3
16049.9
12047.1
15472.7
12013.4
16185.8
12177.5
16181.1
12289.9
9168.34
3563.44
9775.62
4150.46
9273.11
4785.1
16298.7
16231.2
15442.2
10634.5
4842
18132.6
19125
14474.7
9552.54
4092.98
20406.6
25192.8
19531.1
23913.5
17753.6
22064.1
14924.7
14454.9
18003.5
16999.2
20187.6
14104.8
13990
15433.6
16475
18700.4
0
0
0
0
0
0
0
0
0
0
0
0
0
0
0
0
0
0
0
0
0
0
0
0
0
0
0
0
0
0
0
0
0
0
0
0
0
0
0
0
0
0.678727
-0.259462
0.67586
-0.32233
0.668263
-0.320886
0.651592
-0.309932
0.634645
-0.301539
0.199934
-0.112638
0.418708
-0.219565
0.0731551
-0.0422072
0.0147413
-0.00772646
30131.6
41498.6
28357.2
26269.8
26225.6
39536.1
40362.4
14705.2
14909.9
15539.3
15432.2
15051.5
16640.5
15724.1
16225.3
14140.3
11871.6
14725.3
11682.7
15133
16081.9
16019.9
15784.5
15781.3
15845.7
16215.8
15797.7
15795.5
16049
16662.1
16078
16619.9
15047.5
17266
25906.5
26563.3
21041.3
20378.2
26738.1
26696.2
21086
21070.1
16363.5
12137.6
15842
12070.7
16371.1
12245.1
16241.3
12316.3
769.633
625.713
1063.98
1365.05
2330.16
2541.21
22340.3
21057.8
15331.4
9435.85
3324.36
20812.5
20559.5
14004.7
8381.28
3152.19
20451.4
1797.61
4822.1
2085.55
5824.11
3650.24
7449.3
18378.8
14007
11050.2
9508.45
9166.58
15418.6
12357.1
10708.3
9954.15
10240.7
0
0
0
0
0
0
0
0
0
0
0
0
0
0
0
0
0
0
0
0
0
0
0
0
0
0
0
0
0
0
0
0
0
0
0
0
0
0
0
0
0
0.651233
-0.250758
0.651688
-0.310084
0.648587
-0.311394
0.637665
-0.303686
0.626225
-0.298153
0.199101
-0.112687
0.415427
-0.219278
0.0729967
-0.0422499
0.0147257
-0.00773884
30562.4
42489.9
29645.9
17822.9
26751.4
22530.8
43785.7
53706.9
30127.4
22035.2
11766.6
23621.4
25327.9
20299.1
19179.2
26133.7
26515.3
20702.8
20954.7
16050.7
12047.8
15473.5
12014.2
16186.4
12178.2
16181.7
12290.5
9180.79
3602.54
9766.02
4150.54
9272.37
4785.29
16298.8
16231.1
15441.8
10634.4
4842.08
18132.5
19124.9
14474.6
9552.55
4093.05
20408.3
25206.2
19506.9
23906.6
17752.6
22063.8
14924.7
14454.7
18002.8
16998.7
20187.3
14104.7
13989.7
15433.2
16474.6
18700
0
0
0
0
0
0
0
0
0
0
0
0
0
0
0
0
0
0
0
0
0
0
0
0
0
0
0
0
0
0
0
0
0
0
0
0
0
0
0
0
0
0.677811
-0.261128
0.675729
-0.321913
0.668121
-0.320769
0.65153
-0.309901
0.634632
-0.301538
0.199941
-0.112645
0.418714
-0.219578
0.0731581
-0.0422094
0.0147419
-0.0077268
30130.8
41495.7
28353.5
26338.2
26211.9
39481.1
40506.6
14699.6
14911.4
15540.3
15428.5
15051.9
16640.6
15724.6
16225.5
14134.4
11874.4
14725.7
11687.3
15133.1
16082.9
16021.8
15785.3
15781.1
15846.2
16216
15798.2
15795.6
16052.2
16700.9
16078.5
16622.9
15047.3
18036.3
6222.27
2146.45
18035.4
6222.27
2146.4
18119.7
18676.6
24397
21969.6
7628.16
5539.37
9146.93
7493.55
493.231
614.525
4280.15
4691.67
8768.13
9498.91
23969.3
24752.9
18367.3
467.238
168.164
3508.96
2871.65
6964.96
6011.09
224.791
199.119
207.539
2324.48
1920.45
1714.18
4862.09
4321
4127.42
24698.9
24466.5
27711.3
24423.7
18934.1
19254
21384
20131.4
68.887
27.5013
939.162
652.884
671.528
938.225
13708.7
20135.8
7470.05
71.7448
209.428
640.85
738.267
1208.25
1601.95
96.0503
110.53
134.176
1195.28
1381.21
1429.7
2847.44
3486.16
3671.19
8237.53
8715.68
9441.79
10005.1
9742.56
9227.14
9167.54
9320.95
9504.34
10454.7
10521.9
10666.8
10527
9881.66
9238.41
9236.23
9315.26
9500.11
18122.3
18678.6
24408.7
21974.6
7471.61
5430.08
9121.72
7484.67
425.298
526.372
4265.44
4678.91
8765.27
9495.74
23969.4
24753.7
18366.7
391.559
95.5128
3515.62
2877.24
6962.59
6010.22
180.017
160.501
173.367
2331.78
1923.06
1714.06
4862.26
4321.59
4128.04
24703
24467.7
27724
24428.7
18770.7
19203.8
21356.7
20106.1
60.0392
22.5473
932.453
644.797
670.75
937.762
13709.2
20136.8
7470.02
64.8568
210.952
629.41
727.589
1207.91
1601.17
82.2959
92.2214
111.711
1182.56
1374.44
1425.27
2846.19
3484.84
3670.3
8191.62
8717.73
9443.13
10006
9743.2
9227.66
9168.1
9321.45
9504.85
10432.2
10523.9
10668.1
10527.9
9882.44
9239.04
9236.92
9315.83
9500.64
20009.5
14777.9
-227.963
-101.112
-55.1099
-27.7965
-8.48282
-193.81
-88.2631
-48.406
-24.455
-7.46807
21019.5
22532.8
25030.5
22957.1
22504.2
23029.4
177.134
95.0369
53.8485
27.442
8.40141
146.298
82.7802
47.3186
24.1448
7.38625
11600.2
10820
9504.79
7765.8
5542.28
25705.6
26173.4
23668.9
23922.7
18644.8
17378.5
25739.3
24025.4
22732.5
23574.7
21896.7
20633.8
15303.8
13720.1
12830.8
19716.4
19125
15457.4
14474.7
10992.7
9552.54
5367.02
4092.98
12249.8
8036.07
12835.1
7953.82
3650.21
1352.07
520.683
216.694
3568.02
1258.18
419.299
137.724
104.517
58.3912
32.7923
16.6454
5.08689
49.3341
24.2094
12.8343
6.38139
1.93696
383.7
412.953
470.49
561.531
686.364
836.323
1027.76
1509.09
1898.22
2171.53
2312.45
1106.08
1624.04
2042.77
2336.87
2488.53
1260.07
1849.89
2326.6
2661.42
2834.09
1503.58
2206.7
2774.76
3173.76
3379.59
1837.05
2694.54
3386.83
3873.27
4124.45
2236.79
3277.72
4117.28
4707.79
5013.32
1395.3
3706.96
5384.43
6726.56
7681.39
8187
23052.1
21739.3
20559.5
16867.5
15062.8
14004.7
10872.6
9093.34
8381.28
5285.53
3827.68
3152.19
12885.9
8035.49
13038.9
7958.79
20000.2
19671.6
14082.4
13172.2
6599.28
6826.76
19272.6
18763.6
18197.2
13095
13465.3
13452.2
8067.65
8774.7
8954.34
3267.81
997.333
248.83
-3.53513
3439.65
1134.83
327.954
61.1417
-69.6483
-52.3655
-31.9274
-16.5994
-5.10707
-14.7343
-17.5932
-11.711
-6.24891
-1.93777
1304.03
3435.3
4921.62
6063.46
6847.17
7252.58
380.406
402.881
452.976
535.385
651.141
788.275
1018.9
1496
1881.65
2152.47
2292.09
1078.98
1583.95
1991.94
2278.36
2425.99
1212.87
1779.87
2237.6
2558.72
2724.2
1432.88
2101.29
2640.03
3017.62
3212.1
1741.17
2550.04
3200.17
3655.11
3889.35
2104.88
3076.2
3853.5
4396.28
4675.73
25030
22957.1
22510.9
23032.5
177.12
95.0346
53.8477
27.4415
8.40128
146.303
82.7848
47.3215
24.146
7.38647
11600.5
10820.3
9505.07
7766.02
5542.43
20010.2
14777.8
-228.053
-101.151
-55.1309
-27.8077
-8.48645
-193.906
-88.3057
-48.4283
-24.4662
-7.47137
21016.8
22530.4
40192.6
51721.4
26830.8
29253
13325.7
14786.8
1829.46
1945.69
0
0
0
0
0
0
0
0
0
0
0
0
0
0
0
18601.6
17089
20818.4
17575.9
20683.1
21535.5
13203.8
7297.29
13085.1
7164.98
2687.8
712.832
97.3602
-106.421
2777.18
769.664
145.459
-72.4496
-5662.07
-1677.37
-570.398
-139.21
-5247.24
-1576.54
-544.879
-133.98
-4572.83
-1411.31
-493.356
-119.904
-3927.41
-1243.99
-441.946
-107.6
-3974.38
-1143.51
-394.896
-96.7995
-4725.12
-1098.57
-329.36
-78.2641
-4719.26
-1122.76
-355.566
-85.6919
-4865.54
-1071.97
-293.389
-65.1584
-4731.75
-1024.02
-255.279
-50.5376
-152.609
-107.404
-64.0413
-33.0334
-10.1355
-132.251
-93.3872
-55.8036
-28.8087
-8.84224
-126.348
-66.1537
-36.8196
-18.68
-5.712
-162.045
-79.533
-43.936
-22.2374
-6.7946
-87.1582
-45.2303
-25.1488
-12.7811
-3.91169
-40.2146
-16.7371
-8.89312
-4.49319
-1.37576
-268.482
-131.446
-71.9724
-36.2901
-11.0705
-260.334
-125.537
-68.6135
-34.5889
-10.5517
-244.442
-114.517
-62.4364
-31.4751
-9.60318
12628.7
12977.2
13463
13810.8
13442.2
10396
10759.9
10380.7
10544.8
8073.26
2288.79
553.261
124.827
22.0239
8200.59
2293
551.484
123.785
21.6739
8348.96
2305.4
550.846
123.085
21.5095
8360.27
2284.19
543.261
121.093
21.131
8019.64
2194.2
523.297
116.924
20.4294
6809.75
1951.59
477.371
108.347
19.0942
7130.12
2039.08
494.437
111.355
19.5248
6724.11
1917.48
469.628
106.942
18.8995
6758.25
1914.74
468
106.814
18.8565
39383.2
52347
22034.2
25948.8
12241.4
14031.6
1411.73
1737.83
1007.92
4304.9
2438.53
1607.67
2681.31
3896.79
4858.14
5525.62
5869.22
9461.72
10335.8
10385.4
10449
10661.1
5954.8
7671.37
8718.16
9394.76
9779.74
4163.74
5820.58
7028.94
7840.01
8261.75
0
0
0
0
0
0
0
0
0
0
19714.1
15298.3
19814.5
15568.9
19395.3
21077.5
11763.2
7649.11
11929.8
7469.83
3694.06
1522.04
647.792
313.504
3619.64
1470.83
618.974
290.365
-3283.39
-297.996
86.256
47.9159
-3008.07
-282.729
81.4238
45.8887
-2628.78
-280.551
67.5582
39.6283
-2522.61
-324.843
40.6386
31.5845
-3231.16
-457.166
-2.55801
21.7439
-4618.06
-807.214
-120.553
-4.82573
-4405.88
-658.027
-60.9789
8.96946
-4839.39
-914.805
-170.312
-19.448
-4731.2
-975.084
-215.386
-35.4011
185.947
112.475
64.4055
32.8678
10.0588
166.91
98.7419
56.2984
28.7042
8.78303
96.4035
62.4589
36.127
18.4849
5.65964
125.692
74.8689
43.0146
21.9739
6.72407
57.0446
42.0358
24.6789
12.6691
3.88358
9.30935
13.6766
8.55132
4.43338
1.36002
222.032
124.551
70.3295
35.7741
10.9404
213.608
118.829
67.054
34.1072
10.4314
197.109
108.121
61.0211
31.0528
9.49993
13799.1
13822.9
13853.7
13689.8
13056.3
10362.2
10719.3
10352.8
10533.7
8650.37
2435.52
584.331
131.062
23.0361
8624.62
2409.86
577.367
129.129
22.5528
8545.21
2377.34
568.802
127.067
22.1925
8356.51
2313.71
553.234
123.627
21.597
7933.77
2199.35
527.687
118.305
20.7083
6795.77
1949.64
477.511
108.525
19.1455
7110.21
2038.72
495.764
111.922
19.6566
6712.86
1915.5
469.431
106.971
18.9152
6753.73
1913.94
467.892
106.811
18.8594
414.525
433.95
476.803
544.901
640.719
766.87
925.391
1116.82
1340.92
1587.88
1821.3
1971.93
1110.15
1629.67
2049.45
2344.19
2496.13
1161.98
1705.36
2144.18
2452.18
2610.96
1276.33
1872.32
2353.21
2690.63
2864.57
1457.82
2136.86
2684.07
3067.96
3265.99
1712.54
2506.96
3146.04
3594.63
3826.5
2046.43
2989.33
3746.26
4278.88
4555.59
2462.76
3584.97
4483.84
5120.53
5455.18
2958.98
4283.37
5342.32
6103.33
6513.01
3527.63
5062.59
6289.21
7194.98
7704.4
4134.45
5860.5
7242.04
8307.23
8949.02
4685.18
6546.54
8041.86
9255.85
10049.2
5032.09
6965.49
8525.27
9837.28
10739.9
417.683
443.533
493.123
568.39
671.713
805.227
969.623
1163.41
1384.54
1622.47
1842.7
1979.03
1118.66
1642.29
2065.5
2362.7
2515.95
1187.83
1743.74
2193.02
2508.6
2671.35
1320.41
1937.92
2436.91
2787.48
2968.39
1521.41
2231.9
2805.8
3209.28
3417.73
1796.77
2633.6
3309.22
3785
4031.44
2151.25
3148.29
3952.85
4521.51
4817.78
2584.62
3772.05
4729.84
5412.11
5771.86
3088.84
4486.21
5613.26
6428.35
6868.4
3651.36
5260.53
6559.15
7523.92
8067.4
4235.1
6026.69
7474.37
8595.76
9271.22
4749.47
6656.36
8199.01
9454.57
10274
5053.94
7003.69
8580.73
9908.2
10820.9
1081.04
3749.03
1655.95
2885.96
4218.59
5290.85
6047.13
6440.67
9157.61
11445.5
12986.8
14627.5
16054.9
4367.64
6284.18
7804.07
8897.09
9488.98
40238.7
51743.7
26880.7
29253.9
13333.7
14828
1248.48
1327.97
0
0
0
0
0
0
0
0
0
0
0
0
0
0
0
18411.2
17030.5
20787.5
17551
20681.4
21534.6
13203.7
7306.61
13070.5
7161.63
2688.51
711.862
96.3026
-107.328
2776.74
769.534
145.389
-72.492
-5654.5
-1678.09
-570.759
-139.266
-5248.47
-1576.33
-544.852
-133.987
-4573.34
-1411.43
-493.419
-119.927
-3927.75
-1244.21
-442.058
-107.635
-3974.65
-1143.77
-395.033
-96.8406
-4725.3
-1098.82
-329.507
-78.309
-4719.46
-1123.02
-355.714
-85.736
-4865.68
-1072.2
-293.526
-65.2
-4731.88
-1024.23
-255.401
-50.5744
-153.292
-107.967
-64.4045
-33.2258
-10.1949
-132.283
-93.4037
-55.8158
-28.8161
-8.84465
-126.441
-66.1978
-36.8426
-18.6914
-5.71544
-162.14
-79.5765
-43.9586
-22.2487
-6.79794
-87.2496
-45.2743
-25.1717
-12.7925
-3.91518
-40.2977
-16.7775
-8.91416
-4.50351
-1.3789
-268.501
-131.672
-72.1321
-36.3756
-11.0969
-260.408
-125.554
-68.6283
-34.5984
-10.5548
-244.523
-114.55
-62.4552
-31.4857
-9.60657
12576.7
12978.6
13463.7
13811.3
13442.6
10396.6
10760.4
10381.2
10545.3
8058.48
2283.42
551.753
124.471
21.9595
8199.01
2292.41
551.286
123.729
21.6631
8348.51
2305.19
550.77
123.061
21.5045
8360.26
2284.14
543.234
121.083
21.1287
8019.81
2194.22
523.293
116.921
20.4284
6810.06
1951.67
477.388
108.35
19.0947
7130.4
2039.14
494.447
111.356
19.5248
6724.43
1917.57
469.649
106.946
18.9002
6758.59
1914.83
468.023
106.819
18.8574
39427.9
52384.7
22073.9
25990.3
12200.2
13983.8
949.082
1171.84
1007.89
4304.9
2438.5
1607.64
2681.22
3896.66
4857.98
5525.43
5869.02
9461.67
10335.7
10385.3
10448.9
10661
5954.72
7671.23
8717.97
9394.54
9779.5
4163.65
5820.43
7028.74
7839.78
8261.5
0
0
0
0
0
0
0
0
0
0
19738.8
15310.8
19813.5
15567.3
19392.4
21075.8
11774.5
7661.54
11928.7
7471.47
3701.59
1526.12
650.048
314.857
3620.46
1471.23
619.189
290.454
-3258.59
-294.71
87.1374
48.1308
-3009.77
-282.141
81.6395
45.9424
-2629.51
-280.407
67.6668
39.6596
-2523.01
-324.846
40.683
31.6001
-3231.41
-457.23
-2.55639
21.7478
-4618.2
-807.338
-120.61
-4.83989
-4406.05
-658.124
-61.0097
8.96361
-4839.52
-914.955
-170.392
-19.47
-4731.32
-975.264
-215.489
-35.4312
186.839
113.086
64.7719
33.0575
10.1172
166.931
98.7424
56.2983
28.7046
8.78329
96.3733
62.4442
36.1189
18.481
5.6585
125.677
74.8602
43.0096
21.9716
6.72348
56.9956
42.0125
24.6663
12.6629
3.88168
9.24103
13.6436
8.53395
4.42486
1.35745
222.368
124.822
70.4926
35.8583
10.9663
213.655
118.846
67.0643
34.1131
10.4333
197.138
108.131
61.0267
31.0558
9.50093
13774.2
13824.6
13854.6
13690.5
13057
10362.8
10720
10353.4
10534.3
8645.06
2431.45
582.993
130.727
22.974
8624.21
2409.6
577.224
129.081
22.5431
8545.34
2377.35
568.773
127.053
22.1889
8356.84
2313.79
553.241
123.625
21.5958
7934.17
2199.45
527.706
118.307
20.7083
6796.17
1949.75
477.536
108.53
19.1464
7110.62
2038.83
495.788
111.927
19.6572
6713.23
1915.61
469.456
106.976
18.9161
6754.08
1914.04
467.916
106.816
18.8603
414.511
433.935
476.786
544.882
640.697
766.844
925.361
1116.79
1340.88
1587.84
1821.25
1971.88
1110.11
1629.61
2049.38
2344.11
2496.05
1161.94
1705.3
2144.1
2452.1
2610.87
1276.29
1872.25
2353.13
2690.53
2864.47
1457.77
2136.79
2683.98
3067.85
3265.87
1712.48
2506.88
3145.93
3594.51
3826.36
2046.36
2989.23
3746.13
4278.73
4555.43
2462.68
3584.85
4483.68
5120.35
5454.98
2958.88
4283.23
5342.13
6103.11
6512.76
3527.52
5062.41
6288.98
7194.7
7704.1
4134.32
5860.3
7241.77
8306.91
8948.66
4685.04
6546.32
8041.56
9255.48
10048.8
5031.94
6965.25
8524.96
9836.89
10739.5
417.669
443.518
493.106
568.371
671.69
805.2
969.591
1163.37
1384.49
1622.42
1842.65
1978.97
1118.62
1642.24
2065.43
2362.62
2515.86
1187.79
1743.68
2192.95
2508.51
2671.26
1320.36
1937.86
2436.82
2787.39
2968.28
1521.36
2231.82
2805.7
3209.17
3417.61
1796.71
2633.51
3309.11
3784.87
4031.3
2151.17
3148.19
3952.71
4521.36
4817.61
2584.53
3771.93
4729.68
5411.92
5771.66
3088.74
4486.05
5613.06
6428.12
6868.16
3651.24
5260.35
6558.92
7523.65
8067.11
4234.96
6026.49
7474.1
8595.44
9270.87
4749.33
6656.13
8198.72
9454.22
10273.6
5053.79
7003.45
8580.41
9907.82
10820.4
1081.01
3748.97
1655.9
2885.87
4218.45
5290.67
6046.93
6440.46
9157.43
11445.2
12986.5
14627.1
16054.5
4367.51
6283.99
7803.83
8896.82
9488.68
23051.8
21738.7
20558.8
16867.1
15062.2
14004
10872
9092.72
8380.61
5285.07
3827.23
3151.78
12891.3
8038.71
13041.7
7960.78
20000
19671.6
14082.5
13172.5
6599.25
6826.93
19272.7
18763.6
18197.2
13095.3
13465.7
13452.6
8068.07
8775.25
8954.82
3268.93
997.703
248.992
-3.44347
3440.52
1135.15
328.096
61.2242
-69.5861
-52.33
-31.9076
-16.5892
-5.10391
-14.6763
-17.5587
-11.6919
-6.23932
-1.93486
1304.07
3435.39
4921.76
6063.64
6847.4
7252.82
380.42
402.895
452.992
535.404
651.164
788.301
1018.93
1496.05
1881.71
2152.54
2292.17
1079.02
1584
1992.01
2278.44
2426.07
1212.91
1779.93
2237.68
2558.81
2724.29
1432.93
2101.36
2640.13
3017.72
3212.22
1741.23
2550.13
3200.28
3655.24
3889.48
2104.95
3076.3
3853.63
4396.44
4675.9
25705.8
26173.4
23668.7
23922.5
18644
17378
25739.4
24025.7
22732.9
23574.9
21897.3
20634.5
15303.9
13720.6
12831.5
19716.3
19124.9
15457.4
14474.6
10992.9
9552.55
5367.17
4093.05
12248.5
8035.44
12833.5
7952.66
3650.03
1352.03
520.685
216.692
3567.5
1257.98
419.214
137.673
104.501
58.3769
32.7836
16.6411
5.08562
49.2938
24.1836
12.8196
6.3741
1.93477
383.687
412.939
470.474
561.512
686.341
836.295
1027.72
1509.03
1898.15
2171.45
2312.37
1106.05
1623.98
2042.7
2336.79
2488.44
1260.03
1849.82
2326.52
2661.33
2834
1503.52
2206.63
2774.67
3173.65
3379.47
1836.98
2694.45
3386.72
3873.14
4124.31
2236.72
3277.61
4117.14
4707.63
5013.16
1395.25
3706.85
5384.26
6726.35
7681.15
8186.74
)
;
    }
    patch2
    {
        type            calculated;
        value           nonuniform List<scalar> 
348
(
11830.5
11830.1
12981.5
8149.41
6897.7
8634.06
14277.2
8904.87
7587.33
9548.88
12981
8149.1
6897.46
8633.74
14276.7
8904.57
7587.08
9548.56
25316.5
16523.9
6579.29
5452.78
5956.68
5409.98
6235.86
22531.5
15798.4
13099.5
11923.8
10792.5
9515.76
10814.3
9896.1
8646.21
9064.45
8372.35
22917.4
12566.1
9266.42
8733.71
10172.1
9447.17
8063.69
7730.68
7357.27
6770.72
8182.07
7743.28
24376
14753.2
17715.1
11920.6
10366.3
2437.89
2552.7
2807.33
3214.21
3793.8
4564.11
2534.7
2651.26
2908.74
3316.3
3885.53
4626.39
2364.12
2327.61
2487.12
2463.54
2760.35
2766.29
3200.1
3261.57
3818.43
3948.93
4599.52
4746.87
5536.44
6712
8131.69
9863.07
11657.6
12880.5
5541.78
6621.56
7845.51
9139.76
10305.1
11045.2
2457.48
2612.6
2911.02
3367.85
4006.76
4849.56
2554.85
2712.68
3014.34
3470.73
4094.25
4893.68
2383.99
2348.23
2548.07
2527.03
2866.7
2877.93
3359.88
3431.86
4043.18
4188.3
4913.28
5091.13
5901.8
7145.14
8603.79
10309.6
11985.9
13002.3
5865.07
6985.07
8217.82
9471.53
10537.7
11129.2
25642.7
16718.7
7105.96
5866.08
6541.44
5870.94
6803.32
26178.9
20303.1
15653.3
16641.6
11236.2
13270.3
10070.4
10788.5
9646.94
25418
14254.1
10621.5
9793.94
11462.4
10383.6
8697.46
8509.34
8318.82
7556.04
9310.07
8653.59
25375.9
15279.6
19109.5
12614.2
11189.6
25315.3
16523.2
6579.05
5452.58
5956.47
5409.79
6235.64
22530.2
15797.7
13098.9
11923.5
10792.3
9515.45
10813.9
9895.86
8645.94
9064.19
8372.09
22916.1
12565.5
9266.09
8733.38
10171.7
9446.8
8063.38
7730.4
7357.02
6770.48
8181.8
7743
24374.8
14752.5
17714.2
11920.1
10365.9
2437.8
2552.61
2807.23
3214.09
3793.66
4563.95
2534.62
2651.17
2908.63
3316.18
3885.39
4626.22
2364.04
2327.53
2487.04
2463.46
2760.25
2766.19
3199.99
3261.45
3818.29
3948.79
4599.36
4746.7
5536.24
6711.74
8131.37
9862.66
11657.1
12880
5541.57
6621.3
7845.2
9139.4
10304.6
11044.8
2457.39
2612.51
2910.92
3367.74
4006.62
4849.39
2554.76
2712.59
3014.23
3470.61
4094.11
4893.51
2383.9
2348.14
2547.99
2526.94
2866.6
2877.83
3359.77
3431.74
4043.04
4188.16
4913.11
5090.96
5901.6
7144.89
8603.48
10309.2
11985.5
13001.8
5864.87
6984.83
8217.52
9471.18
10537.3
11128.8
25641.6
16718
7105.71
5865.88
6541.22
5870.74
6803.09
26178.1
20302.4
15652.9
16641.2
11235.8
13269.9
10070.1
10788.2
9646.63
25417.3
14253.6
10621.2
9793.63
11462.1
10383.2
8697.16
8509.06
8318.55
7555.8
9309.78
8653.3
25375
15279
19108.8
12613.7
11189.3
14479.8
8002.25
6121.93
15270.6
8904.32
7025.72
16497.6
10273.7
8474.37
18072.3
11706
9853.71
19987.6
12679.3
10636.3
34200.7
28811.6
33014.7
27344.8
31233.5
25232.3
29732.1
23072.6
27678.9
20934.5
14461.2
7964.73
6079.58
15264
8905.99
7027.43
16495.4
10273.9
8475.07
18071
11705.8
9853.96
19986.4
12679
10636.3
34246
28846.6
33005.4
27346.8
31230.5
25231.5
29730.7
23071.8
27678
20933.8
)
;
    }
    patch3
    {
        type            calculated;
        value           uniform 0;
    }
    patch4
    {
        type            calculated;
        value           nonuniform List<scalar> 
384
(
5840.1
11341.7
14024.4
36844.5
47624.1
21766.3
12795.1
5178.86
11126.6
12476.8
32240.3
31745.9
5618.48
11347.6
14012.5
36856.5
47646.2
21766
12818.7
4886.35
11053
12498.5
32206.4
31798.6
10312.8
11692.5
34819.6
35957.6
10120.7
11653.4
34300
35838.3
10313.6
11693.8
34825.7
35961.8
10121.8
11654.5
34299.6
35840.9
7161.2
7343.07
7744.07
7482.95
2352.23
5944.37
1963.39
4454.72
2730.52
6633.45
2039.29
4589.85
7739.33
7481.2
7162.21
7344.04
4289.35
3189.83
5529.28
4471.18
14112.7
11900.2
3029.1
3592.69
4726.25
5464.64
6383.09
5426.33
7327.32
5965.28
14633.2
12008.7
5305.42
5769.38
6625.46
7301.5
4145.9
3094.58
5527.96
4483.64
14113.4
11901.5
2947.98
3503.48
4739.14
5479.75
6309.24
5351.55
7349.79
5991.97
14637.1
12010.6
5229.63
5685.56
6646.8
7321.96
2727.61
6629.26
2038.53
4588.52
2353.47
5947.1
1963.83
4455.76
43037.6
47858.1
46798.6
49447.3
43043
47862
46804.3
49452.2
8785.06
3836.67
11793.7
5782.44
16803.4
10610.8
6321.05
4741.66
20602.7
34626.1
25022.7
39156.2
17765.4
32570.4
16512.2
32041.1
14629.5
5975.89
16847.9
7623.66
20766.6
12622.6
7050.6
4891.38
21871.9
35054.7
27197.9
40058.5
18375.7
32753.2
16682.5
32088.2
8649.16
3743.15
11806.8
5799.19
16810.6
10618.8
6324.15
4742.86
20606.4
34628.8
25026.9
39159.4
17768.1
32572.8
16514.4
32043.3
14530.5
5887.01
16863.8
7645.98
20775.8
12634
7055.08
4892.86
21877.2
35058.2
27203.4
40062.7
18379.3
32756
16685
32090.7
14326.7
28590.9
18341.4
32769
24035
37043.1
33642.9
23805.4
40778.3
26201.2
42684.2
29683.9
43685.1
36602
14147.3
28353.9
18357.3
32792.3
24043.1
37052.1
33647.5
23701.5
40648.5
26216.3
42706.9
29691.9
43693.6
36607.3
7234.88
7355.53
7508.81
7545.39
7262.41
6623.59
6794.31
6571.62
6568.12
7990.05
7966.05
7883.06
7686.54
7279.82
6618.92
6799.35
6565.27
6565.35
7223.87
7353.27
7508.26
7545.4
7262.63
6623.91
6794.6
6571.94
6568.45
7987.56
7964.97
7883.08
7686.86
7280.22
6619.31
6799.75
6565.64
6565.7
1233.4
1230.17
1236.98
1215.26
1140.34
1081.96
1091.64
1084.19
1079.54
1324.79
1304.58
1284.26
1235.63
1144.58
1081.19
1091.95
1083.32
1079.16
1224.96
1230.68
1237.02
1215.26
1140.36
1082.01
1091.68
1084.24
1079.59
1316.74
1305.3
1284.43
1235.7
1144.64
1081.25
1092.01
1083.38
1079.22
262.01
259.213
258.125
251.061
234.968
230.223
229.479
231.871
230.788
277.188
271.908
266.846
255.629
236.575
230.22
229.85
231.782
230.741
259.863
259.309
258.13
251.058
234.97
230.232
229.486
231.881
230.8
275.042
272.037
266.875
255.642
236.586
230.233
229.862
231.794
230.753
58.4126
57.5371
56.9969
55.2515
51.8391
51.6111
51.1164
52.1196
51.9147
61.3155
60.0283
58.8269
56.3488
52.3355
51.6631
51.2917
52.1276
51.913
57.9224
57.5521
56.9949
55.2491
51.8386
51.6129
51.1174
52.1219
51.9171
60.8196
60.0485
58.8293
56.3497
52.3372
51.6657
51.2941
52.1303
51.9156
10.2933
10.1084
9.98721
9.66997
9.08969
9.11708
9.00031
9.2171
9.17484
10.7607
10.5163
10.2993
9.87123
9.19194
9.13403
9.04341
9.22277
9.17588
10.207
10.1103
9.98642
9.66929
9.08948
9.11736
9.00042
9.21747
9.17525
10.673
10.5188
10.2992
9.87109
9.1921
9.13446
9.04376
9.22322
9.17633
)
;
    }
}


// ************************************************************************* //
