/*--------------------------------*- C++ -*----------------------------------*\
| =========                 |                                                 |
| \\      /  F ield         | OpenFOAM: The Open Source CFD Toolbox           |
|  \\    /   O peration     | Version:  v2106                                 |
|   \\  /    A nd           | Website:  www.openfoam.com                      |
|    \\/     M anipulation  |                                                 |
\*---------------------------------------------------------------------------*/
FoamFile
{
    version     2.0;
    format      ascii;
    arch        "LSB;label=32;scalar=64";
    class       volScalarField;
    location    "2";
    object      T;
}
// * * * * * * * * * * * * * * * * * * * * * * * * * * * * * * * * * * * * * //

dimensions      [0 0 0 1 0 0 0];

internalField   nonuniform List<scalar> 
5712
(
541.923
556.65
532.402
550.221
518.586
541.37
494.759
521.848
494.471
515.882
515.715
536.653
528.585
546.687
537.028
553.152
510.646
492.177
528.717
502.115
485.016
465.464
503.179
474.375
549.336
556.297
560.89
564.704
540.059
548.678
555.204
560.613
540.347
526.619
519.926
510.931
537.346
549.903
546.161
545.838
511.338
515.101
524.71
523.858
483.412
486.562
552.592
554.499
529.668
535.182
560.885
563.315
561.045
568.249
567.617
570.974
554.938
565.85
564.536
569.738
542.668
560.643
552.664
565.45
560.182
568.354
563.098
569.377
478.984
467.853
485.651
469.963
449.349
439.262
456.609
441.774
511.031
496.611
504.987
494.479
490.442
470.956
491.723
470.731
461.576
443.081
462.948
443.016
515.403
497.582
516.616
497.418
533.154
557.893
522.221
550.215
527.602
554.59
519.528
547.598
537.17
559.823
523.504
551.604
538.425
560.526
523.538
552.23
555.796
545.335
565.237
557.514
547.134
536.717
561.788
553.018
533.938
524.107
555.685
546.153
465.572
430.469
495.587
519.571
548.019
425.186
460.406
490.684
513.567
539.826
430.241
462.264
490.778
515.603
542.389
526.75
510.908
531.047
515.916
521.195
506.514
529.056
513.714
512.225
498.454
525.844
510.628
415.675
404.021
452.33
441.054
481.607
469.836
503.919
491.269
523.955
509.758
419.57
406.799
453.281
444.046
482.342
472.989
506.433
495.592
526.309
513.959
456.24
451.417
454.429
449.624
423.491
405.418
423.18
404.056
482.934
481.423
484.86
482.456
451.932
448.187
451.79
448.192
422.288
403.708
422.361
403.879
480.137
479.976
479.96
480.025
508.908
507.438
529.6
527.456
509.6
506.844
529.465
525.594
507.415
506.817
529.389
527.821
506.066
505.867
528.248
526.722
494.322
481.993
475.728
497.102
483.734
477.222
491.075
478.551
472.014
494.952
481.093
474.243
483.187
470.591
463.977
491.724
476.814
469.383
391.813
383.662
379.961
428.324
417.53
411.899
456.271
443.403
436.236
476.003
462.411
455.352
489.843
473.177
464.713
393.171
382.878
378.083
433.356
421.944
416.021
460.653
446.911
439.243
479.76
463.399
454.488
491.447
472.482
462.584
423.999
415.06
429.453
420.734
452.902
438.26
462.69
445.515
402.904
382.479
404.071
384.491
403.749
384.585
405.634
386.879
404.946
400.914
403.612
398.082
387.127
391.047
424.706
427.378
450.663
453.304
407.95
411.894
407.398
409.969
393.878
396.786
362.546
347.987
368.097
351.85
364.442
348.117
370.146
352.665
367.356
347.99
374.901
353.864
378.635
356.988
380.445
358.845
397.979
388.45
405.479
391.981
421.843
411.817
429.116
414.974
386.955
372.576
379.49
368.949
409.749
393.967
411.631
394.601
433.551
416.684
435.168
416.967
391.15
374.709
393.183
375.537
369.582
350.068
357.309
342.426
362.512
345.324
353.842
339.754
373.846
353.444
359.393
344.17
376.148
355.647
360.292
345.119
345.95
333.069
340.386
331.035
347.181
334.872
340.156
331.308
350.226
339.868
340.253
332.897
379.042
401.096
363.282
352.122
339.056
396.22
374.26
356.381
345.479
334.207
400.794
378.803
361.544
348.574
336.389
320.774
307.957
320.508
308.052
323.437
310.971
321.727
309.518
329.055
317.001
324.194
312.283
386.132
374.244
364.149
352.008
347.952
336.401
336.807
324.901
327.57
315.896
389.546
375.139
367.973
353.653
351.889
338.454
339.735
326.197
329.868
317.345
372.113
353.273
375.02
355.161
394.132
374.348
396.368
374.833
357.773
340.132
355.058
338.013
377.473
356.37
378.162
356.92
397.951
375.086
398.39
375.472
360.226
341.605
360.928
342.088
342.791
326.393
331.168
316.56
341.436
324.741
330.571
315.941
343.992
327.563
331.523
316.542
345.401
328.083
332.12
317.092
293.573
286.703
284.05
286.578
280.89
279.03
297.514
290.077
287.149
288.516
282.59
280.508
304.44
296.669
293.468
291.456
284.717
282.282
362.509
354.799
351.327
340.502
333.205
330.108
324.721
317.142
314.143
311.547
302.847
299.137
293.404
285.75
282.903
361.138
351.215
346.978
339.957
330.185
325.971
324.581
314.961
310.983
310.072
300.716
297.2
291.568
284.576
282.017
340.565
338.612
338.526
338.837
342.37
339.349
338.814
338.962
340.526
338.648
338.612
338.933
342.847
339.632
339.013
339.103
340.228
338.617
338.696
339.025
343.114
339.874
339.234
339.26
344.669
340.721
339.696
339.546
345.931
341.567
340.255
339.926
341.548
339.418
339.187
339.293
338.583
338.549
339.003
339.256
339.329
338.41
338.708
339.054
337.369
337.903
338.626
339.042
343.326
340.336
339.666
339.57
339.601
339.154
339.391
339.512
344.693
341.161
340.181
339.923
340.447
339.724
339.8
339.83
337.555
337.466
338.095
338.64
333.785
336.126
337.601
338.39
337.415
337.446
338.14
338.703
333.937
336.209
337.668
338.45
337.31
337.47
338.22
338.791
334.529
336.474
337.825
338.565
336.702
337.361
338.257
338.847
334.92
336.696
337.974
338.684
336.028
337.282
338.295
338.863
330.523
335.111
337.21
338.022
328.508
334.601
336.957
337.776
331.048
335.303
337.299
338.083
329.112
334.812
337.05
337.837
331.977
335.662
337.486
338.218
330.119
335.184
337.232
337.957
333.052
336.123
337.726
338.393
331.196
335.634
337.462
338.114
333.992
336.647
338.01
338.569
331.973
336.096
337.73
338.3
335.199
337.627
338.689
339.033
332.906
337.051
338.429
338.854
334.612
337.144
338.341
338.786
332.412
336.575
338.061
338.552
335.743
338.101
339.066
339.333
333.448
337.564
338.841
339.199
336.377
338.602
339.464
339.677
334.122
338.11
339.273
339.567
339.318
339.605
339.778
339.873
339.915
339.358
339.623
339.788
339.88
339.92
339.385
339.646
339.804
339.89
339.929
339.45
339.681
339.824
339.904
339.939
339.465
339.698
339.836
339.912
339.946
339.558
339.748
339.867
339.933
339.962
339.719
339.847
339.928
339.974
339.995
339.947
339.987
340.017
340.034
340.042
339.603
339.782
339.889
339.948
339.974
339.647
339.816
339.911
339.963
339.986
339.513
339.731
339.858
339.927
339.957
339.563
339.767
339.881
339.943
339.97
339.752
339.871
339.945
339.985
340.003
339.78
339.896
339.961
339.997
340.013
339.964
340.002
340.027
340.041
340.047
339.965
340.009
340.032
340.045
340.05
339.271
339.586
339.768
339.866
339.91
339.236
339.575
339.762
339.863
339.907
339.319
339.616
339.787
339.879
339.92
339.274
339.598
339.776
339.872
339.915
339.395
339.664
339.816
339.899
339.936
339.345
339.64
339.803
339.89
339.928
339.464
339.709
339.845
339.918
339.951
339.429
339.691
339.834
339.911
339.945
339.509
339.737
339.862
339.93
339.96
537.216
534.929
536.658
534.361
535.944
533.761
535.817
533.753
537.251
535.296
540.36
540.804
539.55
539.284
540.602
541.281
540.609
541.131
565.786
571.464
572.655
572.923
572.981
559.719
569.806
572.281
572.843
572.962
565.81
571.481
572.661
572.925
572.981
559.716
569.826
572.286
572.845
572.963
565.775
571.488
572.664
572.926
572.981
559.655
569.831
572.29
572.847
572.963
565.906
571.53
572.674
572.928
572.982
559.777
569.874
572.301
572.849
572.964
566.344
571.624
572.694
572.932
572.983
560.291
569.987
572.325
572.854
572.965
566.67
571.65
572.695
572.932
572.983
561.689
570.253
572.375
572.863
572.967
566.619
571.655
572.698
572.933
572.983
561.182
570.154
572.357
572.861
572.966
566.654
571.64
572.692
572.931
572.982
561.898
570.3
572.383
572.865
572.967
566.681
571.646
572.693
572.931
572.982
561.9
570.31
572.384
572.865
572.967
437.387
470.603
468.46
433.485
418.638
420.035
421.523
424.244
432.191
435.976
460.079
468.582
467.568
476.615
445.4
449.643
434.126
437.275
427.967
429.881
378.628
360.814
312.925
306.045
309.262
305.835
310.932
377.257
371.673
353.644
361.43
358.238
333.716
344.259
340.155
327.634
331.729
325.888
373.764
347.26
330.687
326.648
334.914
330.253
321.82
320.212
318.39
314.449
323.799
320.583
375.306
353.71
362.014
342.279
334.835
347.694
322.569
315.092
325.686
360.19
343.61
328.369
311.328
289.512
349.102
336.479
322.1
305.521
285.393
309.017
303.489
296.17
287.491
277.934
302.853
298.299
292.232
285.021
277.09
305.735
300.715
294.044
286.14
277.468
302.662
298.133
292.098
284.931
277.057
307.232
301.979
295.01
286.75
277.677
358.769
341.117
325.394
308.551
288.355
352.86
334.962
319.181
302.692
283.917
342.817
330.397
316.225
300.488
282.825
344.823
328.165
313.054
297.669
281.561
342.153
325.68
310.755
295.858
280.75
326.835
317.83
306.66
293.939
280.137
335.121
324.037
311.031
296.645
281.111
331.62
321.072
308.606
294.917
280.422
321.753
313.805
303.71
292.088
279.485
325.054
316.275
305.384
293.049
279.798
320.261
312.593
302.799
291.506
279.279
357.195
340.721
325.55
308.818
288.484
338.296
327.379
314.328
299.396
282.425
324.462
316.118
305.553
293.336
279.95
321.055
313.429
303.622
292.164
279.55
328.12
319.203
308.025
295.057
280.629
324.248
316.146
305.776
293.613
280.085
316.91
310.101
301.205
290.69
279.048
315.475
308.864
300.212
290.015
278.798
313.825
307.431
299.06
289.241
278.518
310.352
304.568
296.938
287.937
278.078
318.541
311.298
301.941
291.039
279.137
315.771
309.07
300.326
290.06
278.807
358.228
342.082
327.092
310.312
289.281
343.605
332.053
318.502
302.776
284.065
350.134
336.353
321.905
305.369
285.324
334.556
324.746
312.584
298.315
281.94
328.237
319.503
308.432
295.423
280.775
338.883
328.112
315.124
300.096
282.736
317.555
310.611
301.561
290.894
279.112
310.932
305.069
297.337
288.203
278.173
320.259
312.822
303.212
291.933
279.476
510.707
545.133
504.583
540.459
483.043
523.347
488.974
528.092
493.96
481.161
522.109
496.776
471.209
457.468
497.92
470.682
526.076
538.972
552.918
558.861
520.249
532.873
549.263
555.839
533.923
511.124
514.259
499.149
523.723
544.469
544.176
545.39
509.174
514.578
523.068
523.475
481.984
486.226
550.464
554.033
527.392
534.64
559.219
562.971
551.494
565.088
564.27
569.844
545.757
562.786
561.613
568.699
533.929
557.729
548.47
564.018
558.686
567.818
562.799
569.262
475.195
467.671
483.271
470.078
448.673
441.539
455.946
443.273
507.883
495.992
499.652
493.065
489.387
471.149
491.467
470.833
461.367
443.982
462.941
443.339
513.957
497.373
516.238
497.388
530.54
556.962
521.525
549.933
523.172
552.99
518.099
547.012
535.942
559.37
523.217
551.484
538.094
560.398
523.472
552.199
539.771
526.368
560.101
550.913
532.486
519.846
556.983
546.972
521.7
510.664
551.615
541.34
466.919
440.743
491.003
513.974
545.822
437.955
462.869
485.311
506.494
536.927
438.404
464.009
488.945
513.233
541.373
508.037
495.517
522.618
511.107
504.479
492.537
522.018
510.088
498.658
487.075
520.949
508.791
431.28
422.878
456.311
447.221
477.809
467.668
498.198
487.133
521.887
509.984
430.391
419.789
457.019
449.966
482.007
474.987
505.075
496.366
525.813
515.148
458.423
454.899
455.963
451.949
429.067
413.413
426.322
408.645
483.4
482.403
485.073
483.58
452.866
449.478
452.102
448.599
423.962
406.067
422.897
404.605
480.527
480.607
480.103
480.234
508.91
507.744
529.575
527.569
509.196
507.08
529.24
525.722
507.511
507.056
529.42
527.916
506.116
505.962
528.267
526.761
487.806
484.41
501.094
496.549
484.863
480.958
499.862
494.48
479.197
475.228
498.033
491.48
415.561
410.474
439.997
434.702
460.145
454.536
478.847
473.413
497.617
488.829
409.888
403.896
443.896
437.471
467.673
460.004
485.89
476.5
498.576
487.11
421.658
414.956
430.117
421.651
445.403
434.355
460.899
444.183
405.991
388.608
409.585
391.215
405.337
390.012
409.433
392.567
407.656
402.575
406.352
401.048
392
395.386
425.502
427.684
450.316
453.267
409.805
412.551
409.178
410.602
396.747
397.827
375.265
360.128
377.384
361.759
376.156
359.429
378.068
361.234
377.922
358.115
381.15
360.878
382.438
361.392
381.78
360.387
404.372
395.853
408.776
396.335
424.754
416.991
430.468
418.062
391.924
377.634
388.509
377.357
411.509
396.324
412.198
395.368
434.331
418.384
435.446
417.534
393.811
377.465
394.025
376.426
375.919
356.038
362.424
346.873
373.093
353.959
362.04
346.402
377.321
356.989
362.23
346.739
377.246
356.813
361.209
345.96
370.918
364.564
356.427
350.103
371.61
365.722
355.444
349.409
372.906
368.294
353.972
348.88
398.913
418.078
383.641
369.135
350.416
416.594
398.687
383.003
367.527
347.551
414.478
394.365
376.295
361.048
345.349
356.281
346.179
340.846
326.83
358.508
349.201
341.075
327.578
362.027
353.836
341.434
328.657
410.224
402.323
392.371
384.924
376.649
369.677
360.746
352.291
341.087
328.85
406.413
394.443
386.546
374.534
368.901
356.987
353.579
340.537
339.108
325.958
382.06
364.883
380.413
361.455
402.903
385.607
401.01
380.911
363.25
345.947
364.661
348.342
380.208
359.531
379.013
357.873
400.285
378.14
399.119
376.395
363.069
344.563
361.815
342.984
347.725
331.117
335.064
319.976
349.71
332.809
336.688
321.422
346.661
330.039
333.709
318.413
346.273
328.868
332.815
317.666
337.423
334.391
304.14
301.326
341.659
338.119
305.516
302.344
346.899
341.789
307.052
301.595
395.163
389.986
377.923
373.008
362.786
358.027
343.144
335.999
305.969
297.909
383.609
378.433
363.5
358.438
345.249
340.079
325.373
319.309
298.325
292.108
349.051
344.231
342.31
341.383
349.881
344.464
342.305
341.331
348.453
343.936
342.16
341.28
349.422
344.162
342.115
341.197
347.307
343.404
341.947
341.166
348.506
343.635
341.858
341.044
348.188
343.223
341.455
340.756
347.185
342.469
340.894
340.373
346.016
342.593
341.462
340.902
342.094
341.152
340.959
340.745
345.393
342.611
341.656
341.071
342.404
341.535
341.249
340.927
346.101
342.343
341.13
340.641
341.694
340.733
340.611
340.49
345.639
341.852
340.688
340.295
341.146
340.256
340.215
340.169
347.395
343.738
342.272
341.456
344.874
343.028
342.173
341.533
346.802
343.48
342.159
341.383
344.533
342.875
342.09
341.473
345.842
343.059
341.972
341.271
344.064
342.619
341.933
341.356
344.149
342.387
341.698
341.145
343.314
342.266
341.738
341.222
342.447
341.765
341.44
341.053
342.284
342.409
342.031
341.641
340.463
342.074
341.95
341.679
342.243
342.329
341.967
341.586
340.476
341.998
341.887
341.628
342.05
342.141
341.827
341.469
340.357
341.825
341.758
341.527
341.567
341.82
341.617
341.303
339.946
341.536
341.571
341.384
340.643
341.338
341.338
341.122
339.032
341.112
341.323
341.205
338.546
340.192
340.65
340.662
336.532
339.891
340.583
340.648
339.508
340.769
341.011
340.91
337.684
340.528
340.985
340.955
337.704
339.638
340.271
340.371
335.552
339.26
340.149
340.302
337.021
339.112
339.868
340.029
334.801
338.665
339.704
339.932
340.829
340.535
340.362
340.268
340.226
340.802
340.519
340.352
340.261
340.221
340.763
340.494
340.337
340.25
340.212
340.712
340.462
340.317
340.237
340.202
340.68
340.442
340.304
340.228
340.195
340.603
340.395
340.274
340.208
340.179
340.447
340.298
340.213
340.167
340.147
340.222
340.159
340.125
340.107
340.099
340.544
340.359
340.252
340.193
340.167
340.479
340.322
340.229
340.178
340.155
340.623
340.408
340.282
340.214
340.184
340.559
340.37
340.259
340.198
340.171
340.4
340.271
340.197
340.156
340.138
340.347
340.243
340.179
340.144
340.129
340.189
340.141
340.115
340.1
340.094
340.163
340.131
340.109
340.096
340.091
340.857
340.55
340.371
340.274
340.231
340.875
340.559
340.377
340.278
340.234
340.809
340.52
340.353
340.261
340.221
340.838
340.536
340.363
340.268
340.226
340.732
340.473
340.323
340.242
340.205
340.769
340.495
340.337
340.25
340.212
340.656
340.428
340.295
340.222
340.19
340.686
340.445
340.306
340.23
340.196
340.609
340.4
340.278
340.211
340.181
533.58
532.272
533.714
532.376
534.133
532.785
535.124
533.675
537.158
535.608
540.382
540.861
539.525
539.356
540.632
541.329
540.623
541.151
565.261
571.376
572.639
572.92
572.98
558.877
569.628
572.245
572.836
572.961
565.381
571.408
572.646
572.922
572.98
559.044
569.678
572.255
572.839
572.961
565.501
571.437
572.653
572.923
572.981
559.238
569.728
572.267
572.842
572.962
565.786
571.503
572.668
572.927
572.982
559.6
569.816
572.287
572.846
572.963
566.317
571.614
572.691
572.932
572.983
560.254
569.961
572.317
572.852
572.964
566.674
571.65
572.695
572.932
572.983
561.699
570.251
572.374
572.863
572.966
566.616
571.652
572.697
572.933
572.983
561.18
570.145
572.354
572.86
572.966
566.659
571.64
572.692
572.931
572.982
561.909
570.301
572.383
572.865
572.967
566.683
571.646
572.693
572.931
572.982
561.904
570.31
572.384
572.865
572.967
437.569
470.407
467.649
433.95
428.023
433.875
425.662
432.934
452.69
467.99
456.397
469.888
287.689
288.384
289.925
292.39
295.907
300.59
288.273
288.98
290.539
293.009
296.461
300.958
287.243
287.023
287.988
287.845
289.641
289.676
292.304
292.677
296.059
296.857
300.82
301.737
306.506
313.623
322.064
331.851
341.14
347.186
306.512
313.035
320.35
327.916
334.511
338.594
286.294
284.287
281.592
278.374
274.828
286.922
284.82
281.997
278.627
274.915
288.315
286.001
282.896
279.189
275.105
290.543
287.89
284.332
280.086
275.411
293.719
290.581
286.377
281.364
275.845
297.944
294.156
289.092
283.061
276.423
286.823
284.736
281.934
278.587
274.901
287.461
285.277
282.345
278.844
274.988
288.87
286.472
283.253
279.412
275.182
291.102
288.363
284.691
280.311
275.487
294.219
291.003
286.698
281.565
275.914
298.274
294.436
289.306
283.197
276.47
285.891
283.945
281.332
278.211
274.773
285.691
283.776
281.203
278.131
274.746
286.564
284.516
281.766
278.483
274.865
286.435
284.407
281.683
278.431
274.848
288.058
285.784
282.73
279.085
275.07
288.091
285.811
282.751
279.098
275.075
290.466
287.825
284.282
280.055
275.4
290.803
288.111
284.499
280.19
275.446
293.858
290.698
286.465
281.419
275.864
294.578
291.308
286.927
281.707
275.962
298.152
294.332
289.223
283.141
276.45
298.978
295.028
289.749
283.468
276.56
303.269
298.655
292.51
285.2
277.152
309.649
304.034
296.599
287.772
278.034
317.158
310.34
301.413
290.834
279.099
325.738
317.508
306.936
294.436
280.397
333.653
324.048
312.045
297.909
281.743
338.714
328.208
315.324
300.19
282.66
303.273
298.661
292.518
285.209
277.156
309.126
303.6
296.276
287.573
277.966
315.657
309.097
300.469
290.229
278.884
322.358
314.718
304.777
292.992
279.855
328.136
319.544
308.496
295.419
280.729
331.692
322.512
310.796
296.936
281.284
287.805
288.74
290.539
293.295
297.15
302.234
288.393
289.344
291.163
293.916
297.677
302.498
287.362
287.146
288.35
288.223
290.272
290.339
293.246
293.681
297.37
298.247
302.623
303.702
308.57
316.004
324.552
334.06
342.649
347.719
308.345
315.054
322.363
329.65
335.686
339.009
286.399
284.377
281.661
278.417
274.843
287.245
285.095
282.208
278.759
274.959
288.873
286.477
283.259
279.417
275.183
291.366
288.592
284.869
280.424
275.526
294.851
291.549
287.119
281.831
276.005
299.445
295.444
290.084
283.687
276.637
286.931
284.828
282.004
278.632
274.916
287.792
285.559
282.56
278.98
275.035
289.437
286.955
283.623
279.644
275.261
291.927
289.068
285.231
280.65
275.603
295.326
291.951
287.426
282.024
276.071
299.68
295.642
290.235
283.783
276.67
285.998
284.037
281.402
278.255
274.788
285.803
283.871
281.276
278.176
274.761
286.893
284.796
281.98
278.617
274.911
286.778
284.699
281.906
278.57
274.895
288.631
286.272
283.103
279.319
275.15
288.692
286.324
283.143
279.344
275.158
291.322
288.556
284.841
280.406
275.52
291.715
288.889
285.095
280.565
275.574
295.051
291.719
287.249
281.912
276.032
295.845
292.393
287.761
282.232
276.141
299.798
295.745
290.312
283.829
276.685
300.775
296.573
290.942
284.222
276.818
305.16
300.286
293.771
286
277.426
311.841
305.936
298.081
288.717
278.359
319.469
312.365
303.006
291.858
279.453
327.816
319.353
308.406
295.394
280.732
335.092
325.342
313.09
298.6
281.989
339.227
328.674
315.703
300.444
282.752
304.951
300.106
293.635
285.917
277.399
310.982
305.206
297.524
288.366
278.239
317.517
310.716
301.735
291.039
279.163
323.971
316.133
305.891
293.71
280.104
329.236
320.516
309.267
295.919
280.903
332.083
322.858
311.072
297.116
281.347
379.439
361.507
315.796
308.37
312.487
308.419
314.043
386.764
385.223
363.056
375.697
341.187
353.763
334.134
338.68
331.575
380.101
354.019
336.927
331.783
340.741
334.746
325.091
324.228
323.32
318.643
329.294
325.209
377.843
355.724
366.497
345.325
338.685
352.907
326.416
318.762
330.202
361.075
344.441
329.087
311.85
289.725
349.801
337.13
322.648
305.903
285.539
311.667
305.793
297.967
288.638
278.329
304.985
300.14
293.657
285.925
277.4
308.703
303.288
296.047
287.416
277.906
305.033
300.181
293.686
285.939
277.403
310.101
304.471
296.951
287.987
278.102
369.649
351.69
334.466
314.906
290.84
368.466
350.121
332.058
311.477
287.03
352.555
339.701
324.065
305.802
284.74
361.624
344.54
327.035
307.195
284.968
334.163
324.584
312.203
297.611
281.427
344.855
333.278
318.778
301.849
282.953
328.028
319.515
308.35
295.14
280.553
332.024
322.827
310.843
296.705
281.091
325.779
317.644
306.926
294.232
280.235
364.139
347.498
331.408
312.969
290.173
345.028
333.662
319.548
302.909
283.691
330.466
321.566
309.971
296.239
280.966
325.927
317.791
307.12
294.445
280.345
333.743
324.318
312.185
297.803
281.597
328.515
319.971
308.848
295.621
280.788
319.964
312.791
303.331
292.062
279.523
319.228
312.173
302.827
291.701
279.382
318.437
311.502
302.283
291.322
279.239
314.24
307.965
299.602
289.645
278.667
323.75
315.959
305.676
293.47
279.983
320.11
312.91
303.373
292.03
279.49
360.98
344.676
329.332
311.928
289.949
345.603
333.9
320.04
303.829
284.46
354.75
340.725
325.626
307.955
286.294
337.495
327.418
314.765
299.768
282.461
331.909
322.807
311.1
297.177
281.392
344.035
332.9
319.099
302.778
283.708
321.159
313.797
304.087
292.527
279.679
314.338
308.048
299.675
289.702
278.69
324.521
316.619
306.243
293.904
280.162
281.873
298.929
314.334
327.444
337.632
345.144
493.666
488.229
466.803
472.174
479.433
471.106
457.903
447.966
511.232
525.185
505.418
517.983
496.937
489.107
507.398
484.912
480.475
459.545
463.908
472.981
465.575
452.07
443.461
502.39
512.56
497.296
506.261
489.386
482.101
497.001
472.749
469.464
449.386
452.641
463.567
457.492
443.508
436.131
488.896
498.842
484.797
493.821
478.675
472.465
486.234
460.177
457.71
438.656
441.199
452.944
447.656
433.837
427.384
476.215
486.842
472.887
482.697
467.867
461.89
475.931
451.051
449.024
430.764
432.946
444.854
440.235
426.507
420.548
466.647
478.032
463.783
474.69
459.694
454.38
468.758
444.853
443.042
425.332
427.33
439.273
435.192
421.363
415.79
460.347
473.27
457.706
470.011
454.278
449.508
464.059
421.883
418.795
442.167
446.263
414.409
408.985
435.438
427.121
401.656
383.39
400.484
384.444
396.522
395.539
386.251
417.826
414.918
436.799
440.401
410.772
405.663
430.774
423.001
397.081
378.867
396.036
380.136
392.227
391.675
381.816
411.298
408.682
428.74
431.703
404.934
400.191
423.638
416.822
392.035
373.041
390.933
374.259
387.414
386.837
375.891
402.926
400.602
419.437
421.913
397.06
392.281
415.047
408.599
384.464
365.592
383.484
366.752
380.22
379.634
368.556
396.011
393.872
412.272
414.482
390.664
386.107
408.279
402.288
377.698
359.638
376.841
360.568
374.119
373.557
362.628
390.958
388.952
407.228
409.286
386.148
382.084
403.479
397.894
373.222
355.662
372.533
356.632
370.125
369.847
359.055
542.484
557.127
532.431
550.182
518.597
541.353
494.749
521.831
494.46
515.861
515.732
536.638
528.634
546.667
537.692
553.755
510.643
492.169
528.704
502.105
485.003
465.452
503.163
474.362
549.761
556.585
561.228
564.922
540.058
548.665
555.154
560.574
540.328
526.613
519.914
510.924
537.336
549.882
546.155
545.834
511.33
515.094
524.701
523.851
483.402
486.554
552.585
554.495
529.66
535.177
560.878
563.312
561.24
568.324
567.753
571.023
554.92
565.842
564.511
569.728
542.657
560.638
552.649
565.444
560.177
568.352
563.096
569.376
478.977
467.847
485.643
469.957
449.339
439.254
456.6
441.766
511.023
496.606
504.981
494.473
490.434
470.95
491.716
470.725
461.567
443.074
462.939
443.009
515.396
497.577
516.61
497.413
533.147
557.89
522.217
550.213
527.595
554.587
519.523
547.596
537.165
559.821
523.501
551.602
538.421
560.525
523.535
552.228
556.051
545.623
565.34
557.654
547.112
536.695
561.778
553.004
533.926
524.095
555.679
546.147
465.566
430.462
495.58
519.564
548.016
425.18
460.4
490.678
513.56
539.822
430.234
462.258
490.773
515.598
542.387
527.036
511.14
531.239
516.075
521.179
506.507
529.05
513.714
512.216
498.448
525.839
510.627
415.67
404.017
452.325
441.05
481.602
469.832
503.913
491.265
523.952
509.757
419.565
406.795
453.276
444.042
482.337
472.985
506.429
495.589
526.307
513.957
456.235
451.412
454.424
449.619
423.485
405.414
423.174
404.051
482.93
481.419
484.855
482.452
451.927
448.183
451.784
448.187
422.282
403.704
422.356
403.875
480.133
479.972
479.956
480.021
508.904
507.435
529.598
527.454
509.597
506.841
529.462
525.592
507.411
506.814
529.387
527.819
506.062
505.864
528.245
526.72
494.518
482.163
475.891
497.253
483.869
477.348
491.076
478.555
472.019
494.958
481.103
474.254
483.186
470.593
463.982
491.726
476.82
469.39
391.811
383.661
379.961
428.323
417.53
411.9
456.27
443.403
436.238
476.002
462.413
455.355
489.844
473.18
464.718
393.169
382.877
378.083
433.354
421.944
416.022
460.652
446.912
439.245
479.759
463.4
454.491
491.447
472.484
462.588
423.956
415.035
429.411
420.71
452.873
438.242
462.661
445.497
402.832
382.509
403.961
384.49
403.679
384.539
405.569
386.842
404.908
400.873
403.585
398.054
387.092
391.015
424.687
427.365
450.648
453.293
407.925
411.879
407.378
409.955
393.855
396.771
362.582
347.996
368.113
351.843
364.423
348.11
370.133
352.662
367.336
347.983
374.881
353.857
378.619
356.982
380.434
358.84
397.964
388.439
405.463
391.971
421.83
411.807
429.104
414.964
386.939
372.567
379.474
368.939
409.736
393.959
411.621
394.593
433.54
416.676
435.158
416.959
391.137
374.702
393.173
375.53
369.57
350.062
357.302
342.422
362.5
345.318
353.835
339.749
373.836
353.438
359.387
344.166
376.139
355.642
360.286
345.115
345.936
333.038
340.396
331.04
347.176
334.87
340.151
331.303
350.217
339.863
340.247
332.893
379.033
401.088
363.273
352.113
339.05
396.213
374.252
356.373
345.473
334.202
400.786
378.794
361.535
348.567
336.385
320.743
307.907
320.525
308.061
323.436
310.975
321.722
309.512
329.053
317
324.19
312.28
386.127
374.24
364.143
352.005
347.947
336.398
336.802
324.899
327.567
315.893
389.54
375.135
367.967
353.649
351.883
338.45
339.73
326.194
329.864
317.342
372.106
353.269
375.014
355.156
394.125
374.344
396.362
374.828
357.767
340.128
355.051
338.009
377.467
356.365
378.156
356.916
397.945
375.082
398.385
375.468
360.221
341.601
360.923
342.084
342.786
326.39
331.164
316.558
341.431
324.738
330.567
315.938
343.988
327.56
331.52
316.54
345.397
328.08
332.117
317.09
293.508
286.618
283.955
286.607
280.882
279.01
297.523
290.087
287.157
288.509
282.592
280.51
304.442
296.673
293.472
291.453
284.717
282.282
362.507
354.798
351.327
340.5
333.205
330.108
324.72
317.142
314.144
311.547
302.848
299.138
293.403
285.75
282.903
361.135
351.214
346.978
339.955
330.184
325.971
324.579
314.96
310.983
310.071
300.716
297.201
291.567
284.576
282.017
340.565
338.609
338.523
338.834
342.357
339.339
338.806
338.956
340.523
338.647
338.612
338.932
342.846
339.631
339.013
339.103
340.225
338.616
338.695
339.024
343.112
339.873
339.234
339.26
344.666
340.72
339.695
339.546
345.928
341.566
340.254
339.926
341.546
339.416
339.186
339.293
338.58
338.548
339.002
339.256
339.326
338.409
338.707
339.053
337.367
337.901
338.625
339.042
343.323
340.335
339.665
339.57
339.599
339.153
339.39
339.512
344.691
341.16
340.18
339.923
340.445
339.723
339.799
339.829
337.558
337.466
338.093
338.638
333.785
336.124
337.599
338.389
337.412
337.445
338.14
338.702
333.935
336.208
337.667
338.45
337.307
337.468
338.219
338.791
334.527
336.473
337.824
338.565
336.699
337.359
338.256
338.846
334.918
336.695
337.974
338.683
336.026
337.28
338.294
338.862
330.523
335.109
337.209
338.021
328.502
334.597
336.954
337.775
331.047
335.303
337.299
338.083
329.113
334.812
337.05
337.837
331.975
335.661
337.486
338.217
330.118
335.183
337.232
337.956
333.05
336.121
337.725
338.392
331.194
335.633
337.462
338.113
333.989
336.646
338.009
338.568
331.97
336.095
337.729
338.299
335.197
337.625
338.688
339.033
332.903
337.049
338.428
338.853
334.609
337.142
338.34
338.785
332.41
336.574
338.061
338.551
335.741
338.099
339.065
339.333
333.446
337.563
338.84
339.198
336.375
338.6
339.463
339.677
334.12
338.109
339.272
339.566
339.316
339.603
339.776
339.872
339.914
339.354
339.621
339.786
339.878
339.919
339.384
339.646
339.803
339.89
339.929
339.45
339.681
339.824
339.904
339.939
339.465
339.698
339.836
339.912
339.946
339.558
339.748
339.867
339.933
339.962
339.719
339.846
339.928
339.974
339.995
339.946
339.987
340.017
340.034
340.042
339.603
339.782
339.889
339.948
339.974
339.646
339.816
339.911
339.963
339.986
339.513
339.731
339.858
339.927
339.957
339.563
339.767
339.881
339.943
339.97
339.751
339.871
339.945
339.985
340.003
339.78
339.896
339.961
339.997
340.012
339.963
340.002
340.027
340.041
340.047
339.965
340.009
340.032
340.045
340.05
339.269
339.585
339.767
339.866
339.909
339.234
339.574
339.761
339.862
339.906
339.319
339.616
339.786
339.879
339.92
339.274
339.598
339.776
339.872
339.914
339.394
339.663
339.816
339.899
339.935
339.344
339.64
339.802
339.89
339.928
339.464
339.709
339.845
339.918
339.951
339.429
339.69
339.834
339.911
339.945
339.509
339.736
339.862
339.93
339.96
537.281
535.003
536.668
534.369
535.947
533.763
535.817
533.754
537.25
535.295
540.359
540.803
539.549
539.283
540.6
541.279
540.608
541.13
565.836
571.477
572.658
572.924
572.981
559.751
569.815
572.283
572.843
572.962
565.807
571.481
572.661
572.925
572.981
559.72
569.827
572.286
572.846
572.963
565.775
571.488
572.664
572.926
572.981
559.656
569.832
572.29
572.847
572.963
565.906
571.53
572.674
572.928
572.982
559.777
569.874
572.301
572.849
572.964
566.343
571.624
572.694
572.932
572.983
560.291
569.987
572.325
572.854
572.965
566.669
571.65
572.695
572.932
572.983
561.689
570.252
572.375
572.863
572.967
566.619
571.655
572.698
572.933
572.983
561.181
570.154
572.357
572.861
572.966
566.654
571.64
572.692
572.931
572.982
561.898
570.3
572.383
572.865
572.967
566.681
571.646
572.693
572.931
572.982
561.899
570.31
572.384
572.865
572.967
437.372
470.59
468.441
433.459
418.41
419.728
421.431
424.152
432.127
435.911
460.04
468.54
467.529
476.573
445.335
449.578
434.039
437.185
427.551
429.349
378.624
360.811
312.924
306.044
309.261
305.834
310.931
377.254
371.671
353.641
361.429
358.237
333.714
344.257
340.154
327.632
331.728
325.886
373.76
347.257
330.686
326.646
334.912
330.251
321.818
320.21
318.388
314.447
323.798
320.581
375.302
353.707
362.01
342.277
334.832
347.691
322.567
315.09
325.685
360.187
343.607
328.366
311.327
289.511
349.099
336.476
322.098
305.52
285.392
309.015
303.488
296.169
287.49
277.934
302.851
298.299
292.232
285.02
277.089
305.734
300.714
294.044
286.14
277.467
302.661
298.132
292.098
284.931
277.057
307.231
301.978
295.009
286.749
277.677
358.765
341.114
325.391
308.55
288.354
352.857
334.96
319.179
302.691
283.916
342.815
330.395
316.224
300.487
282.824
344.822
328.164
313.053
297.668
281.561
342.152
325.68
310.754
295.858
280.75
326.833
317.829
306.659
293.938
280.137
335.119
324.036
311.03
296.645
281.11
331.619
321.071
308.606
294.917
280.422
321.752
313.804
303.709
292.087
279.484
325.052
316.274
305.383
293.048
279.798
320.26
312.592
302.798
291.505
279.279
357.192
340.718
325.548
308.816
288.483
338.293
327.377
314.326
299.395
282.424
324.46
316.117
305.552
293.336
279.95
321.054
313.427
303.621
292.163
279.55
328.118
319.201
308.024
295.057
280.629
324.247
316.145
305.774
293.612
280.085
316.909
310.1
301.204
290.69
279.048
315.473
308.863
300.211
290.014
278.798
313.824
307.43
299.059
289.24
278.518
310.351
304.567
296.937
287.937
278.078
318.54
311.297
301.94
291.038
279.136
315.769
309.069
300.325
290.06
278.807
358.225
342.079
327.089
310.31
289.28
343.603
332.05
318.5
302.774
284.064
350.131
336.35
321.903
305.368
285.324
334.553
324.744
312.582
298.314
281.94
328.235
319.501
308.431
295.422
280.774
338.88
328.11
315.122
300.094
282.736
317.553
310.61
301.56
290.893
279.112
310.93
305.067
297.336
288.202
278.173
320.257
312.82
303.211
291.932
279.475
511.014
545.496
504.542
540.35
483.002
523.228
489.3
528.536
493.933
481.144
522.059
496.752
471.185
457.453
497.875
470.663
526.333
539.164
553.206
559.066
520.215
532.847
549.174
555.777
533.882
511.1
514.234
499.131
523.702
544.432
544.16
545.384
509.16
514.569
523.052
523.467
481.971
486.216
550.449
554.028
527.378
534.633
559.208
562.967
551.626
565.144
564.397
569.891
545.734
562.776
561.579
568.686
533.913
557.722
548.447
564.01
558.677
567.815
562.796
569.261
475.182
467.662
483.258
470.069
448.662
441.53
455.934
443.265
507.87
495.985
499.639
493.057
489.376
471.141
491.459
470.827
461.357
443.975
462.932
443.332
513.948
497.367
516.231
497.382
530.53
556.958
521.519
549.931
523.162
552.986
518.093
547.01
535.934
559.368
523.212
551.482
538.089
560.396
523.468
552.198
539.886
526.476
560.167
551
532.472
519.833
556.974
546.958
521.691
510.657
551.61
541.333
466.91
440.735
490.994
513.966
545.818
437.948
462.861
485.303
506.488
536.923
438.396
464.001
488.937
513.227
541.369
508.143
495.58
522.72
511.166
504.465
492.529
522.01
510.085
498.652
487.071
520.944
508.787
431.275
422.875
456.304
447.217
477.803
467.665
498.193
487.129
521.883
509.981
430.385
419.784
457.013
449.961
482.001
474.982
505.07
496.362
525.81
515.145
458.416
454.894
455.957
451.944
429.061
413.408
426.316
408.64
483.394
482.398
485.067
483.575
452.861
449.473
452.097
448.595
423.956
406.063
422.891
404.6
480.522
480.603
480.098
480.23
508.905
507.741
529.572
527.567
509.191
507.076
529.237
525.72
507.507
507.053
529.417
527.913
506.112
505.958
528.264
526.759
487.856
484.459
501.151
496.606
484.857
480.953
499.859
494.479
479.194
475.226
498.03
491.478
415.559
410.472
439.994
434.7
460.142
454.534
478.844
473.41
497.614
488.827
409.885
403.893
443.893
437.468
467.67
460.001
485.887
476.497
498.573
487.107
421.652
414.948
430.109
421.642
445.39
434.344
460.879
444.17
406.097
388.695
409.685
391.297
405.336
390.014
409.436
392.572
407.653
402.571
406.347
401.043
391.998
395.385
425.493
427.674
450.304
453.257
409.798
412.541
409.171
410.593
396.743
397.819
375.343
360.182
377.459
361.812
376.163
359.432
378.077
361.239
377.922
358.116
381.151
360.879
382.436
361.39
381.774
360.383
404.366
395.847
408.769
396.329
424.746
416.984
430.459
418.054
391.919
377.629
388.504
377.352
411.502
396.318
412.189
395.361
434.322
418.377
435.437
417.527
393.805
377.46
394.017
376.42
375.916
356.037
362.421
346.871
373.091
353.958
362.037
346.401
377.316
356.987
362.227
346.736
377.24
356.809
361.205
345.957
371.001
364.648
356.483
350.162
371.612
365.721
355.444
349.407
372.905
368.292
353.972
348.879
398.908
418.071
383.638
369.133
350.415
416.587
398.682
382.999
367.524
347.55
414.472
394.36
376.292
361.045
345.348
356.367
346.262
340.935
326.938
358.508
349.203
341.072
327.572
362.025
353.834
341.433
328.654
410.219
402.319
392.367
384.921
376.646
369.674
360.743
352.289
341.085
328.848
406.408
394.439
386.542
374.531
368.898
356.985
353.577
340.535
339.107
325.956
382.055
364.88
380.408
361.452
402.898
385.603
401.004
380.907
363.247
345.944
364.657
348.34
380.203
359.527
379.008
357.87
400.279
378.136
399.114
376.391
363.065
344.56
361.811
342.981
347.722
331.116
335.062
319.975
349.708
332.807
336.687
321.421
346.658
330.037
333.707
318.412
346.27
328.865
332.812
317.664
337.525
334.484
304.29
301.465
341.667
338.132
305.507
302.346
346.897
341.79
307.049
301.594
395.16
389.983
377.921
373.006
362.783
358.025
343.142
335.998
305.968
297.908
383.606
378.431
363.497
358.436
345.247
340.077
325.371
319.308
298.324
292.107
349.08
344.246
342.317
341.387
349.912
344.482
342.315
341.337
348.455
343.936
342.16
341.28
349.425
344.163
342.116
341.198
347.308
343.405
341.948
341.166
348.506
343.636
341.858
341.044
348.188
343.223
341.455
340.755
347.183
342.468
340.893
340.372
346.015
342.592
341.462
340.902
342.093
341.152
340.959
340.745
345.392
342.611
341.656
341.071
342.403
341.534
341.249
340.927
346.1
342.343
341.13
340.641
341.692
340.732
340.61
340.49
345.637
341.851
340.687
340.295
341.144
340.255
340.215
340.168
347.423
343.751
342.278
341.459
344.897
343.037
342.177
341.536
346.803
343.481
342.159
341.383
344.534
342.875
342.09
341.473
345.842
343.059
341.973
341.271
344.065
342.619
341.934
341.356
344.149
342.387
341.699
341.145
343.315
342.266
341.739
341.222
342.447
341.765
341.44
341.053
342.308
342.418
342.034
341.643
340.483
342.08
341.953
341.681
342.245
342.33
341.967
341.586
340.479
342
341.887
341.628
342.051
342.142
341.828
341.47
340.358
341.826
341.758
341.527
341.567
341.82
341.617
341.303
339.946
341.536
341.571
341.384
340.643
341.338
341.338
341.122
339.032
341.112
341.323
341.205
338.544
340.192
340.649
340.661
336.531
339.891
340.583
340.648
339.508
340.768
341.011
340.91
337.683
340.528
340.985
340.955
337.703
339.637
340.27
340.371
335.55
339.259
340.148
340.301
337.019
339.111
339.867
340.029
334.799
338.664
339.703
339.931
340.832
340.536
340.363
340.269
340.227
340.806
340.521
340.354
340.262
340.222
340.763
340.494
340.337
340.25
340.212
340.712
340.462
340.317
340.237
340.202
340.68
340.442
340.304
340.228
340.195
340.603
340.395
340.274
340.208
340.179
340.447
340.298
340.213
340.167
340.147
340.222
340.158
340.125
340.107
340.099
340.544
340.359
340.252
340.193
340.167
340.479
340.322
340.229
340.178
340.155
340.623
340.408
340.282
340.214
340.184
340.559
340.37
340.259
340.198
340.171
340.4
340.271
340.196
340.156
340.138
340.347
340.243
340.179
340.144
340.129
340.189
340.141
340.115
340.1
340.094
340.163
340.131
340.109
340.096
340.091
340.859
340.551
340.372
340.275
340.231
340.877
340.56
340.378
340.278
340.234
340.809
340.52
340.353
340.261
340.221
340.838
340.536
340.363
340.268
340.226
340.732
340.473
340.324
340.242
340.205
340.769
340.495
340.337
340.25
340.212
340.656
340.428
340.295
340.222
340.19
340.686
340.445
340.306
340.23
340.196
340.609
340.4
340.278
340.211
340.181
533.605
532.305
533.718
532.379
534.132
532.785
535.122
533.674
537.156
535.606
540.38
540.86
539.523
539.354
540.63
541.327
540.621
541.149
565.308
571.389
572.641
572.921
572.98
558.903
569.637
572.247
572.836
572.961
565.377
571.407
572.646
572.922
572.98
559.046
569.679
572.255
572.839
572.961
565.5
571.437
572.653
572.923
572.981
559.238
569.728
572.267
572.842
572.962
565.786
571.503
572.668
572.927
572.982
559.6
569.816
572.287
572.846
572.963
566.317
571.614
572.691
572.932
572.983
560.253
569.961
572.317
572.852
572.964
566.673
571.65
572.695
572.932
572.983
561.698
570.251
572.374
572.863
572.966
566.616
571.652
572.697
572.933
572.983
561.179
570.145
572.354
572.86
572.966
566.659
571.64
572.692
572.931
572.982
561.908
570.3
572.383
572.865
572.967
566.683
571.646
572.693
572.931
572.982
561.904
570.31
572.384
572.865
572.967
437.557
470.395
467.635
433.94
428.176
434.03
425.66
432.935
452.678
467.97
456.617
470.131
287.688
288.383
289.924
292.389
295.906
300.589
288.273
288.979
290.539
293.008
296.461
300.957
287.243
287.022
287.987
287.845
289.64
289.676
292.304
292.677
296.058
296.856
300.819
301.736
306.505
313.622
322.063
331.848
341.138
347.184
306.511
313.034
320.348
327.914
334.508
338.592
286.293
284.287
281.592
278.374
274.828
286.922
284.82
281.997
278.627
274.914
288.315
286.001
282.895
279.188
275.105
290.542
287.889
284.331
280.086
275.411
293.719
290.58
286.376
281.363
275.845
297.943
294.155
289.092
283.061
276.423
286.822
284.735
281.933
278.587
274.901
287.461
285.277
282.345
278.844
274.988
288.87
286.471
283.253
279.412
275.181
291.101
288.362
284.691
280.31
275.487
294.218
291.003
286.698
281.565
275.914
298.274
294.435
289.306
283.197
276.47
285.89
283.945
281.332
278.211
274.773
285.691
283.776
281.203
278.131
274.746
286.563
284.515
281.766
278.482
274.865
286.434
284.406
281.683
278.43
274.848
288.058
285.783
282.73
279.085
275.07
288.09
285.811
282.751
279.098
275.075
290.466
287.824
284.282
280.055
275.4
290.803
288.11
284.499
280.19
275.446
293.857
290.697
286.465
281.418
275.864
294.577
291.307
286.927
281.706
275.962
298.151
294.331
289.223
283.141
276.45
298.977
295.028
289.749
283.467
276.56
303.268
298.654
292.509
285.2
277.152
309.647
304.032
296.599
287.772
278.034
317.156
310.339
301.412
290.834
279.099
325.736
317.506
306.934
294.435
280.397
333.651
324.046
312.043
297.908
281.743
338.711
328.206
315.322
300.189
282.66
303.272
298.66
292.517
285.209
277.156
309.125
303.599
296.275
287.572
277.966
315.655
309.095
300.468
290.228
278.884
322.356
314.717
304.775
292.991
279.855
328.134
319.543
308.495
295.418
280.728
331.69
322.51
310.794
296.935
281.284
287.805
288.739
290.539
293.294
297.149
302.233
288.392
289.343
291.162
293.915
297.677
302.497
287.361
287.145
288.35
288.223
290.271
290.339
293.246
293.68
297.369
298.246
302.622
303.701
308.569
316.002
324.55
334.058
342.646
347.716
308.344
315.053
322.361
329.648
335.683
339.007
286.399
284.377
281.661
278.417
274.843
287.245
285.095
282.207
278.759
274.959
288.873
286.476
283.259
279.417
275.183
291.365
288.592
284.869
280.423
275.526
294.85
291.548
287.119
281.831
276.005
299.444
295.443
290.083
283.687
276.637
286.931
284.828
282.004
278.632
274.916
287.791
285.558
282.56
278.979
275.034
289.436
286.955
283.623
279.644
275.261
291.926
289.067
285.23
280.65
275.603
295.326
291.951
287.425
282.023
276.071
299.679
295.641
290.234
283.783
276.67
285.998
284.036
281.402
278.255
274.788
285.803
283.87
281.275
278.176
274.761
286.892
284.796
281.98
278.617
274.911
286.778
284.698
281.906
278.57
274.895
288.631
286.271
283.103
279.319
275.15
288.692
286.323
283.142
279.344
275.158
291.322
288.555
284.841
280.406
275.52
291.715
288.889
285.095
280.565
275.574
295.051
291.719
287.248
281.912
276.032
295.844
292.392
287.761
282.232
276.141
299.798
295.744
290.312
283.829
276.685
300.774
296.573
290.941
284.221
276.818
305.159
300.285
293.77
285.999
277.426
311.84
305.935
298.08
288.716
278.359
319.467
312.364
303.005
291.857
279.453
327.814
319.351
308.405
295.393
280.732
335.09
325.34
313.088
298.599
281.989
339.225
328.671
315.701
300.443
282.751
304.95
300.105
293.634
285.916
277.399
310.981
305.205
297.523
288.366
278.239
317.515
310.715
301.734
291.038
279.163
323.969
316.132
305.89
293.709
280.103
329.234
320.514
309.266
295.918
280.903
332.08
322.856
311.07
297.115
281.347
379.435
361.504
315.795
308.369
312.486
308.418
314.042
386.76
385.22
363.053
375.694
341.185
353.761
334.132
338.678
331.573
380.097
354.017
336.925
331.781
340.738
334.744
325.09
324.227
323.319
318.641
329.292
325.208
377.839
355.722
366.494
345.323
338.683
352.905
326.414
318.76
330.2
361.071
344.438
329.085
311.849
289.724
349.798
337.128
322.646
305.901
285.538
311.665
305.792
297.967
288.638
278.329
304.984
300.139
293.657
285.924
277.399
308.702
303.287
296.047
287.415
277.906
305.032
300.18
293.685
285.938
277.403
310.1
304.469
296.95
287.987
278.102
369.646
351.687
334.464
314.905
290.84
368.463
350.119
332.057
311.476
287.029
352.552
339.699
324.063
305.801
284.74
361.622
344.538
327.034
307.195
284.968
334.161
324.583
312.202
297.61
281.427
344.853
333.277
318.776
301.848
282.952
328.026
319.514
308.349
295.139
280.553
332.022
322.825
310.842
296.704
281.091
325.777
317.643
306.925
294.231
280.235
364.136
347.495
331.406
312.968
290.173
345.026
333.66
319.547
302.908
283.69
330.464
321.565
309.97
296.238
280.966
325.926
317.789
307.119
294.444
280.345
333.741
324.316
312.184
297.802
281.597
328.513
319.969
308.846
295.62
280.787
319.963
312.789
303.33
292.061
279.523
319.226
312.171
302.826
291.701
279.382
318.435
311.5
302.282
291.321
279.239
314.238
307.964
299.601
289.644
278.667
323.749
315.958
305.675
293.469
279.982
320.109
312.909
303.372
292.029
279.49
360.976
344.673
329.329
311.927
289.948
345.6
333.898
320.038
303.828
284.459
354.747
340.723
325.624
307.953
286.294
337.492
327.416
314.764
299.767
282.46
331.907
322.806
311.098
297.176
281.392
344.033
332.898
319.098
302.777
283.708
321.157
313.796
304.086
292.526
279.678
314.336
308.047
299.674
289.701
278.69
324.519
316.617
306.242
293.903
280.161
281.873
298.928
314.333
327.442
337.63
345.142
493.896
488.211
466.786
472.403
479.417
471.094
457.889
447.955
511.434
525.328
505.405
517.977
496.924
489.095
507.387
485.104
480.465
459.535
464.098
472.97
465.565
452.06
443.452
502.562
512.668
497.292
506.263
489.378
482.092
496.995
472.893
469.461
449.383
452.784
463.562
457.486
443.503
436.125
489.037
498.938
484.798
493.822
478.672
472.46
486.232
460.285
457.711
438.655
441.309
452.942
447.653
433.834
427.381
476.324
486.916
472.889
482.698
467.865
461.887
475.929
451.139
449.025
430.763
433.039
444.853
440.233
426.505
420.545
466.738
478.118
463.786
474.691
459.693
454.379
468.758
444.931
443.043
425.332
427.414
439.273
435.191
421.362
415.788
460.425
473.362
457.709
470.013
454.278
449.507
464.059
422.018
418.791
442.159
446.441
414.403
408.979
435.429
427.113
401.761
383.475
400.479
384.441
396.517
395.535
386.248
417.952
414.915
436.794
440.559
410.767
405.657
430.767
422.994
397.178
378.951
396.03
380.131
392.223
391.67
381.812
411.411
408.679
428.738
431.832
404.93
400.187
423.633
416.817
392.125
373.132
390.926
374.253
387.41
386.834
375.887
403.026
400.599
419.436
422.019
397.057
392.278
415.044
408.595
384.547
365.656
383.477
366.745
380.216
379.63
368.552
396.102
393.869
412.271
414.576
390.661
386.104
408.277
402.285
377.776
359.684
376.834
360.562
374.115
373.554
362.624
391.043
388.95
407.227
409.372
386.146
382.081
403.478
397.891
373.3
355.699
372.528
356.63
370.122
369.844
359.053
)
;

boundaryField
{
    patch1
    {
        type            zeroGradient;
    }
    patch2
    {
        type            fixedValue;
        value           uniform 273;
    }
    patch3
    {
        type            zeroGradient;
    }
    patch4
    {
        type            fixedValue;
        value           uniform 573;
    }
}


// ************************************************************************* //
