/*--------------------------------*- C++ -*----------------------------------*\
| =========                 |                                                 |
| \\      /  F ield         | OpenFOAM: The Open Source CFD Toolbox           |
|  \\    /   O peration     | Version:  v2106                                 |
|   \\  /    A nd           | Website:  www.openfoam.com                      |
|    \\/     M anipulation  |                                                 |
\*---------------------------------------------------------------------------*/
FoamFile
{
    version     2.0;
    format      ascii;
    arch        "LSB;label=32;scalar=64";
    class       volScalarField;
    location    "3";
    object      gradTz;
}
// * * * * * * * * * * * * * * * * * * * * * * * * * * * * * * * * * * * * * //

dimensions      [0 -1 0 1 0 0 0];

internalField   nonuniform List<scalar> 
5712
(
6618.2
21766.6
5245.68
22345.4
3931.21
23146.7
6221.22
35710.1
7670.04
49074.2
7611.45
35732.2
7337.01
29630.6
7623.2
26452
4602.65
2848.87
12351.9
7330.69
4509.38
2469.68
13544
6788.16
5017.82
3600.35
16118.2
11253.8
3784.64
2688.26
15874.2
11452.8
8908.05
3753.06
7683.38
3410.01
3494.26
8272.39
31070.7
8432.42
11126.3
3777.24
40064.6
10891.5
10479.8
3640.86
22136.9
6880.01
11356.8
3970.09
19182.2
6113.32
5097.1
2525.39
7799.92
3015.43
5516.13
2985.7
7629.41
2900
7105.16
4023.8
6579.03
2829.8
9863.69
3524.19
3401.9
1181.11
11346
7830.21
7010.66
5134.11
13059.8
10787.9
7084.62
6200.97
6516.05
4354.4
9111.75
6000.8
4632.85
3417.2
2388.93
1962.78
4570.21
3992.97
2407.62
2329.98
4372.82
2843.47
2268.75
1444.7
5738.79
3094.14
4244.55
5176.23
7766.1
5495.89
6070.12
8781.5
3830.08
1799.32
2519.45
2984.92
1921.71
789.103
1096.51
1108.48
6530.03
11735
4457.8
13139.2
7732.03
11538.8
5517.09
13836.7
8896.69
10534
7182.78
13636.1
11271.9
13938.4
8099.67
7634.1
8394.32
13932.4
12329.6
11656.5
11681.4
16962.9
11307.6
8335.94
6920.2
7636.35
12145.2
13487.5
11948.9
15688.2
14939.3
12358.5
11374.8
15551.4
14676.6
10740.9
10390.2
14666.1
14208.4
10157.3
7920.5
8945.34
7650.38
9453.57
8227.08
9922.59
9321.52
13646.5
13746.7
9481.55
8124.04
8635.64
8029.04
8612.71
8817.99
9535.02
10402.5
12446.9
14058.6
7628.63
5955.41
5279.44
6751.09
10692.8
13139.1
7447.79
11834.8
4338.64
5768.93
6406.93
5239.32
1260.2
4500.32
673.427
1625.92
3839.26
7994.2
1432.79
2782.83
515.013
3726.39
314.713
1307.51
4187.44
4266.34
4736.88
2873.81
6585.87
5204.25
7722.52
5221.96
898.774
2331.15
2334.92
1280.17
1330.17
1746.89
1901.25
1428.79
9411.35
5669.49
1759.9
10694.7
6078.02
1979.34
9022.5
5612.66
1872.41
10564.8
6095.24
1978.28
8323.15
5152.81
1680.89
10361.9
6153.61
2048.03
5073.45
2662.48
691.49
6104.5
3981.6
1389.59
7030.86
4847.72
1669.56
7972.16
5108.64
1686.42
10305.9
6358.04
2227.31
6079.44
3331.46
1025.63
5615.97
3999.34
1496.26
6441.63
4748.84
1726.84
8032.98
5605.3
1987
10406.8
6405.98
2255.29
256.13
1948.84
2589.71
3958.8
1965.73
2359.54
4985.59
4891.1
569.943
1024.77
609.612
1069.64
429.255
1340.82
814.217
1784.15
3009.71
1519.9
4000.41
2340.84
2124.01
3586.39
3279.11
928.177
5683.57
1416.83
-1701.24
669.246
1842.66
1308.37
1132.08
1074.3
9919.26
5123.04
2733.18
1879.75
10123.5
5356.19
3342.51
2295.85
10143.4
5810.85
4881.37
3673.19
3267.97
2456.11
1644.15
1626.98
12647.2
11296.4
5957.58
6246.55
13196.9
12432.1
6467.33
6597.93
5521.14
5761.24
11207
9515.11
3563.52
3761.41
2036.29
2288.93
3989.8
4009.86
2236.07
2392.36
3247.81
3523.24
1872.32
2226.53
5132.11
3936.03
5269.09
4187.87
8032.7
5423.27
7819.05
5868.53
3097.58
2734.33
3301.04
2682.74
1774.62
1680.32
2041.89
1501.94
12410.3
10073.3
7111.65
8179.8
12448.2
10161.9
7194.95
8157.65
12882.8
10203.8
7316.59
7872.54
13928.2
14572.4
13059.6
9310.73
6127.23
13933.7
13513.9
13237.4
11682.5
8924.53
12953.7
12106.5
10142.5
8392.75
6157.85
9829.24
9734.55
9925.45
12397.5
9748.88
9253.29
9833.2
12017.1
9589.86
8591.21
9644.14
11480.3
10594.8
7581.53
10475.6
7609.91
9008.64
7716.08
9123.68
8474.5
8813.67
11083.5
8796.22
7728.91
8277.5
7483.76
7679.89
7360.91
7556.81
8087.73
7170.87
10658.2
7372.53
5249.14
4885.15
3123.45
9077.26
7110.68
6310.64
5139.69
4323.72
2990.4
6326.75
5114.23
4805.01
2451.9
1771.07
1071.02
4933.75
3637.15
1742.53
1462.71
4346.6
2264.88
1703.31
987.312
4100.9
4289.68
4142.37
6464.64
5784.14
6104.81
5468.55
8538.91
3743.98
2882.1
2752.66
4162.93
1271.49
768.088
526.879
981.24
6988.17
2907.31
837.178
8471.72
2153.43
562.601
6832.28
3056.27
923.238
8295.69
2207.97
598.633
6015.03
2865.05
745.405
7907.61
2196.24
513.128
4704.52
2359.48
505.195
4774.43
2334.58
549.01
5262.1
2587.77
704.004
5800.64
2754.84
593.494
7672.93
2088.07
338.224
5999.08
3012.49
787.95
5963.91
3029.47
834.183
6014.27
3029.06
884.472
6391.06
2725.15
666.178
8168.16
1857
442.038
2152.78
842.64
348.918
188.999
875.879
360.319
152.598
76.9814
2278.33
914.669
393.947
219.843
1079.79
477.109
227.369
123.138
2459.03
1012.18
463.143
267
1808.79
885.932
478.898
310.65
1290.75
763.667
478.863
337.194
1192.85
823.497
565.934
397.715
2006.13
927.716
490.687
322.482
1763.26
775.705
446.403
328.504
2466.91
1005.28
480.961
301.948
2249.58
887.3
470.754
359.007
1552.5
826.922
488.508
327.832
1318.55
666.784
420.587
310.618
1096.67
697.783
468.014
334.602
861.124
541.742
384.79
298.047
2850.97
1046.6
428.172
257.198
2980.72
996.262
388.069
287.975
2841.81
1051.89
442.908
273.614
2885.61
966.149
384.254
289.042
2783.94
1044.62
453.636
279.093
2679.46
908.183
370.795
291.229
2394.43
926.892
443.716
300.678
2922.55
1000.52
444.556
378.04
2188.4
825.901
426.366
342.788
2475.57
710.131
276.326
223.551
1012.82
258.748
107.323
76.8125
2501.25
737.931
295.016
233.527
1032.75
272.32
115.96
83.1976
2463.68
761.269
312.599
243.61
1012.24
282.825
129.391
96.5555
2196.13
708.333
302.41
236.861
956.744
283.572
138.211
107.573
1972.8
683.154
320.62
241.556
816.64
281.363
153.115
124.681
1366.15
535.828
321.106
264.066
715.403
340.843
232.994
196.154
1611.23
562.178
299.007
243.86
738.632
301.043
189.995
160.455
1060.43
499.966
333.969
277.035
629.045
358.073
262.181
220.872
703.746
438.197
322.374
272
510.83
358.091
271.925
228.853
57.3718
24.4347
13.3936
8.68226
6.76893
27.1572
12.5986
7.1188
4.65483
3.63687
83.6741
41.7911
24.5257
16.2348
12.7237
60.0225
33.4288
20.321
13.5821
10.6694
117.559
63.4769
38.3534
25.6061
20.1124
173.713
102.883
63.8461
42.9305
33.7777
197.926
119.884
74.9487
50.5251
39.79
244.534
151.612
95.5863
64.6274
50.9465
152.24
86.8907
53.4631
35.8813
28.2198
137.117
78.6752
48.5132
32.5815
25.6274
129.22
70.7835
43.1088
28.8524
22.6768
132.759
76.685
47.4148
31.8566
25.0572
172.362
101.277
62.8304
42.2779
33.2814
153.201
90.9362
56.6157
38.1357
30.026
199.709
122.782
77.2598
52.2175
41.1621
166.536
101.457
63.7106
43.0412
33.9234
54.0566
19.9417
10.4769
6.71851
5.2251
23.363
7.83429
4.03453
2.57852
2.00449
69.5512
30.4561
17.247
11.3146
8.84972
28.912
11.6107
6.46221
4.2251
3.30276
84.0931
41.3409
24.4356
16.2283
12.7322
46.7791
23.831
14.2948
9.53228
7.48507
119.988
65.3979
39.8788
26.7013
20.9957
73.4977
40.1194
24.5263
16.4316
12.9201
133.012
78.0329
48.4097
32.5477
25.6096
1382.5
3168.55
1375.11
3124.21
1478.52
3086.62
1769.56
3218.79
1865.55
3346.24
720.215
1170.5
1216.16
1995.27
366.82
556.773
119.599
175.546
7289.81
1733.52
395.32
87.8243
21.6819
1978.1
531.031
140.765
31.8559
6.87476
7236.02
1705.86
388.484
85.5531
21.2725
2011.12
592.454
145.464
33.6621
8.31103
6967.11
1629.67
369.484
81.2213
20.2102
1952.25
573.691
140.517
32.3583
8.01751
6452.23
1494.53
337.571
74.0991
18.4341
1904.68
548.087
132.464
30.2259
7.44608
5472.15
1260.17
284.633
62.5359
15.5711
1814.3
507.576
121.257
27.4824
6.74677
2644.93
636.853
146.224
32.3386
8.05871
886.751
252.079
59.6617
13.2706
3.24635
3904.87
926.889
211.217
46.4974
11.5728
1306.3
366.594
87.5936
19.8368
4.9014
1560.96
378.969
87.4045
19.4198
4.84676
492.534
145.882
34.2424
7.60204
1.87535
538.098
129.779
29.9686
6.6735
1.6643
195.133
51.757
11.0724
3.14564
0.584682
85.0897
442.27
4180.33
-771.947
694.458
744.337
2146.33
2753.12
1669.3
3224.9
2696.71
4203.17
3289.7
4089.78
1702.31
2301.35
1826.08
2165.52
952.849
990.441
2266.49
1689.41
495.972
-521.448
-830.859
-999.163
-329.298
12631.9
2946.5
4131.07
2636.84
-226.482
-95.071
2948.87
-1500.94
-872.138
-1165.56
-605.075
6928.79
3665.13
1218.06
1025.54
3692.3
2018.84
628.157
1395.93
-1598.28
-951.454
680.525
528.902
8563.53
4317.78
5254.36
2849.11
4151.29
4381.61
1540.64
-984.853
897.291
1655.76
1414.37
1288.82
1258.86
1096.3
1364.21
1130.22
920.552
682.596
310.383
444.644
380.892
300.671
198.628
70.9166
-465.08
-387.286
-288.297
-176.74
-59.4428
-742.971
-621.108
-464.681
-286.182
-96.4496
-894.841
-749.535
-562.012
-346.833
-117.039
-284.472
-225.139
-155.819
-87.7965
-27.5839
9579.26
8828.07
8184.72
8304.21
8600.71
2818.46
2694.3
2722.56
2464.91
1416.74
3285.71
2779.98
2530.4
2158.76
1227.44
2161.12
1904.35
1799.12
1491.88
670.988
-21.1494
66.3502
210.383
230.187
117.236
31.7243
145.778
214.681
202.12
89.5137
2591.22
2274.74
1905.27
1413.61
613.915
-906.21
-425.344
-143.771
1.33767
23.4976
-689.28
-482.834
-282.143
-125.229
-28.716
-820.746
-502.509
-248.364
-86.014
-12.9105
-545.744
-451.741
-328.237
-193.79
-62.4721
5351.8
5103.47
4735.21
4818.54
5105.35
2908.28
2408.43
2136.85
1755.23
933.737
1180.66
1130.7
1020.25
775.17
320.801
933.384
836.14
710.094
513.761
203.799
3145.76
2621.68
2088.21
1458.87
589.396
1828.02
1599.53
1305.3
900.045
335.643
560.533
486.308
396.311
274.341
103.693
1253.56
1075.95
851.069
564.408
203.143
-1389.55
-1124.35
-814.083
-487.742
-161.315
-834.991
-678.815
-489.332
-289.403
-94.4489
631.938
573.137
487.56
348.587
133.924
494.231
451.344
385.653
275.156
104.498
5724.83
4412.16
4088.5
4144.34
4071.6
3373.67
2718.01
2209.82
1678.65
809.338
3985.49
3408.59
2930.95
2459.02
1309.79
2327.43
1963.52
1601.61
1187.66
548.347
3597.79
3020.62
2388.45
1630.11
625.421
3407.63
2630.48
2283.58
1855.81
863.091
1372.03
1172.75
930.349
623.112
227.416
-872.643
-718.807
-526.705
-316.902
-104.827
817.266
730.909
618.671
444.218
172.112
-25351.6
-41516.7
-21027.3
-33640.3
-22614.5
-47305
-27045.3
-60009.6
-16090.2
-11030.9
-18092.5
-11273.7
-14922.9
-9659.59
-18397.3
-9719.52
-20910
-15704.9
-30487.2
-21916.4
-17964.6
-14268.8
-25509.2
-19125.5
-14426
-14733
-11847.6
-11383.6
-13904.1
-13118.6
-35352.4
-9750.28
-13447.8
-5007.86
-43256.4
-11979.6
-12050.8
-4453.92
-26266.3
-8274.26
-13761.3
-5264.18
-23319.6
-7258.34
-10741.4
-4312.79
-13720.6
-4964.97
-10190.7
-4471.92
-11936
-4312.26
-10584.6
-5116.11
-9541.07
-3778.13
-12271.3
-4325.44
-4311.2
-1512
-9257.85
-6139.92
-7967.25
-4863.01
-8286.76
-6705.25
-7069.11
-5089.01
-8051.08
-4559.84
-9428.59
-5836.88
-5451.85
-3254.33
-2943
-1803.24
-4745.27
-3295.11
-2468.96
-1756.8
-5512.49
-2984.3
-3058.81
-1527.84
-7068.42
-3579.13
-4543.94
-5305.08
-8958.62
-6000.38
-6383.48
-8935.98
-4801.17
-2148.83
-2723.8
-3071.29
-2606.99
-1047.69
-1238.47
-1171.09
-10521.8
-12762.3
-5912.39
-14390.7
-10948
-12189.4
-6791.2
-14723.6
-11085.7
-11127.6
-8100.81
-14032.7
-7686.68
-6302.94
-8335.05
-9189.46
-9144.51
-8711.09
-9846.92
-11292.4
-12035.4
-17045.7
-5957.76
-6008.47
-6452.97
-7770.26
-12180
-12097.9
-8441.52
-15304.3
-11759.3
-11222.5
-8317.91
-15082.4
-11712.4
-9952.37
-7773.73
-14082.3
-11593.7
-7212.44
-5780.63
-7239.63
-5785.17
-7966.19
-6404.39
-8604.05
-7258.44
-12847.2
-11653.8
-6776.73
-5858.77
-6619.13
-5673.77
-7155.59
-6591.9
-8527.91
-8364.64
-11898.7
-12164.8
-6076.51
-4835.73
-4476.31
-5901.13
-7809.67
-10903.6
-5910.53
-10047.2
-4038.38
-5379.99
-5764.87
-4702.95
-753.015
-3893.99
-207.243
-1142.57
-2848.69
-6923.74
-610.759
-1919.85
-325.908
-3437.81
-112.294
-1064.8
-4122.74
-4123.19
-4738.23
-2829.32
-6381.27
-4947.06
-7662.96
-5013.31
-863.729
-2225.93
-2327.38
-1247.48
-1271.71
-1646.83
-1877.47
-1385.05
-5116.3
-1760.87
-6896.29
-2355.38
-5233.26
-1837.84
-7062.11
-2538.08
-5197.74
-1811.55
-7490.68
-2897.07
-3403.47
-948.547
-4103.22
-1583
-4536.05
-1769.75
-5388.48
-2048.25
-7903.39
-3159
-4347.77
-1303.23
-3701.66
-1855.03
-4373.19
-2116.23
-5888.1
-2600.5
-8165.92
-3094.77
-5919.45
-5625.93
-4276
-4329.2
-9575.37
-7422.06
-7650.7
-6437.27
-4224.26
-3861.08
-1697.49
-1311.9
-3997.21
-4014.95
-1557.65
-1655.11
-2822.06
-4717.93
-3452.68
-5063.49
-4030.4
-2386.38
-3028.56
-433.615
-6255.45
-1599.88
2352.4
487.061
-959.057
-226.738
281.976
730.444
-2938.53
-2379.68
-1066.32
-776.137
-3052.47
-2519.05
-1426.73
-834.677
-3393.4
-2957.6
-1890.08
-1104.55
-990.322
0.418139
721.602
1141.34
-5139.28
-5547.07
-3895.6
-3715.36
-6575.3
-6638.11
-5393.07
-4597
-2779.21
-3141.46
-4213.85
-4830.92
-2328.56
-2061.24
-976.034
-889.117
-3436.12
-2731.9
-1731.51
-1361.77
-1442.16
-1626.25
-307.41
-609.02
-2094.63
-1766.75
-2946.13
-2529.78
-3330.97
-3159.23
-4525.62
-4056.62
-829.346
-640.247
-1451.62
-1132.55
255.633
413.217
-388.613
-2.55489
-4465.64
-5861.79
-4185.48
-6441.9
-4426.25
-5759.88
-4297.15
-6451.93
-4566.09
-5260.56
-4505.1
-6150.99
-2974.89
-4566.58
-2839.28
-2921.22
-3523.39
-6948.71
-5292.58
-5367.19
-6067.49
-7083.09
-5532.19
-4906.78
-4526
-4647.56
-4356.29
-7191.69
-7484.97
-10075.4
-15388.4
-6713.47
-6700.26
-9661.32
-14625.1
-6023.26
-5949.71
-8941.83
-13423.9
-6838.11
-5333.17
-6493.45
-5089.08
-6146.08
-5106.33
-6806.81
-6574.37
-8227.26
-12486.1
-5587.33
-5341.08
-5077.76
-5204.48
-5040.31
-5473.75
-5776.92
-7072.98
-6242.48
-11371.6
-4209.06
-3221.37
-2856.86
-1284.31
-5579.21
-4992.04
-4298.46
-3239.72
-2500.97
-1367.6
-3842.37
-3402.9
-3258.17
-1172.62
-451.414
67.0791
-3538.99
-2385.21
-610.18
-367.407
-2840.15
-1099.24
-336.339
78.3784
-2689.35
-3163.75
-3243.25
-5992.29
-4121.91
-5004.18
-4648.09
-8379.92
-2433.52
-1966.38
-1737.75
-3565.7
12.1061
140.793
557.897
-261.197
-5382.76
-1572.58
-10498.6
-1243.5
-5003.4
-1666.12
-10174.1
-1291.35
-3805.61
-1040.53
-9289.17
-1125.61
-2969.74
-668.32
-2959.89
-710.264
-3506.04
-1095.04
-4082.44
-853.215
-8766.84
-1312.82
-4160.87
-829.861
-4151.42
-735.998
-4617.96
-1003.24
-5626.41
-970.926
-9177.85
-1174.13
-1110.04
-324.294
-15.6886
73.7491
-381.206
-101.213
7.77147
33.3095
-1110.08
-291.138
19.8988
104.977
-295.037
-21.5774
62.3225
73.1794
-1155.55
-256.883
57.7271
142.303
-155.349
184.297
277.913
255.656
543.126
500.018
422.842
315.601
1042.49
769.869
565.174
398.482
-600.828
16.4328
207.307
228.939
-532.099
104.553
216.844
221.873
-1256.63
-240.709
81.3983
172.352
-1027.56
-60.4958
154.44
223.976
-3.49717
268.395
301.513
254.435
-87.343
247.968
275.539
244.12
556.619
501.019
413.942
319.585
375.71
394.202
337.471
278.023
-1750.71
-504.88
-62.5965
86.9198
-2182.26
-568.152
-107.032
86.141
-1691.44
-457.778
-32.7649
109.311
-2100.94
-532.084
-92.0506
94.2988
-1591.88
-385.497
-4.54384
121.8
-1911.87
-463.615
-63.8993
114.501
-1115.59
-178.861
85.3924
176.344
-2002.09
-429.829
-28.3513
164.242
-1063.64
-94.798
135.765
236.039
-2040.58
-427.137
-87.8292
56.0926
-890.848
-160.439
-30.3869
13.4747
-1916.9
-382.275
-64.8757
69.7696
-851.632
-146.179
-21.1341
21.1875
-1663.18
-293.082
-24.4846
90.4604
-732.883
-108.692
-1.1264
36.3168
-1384.89
-213.308
7.40188
102.914
-611.818
-70.7219
21.7091
54.6206
-1056.97
-90.8162
70.3693
129.72
-352.648
16.1043
65.8724
83.7853
-537.167
88.2293
168.874
189.763
37.1388
215.148
187.822
171.74
-877.339
-40.0783
100.383
151.597
-110.43
127.785
129.008
128.148
-124.747
225.685
235.96
224.374
188.454
283.98
233.675
204.158
287.11
342.229
289.59
254.551
341.536
332.054
262.638
223.348
36.0343
20.578
12.6808
8.53175
6.7213
18.5213
10.9469
6.79589
4.57864
3.60782
63.5575
38.0868
23.791
16.0616
12.6633
51.5775
31.712
19.9333
13.4768
10.6296
98.5503
59.897
37.5963
25.4171
20.0442
161.771
100.077
63.1245
42.726
33.7099
188.194
117.511
74.3516
50.3631
39.7326
242.865
150.946
95.3616
64.5529
50.9145
135.212
83.6136
52.7552
35.7159
28.1913
125.726
76.3922
47.9878
32.457
25.6306
110.87
67.494
42.4092
28.6819
22.6225
125.735
75.0835
46.9615
31.7253
25.0377
157.32
98.3149
62.1997
42.1338
33.243
145.598
89.2693
56.2106
38.0359
30.0148
197.194
122.17
77.09
52.1697
41.1441
164.477
100.95
63.5749
43.0075
33.9151
30.3799
16.1255
9.81063
6.58505
5.18509
12.4414
6.23241
3.76054
2.52021
1.98349
47.0818
26.7699
16.5625
11.1586
8.79209
18.4594
10.0506
6.17871
4.15727
3.27394
65.0928
38.1956
23.8067
16.068
12.6622
38.7097
22.5094
13.9969
9.439
7.44013
106.836
62.9332
39.2759
26.5208
20.8542
66.1587
38.794
24.178
16.3183
12.8387
130.356
76.906
47.9694
32.3806
25.5037
-1636.58
-3066.5
-1672.66
-3064.53
-1804.65
-3075.37
-1967.81
-3145.8
-1896.8
-3156.13
-729.29
-1155.35
-1227.79
-1932.43
-361.087
-542.747
-103.053
-155.702
-7768.72
-1830.85
-414.943
-91.756
-22.5628
-2086.95
-560.609
-148.076
-33.3591
-7.1658
-7640.4
-1789.38
-405.693
-89.0374
-22.072
-2127.21
-625.682
-152.886
-35.2215
-8.66242
-7236.36
-1689.09
-382.399
-83.9462
-20.8573
-2058.22
-602.792
-147.026
-33.734
-8.333
-6580.98
-1528.08
-345.677
-75.9321
-18.893
-1978.04
-569.288
-137.421
-31.3073
-7.70166
-5507.33
-1274.14
-288.662
-63.5424
-15.8415
-1845.02
-519.676
-124.458
-28.2307
-6.93335
-2644.51
-637.782
-146.726
-32.5104
-8.11571
-888.141
-253.972
-60.4031
-13.4854
-3.30987
-3910.36
-930.969
-212.725
-46.9299
-11.7012
-1312.78
-371.5
-89.1546
-20.239
-5.01023
-1558.82
-378.959
-87.5451
-19.4854
-4.87188
-490.579
-146.221
-34.5248
-7.70751
-1.91151
-535.354
-129.494
-29.9917
-6.70027
-1.67693
-190.737
-51.3311
-11.1297
-3.19562
-0.606337
201.858
-960.053
-4987.66
770.339
-6211.76
-2699.25
-6014.25
-2721.42
-10603.7
-5608.18
-11873.7
-6255.87
-150.552
-586.146
-917.327
-1078.98
-970.848
-412.353
-244.9
-904.169
-1366.69
-1503.78
-1210.18
-422.603
-128.027
-136.685
-471.422
-474.638
-672.28
-663.786
-648.705
-610.415
-582.509
-550.158
-463.521
-404.377
864.796
2270.01
3667.49
2590.14
2382.42
1144.76
830.314
2397.36
3862.3
4453.89
3704.33
1681.56
-135.951
-115.12
-87.3988
-54.5488
-18.5389
-529.888
-449.319
-341.623
-213.476
-72.6007
-829.243
-703.134
-534.603
-334.077
-113.619
-975.115
-826.566
-628.262
-392.52
-133.481
-877.014
-742.905
-564.155
-352.141
-119.678
-372.798
-315.202
-237.939
-147.245
-49.6964
-221.086
-187.162
-142.072
-88.6714
-30.137
-817.153
-692.728
-526.619
-329.081
-111.923
-1235
-1046.87
-795.878
-497.407
-169.194
-1358.34
-1151.03
-874.936
-546.857
-186.041
-1092.52
-925.29
-703.114
-439.446
-149.517
-381.833
-323.254
-245.04
-152.566
-51.7465
-115.665
-97.9947
-74.4345
-46.4736
-15.7972
-123.536
-104.713
-79.5766
-49.7028
-16.8982
-426.259
-361.518
-274.908
-171.799
-58.4278
-429.205
-364.053
-276.86
-173.029
-58.8478
-607.831
-515.471
-391.949
-244.928
-83.2964
-600.13
-508.922
-386.958
-241.806
-82.2342
-586.403
-497.143
-377.848
-236.011
-80.2403
-551.65
-467.577
-355.34
-221.959
-75.4677
-526.131
-445.44
-337.909
-210.646
-71.521
-496.604
-420.291
-318.889
-198.918
-67.5801
-417.923
-352.494
-265.737
-164.455
-55.5406
-364.352
-307.481
-232.393
-144.384
-48.9191
776.017
656.945
503.797
320.137
110.578
2028.15
1711.91
1312.68
837.067
290.918
3245.61
2730.03
2105.89
1364.73
485.596
2277.16
1911.52
1478.7
963.168
343.857
2124.69
1786.74
1372.59
872.256
280.28
1049.69
897.749
695.385
439.377
135.385
744.762
629.182
480.456
303.655
104.431
2145.15
1809.38
1381.85
875.214
301.998
3439.38
2894.74
2216.17
1413.62
492.24
3944.33
3311.21
2541.11
1632.6
573.934
3280.85
2755.26
2117.47
1361.96
476.286
1503.19
1272.94
984.051
633.971
220.713
319.355
751.692
1076.02
1227.79
1105.97
549.293
477.838
1129.09
1573.04
1677.33
1337.46
506.287
261.614
249.661
599.311
582.854
787.47
760.279
742.875
683.186
663.851
558.925
600.147
444.793
-708.182
-2030.94
-3253.25
-2035.59
-1702.52
-399.651
-760.395
-2283.08
-3609.95
-4001.09
-3054.15
-907.364
289.101
245.557
187.024
117.031
39.8308
680.173
577.412
439.536
274.925
93.5483
973.499
826.288
628.904
393.344
133.839
1110.69
942.634
717.4
448.678
152.667
1000.6
849.214
646.202
404.039
137.448
498.43
423.67
321.965
200.548
67.9748
432.539
367.376
279.815
175.111
59.6029
1021.49
867.048
659.996
412.852
140.493
1422.77
1207.38
918.943
574.837
195.627
1516.65
1286.76
979.335
612.716
208.558
1208.99
1025.54
780.532
488.445
166.301
458.515
389.364
296.179
184.971
62.8526
236.824
201.141
153.18
95.8416
32.6167
225.988
191.919
146.14
91.4272
31.1124
542.323
460.405
350.465
219.201
74.5836
527.423
447.743
340.813
213.155
72.5245
712.511
604.81
460.333
287.895
97.9528
687.877
583.872
444.379
277.91
94.5548
672.182
570.564
434.221
271.52
92.3698
618.053
524.536
399.173
249.62
84.9267
600.811
509.978
387.957
242.424
82.4244
505.56
428.963
326.34
204.01
69.394
543.732
461.61
350.67
218.547
74.1311
402.4
341.338
259.416
161.927
55.0104
-632.409
-533.04
-407.916
-259.407
-89.7844
-1809.34
-1523.5
-1167.29
-745.292
-259.607
-2863.6
-2397.99
-1847.36
-1200.6
-429.57
-1751.14
-1440.72
-1100.66
-715.758
-256.911
-1473.62
-1200.47
-898.015
-557.574
-167.219
-334.544
-252.062
-171.04
-90.428
-10.0328
-681.087
-574.696
-438.66
-277.377
-95.4734
-2041.5
-1721.12
-1314.53
-833.141
-287.724
-3208.26
-2695.58
-2062.32
-1316.41
-459.042
-3524.7
-2944.66
-2253.76
-1448.45
-510.346
-2673.15
-2219.82
-1693.67
-1087.57
-380.583
-776.819
-630.273
-473.13
-301.731
-104.494
-1369.12
-883.867
-194.215
777.17
1092.14
1390.5
670.457
-10532.4
-1578.52
-3039.15
-1458.64
316.724
-3996.58
926.823
2597.35
1267.36
-5683.05
-2581.62
-363.432
-487.978
-3350.32
-1220.16
-198.899
-993.711
2318.72
1490.61
-467.679
-97.8488
-7533.41
-3553.37
-4133.84
-2008.85
-3544.54
-3192.64
-1029.55
1519.37
-304.696
-689.748
-504.397
-505.244
-697.736
-865.805
-561.579
-385.702
-298.653
-254.606
-148.896
-165.318
-137.189
-109.986
-76.8057
-29.0171
702.767
595.649
452.184
281.975
95.7778
986.312
834.962
633.342
394.733
133.978
1255.95
1063.61
807.312
503.576
171.028
606
511.262
383.956
235.715
78.8971
-7877.35
-7463.89
-7277.77
-8045
-9123.93
-1085.91
-867.062
-1151.09
-1433.84
-1064.69
-2210.55
-1748.39
-1674.85
-1612.46
-1066.9
-975.402
-708.289
-725.675
-709.079
-349.657
282.099
218.107
129.754
45.6065
0.536238
-3399.48
-2871.39
-2307.29
-1650.43
-697.964
836.323
697.097
510.297
300.836
95.0781
2275.21
1876.93
1403.57
873.928
298.073
1141.2
960.714
723.266
446.811
150.075
-4137.93
-4069.05
-3975.69
-4448.4
-5201.75
-1828.1
-1396.75
-1308.92
-1223.09
-765.067
-305.041
-296.097
-320.484
-308.513
-158.534
-408.586
-353.911
-316.486
-255.847
-114.779
-2849.79
-2378.22
-1910.41
-1356.62
-560.663
-1053.24
-892.501
-731.21
-523.886
-204.456
-156.207
-126.75
-110.078
-89.2645
-39.7394
-874.679
-739.358
-583.71
-392.073
-143.75
2078.15
1746.1
1317.17
818.356
277.064
1343.92
1132.89
852.812
526.157
176.869
-403.245
-344.99
-289.086
-212.648
-85.7709
-77.0567
-70.4119
-75.5073
-71.4396
-33.5496
-4748.92
-3524.95
-3372.29
-3702.41
-3992.61
-2641.26
-2053.95
-1670.18
-1322.32
-683.806
-2840.46
-2361.71
-2066.22
-1888.5
-1090.7
-1520.82
-1230.64
-1007.15
-797.824
-414.403
-3027.3
-2513.96
-1987.44
-1373.62
-538.186
-2268.97
-1575.68
-1433.26
-1311.18
-679.935
-894.275
-751.503
-597.979
-409.995
-154.228
1371.95
1159.14
875.193
541.809
182.693
-246.255
-212.246
-198.847
-170.003
-77.0108
-10.8666
27.8924
97.6776
146.028
124.828
31.2213
-17947.1
-15864.2
-15250.8
-17335.2
-13209.5
-10492.9
-12033.9
-9204.96
-15468
-13499.5
-14265
-13360
-12539.7
-10691.9
-13139.3
-14780.6
-13225.2
-12297
-13834.6
-11145.1
-9475.95
-10104.4
-8168.08
-13867.9
-12250.3
-12786.4
-11582.9
-11085.9
-10388.4
-10634.4
-11628.5
-10669.5
-9800.34
-10694.1
-9283.21
-7995.16
-8499.84
-7358.51
-11609
-10456.8
-10816.3
-9781.38
-9420.19
-8738.97
-8893.04
-8148.87
-7674.72
-6992.64
-7397.32
-6902.29
-6206.21
-6382.41
-5881.6
-8352.49
-8376.91
-7887.86
-7893.64
-7037.81
-6372.14
-7011.97
-5229.39
-5002.41
-4544.15
-4732.31
-4640.32
-4210.07
-4250.58
-3948.07
-5535.84
-5480.84
-5295.59
-5122.49
-4823.28
-4365.98
-4670.11
-1886.89
-1821.1
-1653.57
-1709.57
-1718.67
-1610.66
-1565.8
-1465.67
-2105.83
-2078.39
-1970.19
-1854.45
-1815.93
-1671.16
-1768.3
-7287.01
-7225.66
-10486.6
-11253.1
-6971.5
-6264.97
-9281.67
-7635.31
-6034.83
-4977.68
-6031.01
-4955.53
-6140.14
-5863.12
-5041.68
-7350.11
-7021.95
-9399.9
-10207.9
-6580.48
-6030.35
-8242.76
-7179.31
-6175.93
-4761.33
-6092.65
-4919.31
-5665.66
-5459.12
-5207.2
-6861.8
-6586.32
-8076.41
-8621.43
-6240.64
-5864.22
-7286.89
-6522.87
-5422.26
-5351.96
-5404.28
-5494.04
-5111.53
-5066.44
-5536.71
-5732.64
-5553.51
-6180.78
-6464.3
-5303.35
-5000.39
-5762.85
-5310.09
-5371.92
-5088.63
-5280.5
-5268.5
-4979.01
-4873
-5177.19
-4071.3
-3962.96
-4160
-4303.62
-3700.96
-3447.97
-3940.22
-3645.37
-3921.75
-4015.49
-3823.72
-4083.82
-3590.09
-3462.33
-3770.07
-1539.04
-1498.27
-1535.8
-1582.23
-1391.14
-1285.37
-1461.49
-1353.94
-1329.39
-1500.64
-1397.4
-1560.17
-1350.06
-1286.49
-1394.7
6587.92
21315.4
5216.68
22343.4
3916.2
23148.3
6217.27
35717.3
7665.44
49084.4
7596.21
35728.7
7305.67
29614.5
7601.34
25876.8
4596.03
2847.3
12352.5
7330.75
4507.92
2469.49
13546.8
6789.17
4986.17
3575.85
15793.8
11041.4
3765.67
2680.36
15887.4
11468.8
8913.56
3746.92
7683.76
3407.83
3489.9
8279.46
31078.9
8433.52
11128.1
3777.24
40073.7
10893.4
10481.8
3641.41
22148.3
6882.06
11360
3970.57
19197.2
6116.01
5045.69
2500.45
7660.6
2963.27
5516.77
2986.11
7642.37
2904.87
7104.27
4023.91
6583.19
2831.79
9871.81
3527.24
3403.85
1181.86
11345.1
7829.56
7010.48
5133.91
13058.3
10786.7
7084.71
6200.8
6516.14
4354.34
9111.02
6000.51
4633.17
3417.2
2388.58
1962.59
4570.76
3993.07
2407.64
2329.95
4373.51
2843.52
2268.52
1444.51
5739.52
3094.61
4244.68
5176.47
7765.93
5496.13
6070.16
8781.81
3831.27
1799.83
2519.59
2985.08
1921.82
789.184
1096.4
1108.47
6488.44
11728.5
4428.89
13128.9
7733.71
11534.8
5519.81
13833.8
8896.77
10532.9
7183.39
13635.3
11271.1
13936.5
8099.23
7634.43
8394.93
13930.7
12328.5
11655.7
11681
16962.8
11306.1
8335.12
6919.8
7636.31
12145.5
13506.3
11981.4
15691
14921.5
12352.1
11369.8
15544.1
14671.9
10738.4
10386.9
14664.7
14206.5
10156
7919.55
8944.34
7649.38
9452.52
8225.81
9921.1
9319.78
13645.7
13745.5
9480.52
8123.1
8634.87
8028.1
8612.04
8817.04
9534.47
10401.6
12446.8
14058
7628.16
5955.17
5279.24
6751.03
10691.9
13138.5
7447.41
11834.4
4338.58
5768.99
6406.69
5239.21
1260.07
4500.29
673.331
1625.87
3839.13
7994.03
1432.77
2782.79
514.915
3726.43
314.598
1307.47
4187.5
4266.42
4737.04
2873.87
6585.83
5204.25
7722.72
5221.98
898.753
2331.19
2334.99
1280.18
1330.14
1746.89
1901.28
1428.8
9434.46
5680.79
1766.64
10699.1
6085.63
1981.93
9019.11
5611.54
1872.27
10561.7
6093.59
1977.99
8320.8
5151.59
1680.57
10360.1
6152.32
2047.66
5072.72
2662
691.327
6103.61
3980.98
1389.38
7029.66
4846.9
1669.29
7970.56
5107.62
1686.1
10304.7
6357.06
2226.96
6078.68
3330.95
1025.43
5615.08
3998.67
1496
6440.62
4748.04
1726.53
8031.94
5604.43
1986.66
10405.9
6405.12
2254.94
261.028
1950.73
2602.56
3962.82
1967.84
2360.51
4992.71
4893.4
554.134
1012.12
591.586
1052.63
433.367
1340.87
818.358
1783.73
3020.72
1524.73
4004.63
2342.07
2127.56
3593.57
3283.34
931.673
5686.1
1418.6
-1690.46
676.753
1847.82
1313.03
1140.77
1081.27
9924.35
5115.42
2720.25
1869.64
10116.2
5356.77
3341.01
2296.01
10139.3
5810.3
4882.72
3672.92
3271.55
2456.5
1648.58
1628.55
12644
11294.6
5958.48
6246.63
13194.6
12430.5
6467.82
6597.92
5522.13
5761.28
11203.9
9513.6
3565.47
3761.94
2037.87
2289.46
3990.97
4010.19
2236.81
2392.62
3250.03
3523.78
1874.38
2227.15
5132.58
3936.13
5269.05
4187.85
8030.71
5422.81
7818.02
5868.1
3099.22
2734.86
3301.46
2682.99
1776.54
1681.25
2042.46
1502.36
12433.8
10080.5
7110.99
8181.44
12441.2
10161.5
7194.27
8158.04
12876
10200.8
7315.32
7871.68
13923.8
14569.2
13055.1
9307.71
6126.46
13931.1
13510.4
13233.6
11679.4
8923.43
12951.5
12104
10140.3
8391.24
6157.27
9834.69
9749.17
9922.25
12392.5
9746.52
9252.63
9830.71
12016.3
9587.8
8589.54
9643.63
11480
10593.1
7580.45
10473.4
7608.61
9006.48
7714.69
9121.75
8473.1
8812.84
11082.8
8794.81
7727.81
8275.76
7482.5
7678.24
7359.68
7555.51
8086.68
7170.23
10657.5
7371.12
5248.25
4884.7
3123.04
9075.99
7109.83
6310.19
5139.26
4323.35
2990.07
6325.58
5113.46
4805
2451.78
1771.3
1071.12
4933.7
3637
1742.64
1462.75
4346.61
2264.8
1703.59
987.428
4100.64
4289.37
4142.22
6464.33
5783.33
6104.18
5468.15
8538.38
3744
2882.02
2752.71
4162.82
1271.78
768.218
527.147
981.354
7001.69
2917.16
841.497
8483.49
2167.33
566.152
6830.2
3056.37
923.293
8292.64
2205.66
598.662
6013.72
2864.59
745.373
7906.75
2195.37
512.943
4703.81
2359.05
505.057
4773.65
2334.15
548.876
5261.21
2587.32
703.876
5799.63
2754.33
593.339
7672.29
2087.64
338.082
5998.3
3012.03
787.787
5963.06
3029.01
834.03
6013.43
3028.61
884.326
6390.29
2724.73
666.028
8167.59
1856.77
441.96
2145.09
838.28
346.023
186.727
867.856
356.23
150.283
75.4196
2278.9
914.876
394.069
219.967
1080.05
477.229
227.425
123.188
2459.09
1012.22
463.183
267.052
1808.68
885.92
478.898
310.648
1290.78
763.693
478.891
337.212
1193.35
823.733
566.061
397.781
2006.19
927.77
490.735
322.529
1763.32
775.759
446.446
328.555
2466.82
1005.27
480.979
301.983
2249.5
887.292
470.764
359.046
1552.7
827.037
488.587
327.891
1318.72
666.89
420.659
310.675
1097.08
697.992
468.135
334.673
861.382
541.898
384.891
298.116
2850.19
1045.79
427.141
256.157
2984.25
997.468
388.094
287.845
2841.39
1051.65
442.809
273.625
2884.98
965.871
384.141
288.998
2783.61
1044.48
453.588
279.113
2678.96
907.972
370.703
291.213
2394.17
926.777
443.664
300.673
2922.17
1000.38
444.492
378.054
2188.24
825.847
426.339
342.79
2482.5
713.038
277.166
224.128
1017.49
260.312
107.931
77.221
2497.72
736.831
294.61
233.306
1031.2
271.877
115.807
83.097
2462.94
760.943
312.454
243.55
1011.83
282.655
129.311
96.5007
2195.75
708.16
302.328
236.839
956.539
283.476
138.157
107.536
1972.58
683.065
320.576
241.551
816.532
281.309
153.078
124.655
1366.16
535.862
321.134
264.098
715.426
340.862
233.003
196.162
1611.14
562.163
299.004
243.874
738.588
301.021
189.976
160.442
1060.53
500.047
334.026
277.085
629.138
358.138
262.223
220.904
703.928
438.321
322.458
272.065
510.979
358.197
271.996
228.906
56.0839
23.6403
12.8899
8.34105
6.4998
26.2904
12.0718
6.78696
4.43009
3.4593
83.7047
41.8093
24.5381
16.2433
12.7303
60.0405
33.4399
20.3286
13.5873
10.6735
117.572
63.4847
38.3599
25.6111
20.1166
173.697
102.879
63.8464
42.932
33.7795
197.925
119.886
74.9529
50.5291
39.7936
244.566
151.632
95.6007
64.6383
50.9556
152.247
86.895
53.4675
35.8852
28.2236
137.127
78.6808
48.5179
32.5855
25.6317
129.223
70.7859
43.1121
28.8555
22.6795
132.755
76.6842
47.4165
31.8588
25.0599
172.381
101.287
62.838
42.2838
33.2864
153.219
90.9463
56.6229
38.1414
30.0311
199.743
122.802
77.2734
52.2274
41.1703
166.568
101.475
63.7225
43.0498
33.9304
53.4304
19.5229
10.2044
6.53344
5.07965
23.1789
7.69332
3.94008
2.51398
1.9538
69.5239
30.4496
17.2458
11.3145
8.84997
28.883
11.6022
6.45889
4.22332
3.30159
84.0909
41.3414
24.4377
16.2303
12.7339
46.7695
23.828
14.2944
9.53251
7.48547
119.979
65.3956
39.8799
26.7032
20.9959
73.4854
40.1155
24.526
16.4321
12.9201
132.995
78.0276
48.4096
32.5489
25.6103
1357.22
3151.6
1374.29
3122.34
1478.03
3086.07
1769.24
3218.38
1865.39
3346
720.191
1170.48
1216.11
1995.19
366.794
556.754
119.554
175.512
7294.72
1732.38
394.983
87.7435
21.6621
1993.11
535.025
141.589
32.0345
6.92299
7232.08
1704.61
388.153
85.4734
21.2514
2006.72
591.154
145.139
33.5802
8.29012
6967.06
1629.57
369.436
81.2061
20.2054
1951.37
573.403
140.437
32.3386
8.01222
6452.12
1494.46
337.543
74.0901
18.4311
1904.37
547.979
132.431
30.2171
7.44355
5472.17
1260.16
284.622
62.532
15.5697
1814.18
507.532
121.242
27.4781
6.74542
2645.02
636.87
146.226
32.3388
8.05865
886.745
252.074
59.6591
13.2697
3.24602
3904.96
926.901
211.217
46.4966
11.5724
1306.27
366.579
87.5878
19.8349
4.90077
1561.01
378.982
87.4068
19.4202
4.84679
492.532
145.88
34.2411
7.60155
1.87517
538.113
129.782
29.9692
6.67358
1.6643
195.124
51.7538
11.0713
3.14536
0.584582
92.0981
446.093
4187.4
-759.996
659.4
706.552
2149.18
2756.38
1676.74
3233.68
2698.86
4206.03
3289.2
4089.48
1703.57
2303.26
1824.94
2164.41
897.818
932.637
2266.45
1689.37
495.929
-521.446
-830.846
-999.145
-329.318
12631.2
2946.03
4130.69
2636.47
-226.633
-95.1855
2948.61
-1501.06
-872.214
-1165.67
-605.081
6928.47
3664.86
1217.85
1025.42
3692.09
2018.69
628.102
1395.82
-1598.28
-951.467
680.428
528.818
8563.29
4317.64
5254.16
2848.99
4151.09
4381.35
1540.53
-984.855
897.188
1655.74
1414.39
1288.84
1258.87
1096.29
1364.19
1130.22
920.557
682.604
310.387
444.604
380.856
300.642
198.61
70.91
-465.078
-387.285
-288.296
-176.739
-59.4425
-742.959
-621.098
-464.673
-286.178
-96.448
-894.825
-749.522
-562.002
-346.827
-117.037
-284.491
-225.156
-155.832
-87.805
-27.5869
9578.39
8827.18
8183.88
8303.49
8600.17
2817.98
2693.84
2722.15
2464.6
1416.61
3285.33
2779.62
2530.08
2158.52
1227.33
2160.76
1904.02
1798.83
1491.67
670.895
-21.2832
66.2283
210.277
230.108
117.204
31.6159
145.68
214.6
202.064
89.4934
2590.96
2274.49
1905.06
1413.46
613.853
-906.324
-425.45
-143.862
1.2727
23.4738
-689.351
-482.898
-282.197
-125.266
-28.7292
-820.842
-502.596
-248.436
-86.0639
-12.9285
-545.749
-451.746
-328.242
-193.793
-62.4734
5351.42
5103.08
4734.84
4818.2
5105.07
2908.01
2408.18
2136.62
1755.06
933.664
1180.46
1130.51
1020.1
775.064
320.762
933.268
836.035
710.006
513.701
203.777
3145.55
2621.48
2088.05
1458.76
589.351
1827.88
1599.4
1305.19
899.972
335.616
560.481
486.262
396.274
274.316
103.684
1253.46
1075.87
850.999
564.361
203.126
-1389.55
-1124.35
-814.084
-487.743
-161.316
-835.003
-678.826
-489.342
-289.41
-94.4514
631.845
573.053
487.49
348.54
133.907
494.152
451.273
385.595
275.117
104.484
5724.56
4411.91
4088.28
4144.12
4071.42
3373.54
2717.89
2209.72
1678.58
809.305
3985.28
3408.4
2930.78
2458.89
1309.73
2327.31
1963.41
1601.52
1187.6
548.321
3597.6
3020.45
2388.3
1630.01
625.383
3407.36
2630.24
2283.37
1855.65
863.027
1371.92
1172.65
930.272
623.06
227.397
-872.646
-718.81
-526.708
-316.904
-104.828
817.167
730.82
618.598
444.169
172.094
-25440
-41251
-20987.8
-33684.9
-22567.5
-47352.8
-27196.3
-59771.6
-16077.9
-11026.4
-18109.9
-11276.6
-14912.1
-9656.2
-18413.3
-9721.38
-20960
-15737.2
-30271.3
-21760.6
-17932.8
-14248.4
-25544.7
-19151
-14439.2
-14722
-11850.4
-11377.4
-13893.6
-13131.2
-35384
-9757.74
-13454.8
-5011.46
-43282.6
-11986
-12055
-4456.11
-26292.3
-8281.4
-13769.8
-5268.47
-23347.5
-7264.63
-10747.3
-4302.27
-13619
-4923.77
-10185.5
-4470.93
-11952
-4318.16
-10579.7
-5115.17
-9546.72
-3780.59
-12284.1
-4329.85
-4315.14
-1513.38
-9255.5
-6138.87
-7967.76
-4863.06
-8284.74
-6704.11
-7069.21
-5088.83
-8051.88
-4560.04
-9426.35
-5836.13
-5454.1
-3254.92
-2944.36
-1803.65
-4746.63
-3295.4
-2469.63
-1756.93
-5515.16
-2984.95
-3060.43
-1528.29
-7069.44
-3579.72
-4544.23
-5305.44
-8957.16
-6000.33
-6383.17
-8936.32
-4803.62
-2149.73
-2724.36
-3071.63
-2608.34
-1048.19
-1238.82
-1171.27
-10527.7
-12771.1
-5897.44
-14402.4
-10943.8
-12185
-6793.04
-14721.2
-11081.5
-11125.5
-8100.54
-14032.3
-7684.29
-6300.95
-8332.55
-9187.86
-9144.76
-8708.53
-9843.91
-11289.4
-12033.7
-17045.8
-5956.36
-6007.02
-6451.8
-7769.68
-12180.4
-12114.1
-8460.46
-15336.1
-11752
-11220.7
-8312.71
-15077.2
-11710.5
-9951.12
-7772.41
-14081.9
-11593.2
-7210.58
-5779.57
-7237.43
-5783.94
-7964.29
-6403.27
-8602.76
-7257.53
-12847
-11653.6
-6775.51
-5857.82
-6617.81
-5672.73
-7154.54
-6591.04
-8527.33
-8364.14
-11898.9
-12164.9
-6075.69
-4835.39
-4476.09
-5901.09
-7808.72
-10902.9
-5910.14
-10046.8
-4038.34
-5380.11
-5764.34
-4702.79
-753.091
-3894.07
-207.392
-1142.66
-2848.61
-6923.57
-610.777
-1919.83
-326.044
-3437.99
-112.483
-1064.94
-4122.87
-4123.36
-4738.53
-2829.49
-6381.13
-4947.09
-7663.28
-5013.49
-863.906
-2226.1
-2327.6
-1247.61
-1271.94
-1647.01
-1877.67
-1385.19
-5124.82
-1762.21
-6894.19
-2355.03
-5231.74
-1837.31
-7061.07
-2537.37
-5196.95
-1811.3
-7490.21
-2896.81
-3402.96
-948.393
-4102.63
-1582.83
-4535.47
-1769.56
-5387.92
-2048.05
-7903.18
-3158.88
-4347.18
-1303.02
-3701
-1854.79
-4372.62
-2116.02
-5887.73
-2600.36
-8165.83
-3094.69
-5918.15
-5624.71
-4273.47
-4328.24
-9570.9
-7419.94
-7651.43
-6437.22
-4219.45
-3856.54
-1691.76
-1306.89
-3998.8
-4013.71
-1556.31
-1651.43
-2819.84
-4717.92
-3451.56
-5063.01
-4030.64
-2383.85
-3027.74
-431.813
-6256.39
-1599.95
2354.68
491.16
-957.453
-223.816
285.116
734.831
-2933.98
-2378.72
-1064.08
-775.481
-3052.19
-2520.6
-1424.34
-834.814
-3393.58
-2958.1
-1887.71
-1103.22
-987.131
2.46031
725.3
1143.42
-5138.39
-5546.25
-3894.84
-3714.75
-6573.9
-6637.07
-5392.66
-4596.56
-2778.35
-3140.79
-4213.36
-4830.28
-2327.8
-2060.71
-974.828
-888.485
-3436.29
-2731.74
-1731.21
-1361.5
-1440.9
-1625.54
-305.678
-608.225
-2093.74
-1766.15
-2945.5
-2529.31
-3330.84
-3159.19
-4525.14
-4056.32
-827.84
-639.209
-1450.91
-1132.01
257.473
414.334
-387.845
-2.02146
-4461.66
-5861.54
-4181.58
-6433.73
-4429.31
-5764.15
-4298.77
-6454.39
-4567.17
-5261.32
-4505.89
-6151.84
-2974.16
-4565.23
-2839.03
-2921.35
-3523.56
-6946.93
-5291.63
-5366.88
-6067.67
-7083.43
-5531.06
-4906
-4525.5
-4647.26
-4356.13
-7189.47
-7477.45
-10047.4
-15358
-6712.68
-6704.05
-9659.6
-14624.7
-6023.45
-5949.19
-8942.82
-13424.6
-6836.76
-5332.37
-6492.63
-5088.54
-6145.75
-5106.01
-6806.83
-6574.14
-8227.59
-12486.3
-5586.43
-5340.37
-5077.18
-5203.99
-5040
-5473.44
-5776.79
-7072.81
-6242.48
-11371.5
-4208.56
-3221.04
-2856.47
-1284.07
-5578.46
-4991.53
-4298.03
-3239.41
-2500.62
-1367.41
-3842.06
-3402.69
-3257.77
-1172.4
-451.115
67.2485
-3538.72
-2385.01
-610.028
-367.295
-2839.69
-1099.02
-335.966
78.5644
-2689.05
-3163.55
-3243
-5992.05
-4121.72
-5004.02
-4647.97
-8379.74
-2433.1
-1966.15
-1737.43
-3565.45
12.4417
140.956
558.148
-261.037
-5381.53
-1577.06
-10495.6
-1248.25
-4998.14
-1663.89
-10167.4
-1286.73
-3804.25
-1039.74
-9288.72
-1124.8
-2969.33
-668.195
-2959.56
-710.146
-3505.69
-1094.87
-4081.94
-852.901
-8766.74
-1312.63
-4160.41
-829.704
-4151.08
-735.879
-4617.69
-1003.14
-5626.19
-970.82
-9177.74
-1174.09
-1111.11
-326.554
-17.8419
71.8498
-380.716
-102.227
6.3599
32.0364
-1110.72
-291.334
19.8912
105.075
-295.137
-21.5607
62.4023
73.2671
-1155.66
-256.854
57.7924
142.397
-154.667
184.666
278.138
255.796
544.09
500.501
423.096
315.728
1043.4
770.32
565.414
398.609
-600.454
16.6622
207.458
229.042
-531.786
104.76
216.982
221.963
-1256.48
-240.579
81.4976
172.441
-1027.32
-60.3131
154.57
224.074
-2.95224
268.69
301.679
254.53
-87.0011
248.179
275.677
244.209
557.161
501.301
414.107
319.685
376.031
394.395
337.598
278.109
-1752.82
-507.031
-63.8868
85.9714
-2186.04
-570.355
-108.029
85.7403
-1691.54
-457.814
-32.8125
109.334
-2100.48
-531.924
-92.073
94.2945
-1591.87
-385.432
-4.5108
121.851
-1911.7
-463.507
-63.8798
114.533
-1115.41
-178.699
85.4998
176.441
-2001.98
-429.718
-28.2897
164.309
-1063.44
-94.6321
135.895
236.163
-2044.79
-429.448
-88.6541
56.0474
-894.168
-161.584
-30.7325
13.4535
-1913.66
-381.521
-64.7621
69.7342
-850.141
-145.878
-21.0778
21.1748
-1662.58
-292.829
-24.4267
90.4861
-732.541
-108.562
-1.087
36.329
-1384.66
-213.149
7.4668
102.958
-611.673
-70.6343
21.7524
54.6492
-1056.8
-90.6692
70.4569
129.782
-352.544
16.1893
65.9305
83.8306
-536.969
88.3706
168.976
189.842
37.3058
215.282
187.919
171.817
-877.194
-39.963
100.468
151.665
-110.298
127.895
129.088
128.212
-124.513
225.845
236.07
224.457
188.641
284.123
233.776
204.236
287.338
342.382
289.694
254.629
341.719
332.188
262.731
223.418
34.7927
19.798
12.1865
8.19693
6.45747
17.7095
10.4379
6.4744
4.36155
3.43715
63.6248
38.1298
23.8187
16.0806
12.6786
51.6281
31.7442
19.9542
13.4913
10.6413
98.6138
59.9362
37.6214
25.4343
20.0579
161.846
100.124
63.1541
42.7463
33.7258
188.258
117.55
74.3766
50.3803
39.7463
242.93
150.984
95.3862
64.5702
50.9285
135.272
83.6497
52.7781
35.7317
28.2036
125.779
76.423
48.0072
32.4703
25.6407
110.927
67.5292
42.4316
28.6972
22.6347
125.796
75.1194
46.984
31.7408
25.0496
157.376
98.3484
62.221
42.1486
33.2549
145.649
89.2991
56.2293
38.0487
30.0249
197.248
122.202
77.1098
52.1836
41.1554
164.522
100.976
63.5912
43.0189
33.9244
29.7023
15.6956
9.53581
6.39769
5.0367
12.2093
6.08267
3.66434
2.45448
1.93133
47.1001
26.7837
16.5714
11.1644
8.79655
18.4578
10.0515
6.17936
4.15754
3.27406
65.1294
38.2185
23.8213
16.0779
12.67
38.7313
22.5229
14.0056
9.44481
7.44467
106.895
62.9685
39.2982
26.5359
20.867
66.1968
38.8171
24.1927
16.3281
12.8469
130.428
76.9478
47.9957
32.3985
25.5182
-1619.45
-3055.7
-1672.06
-3063.2
-1804.49
-3075.21
-1967.75
-3145.71
-1896.82
-3156.13
-729.374
-1155.43
-1227.86
-1932.49
-361.17
-542.82
-103.121
-155.759
-7779.57
-1830.44
-414.709
-91.691
-22.5457
-2104.03
-565.032
-148.983
-33.5528
-7.21709
-7637.36
-1788.25
-405.379
-88.9596
-22.051
-2123.02
-624.4
-152.56
-35.1384
-8.64109
-7237.06
-1689.15
-382.379
-83.9359
-20.8534
-2057.63
-602.564
-146.957
-33.7159
-8.32798
-6581.31
-1528.12
-345.671
-75.9274
-18.8909
-1977.95
-569.234
-137.399
-31.3004
-7.69952
-5507.59
-1274.19
-288.666
-63.5414
-15.8407
-1845.04
-519.672
-124.452
-28.2282
-6.93239
-2644.66
-637.815
-146.732
-32.5116
-8.11589
-888.187
-253.982
-60.4044
-13.4853
-3.30975
-3910.56
-931.011
-212.732
-46.9307
-11.7012
-1312.82
-371.508
-89.1544
-20.2384
-5.00988
-1558.92
-378.98
-87.5496
-19.4862
-4.87205
-490.616
-146.23
-34.5263
-7.70769
-1.9115
-535.392
-129.503
-29.9936
-6.70068
-1.67702
-190.763
-51.3373
-11.131
-3.19591
-0.606385
204.607
-960.972
-4991.81
771.615
-6219.57
-2697.51
-6013.7
-2719.98
-10594.2
-5601.08
-11908.9
-6259.18
-150.545
-586.124
-917.294
-1078.94
-970.816
-412.345
-244.888
-904.135
-1366.64
-1503.73
-1210.14
-422.591
-128.021
-136.679
-471.404
-474.621
-672.256
-663.763
-648.683
-610.394
-582.492
-550.14
-463.513
-404.367
864.752
2269.91
3667.33
2590.03
2382.34
1144.73
830.278
2397.27
3862.15
4453.72
3704.2
1681.52
-135.944
-115.114
-87.3945
-54.5461
-18.5379
-529.868
-449.302
-341.61
-213.468
-72.5979
-829.213
-703.108
-534.583
-334.065
-113.615
-975.08
-826.537
-628.24
-392.506
-133.476
-876.985
-742.88
-564.136
-352.13
-119.674
-372.791
-315.197
-237.935
-147.242
-49.6955
-221.076
-187.153
-142.066
-88.6671
-30.1355
-817.122
-692.701
-526.599
-329.068
-111.919
-1234.95
-1046.84
-795.848
-497.388
-169.187
-1358.29
-1150.99
-874.904
-546.837
-186.034
-1092.48
-925.257
-703.088
-439.43
-149.512
-381.822
-323.245
-245.033
-152.561
-51.745
-115.66
-97.9901
-74.431
-46.4714
-15.7964
-123.53
-104.709
-79.573
-49.7005
-16.8974
-426.243
-361.505
-274.898
-171.793
-58.4256
-429.189
-364.039
-276.85
-173.023
-58.8455
-607.809
-515.453
-391.934
-244.919
-83.2934
-600.108
-508.904
-386.944
-241.798
-82.2312
-586.383
-497.126
-377.835
-236.003
-80.2375
-551.631
-467.561
-355.328
-221.951
-75.465
-526.115
-445.427
-337.899
-210.64
-71.5188
-496.589
-420.277
-318.878
-198.912
-67.5779
-417.916
-352.488
-265.733
-164.452
-55.5397
-364.343
-307.474
-232.387
-144.38
-48.9178
775.975
656.909
503.768
320.118
110.571
2028.06
1711.82
1312.62
837.023
290.903
3245.47
2729.9
2105.79
1364.66
485.571
2277.06
1911.44
1478.64
963.128
343.843
2124.62
1786.69
1372.55
872.233
280.274
1049.68
897.743
695.387
439.382
135.388
744.729
629.152
480.432
303.64
104.426
2145.06
1809.3
1381.78
875.173
301.984
3439.24
2894.61
2216.07
1413.56
492.217
3944.18
3311.07
2541.01
1632.53
573.909
3280.73
2755.16
2117.39
1361.91
476.268
1503.15
1272.91
984.032
633.96
220.71
319.346
751.668
1075.99
1227.75
1105.94
549.28
477.824
1129.06
1572.99
1677.28
1337.42
506.272
261.607
249.654
599.292
582.836
787.444
760.254
742.851
683.163
663.831
558.907
600.133
444.78
-708.147
-2030.85
-3253.11
-2035.49
-1702.43
-399.614
-760.363
-2282.99
-3609.81
-4000.93
-3054.02
-907.31
289.093
245.55
187.018
117.027
39.8297
680.152
577.393
439.522
274.916
93.5453
973.467
826.261
628.883
393.331
133.835
1110.65
942.604
717.377
448.663
152.662
1000.57
849.187
646.182
404.027
137.443
498.418
423.66
321.957
200.543
67.9733
432.527
367.365
279.807
175.106
59.6012
1021.46
867.02
659.974
412.839
140.488
1422.72
1207.34
918.912
574.818
195.621
1516.6
1286.72
979.302
612.695
208.551
1208.95
1025.5
780.506
488.429
166.295
458.501
389.353
296.17
184.966
62.8508
236.817
201.135
153.175
95.8389
32.6158
225.981
191.913
146.136
91.4246
31.1115
542.305
460.39
350.453
219.194
74.5812
527.406
447.729
340.802
213.148
72.5221
712.488
604.791
460.318
287.885
97.9496
687.855
583.853
444.365
277.901
94.5517
672.16
570.545
434.207
271.511
92.3668
618.033
524.519
399.16
249.612
84.9239
600.793
509.963
387.945
242.417
82.4219
505.544
428.95
326.33
204.003
69.3918
543.719
461.599
350.662
218.542
74.1294
402.389
341.329
259.408
161.923
55.0089
-632.376
-533.011
-407.894
-259.393
-89.7794
-1809.25
-1523.43
-1167.23
-745.256
-259.595
-2863.47
-2397.88
-1847.27
-1200.54
-429.549
-1751.05
-1440.63
-1100.59
-715.71
-256.893
-1473.54
-1200.39
-897.944
-557.525
-167.202
-334.501
-252.016
-170.997
-90.3963
-10.0211
-681.057
-574.67
-438.64
-277.364
-95.4689
-2041.42
-1721.05
-1314.47
-833.105
-287.711
-3208.13
-2695.46
-2062.22
-1316.35
-459.021
-3524.54
-2944.52
-2253.65
-1448.38
-510.32
-2673.03
-2219.7
-1693.58
-1087.51
-380.559
-776.764
-630.22
-473.083
-301.698
-104.482
-1369.07
-883.819
-194.191
777.155
1092.11
1390.46
670.453
-10531.8
-1578.25
-3038.91
-1458.53
316.752
-3996.43
926.819
2597.31
1267.33
-5682.77
-2581.44
-363.34
-487.918
-3350.17
-1220.07
-198.867
-993.648
2318.67
1490.58
-467.637
-97.8143
-7533.16
-3553.22
-4133.67
-2008.75
-3544.38
-3192.45
-1029.48
1519.34
-304.643
-689.658
-504.282
-505.121
-697.623
-865.731
-561.517
-385.63
-298.581
-254.547
-148.87
-165.295
-137.169
-109.969
-76.7951
-29.0133
702.753
595.638
452.176
281.97
95.7762
986.287
834.94
633.326
394.722
133.974
1255.92
1063.59
807.291
503.563
171.024
605.997
511.26
383.955
235.715
78.897
-7876.79
-7463.45
-7277.43
-8044.74
-9123.74
-1085.69
-866.905
-1150.97
-1433.76
-1064.66
-2210.35
-1748.23
-1674.74
-1612.38
-1066.86
-975.311
-708.221
-725.621
-709.04
-349.641
282.123
218.127
129.77
45.6171
0.540093
-3399.34
-2871.27
-2307.2
-1650.37
-697.941
836.319
697.094
510.295
300.835
95.0778
2275.17
1876.9
1403.54
873.912
298.067
1141.17
960.693
723.25
446.801
150.072
-4137.65
-4068.79
-3975.48
-4448.21
-5201.6
-1827.94
-1396.62
-1308.81
-1223.02
-765.035
-304.958
-296.026
-320.429
-308.476
-158.521
-408.531
-353.863
-316.449
-255.822
-114.77
-2849.65
-2378.1
-1910.32
-1356.56
-560.64
-1053.15
-892.419
-731.143
-523.84
-204.44
-156.176
-126.722
-110.055
-89.2489
-39.7336
-874.62
-739.307
-583.67
-392.047
-143.74
2078.11
1746.06
1317.14
818.337
277.057
1343.9
1132.87
852.797
526.148
176.866
-403.207
-344.957
-289.06
-212.631
-85.7649
-77.0251
-70.3844
-75.4854
-71.4251
-33.5445
-4748.66
-3524.7
-3372.06
-3702.2
-3992.45
-2641.12
-2053.82
-1670.06
-1322.23
-683.764
-2840.28
-2361.53
-2066.06
-1888.37
-1090.64
-1520.72
-1230.54
-1007.07
-797.759
-414.375
-3027.15
-2513.82
-1987.33
-1373.55
-538.158
-2268.79
-1575.53
-1433.14
-1311.1
-679.9
-894.21
-751.446
-597.933
-409.965
-154.217
1371.93
1159.11
875.176
541.798
182.689
-246.207
-212.203
-198.812
-169.979
-77.0021
-10.8655
27.8932
97.6778
146.028
124.828
31.2211
-18018.4
-15844.4
-15231.4
-17415.5
-13199.6
-10487.9
-12025.6
-9201.19
-15516.4
-13535.5
-14247.1
-13346.1
-12530.8
-10686.2
-13131.3
-14841.7
-13213.9
-12286.5
-13896.4
-11138
-9471.71
-10098.4
-8164.82
-13903.1
-12269.2
-12777
-11576.3
-11080
-10384
-10630.6
-11669.3
-10664.3
-9795.84
-10733
-9278.99
-7992.25
-8496.21
-7356.14
-11637.8
-10469.9
-10813.1
-9781.86
-9417.24
-8736.38
-8891.51
-8169.99
-7673.5
-6991.71
-7416.07
-6900.68
-6204.77
-6380.99
-5880.35
-8371.29
-8377.79
-7887.2
-7888.72
-7036.65
-6370.94
-7011.25
-5239.65
-5002.18
-4544.04
-4741.19
-4639.74
-4209.44
-4250.07
-3947.49
-5547.54
-5479.8
-5295.5
-5122.3
-4822.76
-4365.42
-4669.6
-1889.94
-1821.08
-1653.58
-1712.23
-1718.52
-1610.47
-1565.67
-1465.49
-2115.19
-2082.5
-1970.17
-1854.31
-1815.76
-1670.98
-1768.1
-7302.56
-7226.21
-10481.5
-11289
-6970.47
-6263.77
-9277.69
-7632.92
-6038.36
-4976.5
-6033.96
-4958.49
-6140.46
-5862.77
-5042.66
-7364.49
-7021.54
-9396.01
-10242.3
-6579.42
-6029.22
-8239.51
-7177.14
-6187.14
-4761.72
-6093.74
-4923.29
-5665.77
-5458.78
-5207.76
-6874.19
-6586
-8074.52
-8645.95
-6239.84
-5863.31
-7284.79
-6521.25
-5428.82
-5359.01
-5404.57
-5495.05
-5111.47
-5066.11
-5536.89
-5741.06
-5553.46
-6180.4
-6477.7
-5302.9
-4999.81
-5761.94
-5309.17
-5376.53
-5101.91
-5280.54
-5273.3
-4978.79
-4872.67
-5176.83
-4076.38
-3962.88
-4159.97
-4310.46
-3700.66
-3447.62
-3939.84
-3644.9
-3924.17
-4030.39
-3823.31
-4082.27
-3589.67
-3461.98
-3769.29
-1540.87
-1498.17
-1535.8
-1584.41
-1391
-1285.23
-1461.37
-1353.79
-1329.38
-1506.4
-1396.95
-1558.91
-1349.78
-1286.3
-1394.17
)
;

boundaryField
{
    patch1
    {
        type            calculated;
        value           nonuniform List<scalar> 
2440
(
0
0
4381.61
1540.64
-984.853
897.291
-3192.64
-1029.55
1519.37
-304.696
0
0
4381.35
1540.53
-984.855
897.188
-3192.45
-1029.48
1519.34
-304.643
0
0
0
0
0
0
0
0
-895.935
0
0
0
0
0
0
0
0
2266.49
1689.41
495.972
-521.448
-830.859
-999.163
-329.298
12631.9
2946.5
4131.07
2636.84
-226.482
-95.071
2948.87
-1500.94
-872.138
-1165.56
-605.075
6928.79
3665.13
1218.06
1025.54
3692.3
2018.84
628.157
1395.93
-1598.28
-951.454
680.525
528.902
8563.53
4317.78
5254.36
2849.11
4151.29
384.248
-128.027
-136.685
-471.422
-474.638
-672.28
-663.786
-648.705
-610.415
-582.509
-550.158
-463.521
-404.377
261.614
249.661
599.311
582.854
787.47
760.279
742.875
683.186
663.851
558.925
600.147
444.793
-1369.12
-883.867
-194.215
777.17
1092.14
1390.5
670.457
-10532.4
-1578.52
-3039.15
-1458.64
316.724
-3996.58
926.823
2597.35
1267.36
-5683.05
-2581.62
-363.432
-487.978
-3350.32
-1220.16
-198.899
-993.711
2318.72
1490.61
-467.679
-97.8488
-7533.41
-3553.37
-4133.84
-2008.85
-3544.54
0
0
0
0
0
0
0
0
-892.059
0
0
0
0
0
0
0
0
2266.45
1689.37
495.929
-521.446
-830.846
-999.145
-329.318
12631.2
2946.03
4130.69
2636.47
-226.633
-95.1855
2948.61
-1501.06
-872.214
-1165.67
-605.081
6928.47
3664.86
1217.85
1025.42
3692.09
2018.69
628.102
1395.82
-1598.28
-951.467
680.428
528.818
8563.29
4317.64
5254.16
2848.99
4151.09
383.261
-128.021
-136.679
-471.404
-474.621
-672.256
-663.763
-648.683
-610.394
-582.492
-550.14
-463.513
-404.367
261.607
249.654
599.292
582.836
787.444
760.254
742.851
683.163
663.831
558.907
600.133
444.78
-1369.07
-883.819
-194.191
777.155
1092.11
1390.46
670.453
-10531.8
-1578.25
-3038.91
-1458.53
316.752
-3996.43
926.819
2597.31
1267.33
-5682.77
-2581.44
-363.34
-487.918
-3350.17
-1220.07
-198.867
-993.648
2318.67
1490.58
-467.637
-97.8143
-7533.16
-3553.22
-4133.67
-2008.75
-3544.38
0
0
12.9201
25.6096
12.8387
25.5037
31.2213
0
0
0
0
0
0
12.9201
25.6103
12.8469
25.5182
31.2211
0
0
0
0
0
1202.57
1353.65
1326.73
1628.15
54.5934
128.159
-46.907
42.8366
859.687
431.077
2179.32
2526.89
-292.52
-239.838
750.83
779.499
0
0
0
0
0
0
0
0
0
0
0
0
0
0
0
0
0
0
0
0
0
0
0
0
0
0
0
0
0
0
0
0
0
223.551
76.8125
233.527
83.1976
243.61
96.5555
236.861
107.573
241.556
124.681
264.066
196.154
243.86
160.455
277.035
220.872
272
228.853
6.76893
3.63687
12.7237
10.6694
20.1124
33.7777
39.79
50.9465
28.2198
25.6274
22.6768
25.0572
33.2814
30.026
41.1621
33.9234
5.2251
2.00449
8.84972
3.30276
12.7322
7.48507
20.9957
21.9667
5.96536
21.545
7.4411
20.4657
7.19606
18.6607
6.69972
15.7559
6.11226
8.13317
3.14679
11.7182
4.55477
4.87889
1.87604
1.67209
0.594186
-66.1806
-11.7561
-1590.81
-302.539
4863
4626.12
2609.44
2487.42
4575.12
5525.5
544.427
-493.312
-759.549
-1150.91
-1440.39
454.665
345.109
254.903
191.909
-837.591
-425.448
-2103.48
-2325.77
351.324
258.824
-655.726
-737.771
-0.220278
0.0194851
0
0
0
0
0
0
0
0
0
0
0
0
0
0
0.445309
-0.221058
0
0
0
0
0
0
0
0
0
0
0
0
0
0
56.0926
13.4747
69.7696
21.1875
90.4604
36.3168
102.914
54.6206
129.72
83.7853
189.763
171.74
151.597
128.148
224.374
204.158
254.551
223.348
6.7213
3.60782
12.6633
10.6296
20.0442
33.7099
39.7326
50.9145
28.1913
25.6306
22.6225
25.0377
33.243
30.0148
41.1441
33.9151
5.18509
1.98349
8.79209
3.27394
12.6622
7.44013
20.8542
-22.8606
-6.21465
-22.3555
-7.75726
-21.1209
-7.48558
-19.1243
-6.93894
-16.0283
-6.29018
-8.19031
-3.21005
-11.8472
-4.66128
-4.90403
-1.91219
-1.68472
-0.615842
343.014
-651.744
1553.46
241
275.388
751.71
452.278
-0.623828
-0.160068
-0.15426
-0.693464
0
0
0
0
0
0
0
0
0
0.713476
0.237543
0.386186
0.79758
0
0
0
0
0
0
0
0
0
0
1202.46
1353.7
1326.8
1628.1
54.6213
128.131
-46.8901
42.7881
859.724
431.042
2179.31
2526.78
-292.528
-239.877
750.815
779.481
0
0
0
0
0
0
0
0
0
0
0
0
0
0
0
0
0
0
0
0
0
0
0
0
0
0
0
0
0
0
0
0
0
224.128
77.221
233.306
83.097
243.55
96.5007
236.839
107.536
241.551
124.655
264.098
196.162
243.874
160.442
277.085
220.904
272.065
228.906
6.4998
3.4593
12.7303
10.6735
20.1166
33.7795
39.7936
50.9556
28.2236
25.6317
22.6795
25.0599
33.2864
30.0311
41.1703
33.9304
5.07965
1.9538
8.84997
3.30159
12.7339
7.48547
20.9959
21.9445
6.01562
21.5239
7.42063
20.4608
7.19097
18.6577
6.69728
15.7545
6.11094
8.13311
3.14645
11.7178
4.55413
4.87893
1.87586
1.67209
0.594086
-59.0975
-5.54721
-1580.27
-464.702
4867.91
4652.69
2620.36
2493.66
4588.93
5498.7
269.19
-493.252
-759.708
-1151.11
-1440.38
454.49
344.988
254.716
191.772
-837.742
-425.526
-2103.54
-2325.84
351.183
258.746
-655.881
-737.88
-0.217549
0.0212837
0
0
0
0
0
0
0
0
0
0
0
0
0
0
0.446724
-0.220803
0
0
0
0
0
0
0
0
0
0
0
0
0
0
56.0474
13.4535
69.7342
21.1748
90.4861
36.329
102.958
54.6492
129.782
83.8306
189.842
171.817
151.665
128.212
224.457
204.236
254.629
223.418
6.45747
3.43715
12.6786
10.6413
20.0579
33.7258
39.7463
50.9285
28.2036
25.6407
22.6347
25.0496
33.2549
30.0249
41.1554
33.9244
5.0367
1.93133
8.79655
3.27406
12.67
7.44467
20.867
-22.8412
-6.26785
-22.3346
-7.73633
-21.117
-7.48071
-19.1222
-6.93684
-16.0276
-6.28922
-8.19049
-3.20992
-11.8472
-4.66092
-4.90421
-1.91218
-1.68481
-0.615891
345.579
-655.276
1554.41
239.292
300.64
787.154
439.573
-0.625739
-0.160075
-0.154257
-0.699758
0
0
0
0
0
0
0
0
0
0.711172
0.237579
0.386224
0.790933
0
0
0
0
0
0
0
0
0
11648.5
13241.1
0
11647.7
13237.3
0
0
0
0
0
0
0
0
0
6530.03
11754.3
7732.03
11569.8
8899.33
10517.6
11271.9
13938.4
8095.43
13487.4
11919.1
12358.5
11374.4
10741
10381.3
9411.35
5669.49
1762.56
9022.5
5612.66
1876.52
8321.34
5151.19
1679.48
0
0
0
0
0
0
0
0
12410.3
10071
12448.2
10156.5
12886.2
10197.2
13928.2
14572.4
13063.1
9829.24
9731.1
9748.88
9248.97
9589.86
8593.05
6988.17
2907.31
829.396
6832.28
3056.27
927.371
6014.85
2864.99
745.422
-19.37
-119.005
-126.051
274.189
938.94
316.99
817.493
84.8375
8.16032
-3.1698
-50.811
-217.641
-622.961
-1094.21
-332.889
-846.606
-81.0122
8.16116
0
0
0
0
0
0
0
0
6488.44
11746.2
7733.71
11566
8899.4
10516.6
11271.1
13936.5
8094.99
13506.3
11949.1
12352.1
11369.5
10738.5
10378
9434.46
5680.79
1769.64
9019.11
5611.54
1876.36
8318.99
5149.98
1679.16
0
0
0
0
0
0
0
0
12433.8
10078.4
12441.2
10155.9
12879.4
10194.3
13923.8
14569.2
13058.6
9834.69
9745.17
9746.52
9248.38
9587.8
8591.37
7001.69
2917.16
833.003
6830.2
3056.37
927.454
6013.54
2864.53
745.389
-14.8901
-122.652
-127.505
273.48
938.615
316.93
817.357
84.794
8.11
-3.51128
-47.9456
-216.833
-622.637
-1094.12
-332.946
-846.618
-81.0806
8.099
13933.7
13513.9
58.6473
33.4659
20.6319
13.8484
10.8903
97.9004
57.9661
36.0278
24.2335
19.0706
3197.32
1731.29
13930.7
12328.5
-2318.07
9.48384
55.3214
32.7028
20.3867
13.7545
10.8383
97.2699
57.317
35.7423
24.1254
18.9936
0
0
0
0
0
10157.3
7914.45
8945.36
7656.69
9453.55
8228.13
5073.45
2662.48
691.488
6104.5
3981.6
1389.59
7031.96
4849.69
1672.04
-3701.66
-1855.03
-4373.19
-2116.23
-5888.1
-2600.5
-8165.92
-3094.77
3394.27
1659.82
2727.76
1812.18
782.034
551.044
403.587
282.568
1135.59
800.079
570.463
397.9
164.478
102.086
64.4835
43.6594
34.442
241.415
149.725
94.5318
63.9816
50.4628
270.124
657.849
927.291
1010.84
1089.83
1313.36
244.501
207.632
158.098
98.9045
33.6562
595.268
505.324
384.634
240.559
81.8479
838.932
712.049
541.919
338.913
115.312
914.261
775.785
590.348
369.205
125.626
985.229
835.661
635.803
397.668
135.333
1186.23
1005.42
764.78
478.478
162.903
1659.81
1481.14
1242.83
941.448
590.541
202.215
5615.08
3998.67
1496
6440.62
4748.04
1726.53
8031.94
5604.43
1986.66
10405.9
6405.12
2254.94
-1768.99
435.033
-436.138
920.662
10593.1
7580.1
10473.4
7609.66
9006.51
7711.12
4703.81
2359.05
505.058
4773.65
2334.15
548.876
5258.95
2585.3
701.805
838.755
561.823
384.913
279.252
1079.67
778.001
549.121
389.76
168.683
103.446
64.9081
43.7967
34.4974
241.538
150.148
94.7358
64.0647
50.5047
-1525.38
-1324.46
-1076.03
-789.005
-482.328
-162.852
-156.757
-546.081
-820.631
-918.485
-1059.61
-1229.18
-141.693
-120.121
-91.2998
-57.0323
-19.3915
-493.809
-418.853
-318.54
-199.082
-67.709
-741.875
-629.08
-478.3
-298.883
-101.646
-829.762
-703.07
-534.204
-333.678
-113.459
-956.048
-808.966
-613.941
-383.203
-130.26
-1106.4
-933.816
-707.216
-440.903
-149.817
13932.4
12329.6
-2326.07
2.4513
55.2873
32.682
20.3734
13.7454
10.8312
97.2154
57.2854
35.7224
24.1119
18.9824
0
0
0
0
0
13931.1
13510.4
58.6323
33.461
20.6309
13.8484
10.8904
97.8864
57.9615
36.0274
24.2342
19.0707
3199.39
1735.41
7670.01
49120.3
7611.4
35724.9
7337.09
29627.2
7623.35
26453.6
10694.7
6078.02
1979.34
10564.8
6095.24
1978.28
10361.9
6153.61
2048.03
10305.9
6358.04
2227.31
10406.8
6405.98
2255.29
139.056
40.2133
-410.955
129.014
-1031.64
1335.4
-25.3853
24.0048
903.73
911.261
84.991
44.6805
26.8131
17.1728
496.652
265.712
162.186
103.454
17.6288
6.19478
2.78245
1.80005
136.933
49.5537
23.4952
15.3707
287.666
114.011
57.4028
38.6041
332.2
166.243
92.0304
64.3696
234.851
193.467
127.361
97.8207
240.99
254.014
206.645
177.546
138.022
204.056
161.453
136.851
331.242
300.903
243.772
208.969
409.663
337.231
265.227
225.435
10.7355
6.66234
4.1914
2.82754
2.226
67.5922
41.8803
26.338
17.7676
13.9881
118.204
69.5634
43.1757
29.0428
22.8522
102.631
60.9593
37.9443
25.534
20.0914
144.572
86.8132
54.2025
36.5344
28.7689
164.897
100.78
63.3331
42.7936
33.7292
1.84753
1.14653
0.718862
0.484122
0.380876
15.217
9.16599
5.70427
3.83447
3.01521
38.9504
23.1638
14.3825
9.66658
7.60181
290.069
211.693
218.18
388.789
1234.92
475.516
1233.76
86.4001
8.6458
193.186
52.6673
13.3984
2.99918
0.477168
189.278
56.7178
13.9211
3.29472
0.582855
191.647
57.2008
14.2861
3.25134
0.605813
260.014
68.6894
16.2995
3.65133
0.718148
405.931
88.007
18.6332
3.85952
0.727964
128.918
25.8227
4.91131
0.909338
0.106125
272.766
51.9099
10.3834
2.13583
0.397516
30.5194
9.62378
1.52509
0.281435
0.0124088
44.7934
7.12786
0.188973
0.885077
-0.0282098
3289.7
4105.58
1702.16
2297.18
1825.84
2151.97
952.61
985.885
-1305.54
-3682.62
-2553
-1748.14
-1165.18
-974.485
-732.341
-454.495
-154.221
-1720.39
-1088.25
-681.393
-493.286
-253.079
-1666.91
-974.187
-571.594
-303.692
-101.926
-1473.58
-1162.84
-833.313
-502.974
-169.387
-6896.29
-2355.38
-7062.11
-2538.08
-7490.68
-2897.07
-7903.39
-3159
-8165.92
-3094.77
44.1691
47.6821
880.448
303.452
1559.37
-192.263
187.342
158.596
74.19
171.564
37.9099
30.3375
21.6927
15.7273
236.503
189.097
127.352
92.6883
0.120649
2.35045
1.92796
1.56194
9.27414
21.2663
16.4942
13.2135
77.065
65.1532
44.8537
34.8934
255.93
133.96
82.5578
62.2924
498.765
216.567
127.315
97.0998
593.36
340.691
224.967
179.953
656.77
298.952
179.83
139.431
515.693
356.324
255.436
209.849
445.517
354.358
269.551
225.944
10.536
6.57621
4.14996
2.80756
2.21442
66.7268
41.4336
26.1246
17.6742
13.9417
113.105
68.2627
42.8086
28.9405
22.847
101.33
60.2779
37.664
25.4366
20.067
140.58
85.6928
53.8802
36.4459
28.7584
164.084
100.452
63.2224
42.763
33.7217
1.83764
1.12962
0.709221
0.478892
0.377569
14.8254
9.00372
5.63624
3.80386
2.99936
38.0182
22.7726
14.2157
9.58993
7.56436
-337.127
-370.499
-485.283
-622.642
-1274.44
-470.511
-1179.6
-76.3931
10.7186
-212.284
-56.8001
-14.3109
-3.17198
-0.503588
-234.717
-65.7119
-15.6064
-3.61003
-0.639054
-262.913
-71.0804
-16.8524
-3.72158
-0.695902
-327.162
-83.024
-19.1485
-4.20388
-0.833697
-442.522
-98.7624
-21.1018
-4.37398
-0.84337
-131.778
-27.9702
-5.66417
-1.11513
-0.164087
-282.777
-57.3413
-11.914
-2.4952
-0.486959
-29.1549
-10.0699
-1.81805
-0.385552
-0.0470611
-40.4598
-6.71049
-0.246925
-0.934888
0.00668378
-283.019
-1018.34
-1555.04
-1755
-1481.06
-638.786
766.468
2573.59
4404.64
5469.74
4802.76
2170.89
-255.563
-216.414
-164.327
-102.585
-34.8702
-920.372
-780.268
-593.199
-370.701
-126.081
-1405.16
-1191.08
-905.515
-565.943
-192.512
-1584.98
-1342.91
-1020.77
-638.071
-217.096
-1336.32
-1131.4
-859.862
-537.723
-183.057
-575.459
-486.69
-369.908
-231.602
-78.9525
688.731
581.612
442.345
277.722
94.9702
2303.12
1940.84
1478.72
933.566
321.327
3916.6
3291.08
2516.11
1604.15
559.051
4820.28
4035.57
3100.67
2004.62
712.542
4198.23
3505.23
2707.26
1773.72
642.745
1904.47
1598.94
1242.67
818.875
298.305
516.163
1244.89
1764.71
1930.31
1598.89
678.022
-796.699
-2607.19
-4319.69
-5146.26
-4209.52
-1403.58
467.206
396.794
302.199
189.108
64.3649
1126.23
955.917
727.621
455.145
154.883
1596.04
1354.35
1030.78
644.803
219.442
1745.1
1480.41
1126.7
704.985
239.991
1444.45
1224.8
932.261
583.686
198.828
611.749
518.329
394.669
247.446
84.4142
-717.155
-606.865
-462.486
-290.81
-99.5234
-2337.09
-1973.39
-1506.55
-952.667
-328.196
-3844.15
-3233.98
-2476.36
-1581.53
-551.934
-4526.82
-3785.23
-2909.32
-1884.96
-672.074
-3648.28
-3024.53
-2330.03
-1531.71
-559.158
-1185.28
-963.206
-737.754
-490.901
-183.726
1430.44
0
1982.88
1288.13
1089.07
827.631
518.235
176.71
0
0
0
0
0
1754.26
1462.5
1105.79
695.724
239.496
7665.41
49130.5
7596.16
35721.4
7305.75
29611.1
7601.5
25878.8
10699.1
6085.63
1981.93
10561.7
6093.59
1977.99
10360.1
6152.32
2047.66
10304.7
6357.06
2226.96
10405.9
6405.12
2254.94
119.656
48.6114
-410.522
95.5525
-1022.04
1342.92
-14.2807
22.1918
877.895
903.455
72.0039
37.8084
22.7016
14.527
494.171
264.734
161.625
103.002
15.7325
5.46263
2.43876
1.57558
135.486
49.2063
23.3562
15.275
287.285
113.845
57.322
38.5504
331.996
166.115
91.9581
64.3193
234.754
193.385
127.307
97.7796
241.042
254.03
206.648
177.545
138.011
204.024
161.425
136.827
331.351
300.967
243.81
208.996
409.816
337.337
265.297
225.487
9.04954
5.60409
3.52195
2.37472
1.86898
67.3406
41.7577
26.2678
17.7211
13.9514
118.206
69.566
43.1787
29.0456
22.8554
102.622
60.9567
37.9448
25.5351
20.0929
144.586
86.8216
54.2089
36.5395
28.7735
164.928
100.798
63.3448
42.802
33.736
1.55182
0.956841
0.598282
0.402378
0.316321
15.1609
9.1496
5.69624
3.82904
3.01083
38.9281
23.1572
14.3806
9.66579
7.60153
292.744
207.609
217.134
388.23
1234.61
475.454
1233.6
86.3609
8.60535
194.456
53.3104
13.4581
3.01772
0.488392
186.721
55.9506
13.7402
3.24833
0.571937
191.21
57.0607
14.2482
3.24239
0.603566
259.779
68.6134
16.2774
3.6457
0.716631
405.785
87.9597
18.6191
3.85574
0.726893
128.876
25.8072
4.90647
0.907962
0.105699
272.683
51.882
10.3749
2.13347
0.396812
30.4944
9.61481
1.52226
0.280632
0.0121581
44.777
7.12248
0.187359
0.884692
-0.028336
3289.2
4105.26
1703.42
2299.09
1824.7
2150.84
897.579
927.228
-1305.5
-3682.75
-2553.06
-1748.13
-1165.15
-974.459
-732.32
-454.481
-154.217
-1720.47
-1088.33
-681.476
-493.361
-253.1
-1666.95
-974.232
-571.634
-303.721
-101.936
-1473.57
-1162.83
-833.305
-502.968
-169.385
-6894.19
-2355.03
-7061.07
-2537.37
-7490.21
-2896.81
-7903.18
-3158.88
-8165.83
-3094.69
20.7555
21.0657
902.856
340.105
1561.34
-188.277
149.594
132.026
96.1515
177.007
31.7098
25.5209
18.2501
13.2476
238.155
189.694
127.574
92.6362
-0.510971
1.90482
1.63574
1.34621
10.8507
21.5014
16.5337
13.2032
77.5175
65.3028
44.8965
34.91
256.186
134.106
82.6216
62.3287
498.945
216.708
127.396
97.1547
593.536
340.84
225.073
180.035
656.933
299.093
179.926
139.503
515.878
356.473
255.542
209.931
445.697
354.493
269.644
226.016
8.88065
5.5414
3.49641
2.36543
1.86588
66.601
41.3621
26.0814
17.6455
13.9192
113.154
68.291
42.8263
28.9526
22.8562
101.381
60.3077
37.6827
25.4494
20.077
140.631
85.722
53.8984
36.4584
28.7683
164.13
100.478
63.2387
42.7744
33.731
1.53908
0.944817
0.59295
0.400396
0.315748
14.8195
9.00506
5.63786
3.80512
3.0004
38.0435
22.7893
14.2266
9.59726
7.56993
-337.387
-367.503
-484.744
-622.394
-1274.34
-470.55
-1179.6
-76.4452
10.668
-213.122
-57.3935
-14.3588
-3.18886
-0.514787
-232.184
-64.9205
-15.4178
-3.56163
-0.627667
-262.631
-70.9611
-16.8163
-3.71266
-0.693598
-327.06
-82.9748
-19.1307
-4.19883
-0.832246
-442.48
-98.7406
-21.0928
-4.37108
-0.842449
-131.781
-27.9679
-5.66255
-1.11446
-0.163827
-282.762
-57.3318
-11.9097
-2.49367
-0.486426
-29.1668
-10.0713
-1.81786
-0.385364
-0.0469657
-40.4779
-6.71443
-0.247669
-0.935068
0.00666302
-283.006
-1018.3
-1554.98
-1754.93
-1481
-638.763
766.439
2573.5
4404.47
5469.54
4802.59
2170.82
-255.551
-216.404
-164.319
-102.58
-34.8686
-920.337
-780.239
-593.176
-370.687
-126.076
-1405.1
-1191.04
-905.481
-565.922
-192.504
-1584.93
-1342.86
-1020.73
-638.047
-217.087
-1336.27
-1131.35
-859.829
-537.703
-183.05
-575.438
-486.671
-369.893
-231.592
-78.9494
688.705
581.589
442.327
277.71
94.9662
2303.03
1940.76
1478.66
933.526
321.313
3916.44
3290.94
2516
1604.07
559.025
4820.09
4035.4
3100.54
2004.53
712.509
4198.07
3505.1
2707.15
1773.65
642.718
1904.41
1598.89
1242.64
818.854
298.298
516.148
1244.85
1764.65
1930.25
1598.83
677.998
-796.67
-2607.09
-4319.53
-5146.06
-4209.35
-1403.51
467.193
396.782
302.19
189.102
64.363
1126.19
955.885
727.597
455.13
154.878
1595.98
1354.31
1030.75
644.781
219.434
1745.04
1480.36
1126.66
704.961
239.982
1444.4
1224.75
932.228
583.666
198.821
611.727
518.311
394.655
247.437
84.4112
-717.129
-606.843
-462.469
-290.799
-99.5197
-2337.01
-1973.31
-1506.49
-952.63
-328.183
-3844
-3233.85
-2476.25
-1581.46
-551.911
-4526.64
-3785.06
-2909.19
-1884.87
-672.043
-3648.12
-3024.38
-2329.91
-1531.62
-559.128
-1185.21
-963.137
-737.695
-490.86
-183.71
1430.4
0
1982.83
1288.09
1089.04
827.607
518.219
176.705
0
0
0
0
0
1754.22
1462.46
1105.76
695.707
239.49
5615.97
3999.34
1496.26
6441.63
4748.84
1726.84
8032.98
5605.3
1987
10406.8
6405.98
2255.29
-1774.14
434.162
-440.995
918.969
10594.8
7581.17
10475.6
7610.96
9008.68
7712.51
4704.52
2359.48
505.196
4774.43
2334.58
549.01
5259.83
2585.74
701.932
838.762
561.829
384.911
279.253
1079.19
777.778
549.004
389.7
168.69
103.447
64.906
43.7941
34.4949
241.508
150.129
94.722
64.0543
50.496
-1525.4
-1324.48
-1076.04
-789.019
-482.337
-162.855
-156.764
-546.101
-820.66
-918.516
-1059.64
-1229.22
-141.699
-120.127
-91.3038
-57.0348
-19.3923
-493.827
-418.868
-318.552
-199.089
-67.7115
-741.902
-629.103
-478.317
-298.894
-101.65
-829.791
-703.095
-534.223
-333.689
-113.463
-956.08
-808.993
-613.962
-383.216
-130.265
-1106.44
-933.847
-707.24
-440.918
-149.822
10156
7913.5
8944.36
7655.69
9452.51
8226.86
5072.72
2662
691.325
6103.61
3980.98
1389.38
7030.75
4848.87
1671.76
-3701
-1854.79
-4372.62
-2116.02
-5887.73
-2600.36
-8165.83
-3094.69
3396.66
1661.6
2731.13
1814.17
782.949
551.507
403.832
282.689
1136.51
800.538
570.708
398.03
164.536
102.121
64.5057
43.6746
34.4542
241.481
149.763
94.5565
63.999
50.4768
270.116
657.827
927.261
1010.81
1089.8
1313.31
244.494
207.626
158.093
98.9016
33.6552
595.249
505.308
384.621
240.551
81.8453
838.905
712.026
541.901
338.901
115.308
914.231
775.759
590.329
369.192
125.622
985.197
835.634
635.782
397.655
135.329
1186.2
1005.38
764.755
478.462
162.897
1659.77
1481.1
1242.79
941.424
590.525
202.21
)
;
    }
    patch2
    {
        type            calculated;
        value           nonuniform List<scalar> 
348
(
-10.8666
-10.8655
863.091
227.416
-104.827
172.112
-679.935
-154.228
182.693
-77.0108
863.027
227.397
-104.828
172.094
-679.9
-154.217
182.689
-77.0021
1096.3
310.383
70.9166
-59.4428
-96.4496
-117.039
-27.5839
8600.71
1416.74
1227.44
670.988
117.236
89.5137
613.915
23.4976
-28.716
-12.9105
-62.4721
5105.35
933.737
320.801
203.799
589.396
335.643
103.693
203.143
-161.315
-94.4489
133.924
104.498
4071.6
809.338
1309.79
548.347
625.421
-18.5389
-72.6007
-113.619
-133.481
-119.678
-49.6964
-30.137
-111.923
-169.194
-186.041
-149.517
-51.7465
-15.7972
-16.8982
-58.4278
-58.8478
-83.2964
-82.2342
-80.2403
-75.4677
-71.521
-67.5801
-55.5406
-48.9191
110.578
290.918
485.596
343.857
280.28
135.385
104.431
301.998
492.24
573.934
476.286
220.713
39.8308
93.5483
133.839
152.667
137.448
67.9748
59.6029
140.493
195.627
208.558
166.301
62.8526
32.6167
31.1124
74.5836
72.5245
97.9528
94.5548
92.3698
84.9267
82.4244
69.394
74.1311
55.0104
-89.7844
-259.607
-429.57
-256.911
-167.219
-10.0328
-95.4734
-287.724
-459.042
-510.346
-380.583
-104.494
-865.805
-148.896
-29.0171
95.7778
133.978
171.028
78.8971
-9123.93
-1064.69
-1066.9
-349.657
0.536238
-697.964
95.0781
298.073
150.075
-5201.75
-765.067
-158.534
-114.779
-560.663
-204.456
-39.7394
-143.75
277.064
176.869
-85.7709
-33.5496
-3992.61
-683.806
-1090.7
-414.403
-538.186
1096.29
310.387
70.91
-59.4425
-96.448
-117.037
-27.5869
8600.17
1416.61
1227.33
670.895
117.204
89.4934
613.853
23.4738
-28.7292
-12.9285
-62.4734
5105.07
933.664
320.762
203.777
589.351
335.616
103.684
203.126
-161.316
-94.4514
133.907
104.484
4071.42
809.305
1309.73
548.321
625.383
-18.5379
-72.5979
-113.615
-133.476
-119.674
-49.6955
-30.1355
-111.919
-169.187
-186.034
-149.512
-51.745
-15.7964
-16.8974
-58.4256
-58.8455
-83.2934
-82.2312
-80.2375
-75.465
-71.5188
-67.5779
-55.5397
-48.9178
110.571
290.903
485.571
343.843
280.274
135.388
104.426
301.984
492.217
573.909
476.268
220.71
39.8297
93.5453
133.835
152.662
137.443
67.9733
59.6012
140.488
195.621
208.551
166.295
62.8508
32.6158
31.1115
74.5812
72.5221
97.9496
94.5517
92.3668
84.9239
82.4219
69.3918
74.1294
55.0089
-89.7794
-259.595
-429.549
-256.893
-167.202
-10.0211
-95.4689
-287.711
-459.021
-510.32
-380.559
-104.482
-865.731
-148.87
-29.0133
95.7762
133.974
171.024
78.897
-9123.74
-1064.66
-1066.86
-349.641
0.540093
-697.941
95.0778
298.067
150.072
-5201.6
-765.035
-158.521
-114.77
-560.64
-204.44
-39.7336
-143.74
277.057
176.866
-85.7649
-33.5445
-3992.45
-683.764
-1090.64
-414.375
-538.158
8471.72
2153.43
562.601
8295.69
2207.97
598.633
7907.61
2196.24
513.128
7672.93
2088.07
338.224
8168.16
1857
442.038
-10498.6
-1243.5
-10174.1
-1291.35
-9289.17
-1125.61
-8766.84
-1312.82
-9177.85
-1174.13
8483.49
2167.33
566.152
8292.64
2205.66
598.662
7906.75
2195.37
512.943
7672.29
2087.64
338.082
8167.59
1856.77
441.96
-10495.6
-1248.25
-10167.4
-1286.73
-9288.72
-1124.8
-8766.74
-1312.63
-9177.74
-1174.09
)
;
    }
    patch3
    {
        type            calculated;
        value           nonuniform List<scalar> 
96
(
-150.552
-586.146
-917.327
-1078.98
-970.848
-412.353
-244.9
-904.169
-1366.69
-1503.78
-1210.18
-422.603
864.796
2270.01
3667.49
2590.14
2382.42
1144.76
830.314
2397.36
3862.3
4453.89
3704.33
1681.56
319.355
751.692
1076.02
1227.79
1105.97
549.293
477.838
1129.09
1573.04
1677.33
1337.46
506.287
-708.182
-2030.94
-3253.25
-2035.59
-1702.52
-399.651
-760.395
-2283.08
-3609.95
-4001.09
-3054.15
-907.364
-150.545
-586.124
-917.294
-1078.94
-970.816
-412.345
-244.888
-904.135
-1366.64
-1503.73
-1210.14
-422.591
864.752
2269.91
3667.33
2590.03
2382.34
1144.73
830.278
2397.27
3862.15
4453.72
3704.2
1681.52
319.346
751.668
1075.99
1227.75
1105.94
549.28
477.824
1129.06
1572.99
1677.28
1337.42
506.272
-708.147
-2030.85
-3253.11
-2035.49
-1702.43
-399.614
-760.363
-2282.99
-3609.81
-4000.93
-3054.02
-907.31
)
;
    }
    patch4
    {
        type            calculated;
        value           nonuniform List<scalar> 
384
(
29892.5
30759.5
31890.6
58624.4
85560.4
52760.2
41174.9
37174.9
-51621.9
-42428.8
-67372.1
-85203.2
29180.3
30788.2
31920.3
58647.7
85592.1
52781.8
41183.3
36269
-51041.3
-42543.6
-67490.9
-84571.5
34724.2
10796.2
52769.7
16768.1
-39337.5
-12171.3
-56258.4
-17906.3
34734
10797.9
52781.6
16771.1
-39372.8
-12179.7
-56288.6
-17913.9
22823.5
7932.41
-27216.2
-9137.07
11038.6
4233.36
3863.64
1446.67
-13927.6
-5254.59
-4833.17
-1803.97
-27186.4
-9130.13
22839.4
7935.55
21515.5
14777.1
20865.2
14504.4
23784.1
7876.39
9595.82
3548.54
8687.23
3089.42
-36466.9
-25719.6
-30778
-22388.2
-28315.2
-9332.51
-15867.2
-5629.86
-13134.3
-4560.94
21002.4
14447.2
20919.6
14555.8
23797.2
7878.93
9387.76
3471.59
8723.06
3102.21
-35995.2
-25382
-30869.2
-22458
-28344.9
-9340.38
-15656.1
-5549.87
-13178.8
-4576.68
-13911.3
-5248.76
-4828.68
-1802.35
11048.7
4237.35
3865.97
1447.62
16962.9
12145.2
-17045.7
-12180
16962.8
12145.5
-17045.8
-12180.4
2525.39
3015.43
2985.7
2900
4023.8
2829.8
3524.19
1181.11
3094.14
5176.23
5495.89
8781.5
1799.32
2984.92
789.103
1108.48
-4312.79
-4964.97
-4471.92
-4312.26
-5116.11
-3778.13
-4325.44
-1512
-3579.13
-5305.08
-6000.38
-8935.98
-2148.83
-3071.29
-1047.69
-1171.09
2500.45
2963.27
2986.11
2904.87
4023.91
2831.79
3527.24
1181.86
3094.61
5176.47
5496.13
8781.81
1799.83
2985.08
789.184
1108.47
-4302.27
-4923.77
-4470.93
-4318.16
-5115.17
-3780.59
-4329.85
-1513.38
-3579.72
-5305.44
-6000.33
-8936.32
-2149.73
-3071.63
-1048.19
-1171.27
4457.8
13139.2
5517.09
13836.7
7182.78
13636.1
8394.32
-5912.39
-14390.7
-6791.2
-14723.6
-8100.81
-14032.7
-9144.51
4428.89
13128.9
5519.81
13833.8
7183.39
13635.3
8394.93
-5897.44
-14402.4
-6793.04
-14721.2
-8100.54
-14032.3
-9144.76
10681.9
10509
10082.7
9246.84
7713.87
3923.88
5699.03
2335.77
789.265
-11464.2
-11159.9
-10512.3
-9451.86
-7771.89
-3923.63
-5709.27
-2333.39
-786.437
10643
10508.5
10083.4
9246.88
7713.97
3924.03
5699.2
2335.87
789.293
-11430.4
-11161.1
-10514.1
-9452.49
-7772.29
-3923.86
-5709.58
-2333.52
-786.489
2274.42
2222.24
2114.69
1922.2
1595.09
841.833
1202.6
505.897
171.18
-2405.12
-2333.46
-2192.84
-1965.38
-1612.11
-842.807
-1207.34
-505.877
-170.885
2263.21
2221.81
2114.81
1922.17
1595.09
841.859
1202.63
505.916
171.185
-2394.25
-2333.25
-2193.17
-1965.48
-1612.18
-842.852
-1207.39
-505.905
-170.896
510.3
496.814
470.592
426.148
353.72
189.637
268.89
114.442
38.7442
-535.472
-518.703
-486.833
-436.125
-358.439
-190.178
-270.586
-114.594
-38.7668
507.685
496.654
470.588
426.126
353.711
189.641
268.891
114.446
38.7452
-532.875
-518.572
-486.866
-436.13
-358.447
-190.187
-270.596
-114.599
-38.7692
113.391
110.16
104.096
94.1024
78.1608
42.2103
59.6062
25.5658
8.66939
-118.402
-114.594
-107.522
-96.3589
-79.3467
-42.4005
-60.0999
-25.6368
-8.6964
112.809
110.114
104.089
94.0937
78.1568
42.2109
59.6055
25.5664
8.66956
-117.818
-114.552
-107.521
-96.3555
-79.3463
-42.4021
-60.1013
-25.638
-8.6969
28.4835
27.7186
26.1974
23.6704
19.6679
10.6881
15.0381
6.49231
2.20408
-29.6264
-28.7477
-27.0197
-24.2412
-19.991
-10.7527
-15.1875
-6.51988
-2.21688
28.3358
27.7048
26.194
23.6672
19.6663
10.6881
15.0377
6.4924
2.2041
-29.4771
-28.7346
-27.0176
-24.2392
-19.9903
-10.753
-15.1875
-6.52012
-2.217
)
;
    }
}


// ************************************************************************* //
