/*--------------------------------*- C++ -*----------------------------------*\
| =========                 |                                                 |
| \\      /  F ield         | OpenFOAM: The Open Source CFD Toolbox           |
|  \\    /   O peration     | Version:  v2106                                 |
|   \\  /    A nd           | Website:  www.openfoam.com                      |
|    \\/     M anipulation  |                                                 |
\*---------------------------------------------------------------------------*/
FoamFile
{
    version     2.0;
    format      ascii;
    arch        "LSB;label=32;scalar=64";
    class       volVectorField;
    location    "0.5";
    object      U;
}
// * * * * * * * * * * * * * * * * * * * * * * * * * * * * * * * * * * * * * //

dimensions      [0 1 -1 0 0 0 0];

internalField   nonuniform List<vector> 
400
(
(6.35752e-05 0 0)
(0.000188581 0 0)
(0.000307382 0 0)
(0.000416459 0 0)
(0.000512996 0 0)
(0.000594975 0 0)
(0.000661146 0 0)
(0.000710888 0 0)
(0.000744005 0 0)
(0.000760514 0 0)
(0.000760472 0 0)
(0.000743881 0 0)
(0.000710685 0 0)
(0.000660871 0 0)
(0.000594637 0 0)
(0.00051261 0 0)
(0.000416045 0 0)
(0.000306974 0 0)
(0.000188241 0 0)
(6.34169e-05 0 0)
(0.000204538 0 0)
(0.000606667 0 0)
(0.000988725 0 0)
(0.00133932 0 0)
(0.00164939 0 0)
(0.00191248 0 0)
(0.00212466 0 0)
(0.00228404 0 0)
(0.00239009 0 0)
(0.00244294 0 0)
(0.00244283 0 0)
(0.00238975 0 0)
(0.00228348 0 0)
(0.00212391 0 0)
(0.00191156 0 0)
(0.00164834 0 0)
(0.0013382 0 0)
(0.000987623 0 0)
(0.000605757 0 0)
(0.000204119 0 0)
(0.000388843 0 0)
(0.00115317 0 0)
(0.00187888 0 0)
(0.00254411 0 0)
(0.0031316 0 0)
(0.00362927 0 0)
(0.00402999 0 0)
(0.00433054 0 0)
(0.00453029 0 0)
(0.00462979 0 0)
(0.00462961 0 0)
(0.00452976 0 0)
(0.00432967 0 0)
(0.00402882 0 0)
(0.00362784 0 0)
(0.00312997 0 0)
(0.00254238 0 0)
(0.0018772 0 0)
(0.00115179 0 0)
(0.000388209 0 0)
(0.000651691 0 0)
(0.00193228 0 0)
(0.00314696 0 0)
(0.00425862 0 0)
(0.00523834 0 0)
(0.00606635 0 0)
(0.00673146 0 0)
(0.00722925 0 0)
(0.00755952 0 0)
(0.00772386 0 0)
(0.00772362 0 0)
(0.0075588 0 0)
(0.00722808 0 0)
(0.00672988 0 0)
(0.00606441 0 0)
(0.00523614 0 0)
(0.0042563 0 0)
(0.00314471 0 0)
(0.00193043 0 0)
(0.000650837 0 0)
(0.00103782 0 0)
(0.00307628 0 0)
(0.00500726 0 0)
(0.00677073 0 0)
(0.00832069 0 0)
(0.00962668 0 0)
(0.0106725 0 0)
(0.0114531 0 0)
(0.0119698 0 0)
(0.0122266 0 0)
(0.0122263 0 0)
(0.0119689 0 0)
(0.0114516 0 0)
(0.0106705 0 0)
(0.00962422 0 0)
(0.00831789 0 0)
(0.00676777 0 0)
(0.00500438 0 0)
(0.00307391 0 0)
(0.00103672 0 0)
(0.00160569 0 0)
(0.00475774 0 0)
(0.00773854 0 0)
(0.0104535 0 0)
(0.0128317 0 0)
(0.014828 0 0)
(0.0164205 0 0)
(0.017605 0 0)
(0.0183869 0 0)
(0.0187748 0 0)
(0.0187744 0 0)
(0.0183858 0 0)
(0.0176031 0 0)
(0.016418 0 0)
(0.0148249 0 0)
(0.0128282 0 0)
(0.0104499 0 0)
(0.007735 0 0)
(0.0047548 0 0)
(0.00160432 0 0)
(0.00243193 0 0)
(0.00720243 0 0)
(0.0117041 0 0)
(0.0157907 0 0)
(0.0193553 0 0)
(0.0223336 0 0)
(0.0246985 0 0)
(0.0264499 0 0)
(0.0276023 0 0)
(0.0281728 0 0)
(0.0281723 0 0)
(0.0276009 0 0)
(0.0264477 0 0)
(0.0246955 0 0)
(0.02233 0 0)
(0.0193512 0 0)
(0.0157864 0 0)
(0.0116999 0 0)
(0.00719892 0 0)
(0.00243026 0 0)
(0.00361625 0 0)
(0.0107033 0 0)
(0.017373 0 0)
(0.0234022 0 0)
(0.028634 0 0)
(0.0329801 0 0)
(0.0364115 0 0)
(0.0389396 0 0)
(0.0405963 0 0)
(0.0414143 0 0)
(0.0414138 0 0)
(0.0405948 0 0)
(0.0389372 0 0)
(0.0364081 0 0)
(0.032976 0 0)
(0.0286294 0 0)
(0.0233974 0 0)
(0.0173682 0 0)
(0.0106993 0 0)
(0.00361431 0 0)
(0.0052872 0 0)
(0.0156365 0 0)
(0.0253424 0 0)
(0.0340696 0 0)
(0.0415928 0 0)
(0.0477981 0 0)
(0.052663 0 0)
(0.056225 0 0)
(0.0585476 0 0)
(0.0596908 0 0)
(0.0596903 0 0)
(0.0585459 0 0)
(0.0562223 0 0)
(0.0526594 0 0)
(0.0477937 0 0)
(0.0415878 0 0)
(0.0340643 0 0)
(0.0253371 0 0)
(0.015632 0 0)
(0.00528503 0 0)
(0.00760953 0 0)
(0.0224808 0 0)
(0.036364 0 0)
(0.0487617 0 0)
(0.05936 0 0)
(0.068024 0 0)
(0.0747578 0 0)
(0.0796504 0 0)
(0.0828215 0 0)
(0.0843765 0 0)
(0.0843759 0 0)
(0.0828198 0 0)
(0.0796477 0 0)
(0.0747541 0 0)
(0.0680195 0 0)
(0.0593549 0 0)
(0.0487562 0 0)
(0.0363586 0 0)
(0.0224762 0 0)
(0.00760722 0 0)
(0.0107955 0 0)
(0.0318471 0 0)
(0.0513801 0 0)
(0.0686655 0 0)
(0.0832841 0 0)
(0.0951004 0 0)
(0.104186 0 0)
(0.110725 0 0)
(0.114932 0 0)
(0.116986 0 0)
(0.116986 0 0)
(0.114931 0 0)
(0.110722 0 0)
(0.104182 0 0)
(0.0950961 0 0)
(0.0832792 0 0)
(0.0686603 0 0)
(0.0513749 0 0)
(0.0318425 0 0)
(0.0107931 0 0)
(0.0151242 0 0)
(0.0445267 0 0)
(0.0715785 0 0)
(0.0952282 0 0)
(0.11495 0 0)
(0.130663 0 0)
(0.142583 0 0)
(0.151064 0 0)
(0.156473 0 0)
(0.159098 0 0)
(0.159098 0 0)
(0.156471 0 0)
(0.151062 0 0)
(0.14258 0 0)
(0.130659 0 0)
(0.114945 0 0)
(0.0952237 0 0)
(0.071574 0 0)
(0.0445225 0 0)
(0.015122 0 0)
(0.0209799 0 0)
(0.0615826 0 0)
(0.0984918 0 0)
(0.130224 0 0)
(0.156198 0 0)
(0.176514 0 0)
(0.191668 0 0)
(0.202298 0 0)
(0.209006 0 0)
(0.21224 0 0)
(0.21224 0 0)
(0.209005 0 0)
(0.202297 0 0)
(0.191665 0 0)
(0.176511 0 0)
(0.156195 0 0)
(0.130221 0 0)
(0.0984883 0 0)
(0.0615793 0 0)
(0.020978 0 0)
(0.0289327 0 0)
(0.0845311 0 0)
(0.134178 0 0)
(0.175871 0 0)
(0.209155 0 0)
(0.234576 0 0)
(0.253144 0 0)
(0.265947 0 0)
(0.273923 0 0)
(0.277739 0 0)
(0.277739 0 0)
(0.273922 0 0)
(0.265946 0 0)
(0.253143 0 0)
(0.234574 0 0)
(0.209153 0 0)
(0.175869 0 0)
(0.134176 0 0)
(0.084529 0 0)
(0.0289313 0 0)
(0.0399219 0 0)
(0.115718 0 0)
(0.181557 0 0)
(0.235012 0 0)
(0.276266 0 0)
(0.306821 0 0)
(0.328565 0 0)
(0.343251 0 0)
(0.352263 0 0)
(0.356536 0 0)
(0.356536 0 0)
(0.352263 0 0)
(0.343251 0 0)
(0.328565 0 0)
(0.306821 0 0)
(0.276266 0 0)
(0.235012 0 0)
(0.181557 0 0)
(0.115718 0 0)
(0.0399211 0 0)
(0.0557198 0 0)
(0.159127 0 0)
(0.245019 0 0)
(0.311387 0 0)
(0.3603 0 0)
(0.395129 0 0)
(0.419137 0 0)
(0.434962 0 0)
(0.444508 0 0)
(0.448987 0 0)
(0.448987 0 0)
(0.444508 0 0)
(0.434963 0 0)
(0.419138 0 0)
(0.39513 0 0)
(0.360302 0 0)
(0.311389 0 0)
(0.245021 0 0)
(0.159128 0 0)
(0.0557197 0 0)
(0.0802601 0 0)
(0.222163 0 0)
(0.331456 0 0)
(0.40991 0 0)
(0.464224 0 0)
(0.501019 0 0)
(0.52544 0 0)
(0.541096 0 0)
(0.550364 0 0)
(0.554665 0 0)
(0.554666 0 0)
(0.550365 0 0)
(0.541098 0 0)
(0.525442 0 0)
(0.501023 0 0)
(0.464227 0 0)
(0.409914 0 0)
(0.33146 0 0)
(0.222165 0 0)
(0.0802608 0 0)
(0.124032 0 0)
(0.319631 0 0)
(0.451714 0 0)
(0.536629 0 0)
(0.590679 0 0)
(0.625128 0 0)
(0.647025 0 0)
(0.660654 0 0)
(0.668567 0 0)
(0.6722 0 0)
(0.6722 0 0)
(0.668568 0 0)
(0.660656 0 0)
(0.647028 0 0)
(0.625132 0 0)
(0.590684 0 0)
(0.536634 0 0)
(0.451719 0 0)
(0.319634 0 0)
(0.124033 0 0)
(0.220745 0 0)
(0.482024 0 0)
(0.621446 0 0)
(0.697346 0 0)
(0.740612 0 0)
(0.766303 0 0)
(0.781916 0 0)
(0.791363 0 0)
(0.796754 0 0)
(0.799206 0 0)
(0.799207 0 0)
(0.796755 0 0)
(0.791365 0 0)
(0.781919 0 0)
(0.766306 0 0)
(0.740616 0 0)
(0.697351 0 0)
(0.621451 0 0)
(0.482028 0 0)
(0.220746 0 0)
(0.497968 0 0)
(0.767169 0 0)
(0.856159 0 0)
(0.892679 0 0)
(0.910572 0 0)
(0.920411 0 0)
(0.92616 0 0)
(0.929566 0 0)
(0.931488 0 0)
(0.932357 0 0)
(0.932357 0 0)
(0.931489 0 0)
(0.929567 0 0)
(0.926162 0 0)
(0.920413 0 0)
(0.910574 0 0)
(0.892682 0 0)
(0.856161 0 0)
(0.767171 0 0)
(0.497969 0 0)
)
;

boundaryField
{
    movingWall
    {
        type            fixedValue;
        value           uniform (1 0 0);
    }
    fixedWalls
    {
        type            noSlip;
    }
    frontAndBack
    {
        type            empty;
    }
}


// ************************************************************************* //
