-0.011974375 -0.021692871 -0.014097551 -0.027074473 0.010835878 
-0.011975423 -0.021700528 -0.014029066 -0.026885046 0.010849204 
-0.011977518 -0.021715846 -0.013892013 -0.026505227 0.010875521 
-0.011980664 -0.021738844 -0.013686188 -0.025932963 0.010914242 
-0.011984863 -0.021769547 -0.013411294 -0.025165168 0.010964471 
-0.011990118 -0.021807987 -0.013066959 -0.024197795 0.011024994 
-0.011996435 -0.021854204 -0.012652696 -0.023025693 0.01109428 
-0.012003818 -0.02190825 -0.012167928 -0.021642681 0.011170484 
-0.012012275 -0.021970181 -0.011611987 -0.020041512 0.011251427 
-0.012021812 -0.022040064 -0.010984101 -0.018213823 0.011334594 
-0.012032438 -0.022117972 -0.010283415 -0.016150221 0.011417141 
-0.012044162 -0.022203983 -0.0095089854 -0.013840243 0.011495881 
-0.012056992 -0.022298188 -0.0086597494 -0.01127232 0.011567319 
-0.012070941 -0.022400685 -0.0077345546 -0.0084338094 0.011627621 
-0.012086019 -0.022511574 -0.0067322027 -0.0053110558 0.011672591 
-0.012102239 -0.022630964 -0.0056514092 -0.0018894518 0.011697746 
-0.012119611 -0.022758968 -0.0044908058 0.0018465077 0.011698327 
-0.01213815 -0.022895704 -0.0032489749 0.0059131205 0.011669301 
-0.012157868 -0.023041294 -0.0019244508 0.010327353 0.011605414 
-0.012178779 -0.023195865 -0.00051572851 0.01510667 0.011501255 
-0.012200897 -0.02335954 0.00097871063 0.020268782 0.011351332 
-0.012224234 -0.023532445 0.0025603754 0.025831389 0.011150146 
-0.012248804 -0.023714699 0.0042307455 0.031811946 0.010892263 
-0.01227462 -0.023906421 0.0059912396 0.038227329 0.010572408 
-0.012301692 -0.024107719 0.0078431833 0.045093441 0.010185593 
-0.012330032 -0.024318691 0.0097877917 0.052424846 0.0097272539 
-0.012359648 -0.024539426 0.011826139 0.060234405 0.0091933604 
-0.012390548 -0.024769993 0.013959114 0.068532912 0.0085805105 
-0.012422739 -0.02501045 0.016187403 0.077328765 0.0078860497 
-0.012456223 -0.025260834 0.018511481 0.086627717 0.0071081732 
-0.011974375 -0.021692873 -0.014097548 -0.027074446 0.010835873 
-0.011975422 -0.021700528 -0.014029074 -0.026885053 0.010849185 
-0.011977518 -0.021715846 -0.013892019 -0.026505254 0.010875502 
-0.011980664 -0.021738844 -0.013686194 -0.025932993 0.01091422 
-0.011984863 -0.021769546 -0.013411305 -0.025165201 0.010964443 
-0.011990118 -0.021807986 -0.013066969 -0.024197822 0.011024967 
-0.011996435 -0.021854204 -0.012652704 -0.023025715 0.011094255 
-0.012003818 -0.021908249 -0.012167938 -0.021642703 0.011170458 
-0.012012275 -0.021970181 -0.011611996 -0.020041518 0.011251398 
-0.012021812 -0.022040064 -0.010984106 -0.018213823 0.011334566 
-0.012032438 -0.022117971 -0.010283423 -0.01615023 0.01141711 
-0.012044161 -0.022203982 -0.0095089923 -0.013840261 0.011495852 
-0.012056992 -0.022298188 -0.0086597496 -0.011272338 0.011567296 
-0.012070941 -0.022400685 -0.0077345569 -0.0084338198 0.011627592 
-0.012086019 -0.022511574 -0.0067322069 -0.0053110635 0.011672562 
-0.012102239 -0.022630964 -0.0056514123 -0.0018894578 0.011697722 
-0.012119611 -0.022758968 -0.0044908116 0.001846502 0.011698302 
-0.01213815 -0.022895704 -0.0032489814 0.0059131107 0.011669277 
-0.012157868 -0.023041294 -0.0019244546 0.010327346 0.01160539 
-0.012178779 -0.023195865 -0.00051573133 0.01510667 0.011501228 
-0.012200897 -0.02335954 0.00097870619 0.020268775 0.011351305 
-0.012224234 -0.023532444 0.0025603708 0.025831368 0.011150126 
-0.012248804 -0.023714698 0.0042307413 0.03181192 0.010892245 
-0.01227462 -0.023906419 0.0059912319 0.038227302 0.010572384 
-0.012301692 -0.024107717 0.0078431725 0.045093412 0.010185567 
-0.012330031 -0.024318689 0.0097877833 0.052424813 0.0097272347 
-0.012359648 -0.024539424 0.011826133 0.060234373 0.0091933461 
-0.012390548 -0.024769992 0.013959108 0.068532887 0.0085804948 
-0.012422739 -0.025010449 0.016187394 0.077328747 0.007886031 
-0.012456223 -0.025260833 0.018511473 0.08662771 0.0071081606 
-0.011974375 -0.021692874 -0.014097552 -0.027074442 0.010835836 
-0.011975422 -0.021700528 -0.014029077 -0.026885068 0.010849152 
-0.011977518 -0.021715845 -0.013892028 -0.026505282 0.010875465 
-0.011980664 -0.021738842 -0.013686208 -0.025933012 0.010914175 
-0.011984862 -0.021769545 -0.013411317 -0.025165218 0.010964403 
-0.011990118 -0.021807985 -0.013066981 -0.024197832 0.011024927 
-0.011996434 -0.021854203 -0.01265272 -0.023025716 0.011094212 
-0.012003818 -0.021908249 -0.012167952 -0.02164269 0.011170416 
-0.012012275 -0.021970181 -0.011612004 -0.02004149 0.011251357 
-0.012021812 -0.022040064 -0.010984116 -0.018213798 0.011334523 
-0.012032438 -0.02211797 -0.010283432 -0.016150218 0.011417068 
-0.012044161 -0.022203982 -0.0095089963 -0.013840252 0.011495812 
-0.012056992 -0.022298188 -0.008659751 -0.011272325 0.011567254 
-0.012070941 -0.022400685 -0.0077345587 -0.0084338066 0.011627551 
-0.012086019 -0.022511575 -0.0067322117 -0.0053110485 0.011672521 
-0.012102238 -0.022630964 -0.0056514213 -0.0018894443 0.01169768 
-0.012119611 -0.022758968 -0.0044908215 0.0018465076 0.011698266 
-0.01213815 -0.022895703 -0.0032489909 0.005913118 0.011669242 
-0.012157868 -0.023041294 -0.0019244639 0.010327363 0.011605352 
-0.012178779 -0.023195865 -0.00051573901 0.015106686 0.011501193 
-0.012200897 -0.02335954 0.00097870075 0.020268776 0.011351282 
-0.012224234 -0.023532443 0.0025603645 0.025831357 0.011150108 
-0.012248804 -0.023714696 0.0042307291 0.031811899 0.010892225 
-0.012274619 -0.023906417 0.0059912138 0.038227274 0.01057236 
-0.012301692 -0.024107715 0.0078431554 0.045093381 0.010185548 
-0.012330031 -0.024318687 0.0097877701 0.052424788 0.0097272203 
-0.012359648 -0.024539422 0.01182612 0.060234356 0.0091933296 
-0.012390548 -0.02476999 0.013959096 0.068532878 0.0085804747 
-0.012422738 -0.025010448 0.016187385 0.077328757 0.0078860057 
-0.012456223 -0.025260833 0.018511464 0.086627734 0.0071081299 
-0.011974375 -0.021692874 -0.014097559 -0.027074458 0.010835792 
-0.011975422 -0.021700528 -0.014029085 -0.02688509 0.010849107 
-0.011977518 -0.021715845 -0.013892041 -0.026505297 0.010875414 
-0.011980663 -0.021738842 -0.013686221 -0.025933027 0.010914129 
-0.011984862 -0.021769544 -0.013411333 -0.025165238 0.010964358 
-0.011990117 -0.021807984 -0.013067002 -0.024197839 0.011024875 
-0.011996434 -0.021854202 -0.01265274 -0.023025714 0.011094163 
-0.012003818 -0.021908248 -0.012167966 -0.02164267 0.01117037 
-0.012012275 -0.021970181 -0.011612017 -0.020041455 0.011251306 
-0.012021812 -0.022040063 -0.010984129 -0.018213767 0.011334471 
-0.012032438 -0.02211797 -0.010283442 -0.016150191 0.011417018 
-0.012044161 -0.022203982 -0.0095090027 -0.013840226 0.011495763 
-0.012056992 -0.022298189 -0.0086597552 -0.0112723 0.011567207 
-0.012070941 -0.022400686 -0.0077345646 -0.0084337821 0.011627502 
-0.012086019 -0.022511576 -0.0067322207 -0.0053110273 0.011672472 
-0.012102238 -0.022630965 -0.0056514328 -0.0018894309 0.011697635 
-0.012119611 -0.022758968 -0.0044908363 0.0018465199 0.011698219 
-0.012138149 -0.022895703 -0.0032490087 0.0059131364 0.01166919 
-0.012157868 -0.023041294 -0.0019244812 0.010327384 0.011605302 
-0.012178779 -0.023195865 -0.00051575318 0.015106701 0.011501153 
-0.012200896 -0.023359539 0.00097868815 0.020268782 0.011351253 
-0.012224234 -0.023532442 0.0025603482 0.02583135 0.011150085 
-0.012248804 -0.023714694 0.0042307059 0.031811882 0.010892199 
-0.012274619 -0.023906415 0.0059911882 0.038227251 0.010572336 
-0.012301691 -0.024107713 0.0078431343 0.045093362 0.010185529 
-0.012330031 -0.024318686 0.0097877533 0.052424782 0.0097272001 
-0.012359647 -0.024539421 0.011826105 0.060234361 0.0091933022 
-0.012390548 -0.02476999 0.013959084 0.068532901 0.0085804387 
-0.012422738 -0.025010448 0.016187376 0.077328792 0.0078859674 
-0.012456223 -0.025260833 0.018511459 0.086627766 0.0071080923 
-0.011974375 -0.021692875 -0.01409756 -0.027074474 0.010835749 
-0.011975422 -0.021700529 -0.01402909 -0.026885107 0.01084906 
-0.011977518 -0.021715846 -0.013892041 -0.0265053 0.010875374 
-0.011980663 -0.021738843 -0.013686223 -0.025933034 0.010914094 
-0.011984862 -0.021769545 -0.01341134 -0.025165241 0.01096432 
-0.011990117 -0.021807984 -0.013067011 -0.024197837 0.011024838 
-0.011996434 -0.021854202 -0.012652746 -0.023025703 0.011094129 
-0.012003818 -0.021908249 -0.012167971 -0.021642639 0.011170331 
-0.012012275 -0.021970182 -0.01161202 -0.020041418 0.011251267 
-0.012021812 -0.022040064 -0.010984129 -0.018213729 0.011334435 
-0.012032438 -0.022117971 -0.01028344 -0.016150157 0.011416985 
-0.012044161 -0.022203983 -0.0095089983 -0.013840197 0.011495734 
-0.012056992 -0.02229819 -0.0086597503 -0.011272272 0.011567176 
-0.012070941 -0.022400688 -0.0077345606 -0.0084337554 0.011627469 
-0.012086019 -0.022511577 -0.0067322183 -0.0053110086 0.011672441 
-0.012102238 -0.022630966 -0.005651433 -0.0018894159 0.011697604 
-0.012119611 -0.022758969 -0.0044908405 0.001846538 0.011698183 
-0.012138149 -0.022895704 -0.0032490167 0.0059131584 0.011669151 
-0.012157868 -0.023041295 -0.0019244892 0.010327406 0.011605269 
-0.012178779 -0.023195866 -0.00051575847 0.015106716 0.011501134 
-0.012200896 -0.02335954 0.00097868244 0.020268788 0.011351243 
-0.012224234 -0.023532442 0.0025603389 0.025831353 0.011150076 
-0.012248804 -0.023714694 0.0042306955 0.031811885 0.010892192 
-0.012274619 -0.023906415 0.005991181 0.038227254 0.010572335 
-0.012301691 -0.024107712 0.0078431297 0.04509337 0.010185526 
-0.012330031 -0.024318686 0.0097877487 0.0524248 0.0097271889 
-0.012359647 -0.024539421 0.011826101 0.060234394 0.009193279 
-0.012390548 -0.024769991 0.013959081 0.06853294 0.0085804086 
-0.012422738 -0.025010448 0.016187376 0.077328822 0.0078859387 
-0.012456223 -0.025260834 0.018511463 0.086627796 0.0071080648 
-0.011974375 -0.021692875 -0.01409756 -0.027074496 0.01083571 
-0.011975422 -0.02170053 -0.014029084 -0.026885117 0.010849027 
-0.011977518 -0.021715848 -0.013892032 -0.026505288 0.010875342 
-0.011980664 -0.021738845 -0.013686216 -0.025933015 0.010914063 
-0.011984862 -0.021769546 -0.013411334 -0.025165221 0.010964295 
-0.011990118 -0.021807985 -0.013067004 -0.024197818 0.011024819 
-0.011996434 -0.021854203 -0.01265274 -0.023025675 0.011094109 
-0.012003818 -0.02190825 -0.012167964 -0.021642605 0.011170311 
-0.012012275 -0.021970183 -0.01161201 -0.020041384 0.011251253 
-0.012021812 -0.022040065 -0.010984116 -0.018213699 0.011334426 
-0.012032438 -0.022117972 -0.010283427 -0.016150129 0.011416976 
-0.012044162 -0.022203985 -0.0095089845 -0.013840166 0.01149572 
-0.012056993 -0.022298192 -0.0086597356 -0.011272242 0.01156716 
-0.012070941 -0.022400689 -0.0077345465 -0.008433735 0.011627456 
-0.01208602 -0.022511578 -0.0067322058 -0.0053109959 0.01167243 
-0.012102239 -0.022630967 -0.0056514219 -0.0018894023 0.011697594 
-0.012119611 -0.02275897 -0.004490832 0.0018465558 0.011698172 
-0.01213815 -0.022895706 -0.0032490098 0.0059131767 0.011669143 
-0.012157868 -0.023041297 -0.0019244814 0.01032742 0.01160527 
-0.012178779 -0.023195867 -0.00051575078 0.015106726 0.011501144 
-0.012200897 -0.023359541 0.00097868875 0.020268797 0.011351257 
-0.012224234 -0.023532443 0.0025603467 0.025831364 0.011150095 
-0.012248804 -0.023714696 0.004230708 0.031811903 0.010892217 
-0.012274619 -0.023906416 0.0059911961 0.038227279 0.01057236 
-0.012301691 -0.024107714 0.007843144 0.0450934 0.010185545 
-0.012330031 -0.024318688 0.0097877627 0.052424837 0.0097271972 
-0.012359647 -0.024539423 0.011826114 0.060234434 0.009193277 
-0.012390548 -0.024769992 0.013959091 0.068532974 0.0085803983 
-0.012422739 -0.02501045 0.016187388 0.077328856 0.007885925 
-0.012456223 -0.025260835 0.018511477 0.086627829 0.0071080525 
-0.011974375 -0.021692877 -0.014097551 -0.027074497 0.010835679 
-0.011975423 -0.021700532 -0.01402907 -0.026885101 0.010849002 
-0.011977518 -0.021715851 -0.013892017 -0.026505261 0.010875317 
-0.011980664 -0.021738848 -0.013686197 -0.025932983 0.010914046 
-0.011984863 -0.021769549 -0.013411312 -0.025165188 0.010964289 
-0.011990118 -0.021807988 -0.013066981 -0.024197786 0.01102482 
-0.011996435 -0.021854206 -0.012652717 -0.023025638 0.011094111 
-0.012003818 -0.021908253 -0.012167941 -0.021642572 0.011170317 
-0.012012275 -0.021970185 -0.011611988 -0.020041363 0.011251264 
-0.012021812 -0.022040067 -0.010984097 -0.018213682 0.011334435 
-0.012032438 -0.022117974 -0.010283408 -0.016150103 0.011416977 
-0.012044162 -0.022203988 -0.009508964 -0.013840131 0.011495716 
-0.012056993 -0.022298195 -0.0086597143 -0.011272209 0.011567157 
-0.012070942 -0.022400692 -0.0077345266 -0.0084337119 0.011627456 
-0.01208602 -0.02251158 -0.0067321871 -0.0053109769 0.011672432 
-0.012102239 -0.022630969 -0.0056514036 -0.001889381 0.011697597 
-0.012119611 -0.022758973 -0.0044908137 0.0018465766 0.01169818 
-0.01213815 -0.022895708 -0.003248991 0.0059131901 0.011669161 
-0.012157868 -0.023041299 -0.0019244627 0.010327428 0.011605297 
-0.012178779 -0.023195869 -0.00051573204 0.015106735 0.011501176 
-0.012200897 -0.023359543 0.00097870926 0.020268808 0.011351296 
-0.012224234 -0.023532445 0.0025603701 0.02583138 0.01115014 
-0.012248804 -0.023714698 0.0042307342 0.031811924 0.010892265 
-0.01227462 -0.023906419 0.0059912247 0.038227306 0.010572408 
-0.012301692 -0.024107717 0.0078431747 0.045093434 0.010185588 
-0.012330032 -0.02431869 0.0097877933 0.05242487 0.0097272346 
-0.012359648 -0.024539425 0.011826139 0.060234461 0.0091933021 
-0.012390548 -0.024769993 0.013959112 0.068533008 0.0085804085 
-0.012422739 -0.025010451 0.016187408 0.07732889 0.0078859282 
-0.012456224 -0.025260836 0.018511492 0.086627851 0.007108055 
-0.011974376 -0.021692879 -0.014097538 -0.027074467 0.010835652 
-0.011975423 -0.021700535 -0.014029056 -0.026885065 0.010848977 
-0.011977519 -0.021715854 -0.013891996 -0.026505226 0.010875302 
-0.011980664 -0.021738851 -0.013686171 -0.025932942 0.010914042 
-0.011984863 -0.021769552 -0.013411284 -0.025165144 0.010964292 
-0.011990118 -0.021807991 -0.01306695 -0.024197739 0.01102483 
-0.011996435 -0.02185421 -0.012652685 -0.023025589 0.011094124 
-0.012003819 -0.021908256 -0.012167914 -0.021642535 0.011170331 
-0.012012275 -0.021970187 -0.011611968 -0.020041339 0.011251275 
-0.012021813 -0.022040069 -0.010984081 -0.018213656 0.011334441 
-0.012032439 -0.022117978 -0.010283391 -0.016150065 0.011416977 
-0.012044162 -0.022203992 -0.0095089439 -0.013840084 0.011495715 
-0.012056993 -0.022298199 -0.0086596934 -0.011272163 0.011567157 
-0.012070942 -0.022400695 -0.0077345064 -0.0084336684 0.011627457 
-0.01208602 -0.022511584 -0.0067321677 -0.0053109308 0.011672433 
-0.012102239 -0.022630973 -0.0056513845 -0.0018893342 0.011697598 
-0.012119612 -0.022758976 -0.0044907947 0.0018466137 0.011698187 
-0.01213815 -0.022895712 -0.003248972 0.0059132163 0.011669177 
-0.012157869 -0.023041302 -0.001924442 0.010327449 0.011605323 
-0.01217878 -0.023195873 -0.00051570825 0.015106755 0.011501214 
-0.012200897 -0.023359547 0.00097873411 0.02026883 0.011351341 
-0.012224235 -0.023532449 0.002560394 0.025831405 0.011150187 
-0.012248805 -0.023714702 0.0042307604 0.031811953 0.010892317 
-0.01227462 -0.023906423 0.0059912562 0.038227344 0.01057246 
-0.012301692 -0.024107721 0.007843209 0.045093473 0.010185639 
-0.012330032 -0.024318693 0.0097878262 0.052424899 0.0097272819 
-0.012359648 -0.024539427 0.011826169 0.060234492 0.0091933383 
-0.012390549 -0.024769996 0.013959138 0.068533038 0.0085804343 
-0.012422739 -0.025010453 0.016187426 0.077328915 0.0078859429 
-0.012456224 -0.025260838 0.018511503 0.086627873 0.0071080632 
-0.011974376 -0.021692881 -0.014097526 -0.027074429 0.010835632 
-0.011975423 -0.021700537 -0.014029041 -0.026885028 0.01084896 
-0.011977519 -0.021715856 -0.013891977 -0.026505195 0.010875294 
-0.011980665 -0.021738853 -0.01368615 -0.025932907 0.010914036 
-0.011984863 -0.021769554 -0.013411262 -0.025165109 0.01096429 
-0.011990119 -0.021807994 -0.013066925 -0.024197697 0.011024833 
-0.011996435 -0.021854212 -0.012652662 -0.02302555 0.01109413 
-0.012003819 -0.021908258 -0.012167899 -0.021642507 0.011170335 
-0.012012276 -0.021970189 -0.011611959 -0.020041315 0.011251276 
-0.012021813 -0.022040072 -0.010984073 -0.018213627 0.011334438 
-0.012032439 -0.02211798 -0.010283383 -0.01615003 0.011416972 
-0.012044163 -0.022203994 -0.0095089347 -0.013840052 0.011495713 
-0.012056994 -0.022298202 -0.0086596817 -0.011272134 0.01156716 
-0.012070942 -0.022400698 -0.007734494 -0.0084336313 0.011627458 
-0.01208602 -0.022511587 -0.0067321567 -0.0053108859 0.011672428 
-0.012102239 -0.022630976 -0.0056513748 -0.001889296 0.011697594 
-0.012119612 -0.022758979 -0.0044907852 0.0018466404 0.011698189 
-0.01213815 -0.022895714 -0.0032489616 0.0059132338 0.011669187 
-0.012157869 -0.023041305 -0.0019244285 0.010327462 0.011605345 
-0.01217878 -0.023195876 -0.00051569213 0.015106773 0.011501245 
-0.012200898 -0.02335955 0.00097874806 0.020268855 0.011351374 
-0.012224235 -0.023532452 0.002560407 0.025831435 0.011150221 
-0.012248805 -0.023714705 0.0042307775 0.031811991 0.010892352 
-0.01227462 -0.023906426 0.0059912761 0.038227382 0.010572497 
-0.012301693 -0.024107724 0.0078432293 0.0450935 0.010185677 
-0.012330032 -0.024318696 0.0097878484 0.052424924 0.0097273182 
-0.012359649 -0.02453943 0.011826191 0.060234518 0.0091933708 
-0.012390549 -0.024769998 0.013959154 0.068533058 0.0085804594 
-0.012422739 -0.025010454 0.016187431 0.077328932 0.0078859553 
-0.012456224 -0.025260839 0.018511506 0.086627897 0.0071080739 
-0.011974376 -0.021692883 -0.014097513 -0.027074396 0.010835627 
-0.011975423 -0.021700539 -0.014029026 -0.026884996 0.010848949 
-0.011977519 -0.021715857 -0.013891964 -0.026505167 0.010875281 
-0.011980665 -0.021738854 -0.013686138 -0.025932882 0.010914024 
-0.011984864 -0.021769556 -0.013411249 -0.025165078 0.010964281 
-0.011990119 -0.021807995 -0.013066912 -0.02419766 0.011024825 
-0.011996436 -0.021854213 -0.012652652 -0.023025519 0.011094124 
-0.012003819 -0.021908258 -0.012167891 -0.021642482 0.011170332 
-0.012012276 -0.02197019 -0.011611952 -0.020041287 0.011251273 
-0.012021813 -0.022040073 -0.010984068 -0.018213597 0.011334432 
-0.012032439 -0.022117981 -0.010283379 -0.016150007 0.011416966 
-0.012044163 -0.022203995 -0.0095089292 -0.013840035 0.011495714 
-0.012056994 -0.022298203 -0.008659674 -0.01127211 0.011567163 
-0.012070943 -0.0224007 -0.0077344878 -0.0084336004 0.011627458 
-0.012086021 -0.022511588 -0.006732152 -0.005310858 0.011672427 
-0.01210224 -0.022630977 -0.0056513691 -0.0018892717 0.011697595 
-0.012119612 -0.02275898 -0.0044907798 0.0018466563 0.011698192 
-0.012138151 -0.022895715 -0.0032489561 0.0059132407 0.011669195 
-0.012157869 -0.023041306 -0.0019244188 0.010327479 0.011605358 
-0.01217878 -0.023195878 -0.00051568261 0.015106799 0.011501258 
-0.012200898 -0.023359551 0.00097875386 0.020268882 0.011351385 
-0.012224235 -0.023532454 0.0025604151 0.025831471 0.011150233 
-0.012248805 -0.023714707 0.0042307884 0.031812026 0.010892369 
-0.012274621 -0.023906428 0.0059912863 0.038227408 0.010572516 
-0.012301693 -0.024107725 0.0078432413 0.045093526 0.010185697 
-0.012330033 -0.024318698 0.0097878602 0.052424954 0.0097273357 
-0.012359649 -0.024539431 0.011826198 0.060234541 0.0091933861 
-0.012390549 -0.024769998 0.013959158 0.068533077 0.0085804762 
-0.012422739 -0.025010455 0.016187435 0.077328952 0.00788598 
-0.012456224 -0.025260839 0.018511503 0.086627913 0.0071080941 
