-0.012513393 -0.023534866 0.022896477 0.064646754 -0.0048831158 
-0.012594346 -0.02055679 0.026256843 0.040076867 -0.015636234 
-0.01267461 -0.017732973 0.028874611 0.021658656 -0.023531287 
-0.012753989 -0.015007095 0.030962118 0.007221143 -0.029447411 
-0.012832382 -0.012349243 0.032628456 -0.004352022 -0.033824721 
-0.012909726 -0.0097411841 0.033936509 -0.013707694 -0.036905439 
-0.012985982 -0.0071705232 0.034925411 -0.021254286 -0.038828568 
-0.013061116 -0.0046280545 0.035620546 -0.027264722 -0.039671407 
-0.013135102 -0.0021064118 0.036038442 -0.031927408 -0.039469212 
-0.013207918 0.00040071122 0.036189329 -0.035373572 -0.038224471 
-0.013279538 0.0028990786 0.0360785 -0.037692576 -0.035910489 
-0.01334994 0.005394308 0.035706905 -0.038940374 -0.032471089 
-0.013419095 0.00789223 0.035071196 -0.039143467 -0.02781673 
-0.013486972 0.010399289 0.034163255 -0.038299202 -0.021816077 
-0.013553531 0.012923077 0.032969031 -0.036372186 -0.014280643 
-0.013618722 0.015473159 0.031466245 -0.033285038 -0.0049374043 
-0.013682476 0.018062508 0.029619953 -0.028898849 0.0066221709 
-0.013744691 0.020710313 0.027373445 -0.022971855 0.021045096 
-0.013805199 0.023448197 0.024627694 -0.015065276 0.039447969 
-0.013863691 0.026335888 0.021189345 -0.0043031042 0.064002167 
-0.012513393 -0.023534865 0.022896461 0.064646739 -0.0048831486 
-0.012594346 -0.020556789 0.026256831 0.040076863 -0.015636277 
-0.012674609 -0.017732971 0.028874598 0.021658649 -0.023531335 
-0.012753989 -0.015007093 0.03096211 0.0072211427 -0.029447453 
-0.012832382 -0.01234924 0.032628455 -0.004352014 -0.033824752 
-0.012909726 -0.0097411818 0.033936513 -0.013707692 -0.036905459 
-0.012985982 -0.0071705213 0.034925419 -0.021254294 -0.038828576 
-0.013061116 -0.0046280532 0.035620554 -0.027264729 -0.039671423 
-0.013135102 -0.0021064124 0.036038444 -0.0319274 -0.039469257 
-0.013207918 0.00040070807 0.036189326 -0.035373547 -0.038224544 
-0.013279538 0.0028990746 0.036078498 -0.037692544 -0.035910555 
-0.01334994 0.0053943048 0.035706907 -0.038940351 -0.03247112 
-0.013419095 0.0078922273 0.035071197 -0.03914346 -0.027816732 
-0.013486972 0.010399287 0.034163256 -0.038299202 -0.021816081 
-0.013553531 0.012923075 0.032969033 -0.036372184 -0.014280658 
-0.013618722 0.015473157 0.031466243 -0.03328504 -0.0049374111 
-0.013682476 0.018062505 0.029619952 -0.028898841 0.0066221645 
-0.01374469 0.020710308 0.027373434 -0.022971859 0.02104509 
-0.013805199 0.023448195 0.024627692 -0.015065273 0.039447968 
-0.013863691 0.026335887 0.021189338 -0.0043031447 0.064002211 
-0.012513393 -0.023534865 0.02289645 0.064646774 -0.0048832042 
-0.012594346 -0.020556789 0.026256834 0.040076888 -0.015636319 
-0.01267461 -0.017732969 0.028874603 0.02165867 -0.023531366 
-0.012753989 -0.015007089 0.030962114 0.0072211622 -0.029447473 
-0.012832382 -0.012349236 0.032628464 -0.0043519975 -0.033824756 
-0.012909727 -0.0097411766 0.033936529 -0.01370768 -0.036905446 
-0.012985982 -0.0071705162 0.034925438 -0.021254281 -0.038828563 
-0.013061116 -0.0046280504 0.035620568 -0.027264704 -0.039671433 
-0.013135102 -0.0021064131 0.036038451 -0.031927358 -0.039469292 
-0.013207918 0.00040070585 0.036189334 -0.035373497 -0.038224576 
-0.013279538 0.0028990733 0.036078512 -0.037692499 -0.035910555 
-0.01334994 0.0053943042 0.035706919 -0.038940325 -0.032471092 
-0.013419095 0.0078922269 0.035071206 -0.03914345 -0.027816709 
-0.013486972 0.010399287 0.034163265 -0.038299194 -0.021816082 
-0.013553531 0.012923076 0.032969042 -0.036372178 -0.014280665 
-0.013618722 0.015473158 0.031466258 -0.033285021 -0.0049374149 
-0.013682476 0.018062507 0.02961997 -0.028898815 0.0066221654 
-0.01374469 0.020710307 0.027373441 -0.022971852 0.021045081 
-0.013805199 0.023448193 0.02462769 -0.015065278 0.039447944 
-0.013863691 0.026335885 0.021189329 -0.0043031756 0.064002231 
-0.012513393 -0.023534864 0.022896434 0.064646807 -0.0048832605 
-0.012594346 -0.020556787 0.026256825 0.04007691 -0.015636366 
-0.01267461 -0.017732966 0.028874598 0.02165869 -0.023531396 
-0.012753989 -0.015007086 0.030962108 0.0072211767 -0.029447492 
-0.012832382 -0.012349231 0.032628466 -0.0043519843 -0.033824763 
-0.012909727 -0.0097411704 0.033936541 -0.013707662 -0.036905445 
-0.012985982 -0.0071705111 0.034925449 -0.021254257 -0.03882857 
-0.013061116 -0.0046280486 0.035620573 -0.02726467 -0.039671455 
-0.013135102 -0.0021064135 0.036038456 -0.031927317 -0.039469313 
-0.013207918 0.00040070528 0.036189343 -0.035373455 -0.038224569 
-0.013279539 0.0028990732 0.036078522 -0.037692465 -0.035910521 
-0.01334994 0.0053943038 0.035706928 -0.038940299 -0.032471063 
-0.013419095 0.0078922263 0.035071214 -0.039143426 -0.027816712 
-0.013486972 0.010399286 0.034163273 -0.038299172 -0.021816105 
-0.013553531 0.012923074 0.032969045 -0.036372168 -0.014280682 
-0.013618722 0.015473154 0.031466254 -0.03328502 -0.0049374361 
-0.013682476 0.018062502 0.029619965 -0.028898823 0.0066221418 
-0.01374469 0.020710305 0.027373445 -0.022971848 0.021045045 
-0.013805199 0.023448188 0.02462768 -0.015065299 0.039447933 
-0.013863691 0.026335886 0.021189337 -0.0043031643 0.064002255 
-0.012513393 -0.023534864 0.022896446 0.064646848 -0.0048832792 
-0.012594346 -0.020556786 0.026256821 0.04007694 -0.015636393 
-0.01267461 -0.017732965 0.028874586 0.021658713 -0.023531416 
-0.012753989 -0.015007083 0.030962101 0.0072212021 -0.029447506 
-0.012832382 -0.012349226 0.03262847 -0.0043519536 -0.033824772 
-0.012909727 -0.0097411645 0.033936549 -0.013707633 -0.036905454 
-0.012985982 -0.0071705071 0.034925453 -0.021254231 -0.038828582 
-0.013061116 -0.0046280463 0.035620577 -0.027264641 -0.039671463 
-0.013135102 -0.0021064121 0.036038462 -0.031927287 -0.039469298 
-0.013207918 0.00040070647 0.03618935 -0.035373428 -0.038224528 
-0.013279539 0.0028990739 0.03607853 -0.037692438 -0.035910478 
-0.01334994 0.0053943035 0.035706936 -0.038940268 -0.032471051 
-0.013419096 0.0078922254 0.035071223 -0.039143391 -0.027816729 
-0.013486972 0.010399285 0.034163279 -0.038299144 -0.021816118 
-0.013553531 0.012923073 0.032969054 -0.036372139 -0.014280682 
-0.013618722 0.015473152 0.03146626 -0.033285006 -0.004937441 
-0.013682476 0.018062498 0.029619967 -0.028898822 0.0066221061 
-0.01374469 0.0207103 0.027373444 -0.022971863 0.02104501 
-0.013805199 0.023448188 0.024627692 -0.015065289 0.039447927 
-0.013863691 0.026335884 0.021189336 -0.0043031586 0.064002286 
-0.012513393 -0.023534865 0.022896461 0.064646878 -0.0048832759 
-0.012594346 -0.020556785 0.026256817 0.040076957 -0.015636396 
-0.01267461 -0.017732963 0.028874578 0.021658738 -0.023531421 
-0.012753989 -0.015007079 0.030962101 0.007221243 -0.029447511 
-0.012832382 -0.01234922 0.032628475 -0.0043519123 -0.033824774 
-0.012909727 -0.0097411593 0.033936552 -0.013707602 -0.036905456 
-0.012985982 -0.0071705033 0.034925456 -0.021254203 -0.038828585 
-0.013061116 -0.0046280435 0.035620582 -0.027264612 -0.039671453 
-0.013135103 -0.0021064099 0.036038467 -0.031927262 -0.039469264 
-0.013207918 0.00040070846 0.036189357 -0.035373404 -0.038224481 
-0.013279539 0.0028990754 0.03607854 -0.037692404 -0.03591045 
-0.013349941 0.0053943032 0.035706945 -0.038940226 -0.032471055 
-0.013419096 0.0078922233 0.035071226 -0.039143355 -0.027816736 
-0.013486972 0.010399282 0.034163279 -0.038299121 -0.021816105 
-0.013553531 0.01292307 0.032969057 -0.036372119 -0.014280667 
-0.013618722 0.015473147 0.031466265 -0.033284993 -0.0049374538 
-0.013682476 0.018062493 0.029619973 -0.028898822 0.0066220719 
-0.01374469 0.020710299 0.027373455 -0.022971873 0.021045006 
-0.013805199 0.023448189 0.024627707 -0.01506529 0.039447963 
-0.013863691 0.026335887 0.021189353 -0.0043031235 0.064002332 
-0.012513393 -0.023534866 0.02289648 0.064646893 -0.0048832572 
-0.012594346 -0.020556785 0.026256824 0.040076965 -0.015636374 
-0.01267461 -0.01773296 0.028874582 0.021658764 -0.023531406 
-0.012753989 -0.015007073 0.030962102 0.0072212717 -0.029447496 
-0.012832382 -0.012349213 0.032628468 -0.0043518958 -0.033824762 
-0.012909727 -0.0097411542 0.03393654 -0.013707596 -0.036905451 
-0.012985982 -0.0071705 0.034925443 -0.021254198 -0.038828584 
-0.013061116 -0.0046280408 0.03562057 -0.027264608 -0.039671437 
-0.013135102 -0.0021064074 0.036038456 -0.03192726 -0.039469233 
-0.013207918 0.00040070936 0.036189344 -0.035373399 -0.038224462 
-0.013279539 0.0028990741 0.036078527 -0.037692389 -0.03591046 
-0.01334994 0.0053943005 0.03570693 -0.038940208 -0.032471069 
-0.013419096 0.0078922204 0.035071213 -0.039143341 -0.027816725 
-0.013486972 0.010399279 0.03416327 -0.038299109 -0.021816077 
-0.013553531 0.012923064 0.032969047 -0.03637212 -0.014280657 
-0.013618722 0.015473142 0.031466261 -0.033284996 -0.0049374772 
-0.013682476 0.018062491 0.029619983 -0.028898822 0.0066220487 
-0.013744691 0.020710299 0.027373469 -0.022971877 0.02104501 
-0.013805199 0.023448189 0.024627708 -0.015065323 0.03944802 
-0.013863691 0.02633589 0.021189363 -0.0043031131 0.064002369 
-0.012513393 -0.023534868 0.022896484 0.064646918 -0.00488326 
-0.012594346 -0.020556783 0.026256829 0.040076972 -0.015636347 
-0.01267461 -0.017732955 0.028874593 0.021658783 -0.023531366 
-0.012753989 -0.015007067 0.030962109 0.0072212887 -0.029447451 
-0.012832382 -0.012349209 0.032628466 -0.0043518895 -0.033824722 
-0.012909727 -0.0097411526 0.033936531 -0.013707594 -0.036905426 
-0.012985982 -0.0071704987 0.034925437 -0.021254191 -0.03882856 
-0.013061116 -0.0046280394 0.035620564 -0.027264602 -0.039671405 
-0.013135102 -0.0021064076 0.036038444 -0.031927256 -0.039469209 
-0.013207918 0.00040070791 0.036189332 -0.035373384 -0.038224461 
-0.013279539 0.0028990727 0.036078519 -0.037692363 -0.035910463 
-0.01334994 0.0053942999 0.035706926 -0.038940185 -0.032471044 
-0.013419096 0.0078922196 0.03507121 -0.039143325 -0.027816676 
-0.013486972 0.010399275 0.034163266 -0.038299099 -0.02181604 
-0.013553531 0.012923061 0.032969049 -0.03637211 -0.014280646 
-0.013618722 0.01547314 0.031466274 -0.033284989 -0.0049374743 
-0.013682476 0.018062488 0.029619988 -0.028898836 0.0066220575 
-0.013744691 0.0207103 0.027373479 -0.022971886 0.021045043 
-0.0138052 0.023448196 0.024627735 -0.015065309 0.039448071 
-0.013863692 0.026335895 0.021189377 -0.0043031153 0.064002417 
-0.012513394 -0.023534872 0.022896498 0.064646999 -0.0048832763 
-0.012594346 -0.020556782 0.026256841 0.040077015 -0.015636323 
-0.01267461 -0.017732951 0.028874604 0.021658798 -0.023531314 
-0.012753989 -0.015007064 0.030962109 0.0072212798 -0.029447395 
-0.012832382 -0.012349209 0.032628457 -0.0043519065 -0.033824677 
-0.012909727 -0.0097411525 0.033936522 -0.013707602 -0.03690539 
-0.012985981 -0.0071704992 0.034925424 -0.021254196 -0.038828524 
-0.013061115 -0.0046280407 0.035620546 -0.027264609 -0.039671372 
-0.013135102 -0.002106408 0.03603843 -0.03192725 -0.039469189 
-0.013207918 0.00040070845 0.036189325 -0.035373362 -0.038224449 
-0.013279539 0.0028990727 0.036078511 -0.037692348 -0.035910434 
-0.01334994 0.0053942991 0.035706916 -0.038940186 -0.032470988 
-0.013419095 0.0078922179 0.035071204 -0.039143327 -0.027816618 
-0.013486972 0.010399273 0.034163264 -0.038299099 -0.021816002 
-0.013553531 0.012923059 0.032969056 -0.036372103 -0.014280628 
-0.013618722 0.015473139 0.03146628 -0.033284989 -0.0049374624 
-0.013682476 0.018062488 0.029619993 -0.028898843 0.0066220805 
-0.013744691 0.020710301 0.027373486 -0.022971897 0.02104509 
-0.0138052 0.023448198 0.024627741 -0.01506532 0.039448103 
-0.013863692 0.026335892 0.021189362 -0.00430317 0.064002417 
-0.012513394 -0.023534872 0.022896498 0.064647031 -0.0048832493 
-0.012594347 -0.02055678 0.026256858 0.040077063 -0.015636274 
-0.01267461 -0.017732951 0.028874614 0.021658812 -0.023531256 
-0.01275399 -0.015007066 0.030962113 0.0072212725 -0.029447337 
-0.012832382 -0.01234921 0.032628464 -0.004351902 -0.033824623 
-0.012909727 -0.0097411552 0.033936522 -0.013707595 -0.036905339 
-0.012985981 -0.0071705017 0.034925419 -0.021254194 -0.038828461 
-0.013061116 -0.0046280391 0.035620551 -0.027264589 -0.039671307 
-0.013135102 -0.0021064068 0.036038435 -0.031927217 -0.039469146 
-0.013207918 0.00040070828 0.036189325 -0.035373339 -0.0382244 
-0.013279539 0.0028990745 0.036078516 -0.03769234 -0.035910344 
-0.01334994 0.0053942989 0.035706918 -0.038940193 -0.032470891 
-0.013419095 0.0078922167 0.035071207 -0.039143335 -0.027816537 
-0.013486972 0.010399275 0.034163281 -0.03829909 -0.021815931 
-0.013553531 0.01292306 0.032969063 -0.036372104 -0.01428058 
-0.013618722 0.015473138 0.031466279 -0.033284997 -0.0049374271 
-0.013682476 0.018062493 0.029620008 -0.028898834 0.0066221411 
-0.013744691 0.020710309 0.027373509 -0.022971875 0.021045154 
-0.0138052 0.023448196 0.024627735 -0.015065326 0.03944811 
-0.013863691 0.02633589 0.021189357 -0.0043031936 0.064002402 
