275.42615 370.37675 452.29757 511.69687 548.8269 
275.42683 370.40988 452.3561 511.75482 548.8582 
275.42818 370.47615 452.47321 511.87076 548.92079 
275.43021 370.5756 452.64903 512.04482 549.01469 
275.43289 370.70828 452.88378 512.27725 549.13992 
275.43622 370.87426 453.17774 512.56831 549.29653 
275.44018 371.07361 453.53119 512.91832 549.48452 
275.44474 371.30642 453.94456 513.32771 549.70394 
275.4499 371.57284 454.41833 513.79697 549.95484 
275.4556 371.87297 454.95301 514.32666 550.23725 
275.46182 372.20697 455.54918 514.91737 550.55122 
275.46852 372.575 456.20748 515.56978 550.89675 
275.47565 372.97725 456.92863 516.28464 551.27388 
275.48316 373.41393 457.7134 517.06277 551.68264 
275.49098 373.88528 458.5626 517.90505 552.12302 
275.49904 374.39155 459.4771 518.81238 552.59498 
275.50727 374.93305 460.4578 519.78575 553.09845 
275.51557 375.51014 461.50566 520.82617 553.63335 
275.52387 376.12322 462.62165 521.93472 554.1995 
275.53204 376.77276 463.80673 523.11246 554.79664 
275.54 377.45935 465.06188 524.36044 555.42438 
275.54761 378.18378 466.3881 525.67978 556.0822 
275.55478 378.94705 467.78634 527.07154 556.76927 
275.56137 379.75057 469.25751 528.53673 557.48436 
275.56728 380.59647 470.80246 530.07631 558.22552 
275.5724 381.4882 472.42197 531.69117 558.98946 
275.57662 382.43203 474.11672 533.38208 559.77001 
275.57987 383.44151 475.88728 535.14967 560.55374 
275.58207 384.55235 477.73407 536.99446 561.30501 
275.58319 385.881 479.65738 538.91675 561.90738 
280.27778 374.89425 455.84033 514.03771 550.24493 
280.27981 374.92921 455.89937 514.09499 550.27438 
280.28388 374.99914 456.01754 514.20962 550.33327 
280.28996 375.10409 456.19492 514.38173 550.4216 
280.29802 375.24415 456.43175 514.61155 550.53936 
280.30802 375.41942 456.72826 514.89936 550.68656 
280.31992 375.63003 457.08478 515.24552 550.86316 
280.33365 375.87613 457.50168 515.65044 551.06915 
280.34914 376.15791 457.97942 516.11464 551.3045 
280.36629 376.47561 458.51851 516.6387 551.56916 
280.385 376.82947 459.11949 517.22325 551.86305 
280.40515 377.2198 459.783 517.86902 552.18608 
280.42659 377.64694 460.50968 518.57678 552.53811 
280.44917 378.1113 461.30028 519.3474 552.91896 
280.4727 378.61335 462.15556 520.18181 553.3284 
280.49696 379.15363 463.07633 521.08099 553.76611 
280.52173 379.73281 464.06343 522.046 554.23168 
280.54674 380.35166 465.11775 523.07794 554.72456 
280.57172 381.01116 466.24018 524.17796 555.24405 
280.59636 381.71249 467.43162 525.34724 555.78917 
280.62033 382.45716 468.69297 526.58698 556.35862 
280.6433 383.24717 470.02513 527.89837 556.95065 
280.66491 384.08522 471.42895 529.28263 557.56277 
280.6848 384.97506 472.90526 530.74088 558.19139 
280.70264 385.92226 474.45482 532.27422 558.83111 
280.71809 386.93546 476.07831 533.88365 559.47345 
280.73085 388.02902 477.77634 535.57004 560.10416 
280.74066 389.22855 479.54941 537.33415 560.69775 
280.74732 390.58252 481.39791 539.17657 561.20582 
280.75069 392.18392 483.3221 541.09768 561.53543 
285.12736 379.37681 459.32406 516.32128 551.63352 
285.13077 379.41356 459.38355 516.37782 551.66111 
285.13757 379.4871 459.50263 516.491 551.71631 
285.14773 379.59748 459.68139 516.66095 551.79908 
285.16121 379.74482 459.92003 516.88787 551.90938 
285.17794 379.92925 460.21879 517.17208 552.04718 
285.19784 380.15096 460.57799 517.51395 552.21242 
285.2208 380.41015 460.99798 517.9139 552.40502 
285.24671 380.70709 461.4792 518.37247 552.62487 
285.27542 381.04209 462.02213 518.89026 552.87184 
285.30674 381.41551 462.62731 519.46794 553.14577 
285.34048 381.82779 463.29534 520.10626 553.44642 
285.3764 382.27942 464.02684 520.80606 553.77351 
285.41424 382.77099 464.8225 521.56825 554.1267 
285.45367 383.30318 465.68304 522.3938 554.50551 
285.49437 383.87682 466.60923 523.28378 554.90939 
285.53594 384.49288 467.60186 524.23933 555.3376 
285.57794 385.15255 468.66175 525.26163 555.78919 
285.61991 385.85728 469.78973 526.35196 556.26297 
285.66134 386.60888 470.98663 527.5116 556.75737 
285.70167 387.40964 472.25329 528.74187 557.27032 
285.74034 388.26255 473.59052 530.04414 557.79904 
285.77675 389.17159 474.9991 531.41974 558.3398 
285.81029 390.14219 476.47978 532.86996 558.88732 
285.84038 391.18204 478.03325 534.39605 559.4341 
285.86646 392.30236 479.66012 535.99915 559.96906 
285.88802 393.52007 481.36093 537.6803 560.47542 
285.9046 394.86116 483.13614 539.44036 560.92729 
285.91586 396.36529 484.98609 541.28001 561.2851 
285.92155 398.08824 486.911 543.19972 561.4931 
289.97353 383.82262 462.7483 518.54831 552.99451 
289.97832 383.86113 462.80819 518.60406 553.02027 
289.98788 383.93821 462.92806 518.71564 553.07179 
290.00218 384.05392 463.108 518.88318 553.14902 
290.02114 384.2084 463.3482 519.10692 553.2519 
290.04468 384.40182 463.64891 519.38717 553.38037 
290.07268 384.63441 464.01041 519.7243 553.53433 
290.10501 384.90643 464.43307 520.11876 553.71363 
290.14149 385.21821 464.91728 520.5711 553.91812 
290.18191 385.57014 465.46353 521.08195 554.14759 
290.22605 385.96271 466.07232 521.652 554.40176 
290.27362 386.39643 466.74422 522.28205 554.68032 
290.32429 386.87197 467.47985 522.97298 554.98284 
290.37769 387.39005 468.27984 523.72574 555.3088 
290.43339 387.95158 469.14489 524.54137 555.65758 
290.49091 388.55759 470.0757 525.42102 556.02835 
290.5497 389.20935 471.07304 526.3659 556.42013 
290.60916 389.90838 472.13767 527.37732 556.83165 
290.66864 390.65654 473.27037 528.45665 557.2613 
290.7274 391.45611 474.47191 529.60532 557.70704 
290.78467 392.30998 475.74306 530.8248 558.16623 
290.83964 393.22182 477.08458 532.1166 558.63543 
290.89144 394.19642 478.49718 533.48223 559.11007 
290.93923 395.24008 479.98154 534.92317 559.58401 
290.98214 396.36135 481.53829 536.44086 560.04892 
291.01936 397.57189 483.168 538.03663 560.49328 
291.05015 398.88774 484.87115 539.71166 560.90119 
291.07386 400.33074 486.64815 541.46699 561.25091 
291.08996 401.92922 488.49931 543.3034 561.51419 
291.0981 403.7155 490.42483 545.22147 561.65878 
294.8149 388.22992 466.11265 520.71961 554.32974 
294.8211 388.27015 466.17288 520.77448 554.35369 
294.83347 388.35068 466.29342 520.8843 554.40156 
294.85195 388.47159 466.47436 521.04923 554.4733 
294.87648 388.63304 466.71589 521.26949 554.56885 
294.90694 388.83523 467.01824 521.54539 554.68809 
294.94319 389.07842 467.3817 521.87732 554.83088 
294.98505 389.36294 467.8066 522.26575 554.99706 
295.0323 389.68917 468.29334 522.71124 555.1864 
295.08469 390.05758 468.84239 523.21444 555.39863 
295.14193 390.46874 469.45423 523.77608 555.63339 
295.20365 390.92328 470.12941 524.39699 555.89027 
295.26944 391.42196 470.8685 525.07807 556.16872 
295.33883 391.96568 471.67214 525.82035 556.46811 
295.41128 392.55548 472.54096 526.62493 556.78764 
295.48616 393.19261 473.47566 527.49302 557.12632 
295.56278 393.87855 474.47695 528.42595 557.48293 
295.64037 394.61509 475.54555 529.42512 557.85597 
295.71807 395.40438 476.68218 530.49202 558.24354 
295.79494 396.24905 477.88759 531.62824 558.64327 
295.86997 397.15235 479.16248 532.83541 559.05216 
295.94208 398.11834 480.50757 534.11523 559.46639 
296.01015 399.15217 481.9235 535.46942 559.88104 
296.07303 400.26038 483.41092 536.89966 560.28975 
296.12957 401.45141 484.9704 538.40762 560.68429 
296.17868 402.73611 486.60246 539.99484 561.05398 
296.21935 404.12825 488.30754 541.66274 561.38516 
296.2507 405.64484 490.08601 543.41253 561.66097 
296.27201 407.30536 491.93816 545.24515 561.86199 
296.28279 409.12905 493.8642 547.1613 561.96907 
299.65007 392.59698 469.41678 522.83604 555.64105 
299.6577 392.63889 469.47729 522.88996 555.66319 
299.67293 392.72277 469.59838 522.99789 555.70747 
299.69569 392.84873 469.78015 523.15996 555.77381 
299.72589 393.01694 470.02278 523.37642 555.86211 
299.76341 393.22764 470.32648 523.64758 555.97225 
299.80808 393.48111 470.69154 523.97384 556.10407 
299.85968 393.77773 471.1183 524.35569 556.25735 
299.91796 394.11794 471.60713 524.79368 556.43182 
299.98263 394.50229 472.15848 525.28851 556.62715 
300.05331 394.93139 472.77282 525.84091 556.84293 
300.12959 395.40597 473.45069 526.45175 557.07865 
300.21098 395.92691 474.19263 527.12198 557.33368 
300.29691 396.49521 474.99925 527.85266 557.6073 
300.38672 397.11204 475.87117 528.64497 557.89856 
300.47966 397.77881 476.80905 529.50021 558.20636 
300.57489 398.49716 477.81356 530.41977 558.52933 
300.67146 399.26905 478.88539 531.40519 558.86578 
300.76833 400.09684 480.02524 532.45809 559.21364 
300.86432 400.98336 481.2338 533.58021 559.57036 
300.95819 401.93202 482.51173 534.77338 559.93278 
301.04857 402.94702 483.85971 536.03952 560.29695 
301.13404 404.03352 485.27835 537.38055 560.65796 
301.21315 405.19785 486.76825 538.79844 561.00969 
301.28442 406.4478 488.32993 540.29511 561.34454 
301.34643 407.79286 489.96389 541.87239 561.6532 
301.39786 409.24431 491.67052 543.53194 561.92454 
301.43756 410.81499 493.45019 545.27522 562.14584 
301.46457 412.51833 495.30316 547.10339 562.30377 
301.47825 414.36629 497.2296 549.01728 562.38644 
304.47761 396.92214 472.66041 524.89857 556.93021 
304.4867 396.96566 472.72114 524.95146 556.95059 
304.50485 397.05279 472.84268 525.05733 556.99133 
304.53198 397.18362 473.0251 525.21631 557.05235 
304.56799 397.35836 473.26859 525.42866 557.13354 
304.61273 397.57726 473.57337 525.69468 557.23477 
304.66602 397.84064 473.93971 526.01479 557.35582 
304.72762 398.14893 474.36793 526.38948 557.49647 
304.79724 398.5026 474.85842 526.81933 557.65641 
304.87454 398.90224 475.41159 527.30501 557.83525 
304.95909 399.34855 476.02791 527.84732 558.03254 
305.05043 399.84233 476.7079 528.44713 558.24772 
305.14799 400.38451 477.45209 529.10544 558.48009 
305.2511 400.9762 478.26107 529.82335 558.72884 
305.35901 401.61867 479.13543 530.60211 558.99297 
305.47086 402.31342 480.07581 531.44308 559.27126 
305.58565 403.06222 481.08286 532.34776 559.56226 
305.70226 403.86713 482.15724 533.31778 559.86418 
305.81946 404.73059 483.29962 534.35494 560.1749 
305.93584 405.65552 484.51064 535.46114 560.49178 
306.04988 406.64535 485.79096 536.63841 560.81165 
306.15995 407.70422 487.1412 537.8889 561.13068 
306.2643 408.83705 488.56197 539.21483 561.44418 
306.3611 410.04969 490.0538 540.61845 561.74652 
306.44852 411.34907 491.6172 542.102 562.03099 
306.52475 412.74322 493.25264 543.66765 562.28977 
306.58811 414.24114 494.96049 545.31741 562.51396 
306.63709 415.8525 496.7411 547.05304 562.69409 
306.67047 417.58667 498.59469 548.87595 562.82084 
306.68738 419.45149 500.52145 550.78715 562.88649 
309.29606 401.20378 475.84334 526.90823 558.199 
309.30665 401.24886 475.90423 526.96001 558.21765 
309.32778 401.33909 476.02609 527.06366 558.25493 
309.35939 401.47461 476.20901 527.21932 558.31073 
309.40135 401.65562 476.45314 527.42723 558.38496 
309.45351 401.88239 476.75872 527.68771 558.47745 
309.51567 402.15529 477.12601 528.00118 558.588 
309.58755 402.47474 477.55533 528.36813 558.71633 
309.66885 402.84129 478.04704 528.78914 558.8621 
309.75919 403.25555 478.60157 529.26492 559.02492 
309.8581 403.71826 479.21936 529.79625 559.20429 
309.96506 404.23028 479.90093 530.38403 559.39961 
310.07944 404.79261 480.64679 531.0293 559.61014 
310.2005 405.40641 481.45751 531.7332 559.83503 
310.32739 406.07303 482.33369 532.49704 560.07322 
310.45913 406.79401 483.27593 533.32224 560.32347 
310.59459 407.57119 484.28486 534.21039 560.58427 
310.7325 408.40666 485.36112 535.16326 560.85382 
310.8714 409.3029 486.50536 536.18277 561.12999 
311.00969 410.26278 487.71821 537.27101 561.4102 
311.14557 411.28966 489.00028 538.43024 561.6914 
311.27707 412.38747 490.3522 539.66287 561.96996 
311.4021 413.56077 491.77453 540.97143 562.24157 
311.51844 414.81481 493.26778 542.35853 562.50123 
311.62381 416.15559 494.83245 543.82679 562.74317 
311.71596 417.58979 496.46898 545.37882 562.96092 
311.79274 419.12457 498.17773 547.01703 563.14748 
311.85223 420.7672 499.95903 548.74358 563.29573 
311.89284 422.5244 501.81308 550.56022 563.39905 
311.91345 424.40152 503.74008 552.46823 563.45219 
314.10394 405.44035 478.96539 528.86612 559.44914 
314.11605 405.48691 479.02639 528.91671 559.4661 
314.14026 405.58013 479.14847 529.01798 559.49998 
314.17645 405.72012 479.3317 529.17007 559.5507 
314.22453 405.90712 479.57627 529.37323 559.61813 
314.28431 406.14141 479.88238 529.62777 559.7021 
314.35558 406.42338 480.2503 529.9341 559.8024 
314.43807 406.75348 480.68034 530.29272 559.91874 
314.53143 407.13227 481.17287 530.70421 560.05077 
314.63526 407.56041 481.72829 531.16928 560.19806 
314.74907 408.03866 482.34706 531.68872 560.36011 
314.87228 408.56793 483.02967 532.26345 560.53629 
315.00421 409.14925 483.77663 532.89453 560.72586 
315.14407 409.78382 484.58851 533.58314 560.92792 
315.29092 410.47301 485.46589 534.33061 561.14143 
315.44368 411.21842 486.40935 535.13844 561.36513 
315.60109 412.02186 487.41953 536.00832 561.59753 
315.76174 412.88544 488.49704 536.9421 561.83686 
315.92398 413.81158 489.64251 537.94187 562.08105 
316.08597 414.80306 490.85656 539.0099 562.32766 
316.24562 415.86306 492.13979 540.14868 562.57381 
316.40067 416.99525 493.49282 541.36092 562.81619 
316.5486 418.20374 494.91616 542.6495 563.05093 
316.68674 419.49319 496.41035 544.01743 563.27368 
316.81233 420.8687 497.97586 545.46784 563.47955 
316.92254 422.3358 499.61311 547.00382 563.66326 
317.01468 423.90015 501.32245 548.62832 563.81932 
317.08626 425.56732 503.1042 550.34403 563.94232 
317.13524 427.34223 504.95856 552.15316 564.02746 
317.16012 429.22866 506.88571 554.05731 564.07104 
318.8997 409.63036 482.02646 530.77342 560.68233 
318.91339 409.67834 482.08752 530.82275 560.69763 
318.94074 409.77439 482.20969 530.92148 560.7282 
318.98165 409.91865 482.39309 531.06977 560.77395 
319.03601 410.11134 482.63787 531.26785 560.83475 
319.10363 410.35278 482.94424 531.51604 560.91044 
319.1843 410.64335 483.31248 531.81474 561.00077 
319.27772 410.98354 483.74289 532.16444 561.10547 
319.38355 411.37391 484.23582 532.56572 561.22418 
319.50136 411.81516 484.79169 533.01927 561.35647 
319.63064 412.30806 485.41095 533.52591 561.50181 
319.77078 412.85353 486.09407 534.08654 561.6596 
319.92107 413.45265 486.84159 534.70224 561.82908 
320.08066 414.10661 487.65404 535.37421 562.00938 
320.24855 414.8168 488.53201 536.10381 562.19946 
320.42357 415.58479 489.47609 536.89261 562.3981 
320.60438 416.4124 490.48688 537.74234 562.60386 
320.7894 417.30167 491.56501 538.65497 562.81505 
320.97682 418.25493 492.71109 539.63271 563.02971 
321.16458 419.27482 493.92574 540.67803 563.24557 
321.35031 420.3643 495.20955 541.79367 563.46002 
321.53139 421.52673 496.56312 542.98264 563.67005 
321.70489 422.76578 497.98697 544.2482 563.8723 
321.86763 424.08551 499.48163 545.59387 564.063 
322.01623 425.49026 501.04755 547.02332 564.23809 
322.14722 426.98456 502.68516 548.54029 564.39327 
322.25718 428.57295 504.3948 550.14841 564.52421 
322.34292 430.25971 506.17677 551.85107 564.62679 
322.40175 432.04856 508.03128 553.65109 564.69744 
322.43168 433.94225 509.95851 555.55056 564.73348 
323.68179 413.77241 485.0265 532.6314 561.9002 
323.69709 413.82173 485.08755 532.67938 561.91389 
323.72767 413.92047 485.20973 532.77543 561.94123 
323.77342 414.06876 485.39312 532.91968 561.98215 
323.83423 414.26684 485.6379 533.11238 562.0365 
323.90992 414.51503 485.94428 533.35382 562.10412 
324.00027 414.81373 486.31251 533.64439 562.18478 
324.10498 415.16343 486.74292 533.98458 562.27819 
324.2237 415.56471 487.23586 534.37495 562.38401 
324.356 416.01826 487.79173 534.81619 562.50181 
324.50135 416.52489 488.41099 535.30909 562.63108 
324.65915 417.08552 489.09411 535.85457 562.77121 
324.82864 417.70122 489.84162 536.45368 562.92149 
325.00896 418.37318 490.65407 537.10764 563.08107 
325.19905 419.10278 491.53204 537.81783 563.24894 
325.3977 419.89157 492.47612 538.58584 563.42396 
325.60347 420.7413 493.48692 539.41345 563.60476 
325.81467 421.65393 494.56505 540.30272 563.78976 
326.02935 422.63168 495.71113 541.25598 563.97717 
326.24522 423.677 496.92578 542.27586 564.16492 
326.45967 424.79263 498.20958 543.36534 564.35064 
326.66971 425.9816 499.56315 544.52777 564.53172 
326.87196 427.24717 500.98701 545.76682 564.70521 
327.06267 428.59284 502.48166 547.08655 564.86795 
327.23777 430.02229 504.04759 548.49129 565.01654 
327.39296 431.53925 505.6852 549.98559 565.14753 
327.52391 433.14738 507.39483 551.57398 565.25747 
327.6265 434.85004 509.17681 553.26074 565.34321 
327.69715 436.65007 511.03132 555.04958 565.40203 
327.73319 438.54954 512.95856 556.94327 565.43196 
328.44858 417.86514 487.96549 534.44139 563.10439 
328.46554 417.91573 488.02649 534.48795 563.11651 
328.49942 418.01699 488.14855 534.58116 563.14071 
328.55014 418.16909 488.33179 534.72116 563.17691 
328.61758 418.37224 488.57635 534.90816 563.22498 
328.70157 418.62678 488.88246 535.14245 563.28476 
328.80188 418.93311 489.25038 535.42442 563.35603 
328.91823 419.29173 489.68043 535.75452 563.43851 
329.05027 419.70323 490.17297 536.13331 563.53186 
329.19758 420.16829 490.72839 536.56144 563.63568 
329.35964 420.68772 491.34716 537.03969 563.74948 
329.53583 421.26245 492.02976 537.56895 563.87268 
329.7254 421.89352 492.77672 538.15027 564.0046 
329.92748 422.58212 493.5886 538.78483 564.14445 
330.141 423.32958 494.46597 539.47403 564.29129 
330.36471 424.13742 495.40945 540.21945 564.44404 
330.59711 425.00729 496.41963 541.02289 564.60144 
330.83646 425.94108 497.49714 541.88648 564.76208 
331.08067 426.94085 498.64261 542.81262 564.92431 
331.32728 428.00887 499.85666 543.80409 565.08628 
331.57344 429.14764 501.13989 544.86408 565.24593 
331.81582 430.35988 502.4929 545.99626 565.40097 
332.05058 431.64846 503.91625 547.20475 565.54889 
332.27333 433.01639 505.41045 548.4942 565.68704 
332.47921 434.4668 506.97596 549.86971 565.81262 
332.66293 436.00279 508.61321 551.33681 565.92283 
332.819 437.62729 510.32256 552.90116 566.01496 
332.94201 439.34301 512.1043 554.56833 566.08654 
333.02715 441.15214 513.95867 556.34324 566.13551 
333.07073 443.05629 515.88582 558.22966 566.16039 
333.19841 421.9073 490.8435 536.20481 564.29646 
333.21706 421.95907 490.90438 536.24988 564.30705 
333.25434 422.06271 491.02623 536.34012 564.32818 
333.31015 422.21836 491.20914 536.47563 564.35979 
333.38439 422.42627 491.45327 536.65663 564.40176 
333.47689 422.68675 491.75885 536.8834 564.45392 
333.58745 423.00022 492.12614 537.1563 564.51607 
333.71579 423.36717 492.55547 537.47576 564.58795 
333.86158 423.78818 493.04719 537.84231 564.66924 
334.02442 424.26395 493.60172 538.25656 564.75957 
334.2038 424.79527 494.21951 538.71927 564.85847 
334.39912 425.38304 494.90106 539.23128 564.96542 
334.60966 426.0283 495.64692 539.7936 565.07979 
334.83456 426.7322 496.45764 540.4074 565.20083 
335.07276 427.49603 497.33382 541.07402 565.32772 
335.32302 428.32123 498.27607 541.79501 565.45945 
335.58383 429.20939 499.28502 542.5722 565.5949 
335.8534 430.16225 500.36129 543.40767 565.7328 
336.12958 431.18176 501.50553 544.30391 565.8717 
336.4098 432.26999 502.71837 545.26378 566.00998 
336.69101 433.42921 504.00044 546.29065 566.14584 
336.96957 434.66184 505.35235 547.38845 566.27734 
337.2412 435.97039 506.77467 548.56174 566.40236 
337.50086 437.35749 508.26793 549.81578 566.51869 
337.74281 438.82576 509.83261 551.15656 566.62406 
337.96057 440.3778 511.46914 552.59077 566.71621 
338.14714 442.01601 513.1779 554.12554 566.79299 
338.2954 443.74256 514.95919 555.76817 566.85248 
338.39872 445.55921 516.81325 557.52537 566.89309 
338.45186 447.46721 518.74025 559.40248 566.91369 
337.92959 425.89768 493.66062 537.92315 565.47796 
337.94998 425.95057 493.72135 537.96667 565.48705 
337.99072 426.05642 493.84287 538.05379 565.50519 
338.05174 426.2154 494.02529 538.18461 565.53232 
338.13294 426.42774 494.26878 538.35935 565.56834 
338.23417 426.69376 494.57355 538.57824 565.61308 
338.35525 427.01387 494.9399 538.84163 565.66637 
338.49591 427.38855 495.36813 539.14992 565.72797 
338.65586 427.8184 495.85862 539.50359 565.79758 
338.83471 428.30408 496.41179 539.90324 565.87487 
339.03202 428.84638 497.02811 540.34954 565.95941 
339.2472 429.44617 497.70809 540.8433 566.05074 
339.47958 430.10447 498.45228 541.38547 566.14828 
339.72834 430.82237 499.26125 541.97716 566.25139 
339.99247 431.60112 500.13562 542.61963 566.35929 
340.27078 432.44209 501.07603 543.3144 566.47113 
340.56179 433.34678 502.08309 544.0632 566.58592 
340.86373 434.3168 503.15748 544.86811 566.70253 
341.17445 435.35396 504.29986 545.73157 566.81971 
341.49134 436.46014 505.51087 546.65648 566.93608 
341.81123 437.6374 506.79118 547.6463 567.05012 
342.13027 438.88789 508.14143 548.70516 567.16018 
342.44377 440.21381 509.56218 549.83798 567.26452 
342.74612 441.61743 511.05401 551.05062 567.36131 
343.03061 443.10098 512.61742 552.35 567.44873 
343.28939 444.66664 514.25286 553.74414 567.52496 
343.51359 446.3164 515.96072 555.24207 567.58832 
343.69373 448.05203 517.74133 556.85343 567.6373 
343.82048 449.87494 519.59492 558.5876 567.67068 
343.88612 451.78614 521.52169 560.45242 567.6876 
342.64039 429.8352 496.41704 539.59797 566.65036 
342.66255 429.88911 496.47755 539.63987 566.65799 
342.70682 429.99703 496.59864 539.72375 566.67321 
342.77316 430.15909 496.7804 539.8497 566.69597 
342.86147 430.37554 497.02302 540.01791 566.72618 
342.97163 430.64669 497.32672 540.2286 566.7637 
343.10346 430.97295 497.69178 540.48207 566.80836 
343.25675 431.35479 498.11854 540.77869 566.85996 
343.43123 431.79279 498.60738 541.11891 566.91824 
343.62657 432.2876 499.15874 541.50325 566.98289 
343.84236 432.84 499.77308 541.93235 567.05357 
344.07808 433.45082 500.45094 542.40692 567.12984 
344.33313 434.12103 501.19287 542.92784 567.21122 
344.60675 434.85171 501.99949 543.49613 567.29713 
344.89803 435.64402 502.87143 544.11297 567.38693 
345.20584 436.49926 503.80933 544.77974 567.47987 
345.52882 437.41883 504.81386 545.4981 567.5751 
345.86528 438.40424 505.8857 546.26999 567.67167 
346.21315 439.45713 507.02555 547.09778 567.76853 
346.56989 440.57924 508.2341 547.98428 567.86452 
346.93231 441.7724 509.51203 548.93292 567.95837 
347.29649 443.03852 510.86 549.94792 568.04875 
347.65751 444.37955 512.27864 551.03441 568.13421 
348.00925 445.79744 513.76853 552.19873 568.21331 
348.34411 447.29411 515.33022 553.44867 568.28458 
348.65279 448.87139 516.96418 554.79374 568.34659 
348.92412 450.53094 518.67081 556.24519 568.39803 
349.14543 452.27422 520.45049 557.81588 568.43772 
349.30336 454.1024 522.30346 559.51921 568.46474 
349.38603 456.01629 524.2299 561.36718 568.47842 
347.32906 433.71881 499.11297 541.23088 567.81513 
347.353 433.77367 499.1732 541.27111 567.82133 
347.40087 433.88349 499.29373 541.35164 567.83369 
347.47261 434.0484 499.47466 541.47254 567.85218 
347.56816 434.26865 499.71619 541.63398 567.8767 
347.68741 434.54454 500.01854 541.83617 567.90716 
347.83022 434.87646 500.38199 542.07935 567.9434 
347.99641 435.26488 500.80689 542.36387 567.98526 
348.18576 435.71037 501.29365 542.6901 568.03251 
348.398 436.21357 501.8427 543.05852 568.0849 
348.63277 436.7752 502.45454 543.46967 568.14213 
348.88965 437.39608 503.12971 543.92419 568.20384 
349.16811 438.07715 503.8688 544.42286 568.26962 
349.46751 438.81942 504.67244 544.96657 568.339 
349.78705 439.624 505.54128 545.55637 568.41144 
350.12574 440.49211 506.47601 546.1935 568.48632 
350.48237 441.42503 507.47731 546.87945 568.56294 
350.85542 442.42419 508.54591 547.61599 568.64052 
351.243 443.49109 509.68256 548.40527 568.71822 
351.64275 444.62729 510.88796 549.24992 568.79509 
352.05164 445.83445 512.16284 550.1532 568.87011 
352.46588 447.11426 513.50792 551.11919 568.94222 
352.88054 448.46844 514.92385 552.153 569.01028 
353.28927 449.89868 516.41127 553.26121 569.07315 
353.68382 451.40664 517.97075 554.45224 569.12969 
354.05351 452.99386 519.60281 555.73693 569.1788 
354.3847 454.66175 521.30789 557.12908 569.21947 
354.66051 456.41155 523.08637 558.64567 569.25082 
354.86153 458.24418 524.93853 560.3062 569.27213 
354.9686 460.16032 526.86455 562.12989 569.28291 
351.99378 437.54756 501.74868 542.82355 568.9737 
352.01954 437.6033 501.80857 542.86206 568.97849 
352.07106 437.71487 501.92843 542.93914 568.98805 
352.14829 437.8824 502.10837 543.05484 569.00234 
352.25118 438.10614 502.34857 543.20932 569.0213 
352.37965 438.38637 502.64927 543.40274 569.04484 
352.53361 438.72348 503.01077 543.63531 569.07284 
352.71292 439.11793 503.43342 543.90733 569.10516 
352.91743 439.57027 503.91764 544.21911 569.14164 
353.1469 440.08112 504.4639 544.57105 569.18207 
353.40109 440.65116 505.0727 544.96361 569.2262 
353.67965 441.2812 505.7446 545.39732 569.27376 
353.98217 441.9721 506.48022 545.87284 569.32442 
354.30815 442.72485 507.28022 546.39092 569.37781 
354.65694 443.54049 508.14528 546.95244 569.4335 
355.02773 444.42014 509.07612 547.55845 569.49102 
355.41952 445.36502 510.07347 548.21021 569.54981 
355.83104 446.37644 511.13811 548.90924 569.60927 
356.26071 447.45576 512.27081 549.65739 569.66874 
356.70646 448.60441 513.47235 550.45695 569.7275 
357.16566 449.82387 514.74349 551.3108 569.78477 
357.63487 451.11567 516.08501 552.22263 569.83973 
358.10952 452.48129 517.49761 553.19722 569.89153 
358.58347 453.92223 518.98197 554.24088 569.93931 
359.04839 455.43992 520.53872 555.36214 569.98222 
359.49276 457.03568 522.16843 556.57268 570.01944 
359.90067 458.71072 523.87159 557.88853 570.05023 
360.25039 460.46604 525.64859 559.33154 570.07394 
360.51367 462.30245 527.49974 560.93002 570.09005 
360.65827 464.22053 529.42528 562.71631 570.09819 
356.63276 441.32059 504.3245 544.37772 570.12748 
356.66036 441.37712 504.38399 544.41446 570.13089 
356.71555 441.49029 504.50307 544.488 570.13768 
356.79832 441.66022 504.68182 544.59838 570.14784 
356.90862 441.88714 504.92046 544.74572 570.16132 
357.04643 442.17134 505.21922 544.93015 570.17805 
357.21167 442.51319 505.57841 545.15184 570.19795 
357.40427 442.91313 505.9984 545.41102 570.22091 
357.62414 443.3717 506.47963 545.70796 570.24682 
357.87112 443.88948 507.02258 546.04296 570.27552 
358.14505 444.46716 507.62777 546.41638 570.30684 
358.44571 445.10546 508.29578 546.82864 570.34057 
358.77281 445.80525 509.02729 547.28027 570.37649 
359.12601 446.56743 509.82296 547.77183 570.41432 
359.50484 447.39298 510.68351 548.30402 570.45375 
359.90873 448.28296 511.60971 548.87765 570.49444 
360.33694 449.2385 512.60236 549.49371 570.53601 
360.78855 450.2608 513.66226 550.15337 570.57801 
361.26235 451.35112 514.79024 550.85809 570.61998 
361.75675 452.51074 515.98714 551.60968 570.6614 
362.26971 453.74101 517.2538 552.41043 570.70174 
362.79845 455.04327 518.59103 553.26333 570.7404 
363.33921 456.41885 519.99961 554.17236 570.77681 
363.88674 457.86906 521.48029 555.14295 570.81035 
364.43353 459.39515 523.03376 556.18279 570.84044 
364.96849 460.99826 524.66064 557.30312 570.86652 
365.47486 462.67941 526.36146 558.52083 570.88807 
365.92673 464.43947 528.13667 559.86192 570.90466 
366.28453 466.27912 529.98662 561.36605 570.91592 
366.49255 468.19883 531.91154 563.08901 570.92161 
361.24415 445.03708 506.84083 545.89513 571.27785 
361.2736 445.09435 506.89987 545.93008 571.27989 
361.33249 445.20897 507.01803 546.00001 571.28395 
361.42082 445.38108 507.19542 546.10497 571.29003 
361.53858 445.61088 507.43224 546.24502 571.29809 
361.68578 445.89868 507.72875 546.42029 571.30809 
361.86239 446.24483 508.08527 546.63089 571.31999 
362.06839 446.64974 508.50218 546.87698 571.33372 
362.30374 447.11394 508.97993 547.15876 571.3492 
362.5684 447.63798 509.51902 547.47645 571.36636 
362.8623 448.22252 510.12001 547.83031 571.38507 
363.18534 448.86828 510.78352 548.22063 571.40521 
363.53738 449.57604 511.51022 548.64777 571.42665 
363.91825 450.34665 512.30083 549.11212 571.44922 
364.32769 451.18105 513.15611 549.61415 571.47274 
364.76541 452.08023 514.07689 550.15443 571.497 
365.231 453.04524 515.06401 550.7336 571.52177 
365.72389 454.07717 516.11833 551.35245 571.54678 
366.24339 455.17718 517.24077 552.01193 571.57176 
366.78852 456.34646 518.43221 552.71325 571.5964 
367.35799 457.58618 519.69356 553.45791 571.62037 
367.95003 458.89757 521.02572 554.24791 571.64334 
368.56215 460.28181 522.42954 555.08594 571.66494 
369.19077 461.74005 523.90585 555.97577 571.68484 
369.83051 463.2734 525.45542 556.92298 571.70267 
370.47285 464.88283 527.07893 557.93619 571.71812 
371.10356 466.56921 528.77695 559.02975 571.73088 
371.69715 468.33333 530.55004 560.22928 571.7407 
372.20521 470.17574 532.39853 561.58325 571.74736 
372.53482 472.09683 534.3227 563.18464 571.75073 
365.82609 448.69629 509.29811 547.37759 572.42618 
365.85739 448.75423 509.35664 547.41072 572.42686 
365.91998 448.87016 509.47375 547.47699 572.42821 
366.01389 449.04424 509.64959 547.57645 572.43023 
366.13912 449.27665 509.88434 547.70913 572.43291 
366.29572 449.56769 510.17829 547.8751 572.43624 
366.48372 449.9177 510.53175 548.07444 572.4402 
366.70315 450.32709 510.94514 548.30726 572.44477 
366.95405 450.79633 511.4189 548.57366 572.44992 
367.23645 451.32599 511.95356 548.87377 572.45563 
367.55041 451.91667 512.54973 549.20775 572.46185 
367.89596 452.56909 513.20805 549.57579 572.46855 
368.27313 453.28397 513.92924 549.97804 572.47568 
368.6819 454.0621 514.71403 550.41472 572.48318 
369.12228 454.90436 515.56323 550.88605 572.49099 
369.59425 455.81169 516.47774 551.39232 572.49906 
370.09774 456.78505 517.45846 551.93382 572.50728 
370.63265 457.82547 518.50631 552.51089 572.51559 
371.1988 458.934 519.62229 553.12394 572.52388 
371.79594 460.11171 520.80736 553.77347 572.53206 
372.4237 461.35969 522.06251 554.46005 572.54001 
373.08152 462.67901 523.38873 555.18446 572.54763 
373.7686 464.07076 524.78697 555.94771 572.55479 
374.4837 465.53596 526.25816 556.75124 572.56138 
375.22489 467.07557 527.80315 557.59716 572.56729 
375.98884 468.69044 529.42269 558.48889 572.57241 
376.76939 470.38133 531.11743 559.43272 572.57664 
377.5531 472.14889 532.88797 560.44219 572.57988 
378.30433 473.99363 534.73473 561.55301 572.58209 
378.90671 475.91593 536.65804 562.88166 572.5832 
