-0.013449957 0.018435622 -0.01799157 0.0095768093 -0.026905404 
-0.013450881 0.018455984 -0.017918121 0.0095991687 -0.026719072 
-0.013452729 0.018496722 -0.017771148 0.0096434959 -0.026345333 
-0.013455504 0.018557877 -0.017550443 0.0097090678 -0.025782128 
-0.013459208 0.018639509 -0.017255701 0.0097947649 -0.025026329 
-0.013463844 0.018741687 -0.016886555 0.0098990529 -0.024073775 
-0.013469415 0.018864508 -0.016442504 0.010020083 -0.022919267 
-0.013475928 0.019008084 -0.01592296 0.010155596 -0.021556529 
-0.013483388 0.019172541 -0.015327246 0.010302926 -0.019978201 
-0.013491801 0.01935803 -0.014654573 0.010459036 -0.018175836 
-0.013501174 0.019564712 -0.013904072 0.010620448 -0.016139869 
-0.013511515 0.019792766 -0.013074793 0.010783272 -0.013859646 
-0.013522833 0.020042393 -0.012165658 0.010943243 -0.011323383 
-0.013535137 0.020313814 -0.011175499 0.011095703 -0.0085182318 
-0.013548438 0.020607251 -0.010103095 0.011235562 -0.0054303586 
-0.013562745 0.020922941 -0.0089471473 0.011357344 -0.002044913 
-0.013578069 0.021261137 -0.0077062762 0.011455228 0.0016538984 
-0.013594423 0.021622099 -0.0063790492 0.011523077 0.0056826595 
-0.013611817 0.022006095 -0.004963983 0.011554504 0.010058607 
-0.013630263 0.022413399 -0.0034595507 0.01154294 0.01479946 
-0.013649774 0.022844286 -0.0018642195 0.011481677 0.01992323 
-0.013670361 0.023299028 -0.0001764736 0.011363961 0.025447962 
-0.013692036 0.02377789 0.0016051793 0.011183148 0.031391408 
-0.013714809 0.024281126 0.0034821745 0.010932823 0.037770698 
-0.013738692 0.024808969 0.0054558499 0.010606906 0.044601993 
-0.013763692 0.025361635 0.0075274271 0.010199812 0.051900125 
-0.013789819 0.025939314 0.0096979846 0.009706603 0.059678203 
-0.013817079 0.026542161 0.011968417 0.0091231252 0.067947213 
-0.013845478 0.027170295 0.014339411 0.0084461316 0.076715707 
-0.013875018 0.0278238 0.016811447 0.0076734084 0.085989542 
-0.013449957 0.018435623 -0.017991558 0.0095768389 -0.026905431 
-0.013450881 0.018455982 -0.017918125 0.0095991849 -0.026719098 
-0.013452729 0.01849672 -0.017771153 0.0096435233 -0.026345356 
-0.013455504 0.018557875 -0.017550448 0.0097090982 -0.025782149 
-0.013459208 0.018639505 -0.017255712 0.0097947844 -0.02502635 
-0.013463844 0.018741684 -0.016886564 0.0098990709 -0.024073791 
-0.013469415 0.018864506 -0.016442511 0.0100201 -0.022919281 
-0.013475928 0.01900808 -0.01592297 0.010155608 -0.021556544 
-0.013483388 0.019172539 -0.015327253 0.010302942 -0.019978217 
-0.013491801 0.019358028 -0.014654575 0.010459054 -0.018175842 
-0.013501173 0.01956471 -0.01390408 0.01062046 -0.016139871 
-0.013511515 0.019792763 -0.013074801 0.010783282 -0.013859638 
-0.013522833 0.020042393 -0.01216566 0.010943263 -0.011323367 
-0.013535137 0.020313814 -0.0111755 0.011095728 -0.008518228 
-0.013548438 0.02060725 -0.010103097 0.011235587 -0.0054303639 
-0.013562745 0.02092294 -0.0089471485 0.011357367 -0.0020449182 
-0.013578069 0.021261135 -0.0077062801 0.011455245 0.0016538923 
-0.013594423 0.021622097 -0.0063790557 0.011523086 0.0056826605 
-0.013611817 0.022006094 -0.0049639868 0.011554516 0.010058614 
-0.013630263 0.022413398 -0.0034595521 0.011542958 0.014799465 
-0.013649774 0.022844285 -0.0018642236 0.011481691 0.019923235 
-0.013670361 0.023299027 -0.00017648083 0.011363968 0.025447973 
-0.013692036 0.023777889 0.0016051713 0.011183153 0.031391421 
-0.013714809 0.024281123 0.0034821638 0.010932828 0.037770704 
-0.013738692 0.024808966 0.0054558362 0.010606908 0.044601995 
-0.013763692 0.025361632 0.0075274139 0.010199809 0.051900136 
-0.013789819 0.025939312 0.0096979732 0.009706598 0.059678219 
-0.013817079 0.026542159 0.011968406 0.0091231198 0.067947227 
-0.013845478 0.027170292 0.014339399 0.0084461244 0.076715715 
-0.013875018 0.027823798 0.016811437 0.0076733954 0.085989545 
-0.013449957 0.018435622 -0.017991558 0.0095768727 -0.026905444 
-0.013450881 0.018455981 -0.017918126 0.0095992221 -0.026719105 
-0.013452729 0.018496717 -0.017771161 0.0096435509 -0.026345367 
-0.013455504 0.018557871 -0.01755046 0.0097091179 -0.025782162 
-0.013459208 0.018639502 -0.017255724 0.0097948 -0.025026356 
-0.013463843 0.01874168 -0.016886575 0.0098990854 -0.0240738 
-0.013469415 0.018864501 -0.016442524 0.010020109 -0.022919296 
-0.013475928 0.019008076 -0.01592298 0.010155613 -0.021556553 
-0.013483388 0.019172536 -0.015327257 0.01030295 -0.019978214 
-0.0134918 0.019358025 -0.014654582 0.010459056 -0.018175827 
-0.013501173 0.019564706 -0.013904089 0.010620457 -0.016139844 
-0.013511514 0.019792762 -0.013074806 0.010783291 -0.013859608 
-0.013522833 0.020042392 -0.01216566 0.010943287 -0.011323345 
-0.013535137 0.020313813 -0.011175498 0.011095759 -0.0085182189 
-0.013548438 0.020607248 -0.010103096 0.011235618 -0.0054303694 
-0.013562745 0.020922937 -0.0089471518 0.01135739 -0.0020449316 
-0.013578069 0.021261132 -0.007706287 0.011455256 0.0016538855 
-0.013594423 0.021622094 -0.0063790623 0.011523095 0.0056826563 
-0.013611817 0.022006091 -0.0049639908 0.011554531 0.010058603 
-0.013630263 0.022413396 -0.0034595549 0.011542974 0.014799456 
-0.013649774 0.022844283 -0.0018642276 0.0114817 0.019923235 
-0.013670361 0.023299025 -0.00017648823 0.011363969 0.025447975 
-0.013692036 0.023777885 0.0016051572 0.011183147 0.031391416 
-0.013714809 0.024281117 0.0034821432 0.010932812 0.037770692 
-0.013738691 0.02480896 0.0054558155 0.010606889 0.044601987 
-0.013763692 0.025361628 0.007527397 0.010199791 0.051900135 
-0.013789819 0.025939308 0.0096979569 0.0097065775 0.059678222 
-0.013817079 0.026542155 0.011968391 0.0091230991 0.067947237 
-0.013845477 0.027170289 0.01433939 0.0084461137 0.076715722 
-0.013875018 0.027823795 0.016811431 0.0076733913 0.085989551 
-0.013449957 0.01843562 -0.017991561 0.009576916 -0.026905458 
-0.013450881 0.018455978 -0.01791813 0.0095992699 -0.026719128 
-0.013452729 0.018496714 -0.017771169 0.0096435918 -0.026345396 
-0.013455504 0.018557867 -0.017550469 0.0097091491 -0.025782185 
-0.013459207 0.018639497 -0.017255737 0.0097948192 -0.025026376 
-0.013463843 0.018741674 -0.016886591 0.0098990993 -0.02407383 
-0.013469415 0.018864495 -0.016442538 0.010020116 -0.022919319 
-0.013475928 0.019008072 -0.015922988 0.010155621 -0.021556563 
-0.013483388 0.019172531 -0.015327263 0.010302958 -0.019978217 
-0.0134918 0.019358021 -0.01465459 0.010459057 -0.01817582 
-0.013501173 0.019564703 -0.013904096 0.01062046 -0.016139828 
-0.013511514 0.019792759 -0.013074808 0.010783307 -0.013859593 
-0.013522833 0.020042391 -0.012165658 0.010943315 -0.011323339 
-0.013535137 0.020313811 -0.011175496 0.011095796 -0.0085182307 
-0.013548437 0.020607246 -0.010103096 0.011235655 -0.0054303947 
-0.013562744 0.020922933 -0.0089471554 0.011357419 -0.0020449598 
-0.013578069 0.021261127 -0.0077062939 0.011455279 0.0016538532 
-0.013594422 0.021622088 -0.0063790706 0.011523118 0.0056826163 
-0.013611817 0.022006085 -0.0049639985 0.011554553 0.010058563 
-0.013630263 0.022413391 -0.0034595613 0.011542991 0.014799422 
-0.013649774 0.022844279 -0.0018642352 0.011481709 0.019923207 
-0.013670361 0.02329902 -0.00017650154 0.011363966 0.025447944 
-0.013692035 0.023777878 0.0016051361 0.011183133 0.031391375 
-0.013714809 0.024281109 0.0034821185 0.010932792 0.03777065 
-0.013738691 0.024808953 0.0054557947 0.010606869 0.044601955 
-0.013763692 0.025361623 0.0075273814 0.010199776 0.051900112 
-0.013789819 0.025939303 0.0096979436 0.0097065661 0.059678208 
-0.013817079 0.026542151 0.011968383 0.0091230965 0.067947231 
-0.013845477 0.027170286 0.014339388 0.0084461182 0.076715724 
-0.013875018 0.027823793 0.01681143 0.0076733958 0.085989566 
-0.013449957 0.01843562 -0.017991557 0.0095769764 -0.026905473 
-0.013450881 0.018455977 -0.017918129 0.0095993296 -0.026719154 
-0.013452729 0.018496714 -0.017771162 0.0096436513 -0.026345416 
-0.013455504 0.018557867 -0.017550466 0.009709195 -0.025782199 
-0.013459207 0.018639494 -0.01725574 0.0097948525 -0.025026395 
-0.013463843 0.018741671 -0.016886595 0.0098991221 -0.024073845 
-0.013469415 0.018864492 -0.016442541 0.010020133 -0.022919324 
-0.013475928 0.01900807 -0.015922987 0.010155639 -0.021556563 
-0.013483387 0.01917253 -0.015327261 0.010302972 -0.019978206 
-0.0134918 0.01935802 -0.014654587 0.010459067 -0.018175796 
-0.013501173 0.019564703 -0.013904091 0.010620472 -0.016139798 
-0.013511514 0.01979276 -0.013074801 0.010783324 -0.013859562 
-0.013522833 0.020042392 -0.012165649 0.010943343 -0.011323318 
-0.013535137 0.020313812 -0.011175486 0.011095833 -0.0085182218 
-0.013548438 0.020607246 -0.010103088 0.011235691 -0.0054303919 
-0.013562745 0.020922933 -0.0089471503 0.011357452 -0.0020449636 
-0.013578069 0.021261126 -0.0077062911 0.011455311 0.001653837 
-0.013594422 0.021622086 -0.0063790697 0.01152315 0.0056825865 
-0.013611817 0.022006083 -0.0049639974 0.011554582 0.010058528 
-0.013630263 0.02241339 -0.0034595597 0.011543012 0.014799392 
-0.013649774 0.022844278 -0.0018642364 0.011481719 0.019923179 
-0.013670361 0.023299017 -0.00017650686 0.011363967 0.025447911 
-0.013692035 0.023777875 0.0016051295 0.01118313 0.031391341 
-0.013714809 0.024281107 0.0034821139 0.010932786 0.037770625 
-0.013738691 0.024808952 0.0054557921 0.010606863 0.044601941 
-0.013763692 0.025361621 0.0075273801 0.010199774 0.051900103 
-0.013789819 0.025939301 0.0096979452 0.0097065723 0.059678204 
-0.013817079 0.02654215 0.011968386 0.0091231061 0.067947239 
-0.013845477 0.027170286 0.01433939 0.0084461233 0.076715751 
-0.013875018 0.027823793 0.016811435 0.0076734043 0.085989605 
-0.013449957 0.01843562 -0.017991555 0.0095770299 -0.026905476 
-0.013450881 0.018455979 -0.01791812 0.0095993884 -0.026719152 
-0.013452729 0.018496717 -0.017771147 0.0096437132 -0.026345415 
-0.013455504 0.018557869 -0.017550452 0.0097092496 -0.025782202 
-0.013459208 0.018639497 -0.017255727 0.0097948947 -0.025026393 
-0.013463843 0.018741673 -0.016886585 0.009899152 -0.024073834 
-0.013469415 0.018864494 -0.016442531 0.010020157 -0.022919308 
-0.013475928 0.019008072 -0.015922976 0.010155658 -0.02155654 
-0.013483388 0.019172533 -0.015327248 0.010302988 -0.01997817 
-0.0134918 0.019358024 -0.014654573 0.010459081 -0.018175753 
-0.013501173 0.019564707 -0.013904078 0.010620489 -0.016139755 
-0.013511515 0.019792765 -0.013074785 0.01078335 -0.013859524 
-0.013522833 0.020042397 -0.012165631 0.010943377 -0.011323285 
-0.013535137 0.020313817 -0.01117547 0.011095865 -0.0085181887 
-0.013548438 0.02060725 -0.010103075 0.011235718 -0.0054303601 
-0.013562745 0.020922937 -0.008947138 0.011357479 -0.0020449393 
-0.013578069 0.021261129 -0.0077062793 0.01145534 0.0016538471 
-0.013594423 0.021622088 -0.0063790583 0.011523178 0.0056825841 
-0.013611817 0.022006086 -0.0049639858 0.011554605 0.010058522 
-0.013630263 0.022413392 -0.0034595492 0.011543029 0.014799384 
-0.013649774 0.02284428 -0.0018642276 0.011481728 0.019923168 
-0.013670361 0.023299019 -0.00017649697 0.011363973 0.025447903 
-0.013692036 0.023777879 0.0016051436 0.011183135 0.031391343 
-0.013714809 0.024281112 0.0034821303 0.010932791 0.037770638 
-0.013738691 0.024808956 0.0054558077 0.010606867 0.044601961 
-0.013763692 0.025361625 0.0075273961 0.010199781 0.051900129 
-0.013789819 0.025939305 0.0096979597 0.0097065794 0.059678241 
-0.013817079 0.026542153 0.011968396 0.00912311 0.067947282 
-0.013845477 0.027170289 0.014339402 0.0084461326 0.076715801 
-0.013875018 0.027823798 0.016811449 0.0076734197 0.085989656 
-0.013449957 0.018435623 -0.017991543 0.0095770841 -0.026905459 
-0.013450881 0.018455984 -0.017918102 0.009599443 -0.026719128 
-0.01345273 0.018496721 -0.017771127 0.0096437675 -0.026345393 
-0.013455504 0.018557875 -0.017550429 0.0097092997 -0.025782174 
-0.013459208 0.018639503 -0.017255703 0.009794935 -0.025026354 
-0.013463843 0.01874168 -0.016886561 0.0098991839 -0.024073789 
-0.013469415 0.018864501 -0.016442507 0.010020186 -0.022919262 
-0.013475928 0.019008079 -0.015922953 0.010155684 -0.021556493 
-0.013483388 0.01917254 -0.015327228 0.010303006 -0.019978121 
-0.013491801 0.01935803 -0.014654556 0.010459099 -0.01817571 
-0.013501174 0.019564713 -0.013904057 0.010620519 -0.016139724 
-0.013511515 0.019792771 -0.01307476 0.010783394 -0.013859499 
-0.013522833 0.020042404 -0.012165606 0.010943422 -0.011323257 
-0.013535138 0.020313823 -0.011175449 0.011095901 -0.0085181567 
-0.013548438 0.020607256 -0.010103056 0.011235749 -0.0054303279 
-0.013562745 0.020922942 -0.0089471178 0.011357511 -0.0020449136 
-0.013578069 0.021261134 -0.0077062582 0.011455373 0.0016538635 
-0.013594423 0.021622094 -0.0063790374 0.011523208 0.0056825942 
-0.013611817 0.022006092 -0.0049639656 0.011554631 0.010058526 
-0.013630263 0.022413399 -0.0034595287 0.011543051 0.014799383 
-0.013649774 0.022844286 -0.001864206 0.011481746 0.019923171 
-0.013670361 0.023299027 -0.00017647312 0.011363987 0.025447913 
-0.013692036 0.023777887 0.0016051698 0.011183146 0.031391362 
-0.013714809 0.024281121 0.0034821581 0.0109328 0.037770669 
-0.013738692 0.024808966 0.0054558375 0.010606877 0.044602004 
-0.013763692 0.025361635 0.0075274241 0.010199788 0.051900188 
-0.013789819 0.025939313 0.0096979811 0.0097065804 0.059678306 
-0.013817079 0.026542159 0.011968416 0.0091231176 0.067947339 
-0.013845478 0.027170295 0.014339421 0.0084461459 0.076715855 
-0.013875018 0.027823802 0.016811462 0.0076734281 0.085989698 
-0.013449958 0.018435627 -0.017991524 0.0095771354 -0.026905439 
-0.013450881 0.018455988 -0.017918082 0.0095994895 -0.026719102 
-0.01345273 0.018496728 -0.017771102 0.0096438143 -0.026345354 
-0.013455505 0.018557883 -0.0175504 0.0097093438 -0.025782122 
-0.013459208 0.018639512 -0.017255673 0.009794973 -0.025026297 
-0.013463844 0.01874169 -0.016886528 0.0098992205 -0.024073727 
-0.013469416 0.018864511 -0.016442472 0.010020225 -0.022919206 
-0.013475929 0.019008087 -0.015922924 0.010155716 -0.021556448 
-0.013483388 0.019172546 -0.015327207 0.010303031 -0.019978092 
-0.013491801 0.019358035 -0.014654536 0.010459129 -0.018175697 
-0.013501174 0.019564719 -0.013904032 0.010620564 -0.016139722 
-0.013511515 0.019792778 -0.013074731 0.010783448 -0.013859501 
-0.013522834 0.02004241 -0.012165576 0.010943475 -0.011323256 
-0.013535138 0.02031383 -0.011175421 0.011095948 -0.0085181505 
-0.013548438 0.020607262 -0.010103028 0.011235795 -0.0054303232 
-0.013562745 0.020922949 -0.0089470897 0.011357559 -0.0020449148 
-0.01357807 0.021261141 -0.0077062311 0.01145542 0.0016538569 
-0.013594423 0.021622101 -0.0063790113 0.011523253 0.0056825812 
-0.013611817 0.022006099 -0.0049639383 0.011554675 0.010058509 
-0.013630264 0.022413407 -0.0034594995 0.011543091 0.014799369 
-0.013649775 0.022844295 -0.0018641761 0.011481779 0.019923157 
-0.013670362 0.023299035 -0.00017644425 0.011364014 0.025447899 
-0.013692036 0.023777896 0.0016052001 0.011183169 0.031391356 
-0.01371481 0.024281131 0.0034821938 0.010932826 0.037770677 
-0.013738692 0.024808977 0.005455874 0.010606902 0.044602031 
-0.013763693 0.025361645 0.0075274552 0.010199801 0.051900235 
-0.01378982 0.025939322 0.0096980098 0.0097065949 0.059678355 
-0.01381708 0.026542167 0.011968441 0.0091231328 0.067947384 
-0.013845478 0.027170301 0.014339438 0.0084461573 0.076715887 
-0.013875018 0.027823805 0.016811475 0.0076734386 0.085989711 
-0.013449958 0.018435631 -0.017991507 0.0095771716 -0.02690542 
-0.013450882 0.018455993 -0.017918063 0.0095995248 -0.026719072 
-0.01345273 0.018496734 -0.017771081 0.0096438483 -0.026345309 
-0.013455505 0.018557889 -0.017550378 0.0097093728 -0.025782071 
-0.013459209 0.018639519 -0.017255651 0.009794997 -0.025026242 
-0.013463844 0.018741698 -0.016886502 0.0098992472 -0.024073674 
-0.013469416 0.018864518 -0.016442447 0.010020251 -0.022919163 
-0.013475929 0.019008092 -0.015922907 0.010155733 -0.021556421 
-0.013483388 0.019172549 -0.015327195 0.010303047 -0.019978084 
-0.013491801 0.019358038 -0.014654522 0.010459156 -0.018175707 
-0.013501174 0.019564721 -0.013904015 0.010620601 -0.016139746 
-0.013511516 0.019792781 -0.013074712 0.010783487 -0.013859524 
-0.013522834 0.020042414 -0.012165557 0.010943511 -0.01132327 
-0.013535138 0.020313834 -0.0111754 0.011095986 -0.0085181648 
-0.013548439 0.020607266 -0.010103007 0.011235836 -0.0054303426 
-0.013562746 0.020922952 -0.0089470705 0.011357598 -0.0020449353 
-0.01357807 0.021261144 -0.0077062136 0.011455457 0.0016538343 
-0.013594423 0.021622104 -0.0063789941 0.011523288 0.0056825553 
-0.013611818 0.022006104 -0.004963919 0.011554708 0.010058483 
-0.013630264 0.022413412 -0.0034594767 0.011543124 0.014799338 
-0.013649775 0.0228443 -0.0018641537 0.01148181 0.019923115 
-0.013670362 0.02329904 -0.00017642197 0.011364041 0.025447852 
-0.013692037 0.023777902 0.0016052267 0.011183199 0.031391319 
-0.01371481 0.024281138 0.0034822212 0.010932853 0.037770656 
-0.013738692 0.024808984 0.0054558978 0.010606918 0.044602029 
-0.013763693 0.025361652 0.0075274793 0.010199817 0.051900247 
-0.01378982 0.025939329 0.0096980331 0.00970661 0.059678372 
-0.01381708 0.026542172 0.011968458 0.0091231409 0.067947399 
-0.013845478 0.027170302 0.014339446 0.0084461601 0.07671588 
-0.013875018 0.027823807 0.016811484 0.0076734455 0.08598969 
-0.013449958 0.018435635 -0.017991492 0.0095771891 -0.026905391 
-0.013450882 0.018455997 -0.017918047 0.0095995456 -0.026719027 
-0.01345273 0.018496738 -0.017771069 0.009643862 -0.02634526 
-0.013455505 0.018557893 -0.017550368 0.0097093802 -0.025782018 
-0.013459209 0.018639522 -0.017255639 0.0097950044 -0.025026188 
-0.013463844 0.018741701 -0.016886488 0.0098992547 -0.024073624 
-0.013469416 0.018864521 -0.016442438 0.01002025 -0.022919119 
-0.013475929 0.019008094 -0.015922901 0.010155729 -0.021556387 
-0.013483388 0.019172551 -0.015327186 0.01030305 -0.019978062 
-0.013491801 0.019358039 -0.014654512 0.010459167 -0.018175701 
-0.013501174 0.019564722 -0.013904008 0.010620612 -0.016139746 
-0.013511516 0.019792783 -0.013074705 0.010783496 -0.01385952 
-0.013522834 0.020042417 -0.012165546 0.010943522 -0.011323266 
-0.013535138 0.020313836 -0.011175389 0.011095997 -0.0085181646 
-0.013548439 0.020607267 -0.010102998 0.011235844 -0.0054303416 
-0.013562746 0.020922954 -0.0089470615 0.011357607 -0.0020449327 
-0.01357807 0.021261146 -0.0077062061 0.011455465 0.0016538371 
-0.013594423 0.021622106 -0.0063789881 0.011523292 0.0056825596 
-0.013611818 0.022006107 -0.0049639069 0.011554719 0.010058483 
-0.013630264 0.022413415 -0.0034594623 0.011543139 0.014799327 
-0.013649775 0.022844302 -0.0018641418 0.011481822 0.019923093 
-0.013670362 0.023299042 -0.0001764064 0.011364058 0.02544783 
-0.013692037 0.023777905 0.0016052436 0.011183213 0.031391307 
-0.01371481 0.024281141 0.0034822349 0.01093286 0.037770651 
-0.013738693 0.024808988 0.0054559127 0.010606925 0.044602031 
-0.013763693 0.025361656 0.0075274943 0.010199824 0.05190025 
-0.01378982 0.025939331 0.0096980419 0.0097066073 0.059678372 
-0.01381708 0.026542173 0.011968464 0.0091231337 0.06794739 
-0.013845478 0.027170304 0.014339454 0.0084461536 0.076715861 
-0.013875018 0.027823806 0.016811484 0.0076734273 0.085989661 
