273 368.1014 450.49689 510.49743 548.10221 
273 368.13361 450.55512 510.55567 548.13442 
273 368.19804 450.67164 510.67219 548.19885 
273 368.29472 450.84659 510.84715 548.29553 
273 368.42368 451.08018 511.08075 548.4245 
273 368.58497 451.37267 511.37324 548.58578 
273 368.77864 451.72441 511.72499 548.77945 
273 369.00477 452.13579 512.13638 549.00557 
273 369.26343 452.6073 512.6079 549.26422 
273 369.5547 453.13946 513.14007 549.55549 
273 369.87868 453.73289 513.73351 549.87946 
273 370.23546 454.38823 514.38885 550.23623 
273 370.62515 455.10622 515.10686 550.62591 
273 371.04788 455.88768 515.88832 551.04863 
273 371.50375 456.73343 516.73407 551.50449 
273 371.99288 457.64435 517.645 551.99361 
273 372.51538 458.62139 518.62205 552.5161 
273 373.07138 459.66553 519.6662 553.07208 
273 373.66099 460.77778 520.77845 553.66168 
273 374.28432 461.95917 521.95985 554.285 
273 374.9415 463.21073 523.21142 554.94217 
273 375.63262 464.53351 524.53421 555.63329 
273 376.35779 465.9285 525.92921 556.35846 
273 377.11711 467.39669 527.3974 557.11777 
273 377.91065 468.93896 528.93968 557.91131 
273 378.73848 470.55615 530.55687 558.73914 
273 379.60068 472.24898 532.24971 559.60134 
273 380.49728 474.01805 534.01878 560.49795 
273 381.42833 475.86383 535.86456 561.42899 
273 382.39384 477.78663 537.78737 562.39451 
273 368.1014 450.4969 510.49744 548.10221 
273 368.13361 450.55512 510.55566 548.13442 
273 368.19804 450.67164 510.67219 548.19885 
273 368.29471 450.84658 510.84714 548.29553 
273 368.42367 451.08017 511.08074 548.42449 
273 368.58496 451.37266 511.37324 548.58578 
273 368.77864 451.7244 511.72498 548.77945 
273 369.00476 452.13578 512.13637 549.00557 
273 369.26342 452.60729 512.60789 549.26422 
273 369.5547 453.13946 513.14007 549.55548 
273 369.87867 453.73288 513.7335 549.87945 
273 370.23545 454.38822 514.38885 550.23622 
273 370.62515 455.10622 515.10685 550.62591 
273 371.04788 455.88768 515.88832 551.04863 
273 371.50375 456.73342 516.73407 551.50449 
273 371.99288 457.64435 517.645 551.9936 
273 372.51538 458.62139 518.62205 552.5161 
273 373.07138 459.66553 519.6662 553.07208 
273 373.66099 460.77778 520.77845 553.66168 
273 374.28432 461.95916 521.95985 554.285 
273 374.9415 463.21073 523.21142 554.94217 
273 375.63262 464.5335 524.5342 555.63329 
273 376.35779 465.9285 525.9292 556.35845 
273 377.11711 467.39668 527.39739 557.11776 
273 377.91064 468.93895 528.93967 557.9113 
273 378.73848 470.55614 530.55686 558.73914 
273 379.60068 472.24897 532.2497 559.60133 
273 380.49728 474.01804 534.01878 560.49794 
273 381.42833 475.86382 535.86456 561.42899 
273 382.39384 477.78662 537.78736 562.3945 
273 368.1014 450.49689 510.49744 548.10221 
273 368.13361 450.55511 510.55566 548.13442 
273 368.19803 450.67163 510.67218 548.19885 
273 368.29471 450.84657 510.84713 548.29552 
273 368.42367 451.08016 511.08073 548.42449 
273 368.58496 451.37265 511.37323 548.58577 
273 368.77863 451.72439 511.72497 548.77944 
273 369.00476 452.13577 512.13636 549.00556 
273 369.26342 452.60728 512.60788 549.26421 
273 369.55469 453.13945 513.14006 549.55548 
273 369.87867 453.73287 513.73349 549.87945 
273 370.23545 454.38822 514.38884 550.23622 
273 370.62515 455.10622 515.10685 550.62591 
273 371.04788 455.88768 515.88832 551.04863 
273 371.50375 456.73342 516.73407 551.50449 
273 371.99287 457.64434 517.645 551.9936 
273 372.51537 458.62138 518.62204 552.51609 
273 373.07137 459.66552 519.66619 553.07208 
273 373.66098 460.77777 520.77845 553.66167 
273 374.28432 461.95916 521.95984 554.285 
273 374.94149 463.21072 523.21142 554.94217 
273 375.63262 464.5335 524.5342 555.63328 
273 376.35779 465.92849 525.92919 556.35844 
273 377.1171 467.39666 527.39738 557.11775 
273 377.91064 468.93893 528.93965 557.91129 
273 378.73847 470.55613 530.55685 558.73913 
273 379.60067 472.24896 532.24969 559.60133 
273 380.49727 474.01803 534.01877 560.49793 
273 381.42832 475.86381 535.86455 561.42898 
273 382.39383 477.78661 537.78736 562.3945 
273 368.1014 450.49689 510.49744 548.10221 
273 368.1336 450.55511 510.55566 548.13442 
273 368.19803 450.67162 510.67217 548.19884 
273 368.2947 450.84656 510.84712 548.29552 
273 368.42366 451.08015 511.08072 548.42448 
273 368.58494 451.37263 511.37321 548.58576 
273 368.77862 451.72437 511.72496 548.77943 
273 369.00475 452.13576 512.13636 549.00556 
273 369.26341 452.60727 512.60788 549.26421 
273 369.55468 453.13944 513.14005 549.55547 
273 369.87866 453.73287 513.73348 549.87944 
273 370.23544 454.38821 514.38884 550.23622 
273 370.62514 455.10622 515.10685 550.62591 
273 371.04787 455.88767 515.88832 551.04863 
273 371.50374 456.73341 516.73407 551.50449 
273 371.99287 457.64433 517.64499 551.9936 
273 372.51537 458.62137 518.62204 552.51609 
273 373.07136 459.66551 519.66618 553.07207 
273 373.66097 460.77776 520.77844 553.66167 
273 374.28431 461.95915 521.95983 554.285 
273 374.94149 463.21071 523.21141 554.94216 
273 375.63261 464.53348 524.53418 555.63328 
273 376.35777 465.92847 525.92917 556.35843 
273 377.11708 467.39664 527.39735 557.11774 
273 377.91062 468.93892 528.93964 557.91128 
273 378.73846 470.55611 530.55684 558.73912 
273 379.60066 472.24894 532.24968 559.60132 
273 380.49727 474.01802 534.01876 560.49793 
273 381.42831 475.8638 535.86454 561.42898 
273 382.39383 477.78661 537.78735 562.3945 
273 368.1014 450.49689 510.49744 548.10221 
273 368.1336 450.55511 510.55566 548.13442 
273 368.19803 450.67162 510.67218 548.19885 
273 368.2947 450.84656 510.84713 548.29552 
273 368.42366 451.08014 511.08071 548.42448 
273 368.58494 451.37263 511.37321 548.58576 
273 368.77861 451.72437 511.72495 548.77943 
273 369.00475 452.13576 512.13636 549.00556 
273 369.26341 452.60727 512.60788 549.26421 
273 369.55468 453.13944 513.14005 549.55548 
273 369.87866 453.73287 513.73349 549.87944 
273 370.23545 454.38822 514.38885 550.23622 
273 370.62515 455.10622 515.10686 550.62591 
273 371.04788 455.88768 515.88832 551.04863 
273 371.50374 456.73342 516.73407 551.50449 
273 371.99287 457.64433 517.64499 551.9936 
273 372.51536 458.62137 518.62204 552.51609 
273 373.07136 459.6655 519.66618 553.07207 
273 373.66097 460.77775 520.77844 553.66167 
273 374.28431 461.95915 521.95983 554.285 
273 374.94148 463.21071 523.21141 554.94216 
273 375.6326 464.53348 524.53418 555.63327 
273 376.35777 465.92846 525.92917 556.35843 
273 377.11708 467.39664 527.39735 557.11774 
273 377.91062 468.93891 528.93963 557.91128 
273 378.73846 470.55611 530.55684 558.73912 
273 379.60066 472.24894 532.24968 559.60132 
273 380.49726 474.01802 534.01876 560.49793 
273 381.42831 475.8638 535.86454 561.42898 
273 382.39383 477.78661 537.78736 562.3945 
273 368.1014 450.49689 510.49744 548.10222 
273 368.1336 450.55511 510.55567 548.13443 
273 368.19803 450.67163 510.67219 548.19886 
273 368.2947 450.84657 510.84714 548.29553 
273 368.42366 451.08015 511.08072 548.42448 
273 368.58494 451.37263 511.37322 548.58577 
273 368.77862 451.72437 511.72496 548.77944 
273 369.00475 452.13577 512.13636 549.00556 
273 369.26341 452.60728 512.60789 549.26422 
273 369.55469 453.13945 513.14007 549.55548 
273 369.87867 453.73288 513.7335 549.87945 
273 370.23545 454.38823 514.38886 550.23623 
273 370.62515 455.10624 515.10688 550.62592 
273 371.04788 455.88769 515.88834 551.04864 
273 371.50375 456.73343 516.73408 551.5045 
273 371.99287 457.64434 517.645 551.99361 
273 372.51537 458.62138 518.62205 552.5161 
273 373.07136 459.66551 519.66619 553.07208 
273 373.66097 460.77776 520.77844 553.66168 
273 374.28431 461.95915 521.95984 554.285 
273 374.94149 463.21072 523.21141 554.94217 
273 375.63261 464.53348 524.53419 555.63328 
273 376.35778 465.92847 525.92918 556.35844 
273 377.11709 467.39665 527.39736 557.11775 
273 377.91063 468.93893 528.93965 557.91128 
273 378.73847 470.55612 530.55685 558.73913 
273 379.60066 472.24895 532.24969 559.60132 
273 380.49727 474.01803 534.01877 560.49793 
273 381.42832 475.86381 535.86455 561.42899 
273 382.39384 477.78663 537.78737 562.39451 
273 368.1014 450.4969 510.49745 548.10222 
273 368.13361 450.55512 510.55568 548.13443 
273 368.19804 450.67164 510.67221 548.19887 
273 368.29471 450.84659 510.84716 548.29554 
273 368.42367 451.08017 511.08074 548.4245 
273 368.58496 451.37265 511.37324 548.58578 
273 368.77863 451.72439 511.72498 548.77945 
273 369.00476 452.13578 512.13638 549.00557 
273 369.26342 452.6073 512.6079 549.26423 
273 369.5547 453.13947 513.14008 549.55549 
273 369.87868 453.73289 513.73352 549.87946 
273 370.23546 454.38825 514.38888 550.23624 
273 370.62517 455.10626 515.1069 550.62593 
273 371.04789 455.88771 515.88835 551.04865 
273 371.50376 456.73344 516.7341 551.50451 
273 371.99288 457.64436 517.64502 551.99362 
273 372.51538 458.62139 518.62206 552.51611 
273 373.07137 459.66553 519.6662 553.07209 
273 373.66098 460.77778 520.77846 553.66169 
273 374.28432 461.95917 521.95986 554.28502 
273 374.9415 463.21074 523.21143 554.94218 
273 375.63262 464.53351 524.5342 555.63329 
273 376.35779 465.92849 525.9292 556.35845 
273 377.1171 467.39667 527.39739 557.11776 
273 377.91064 468.93895 528.93967 557.9113 
273 378.73848 470.55615 530.55687 558.73914 
273 379.60068 472.24897 532.24971 559.60133 
273 380.49728 474.01804 534.01878 560.49794 
273 381.42833 475.86383 535.86457 561.42899 
273 382.39385 477.78664 537.78738 562.39451 
273 368.10141 450.49691 510.49747 548.10223 
273 368.13362 450.55514 510.5557 548.13444 
273 368.19805 450.67166 510.67223 548.19888 
273 368.29473 450.84661 510.84718 548.29555 
273 368.42369 451.08019 511.08077 548.42451 
273 368.58497 451.37268 511.37326 548.58579 
273 368.77865 451.72442 511.72501 548.77946 
273 369.00477 452.13581 512.13641 549.00559 
273 369.26343 452.60732 512.60792 549.26424 
273 369.55471 453.13948 513.1401 549.5555 
273 369.87869 453.73291 513.73353 549.87947 
273 370.23548 454.38827 514.3889 550.23625 
273 370.62518 455.10628 515.10692 550.62595 
273 371.0479 455.88773 515.88838 551.04866 
273 371.50377 456.73346 516.73412 551.50452 
273 371.99289 457.64438 517.64504 551.99363 
273 372.51539 458.62141 518.62208 552.51612 
273 373.07138 459.66555 519.66622 553.0721 
273 373.661 460.7778 520.77848 553.6617 
273 374.28434 461.95919 521.95988 554.28503 
273 374.94151 463.21076 523.21145 554.9422 
273 375.63263 464.53353 524.53423 555.63331 
273 376.3578 465.92852 525.92922 556.35847 
273 377.11712 467.3967 527.39741 557.11778 
273 377.91066 468.93898 528.9397 557.91132 
273 378.7385 470.55617 530.5569 558.73915 
273 379.60069 472.249 532.24973 559.60135 
273 380.49729 474.01807 534.0188 560.49795 
273 381.42834 475.86384 535.86458 561.429 
273 382.39385 477.78665 537.78739 562.39452 
273 368.10141 450.49692 510.49748 548.10224 
273 368.13363 450.55515 510.55571 548.13445 
273 368.19806 450.67168 510.67224 548.19889 
273 368.29474 450.84663 510.8472 548.29556 
273 368.4237 451.08021 511.08079 548.42452 
273 368.58498 451.3727 511.37328 548.58581 
273 368.77866 451.72444 511.72503 548.77948 
273 369.00478 452.13582 512.13642 549.00559 
273 369.26344 452.60733 512.60793 549.26424 
273 369.55471 453.13949 513.14011 549.55551 
273 369.87869 453.73292 513.73355 549.87948 
273 370.23548 454.38828 514.38891 550.23626 
273 370.62518 455.10629 515.10693 550.62596 
273 371.04791 455.88774 515.88839 551.04868 
273 371.50378 456.73348 516.73413 551.50453 
273 371.9929 457.64439 517.64506 551.99364 
273 372.5154 458.62142 518.6221 552.51613 
273 373.07139 459.66556 519.66624 553.07211 
273 373.661 460.77781 520.7785 553.66171 
273 374.28435 461.95921 521.9599 554.28504 
273 374.94152 463.21077 523.21147 554.94221 
273 375.63264 464.53354 524.53424 555.63332 
273 376.35781 465.92854 525.92924 556.35848 
273 377.11713 467.39672 527.39743 557.11779 
273 377.91067 468.939 528.93972 557.91133 
273 378.73851 470.55619 530.55692 558.73917 
273 379.6007 472.24902 532.24975 559.60136 
273 380.4973 474.01808 534.01882 560.49796 
273 381.42834 475.86385 535.86459 561.42901 
273 382.39385 477.78665 537.7874 562.39452 
273 368.10142 450.49693 510.49749 548.10225 
273 368.13364 450.55516 510.55573 548.13446 
273 368.19807 450.67169 510.67225 548.19889 
273 368.29474 450.84663 510.84721 548.29557 
273 368.4237 451.08022 511.0808 548.42452 
273 368.58499 451.37271 511.3733 548.58581 
273 368.77866 451.72445 511.72504 548.77948 
273 369.00479 452.13583 512.13643 549.0056 
273 369.26344 452.60733 512.60794 549.26425 
273 369.55471 453.1395 513.14011 549.55551 
273 369.87869 453.73293 513.73355 549.87949 
273 370.23548 454.38828 514.38892 550.23627 
273 370.62519 455.1063 515.10694 550.62596 
273 371.04791 455.88775 515.8884 551.04868 
273 371.50378 456.73348 516.73414 551.50454 
273 371.9929 457.6444 517.64506 551.99365 
273 372.5154 458.62143 518.6221 552.51614 
273 373.07139 459.66556 519.66624 553.07212 
273 373.66101 460.77782 520.77851 553.66172 
273 374.28435 461.95922 521.95991 554.28505 
273 374.94153 463.21078 523.21148 554.94222 
273 375.63265 464.53355 524.53425 555.63333 
273 376.35782 465.92855 525.92926 556.35849 
273 377.11714 467.39673 527.39744 557.1178 
273 377.91068 468.93901 528.93973 557.91134 
273 378.73852 470.55621 530.55693 558.73917 
273 379.60071 472.24902 532.24975 559.60136 
273 380.4973 474.01808 534.01882 560.49796 
273 381.42834 475.86385 535.8646 561.42901 
273 382.39385 477.78665 537.78739 562.39452 
