-0.0098471153 1.5053589 5329.235 60806.431 -158781.91 146693.55 409999.5 -2145016.2 2504648.3 -1454481.3 
-0.0098471152 1.5053589 5329.2356 60806.431 -158781.91 146693.56 409999.49 -2145016.2 2504648.3 -1454481.3 
-3.1109855e+218 4.6865153e+219 2.6847229e+225 -1.39764e+226 -2.0228558e+226 -4.1454832e+225 3.0947639e+226 1.3624435e+227 -2.6084717e+227 4.2228208e+227 
-0.0098471152 1.5053589 5329.2366 60806.43 -158781.91 146693.55 409999.47 -2145016.2 2504648.3 -1454481.2 
-3.1111338e+218 4.6865064e+219 2.6847942e+225 -1.39772e+226 -2.0228572e+226 -4.1455581e+225 3.0945522e+226 1.3624834e+227 -2.608519e+227 4.2228006e+227 
-0.0098471154 1.5053589 5329.2369 60806.432 -158781.91 146693.54 409999.45 -2145016.3 2504648.3 -1454481.1 
-0.0098471154 1.5053589 5329.2371 60806.432 -158781.91 146693.53 409999.44 -2145016.3 2504648.3 -1454481 
-1.7296102e+175 -1.3385539e+177 -1.467857e+182 -4.321695e+182 -1.8341857e+182 5.7389375e+182 2.0782703e+183 -3.4489228e+183 -3.8828701e+183 8.5388885e+183 
-1.1217552e+238 -6.7375928e+239 -1.1180488e+244 5.3957314e+245 -4.6747918e+245 -1.5398848e+246 -4.542147e+245 1.8707449e+246 3.0704467e+246 -8.8110828e+246 
-5.7388874e+237 8.6452938e+238 4.9525536e+244 -2.5782501e+245 -3.7315962e+245 -7.6472427e+244 5.708963e+245 2.5133226e+246 -4.8118917e+246 7.7899087e+246 
-0.0098471152 1.5053589 5329.2356 60806.431 -158781.91 146693.56 409999.49 -2145016.2 2504648.3 -1454481.3 
-0.0098413303 1.5050305 4938.8089 55392.488 -152706.23 165926.73 424063.62 -2174319.6 2458787.2 -1313986.3 
-0.0097124375 1.5121987 5217.9345 54346.226 -152498.91 166224.84 416463.47 -2176738.9 2473681.4 -1354907 
-0.0098512708 1.5041243 4889.4127 56358.739 -154648.25 161823.48 423784.03 -2171199.1 2465535.5 -1335468.3 
-0.010045154 1.4952559 4518.2285 52633.799 -152336.79 164555.19 418831.06 -2168275.7 2441211.9 -1329980.1 
-0.010042921 1.4982932 5255.7849 55304.163 -152594.13 159091.62 409975.79 -2140901.3 2450565.9 -1361124.1 
-0.0099275835 1.5051266 5527.1034 52852.335 -150111.65 168278.97 413879.89 -2149710.8 2433880 -1299993 
-0.0098232704 1.5037842 4469.4377 54209.567 -149311.63 169548.33 418190.48 -2195766.7 2479635.1 -1361104.7 
-0.010054306 1.4897382 3510.9516 52750.752 -160890.28 163166.33 452669.89 -2194359.1 2409563.9 -1214132.9 
-0.0099009151 1.5159832 6434.1928 35416.36 -147557.8 188975.66 408148.11 -2133367.2 2316722.6 -1142407.3 
-0.010262223 1.4996928 7334.5999 54912.793 -144135.41 156941.9 369542.38 -2056284.1 2431666.1 -1418298.2 
-0.010274673 1.4923309 5458.2259 47226.36 -157682.17 148319.61 385308.48 -2100090.2 2415966 -1455439.9 
-0.0098831994 1.5093644 5981.0253 53903.371 -158126.78 145391.14 384064.33 -2117694.7 2488128.6 -1529346.6 
-0.0097475665 1.5117729 5536.829 57150.699 -168678.29 142354.51 423742.61 -2136753.1 2463629.9 -1387635.6 
-0.010424351 1.488664 6339.6239 52964.994 -163258.38 141165.43 405257.94 -2050707.1 2366575.6 -1312015.9 
-0.010128379 1.4940687 5315.3948 58980.703 -158472.9 144323.26 405834.32 -2118130.3 2468343.5 -1432638.2 
-0.010219646 1.4918942 5489.2095 56139.078 -153154.73 151702.77 399100.49 -2111934.4 2447393.4 -1405538.2 
-0.01007117 1.4958285 5167.2123 58546.607 -160071.61 145951.8 414107.96 -2128195.5 2461900.5 -1399362.9 
-0.01008825 1.4956949 5233.8954 57999.493 -161068.5 142122.79 406553.15 -2120938.7 2468893 -1445619.2 
-0.010104606 1.495267 5217.2976 56698.495 -158226.76 146783.64 404869.66 -2124729.2 2462722.7 -1431263 
-0.010192553 1.4941147 5840.7001 58569.821 -157123.41 145116.02 401717.7 -2096330 2449235.8 -1406479.9 
-0.010031208 1.4992653 5491.5568 58251.322 -160771.26 144128.97 408921.66 -2119270.2 2464587.3 -1419598.7 
-0.010134703 1.4932094 5077.7466 57019.31 -154271.95 148055.59 394929.31 -2130095 2483786.9 -1485203.3 
-0.0099732585 1.5025181 5693.4195 58775.207 -158796.95 146455.15 406439.78 -2120879.7 2472750.8 -1423289.3 
-0.010304348 1.4850929 4980.464 58576.898 -154487.96 146509.19 401220.29 -2117273.1 2463706 -1439312.1 
-0.01005062 1.5027615 6182.438 55451.773 -158105.96 147269.16 397550.86 -2097820.4 2445199.3 -1413151 
-0.010225344 1.4854891 4585.801 61656.818 -156352.91 144265.44 409874.78 -2135542.9 2487599.2 -1449540.7 
-0.0099527668 1.5074262 6239.5432 54633.572 -160910.36 146599.43 401481.25 -2102264 2443226.6 -1404650.9 
-0.010123898 1.4901049 4653.4297 61641.279 -157752.18 143963.3 411302.76 -2141342.9 2495024.5 -1455897.9 
-0.0098241275 1.5081983 5559.824 58503.543 -161806.55 146504.77 413699.58 -2136770.5 2479921.2 -1416696.4 
-0.01057758 1.4592663 3183.5241 75724.49 -141284.67 142525.1 399190.75 -2162465.1 2590757.1 -1589964 
-0.010010825 1.503574 5983.6007 55567.226 -151159.86 143383.07 359540.64 -2109543.6 2528083.8 -1653501.2 
-0.0098568689 1.5061748 5551.1182 60082.985 -146681.6 157453.73 388822.87 -2151849.9 2531041.7 -1511128 
-0.010002688 1.4991987 5079.8626 55849.62 -151909.99 147908.73 378122.87 -2142915.1 2524276.1 -1595331.3 
-0.0099520298 1.5007338 5147.8127 58554.19 -155617.06 149074.13 401495.06 -2144562.3 2500300.1 -1477710.2 
-0.0099399338 1.4972766 4540.9854 61388.435 -153111.52 151046.37 406262.24 -2169475 2528324.7 -1494488.5 
-0.0099084633 1.4978395 4432.2166 62367.584 -155838.55 145591.2 404445.4 -2170583.2 2544993.5 -1540200.8 
-0.0099394927 1.497745 4767.6687 63704.022 -151146.74 149057.63 398737.81 -2162542.1 2548811.3 -1536260.3 
-0.010100944 1.4935068 5049.3256 59955.235 -150528.22 151347.68 396109.86 -2139637.8 2503377.3 -1483999.3 
-0.010065051 1.4973358 5316.5405 56845.284 -156270.76 149843.43 404282.97 -2128466.7 2466126.9 -1424019.8 
-0.0099243266 1.5008273 5053.7453 60409.498 -156874.53 148696.22 409971.81 -2149655.9 2501602.6 -1450076 
-0.0098909343 1.5025727 5128.7422 60606.856 -155491.57 148239.41 402600.32 -2150782.4 2518199.7 -1493375.1 
-0.0098330979 1.5063858 5262.03 58176.183 -158332.12 150415.17 410859.51 -2150643.9 2491368 -1433723.5 
-0.0098221929 1.5044333 4956.6256 60976.607 -160450.84 148547.02 422489.49 -2159873.8 2497001.8 -1408217.7 
-0.0098545983 1.5000148 4552.8248 64463.678 -158748.4 145176.4 418510.71 -2169968.4 2533672.5 -1474103.2 
-0.0099357929 1.4965291 4579.2116 65078.235 -154358.73 146905.44 409859.02 -2165956.3 2542581 -1501140.3 
-0.01012949 1.4922551 5070.7721 60636.617 -153075.18 147240.18 397746.47 -2132043.1 2500412.6 -1486493.7 
-0.010303153 1.4878963 5547.285 58995.597 -152856.83 144820.37 389516.54 -2098634.2 2470327.2 -1474864.5 
-0.010408099 1.4829669 5539.4007 60621.873 -155653.62 140641.73 396881.76 -2085212.5 2453834.1 -1438566.7 
-0.010166897 1.505681 7435.5609 50939.362 -161483.08 141113.15 381394.54 -2038199.1 2395942.2 -1409440 
-0.0099788258 1.5020134 5218.3081 52281.843 -152156.33 149503 372496.66 -2140413.2 2512498 -1603190.9 
-0.0098581957 1.5039607 5215.1082 61993.135 -160369.31 144901.35 415373.4 -2145866.3 2503886.1 -1441337.4 
-0.0097984176 1.4988572 3706.6297 62160.663 -153584.5 149624.17 404934.9 -2208622.2 2578839.3 -1586457.5 
-0.010010009 1.4999309 5560.4852 59959.723 -157485.46 146575.83 406348.22 -2123216.5 2479522.2 -1429465.1 
-0.0098609292 1.4951249 3926.6435 68860.958 -158333.92 148446.33 439865.16 -2193953.7 2538127.3 -1399447 
-0.009972369 1.5024332 5656.0154 58571.449 -159102.34 146374.34 406966.37 -2121883.4 2471880.8 -1422562.2 
-0.0097852652 1.4961994 4228.7214 79758.832 -168595.72 147965.54 505445.23 -2187324 2478717.1 -1076163.9 
-0.0098752371 1.5056889 5517.7735 58946.473 -159334.47 147626.96 409835.05 -2136037.9 2484754 -1428909.5 
-0.009940065 1.4970073 5354.6053 74389.566 -172177.28 147286.39 504022.96 -2131962.4 2396008 -970733.58 
-0.0099175462 1.503951 5393.4607 56795.179 -160104.43 148473.86 410942.97 -2135810.2 2468955.5 -1413130.4 
-0.010057098 1.4936791 5428.8222 70714.155 -167141.98 147483.44 477937.91 -2121171.5 2406795.8 -1074412.5 
-0.0099054827 1.5044563 5447.7887 57737.725 -161557.31 146486.23 413361.19 -2133059.6 2469790.8 -1409221.8 
-0.01009466 1.4917338 5159.7048 67932.095 -167164.81 143802.41 462559.9 -2123184.1 2423518 -1172734 
-0.0099115763 1.5039188 5470.1126 59038.067 -161003.44 145476.53 412118.23 -2131789.9 2478271.3 -1421658.7 
-0.010171979 1.4929278 5375.3985 57618.536 -168642.16 141341.79 435271.94 -2103347.1 2398585.5 -1268272 
-0.0099753582 1.5019892 5573.8201 58271.283 -159663.62 146298.04 408511.66 -2123829.1 2469495.5 -1418138.3 
-0.010149192 1.4980567 5752.0312 50617.575 -146215.63 151112.11 352196.65 -2111858.5 2503108.8 -1638883.8 
-0.0096206879 1.5165469 5486.7508 57841.729 -159169.1 151503.24 409132.36 -2162493.8 2511223 -1459936.5 
-0.00991691 1.4876898 3722.5832 81594.646 -163517.84 142968.55 482584.9 -2192315.7 2532327.8 -1234473.8 
-0.0099784739 1.5012328 5510.7317 59034.412 -155179.91 151154.3 406266.22 -2132126.1 2479398.4 -1418261.4 
-0.009926388 1.5065535 6013.4461 57245.284 -163938.16 145636.97 417891.82 -2110294.8 2438166.7 -1346837.3 
-0.0098470387 1.505362 5329.2201 60806.732 -158782.41 146693.92 410001.05 -2145024 2504656.8 -1454485.8 
-0.0098470387 1.5053619 5329.2206 60806.732 -158782.41 146693.92 410001.04 -2145024 2504656.8 -1454485.8 
-0.0098470387 1.5053619 5329.2209 60806.732 -158782.41 146693.91 410001.02 -2145024 2504656.8 -1454485.8 
-0.0098470387 1.5053619 5329.2214 60806.732 -158782.42 146693.91 410001.01 -2145024 2504656.8 -1454485.7 
-0.0098470387 1.5053619 5329.2219 60806.732 -158782.42 146693.91 410000.99 -2145024.1 2504656.8 -1454485.7 
-0.0098470386 1.5053619 5329.2224 60806.732 -158782.42 146693.92 410000.98 -2145024.1 2504656.8 -1454485.7 
-0.0098561039 1.5051155 5308.4584 60041.099 -158867.94 146999.43 409409.43 -2144828.6 2500857.2 -1453739.3 
-0.0098663995 1.5041125 5264.9933 61192.58 -159494 145769.6 412156.93 -2144411.2 2502616 -1448294.2 
-0.0098775789 1.5041119 5380.3337 61561.646 -157898.92 145895.47 407172.55 -2140800 2509046.7 -1466905 
-0.0098951293 1.5039825 5444.3539 60621.986 -157898.4 146459.36 406437.01 -2137232.9 2500786.7 -1458585.2 
-0.0098710073 1.5053613 5500.7363 60338.66 -158654.54 146656.32 408272.89 -2137127.7 2496852.2 -1447490.7 
-0.0098600963 1.5058421 5525.3574 60734.229 -159166.55 145301.53 407325.56 -2136128.2 2501546.5 -1459312.6 
-0.0098350406 1.5073085 5634.8153 61072.625 -158102.37 147042.47 407629.33 -2136783.5 2502409.6 -1449679.5 
-0.0097803976 1.5097239 5602.0839 60163.669 -158716.76 147683.35 407780.18 -2142578.4 2504469.3 -1454797.3 
-0.0097716809 1.5101976 5626.8859 60275.743 -159830.66 146361.29 408583.82 -2140938.4 2503981.8 -1455659.4 
-0.0097862758 1.5088298 5523.5321 60891.292 -158749.84 148453.82 412391.53 -2145387.3 2501805.9 -1433336.5 
-0.0099333084 1.5021905 5396.6183 60482.148 -156283.67 146676.82 401568.04 -2136494.1 2505919.1 -1480213.3 
-0.010055729 1.4999008 5717.2675 56449.614 -156329.08 148009.94 396928.1 -2114631.1 2466153 -1445662.8 
-0.009946944 1.5043528 5582.8072 54763.863 -162221.87 145784.84 406785.12 -2123072.9 2455572 -1421859 
