-0.0056723946 0.81379816 7106.5324 30834.925 -108954.97 106958.77 247245.97 -1389814.8 1650801.7 -962452.6 
-0.0056723945 0.81379814 7106.5321 30834.925 -108954.96 106958.77 247245.96 -1389814.7 1650801.7 -962452.59 
-3.1109855e+218 4.6865153e+219 2.6847229e+225 -1.39764e+226 -2.0228558e+226 -4.1454832e+225 3.0947639e+226 1.3624435e+227 -2.6084717e+227 4.2228208e+227 
-0.0056723944 0.81379812 7106.5319 30834.925 -108954.96 106958.77 247245.94 -1389814.7 1650801.7 -962452.57 
-3.1111338e+218 4.6865064e+219 2.6847942e+225 -1.39772e+226 -2.0228572e+226 -4.1455581e+225 3.0945522e+226 1.3624834e+227 -2.608519e+227 4.2228006e+227 
-0.0056723945 0.81379813 7106.5326 30834.926 -108954.97 106958.78 247245.93 -1389814.8 1650801.7 -962452.58 
-0.0056723945 0.81379813 7106.533 30834.926 -108954.97 106958.78 247245.92 -1389814.8 1650801.7 -962452.58 
-1.7296102e+175 -1.3385539e+177 -1.467857e+182 -4.321695e+182 -1.8341857e+182 5.7389375e+182 2.0782703e+183 -3.4489228e+183 -3.8828701e+183 8.5388885e+183 
-1.1217552e+238 -6.7375928e+239 -1.1180488e+244 5.3957314e+245 -4.6747918e+245 -1.5398848e+246 -4.542147e+245 1.8707449e+246 3.0704467e+246 -8.8110828e+246 
-5.7388874e+237 8.6452938e+238 4.9525536e+244 -2.5782501e+245 -3.7315962e+245 -7.6472427e+244 5.708963e+245 2.5133226e+246 -4.8118917e+246 7.7899087e+246 
-0.0056723945 0.81379814 7106.5321 30834.925 -108954.96 106958.77 247245.96 -1389814.7 1650801.7 -962452.59 
-0.0056666095 0.81346977 6716.1043 25420.983 -102879.28 126191.93 261310.09 -1419118.1 1604940.5 -821957.61 
-0.0055377167 0.82063798 6995.2292 24374.721 -102671.96 126490.05 253709.94 -1421537.4 1619834.7 -862878.33 
-0.00567655 0.81256351 6666.7076 26387.234 -104821.3 122088.7 261030.5 -1415997.5 1611688.8 -843439.67 
-0.0058704332 0.80369515 6295.5236 22662.294 -102509.84 124820.43 256077.54 -1413074.2 1587365.2 -837951.53 
-0.0058681998 0.80673242 7033.0801 25332.657 -102767.19 119356.86 247222.27 -1385699.7 1596719.3 -869095.59 
-0.0057528625 0.81356584 7304.3985 22880.829 -100284.71 128544.23 251126.37 -1394509.2 1580033.5 -807964.53 
-0.0056485493 0.81222344 6246.7328 24238.061 -99484.688 129813.59 255436.96 -1440565.1 1625788.6 -869076.24 
-0.0058795849 0.79817735 5288.2471 22779.246 -111063.35 123431.59 289916.37 -1439157.5 1555717.3 -722104.53 
-0.0057261941 0.82442236 8211.4892 5444.8541 -97730.867 149240.93 245394.6 -1378165.6 1462876.1 -650378.94 
-0.0060875018 0.80813207 9111.8954 24941.288 -94308.461 117207.11 206788.85 -1301082.6 1577819.5 -926269.48 
-0.0060999523 0.80077019 7235.5206 17254.854 -107855.22 108584.82 222554.95 -1344888.6 1562119.3 -963411.14 
-0.0057084785 0.81780368 7758.3198 23931.866 -108299.83 105656.36 221310.8 -1362493.2 1634281.9 -1037317.9 
-0.0055728456 0.82021217 7314.124 27179.193 -118851.35 102619.74 260989.09 -1381551.5 1609783.3 -895607.01 
-0.0062496301 0.79710325 8116.9189 22993.489 -113431.43 101430.67 242504.42 -1295505.5 1512729 -819987.4 
-0.0059536576 0.80250794 7092.6897 29009.198 -108645.96 104588.51 243080.8 -1362928.7 1614496.9 -940609.67 
-0.0060449248 0.80033344 7266.5043 26167.573 -103327.78 111968.03 236346.97 -1356732.8 1593546.8 -913509.78 
-0.0058964493 0.80426774 6944.5069 28575.102 -110244.66 106217.06 251354.44 -1372993.9 1608053.9 -907334.48 
-0.0059135284 0.80413412 7011.1905 28027.988 -111241.56 102388.06 243799.63 -1365737.1 1615046.4 -953590.87 
-0.0059298846 0.80370624 6994.5935 26726.989 -108399.83 107048.92 242116.15 -1369527.6 1608876.2 -939234.72 
-0.0060178318 0.80255396 7617.9954 28598.316 -107296.46 105381.24 238964.17 -1341128.5 1595389.1 -914451.25 
-0.0058564873 0.80770457 7268.8516 28279.817 -110944.31 104394.19 246168.14 -1364068.7 1610740.6 -927570.07 
-0.0059599826 0.80164861 6855.0416 27047.805 -104445.01 108320.82 232175.79 -1374893.5 1629940.3 -993174.67 
-0.0057985376 0.81095729 7470.7147 28803.702 -108970.01 106720.38 243686.26 -1365678.1 1618904.2 -931260.76 
-0.0061296271 0.79353213 6757.7589 28605.393 -104661.02 106774.43 238466.77 -1362071.6 1609859.4 -947283.6 
-0.0058758995 0.8112007 7959.7328 25480.267 -108279.02 107534.42 234797.34 -1342618.8 1591352.7 -921122.59 
-0.0060506229 0.79392829 6363.0958 31685.313 -106525.97 104530.71 247121.26 -1380341.2 1633752.7 -957512.29 
-0.0057780457 0.81586541 8016.8379 24662.066 -111083.42 106864.7 238727.74 -1347062.3 1589380 -912622.55 
-0.0059491772 0.79854412 6430.7246 31669.773 -107925.24 104228.57 248549.25 -1386141.2 1641177.9 -963869.6 
-0.0056494064 0.8166375 7337.1195 28532.038 -111979.62 106770.05 250946.07 -1381568.8 1626074.7 -924668.07 
-0.0064028594 0.76770554 4960.8195 45752.984 -91457.728 102790.33 236437.23 -1407263.6 1736910.4 -1097935.5 
-0.0058361043 0.81201326 7760.8958 25595.721 -101332.91 103648.3 196787.11 -1354342.1 1674237.1 -1161472.6 
-0.005682148 0.81461405 7328.4132 30111.48 -96854.654 117718.97 226069.35 -1396648.3 1677195.1 -1019099.5 
-0.005827967 0.80763795 6857.1575 25878.115 -102083.04 108173.98 215369.35 -1387713.5 1670429.5 -1103302.8 
-0.0057773088 0.80917297 6925.1073 28582.685 -105790.11 109339.38 238741.55 -1389360.7 1646453.5 -985681.7 
-0.0057652127 0.80571578 6318.2799 31416.929 -103284.58 111311.63 243508.72 -1414273.3 1674478.1 -1002460.1 
-0.0057337421 0.80627872 6209.5112 32396.078 -106011.61 105856.46 241691.89 -1415381.5 1691146.9 -1048172.5 
-0.0057647715 0.80618415 6544.9633 33732.517 -101319.8 109322.9 235984.3 -1407340.4 1694964.7 -1044231.9 
-0.0059262227 0.80194596 6826.6201 29983.73 -100701.28 111612.96 233356.36 -1384436.1 1649530.7 -991970.96 
-0.0058903301 0.80577494 7093.8353 26873.779 -106443.82 110108.7 241529.47 -1373265 1612280.3 -931991.5 
-0.0057496057 0.80926651 6831.041 30437.993 -107047.59 108961.47 247218.29 -1394454.3 1647756 -958047.47 
-0.0057162134 0.81101194 6906.0373 30635.351 -105664.63 108504.65 239846.8 -1395580.8 1664353.1 -1001346.6 
-0.005658377 0.81482506 7039.3248 28204.678 -108505.17 110680.42 248105.99 -1395442.3 1637521.4 -941694.99 
-0.0056474719 0.81287251 6733.9204 31005.102 -110623.9 108812.27 259735.98 -1404672.2 1643155.2 -916189.26 
-0.0056798772 0.80845397 6330.1193 34492.173 -108921.46 105441.66 255757.2 -1414766.7 1679825.9 -982074.8 
-0.0057610718 0.80496826 6356.506 35106.729 -104531.79 107170.71 247105.51 -1410754.6 1688734.4 -1009111.9 
-0.0059547689 0.80069428 6848.0667 30665.111 -103248.24 107505.46 234992.97 -1376841.4 1646566.1 -994465.39 
-0.0061284314 0.79633545 7324.5794 29024.091 -103029.88 105085.65 226763.04 -1343432.5 1616480.6 -982836.18 
-0.0062333779 0.79140607 7316.6948 30650.367 -105826.67 100907.01 234128.26 -1330010.8 1599987.5 -946538.39 
-0.0059921761 0.81412015 9212.8549 20967.857 -111656.14 101378.42 218641.04 -1282997.4 1542095.6 -917411.67 
-0.0058041049 0.81045259 6995.604 22310.337 -102329.39 109768.26 209743.14 -1385211.6 1658651.5 -1111162.4 
-0.0056834747 0.81239991 6992.4034 32021.63 -110542.37 105166.6 252619.89 -1390664.7 1650039.5 -949308.96 
-0.0056236965 0.8072964 5483.9244 32189.158 -103757.56 109889.43 242181.38 -1453420.5 1724992.7 -1094429.1 
-0.005835288 0.80837008 7337.7799 29988.217 -107658.52 106841.1 243594.71 -1368014.9 1625675.6 -937436.67 
-0.005686208 0.80356413 5703.9382 38889.453 -108506.98 108711.6 277111.65 -1438752 1684280.8 -907418.65 
-0.0057976478 0.81087239 7433.31 28599.943 -109275.4 106639.61 244212.87 -1366681.7 1618034.2 -930533.86 
-0.005610544 0.80463861 6006.016 49787.326 -118768.78 108230.82 342691.73 -1432122.3 1624870.5 -584135.6 
-0.0057005158 0.81412812 7295.0677 28974.967 -109507.53 107892.24 247081.55 -1380836.1 1630907.4 -936881.26 
-0.0057653437 0.80544647 7131.8989 44418.061 -122350.34 107551.67 341269.47 -1376760.6 1542161.4 -478705.32 
-0.0057428249 0.81239021 7170.7544 26823.673 -110277.49 108739.13 248189.47 -1380608.4 1615108.8 -921102.13 
-0.0058823769 0.80211828 7206.118 40742.65 -117315.04 107748.7 315184.4 -1365969.9 1552949.3 -582384.09 
-0.0057307617 0.81289546 7225.0837 27766.22 -111730.37 106751.49 250607.68 -1377858 1615944.2 -917193.39 
-0.0059199387 0.80017303 6936.9994 37960.589 -117337.87 104067.67 299806.39 -1367982.4 1569671.4 -680705.55 
-0.0057368552 0.81235795 7247.4073 29066.561 -111176.5 105741.8 249364.71 -1376588.2 1624424.7 -929630.38 
-0.0059972578 0.80136694 7152.693 27647.031 -118815.22 101607.06 272518.43 -1348145.4 1544738.9 -776243.62 
-0.005800637 0.81042838 7351.1145 28299.777 -109836.67 106563.32 245758.15 -1368627.4 1615648.9 -926110.02 
-0.0059744704 0.80649591 7529.3254 20646.069 -96388.69 111377.39 189443.15 -1356656.8 1649262.2 -1146855.6 
-0.0054459665 0.82498609 7264.0444 27870.223 -109342.15 111768.51 246378.86 -1407292 1657376.4 -967908.25 
-0.0057421886 0.79612896 5499.8765 51623.14 -113690.89 103233.82 319831.41 -1437113.9 1678481.1 -742445.55 
-0.0058037526 0.80967197 7288.0255 29062.906 -105352.97 111419.57 243512.73 -1376924.3 1625551.7 -926233.18 
-0.005751667 0.81499274 7790.7422 27273.778 -114111.22 105902.24 255138.3 -1355093.3 1584320.2 -854808.97 
-0.0056723177 0.81380115 7106.5156 30835.227 -108955.47 106959.18 247247.53 -1389822.4 1650810.2 -962457.47 
-0.0056723176 0.81380114 7106.5157 30835.227 -108955.47 106959.19 247247.52 -1389822.3 1650810.2 -962457.45 
-0.0056723176 0.81380113 7106.5159 30835.227 -108955.48 106959.19 247247.51 -1389822.3 1650810.2 -962457.45 
-0.0056723175 0.81380112 7106.5159 30835.227 -108955.48 106959.19 247247.5 -1389822.3 1650810.2 -962457.43 
-0.0056723174 0.8138011 7106.516 30835.226 -108955.48 106959.19 247247.49 -1389822.3 1650810.1 -962457.42 
-0.0056723173 0.81380108 7106.5161 30835.226 -108955.47 106959.19 247247.48 -1389822.3 1650810.1 -962457.4 
-0.0056813826 0.8135547 7085.7518 30069.593 -109040.99 107264.7 246655.94 -1389626.8 1647010.5 -961711.04 
-0.0056916782 0.81255164 7042.2869 31221.074 -109667.06 106034.88 249403.44 -1389209.4 1648769.4 -956265.95 
-0.0057028577 0.81255108 7157.628 31590.14 -108071.97 106160.75 244419.07 -1385598.3 1655200.1 -974876.81 
-0.0057204083 0.81242173 7221.6506 30650.48 -108071.47 106724.64 243683.5 -1382031.3 1646940.2 -966556.91 
-0.0056962863 0.81380045 7278.0327 30367.154 -108827.61 106921.59 245519.38 -1381926.1 1643005.7 -955462.4 
-0.0056853752 0.81428131 7302.6533 30762.723 -109339.62 105566.81 244572.05 -1380926.6 1647699.9 -967284.26 
-0.0056603195 0.81574772 7412.1108 31101.12 -108275.43 107307.75 244875.82 -1381581.9 1648563.1 -957651.16 
-0.0056056765 0.81816309 7379.3787 30192.163 -108889.82 107948.62 245026.67 -1387376.7 1650622.7 -962769 
-0.0055969597 0.81863676 7404.1799 30304.237 -110003.72 106626.56 245830.32 -1385736.7 1650135.1 -963631.15 
-0.0056115545 0.81726895 7300.8258 30919.787 -108922.9 108719.09 249638.03 -1390185.6 1647959.3 -941308.19 
-0.0057585871 0.81062965 7173.9121 30510.642 -106456.73 106942.09 238814.55 -1381292.4 1652072.4 -988185.04 
-0.005881008 0.80834 7494.5618 26478.108 -106502.14 108275.21 234174.62 -1359429.4 1612306.4 -953634.61 
-0.0057722228 0.81279194 7360.102 24792.356 -112394.93 106050.11 244031.64 -1367871.2 1601725.4 -929830.78 
