-0.0090120373 1.3670224 5684.8872 54811.244 -148816.31 138748.2 377441.6 -1993956 2333861 -1356067.1 
-0.0090120372 1.3670224 5684.8875 54811.243 -148816.31 138748.21 377441.59 -1993956 2333861 -1356067.1 
-3.1109855e+218 4.6865153e+219 2.6847229e+225 -1.39764e+226 -2.0228558e+226 -4.1454832e+225 3.0947639e+226 1.3624435e+227 -2.6084717e+227 4.2228208e+227 
-0.0090120372 1.3670223 5684.8881 54811.243 -148816.32 138748.23 377441.57 -1993956 2333861 -1356067.1 
-3.1111338e+218 4.6865064e+219 2.6847942e+225 -1.39772e+226 -2.0228572e+226 -4.1455581e+225 3.0945522e+226 1.3624834e+227 -2.608519e+227 4.2228006e+227 
-0.0090120374 1.3670224 5684.8882 54811.246 -148816.33 138748.25 377441.56 -1993956 2333861.1 -1356067.1 
-0.0090120375 1.3670224 5684.8884 54811.247 -148816.33 138748.25 377441.55 -1993956 2333861.2 -1356067.1 
-1.7296102e+175 -1.3385539e+177 -1.467857e+182 -4.321695e+182 -1.8341857e+182 5.7389375e+182 2.0782703e+183 -3.4489228e+183 -3.8828701e+183 8.5388885e+183 
-1.1217552e+238 -6.7375928e+239 -1.1180488e+244 5.3957314e+245 -4.6747918e+245 -1.5398848e+246 -4.542147e+245 1.8707449e+246 3.0704467e+246 -8.8110828e+246 
-5.7388874e+237 8.6452938e+238 4.9525536e+244 -2.5782501e+245 -3.7315962e+245 -7.6472427e+244 5.708963e+245 2.5133226e+246 -4.8118917e+246 7.7899087e+246 
-0.0090120372 1.3670224 5684.8875 54811.243 -148816.31 138748.21 377441.59 -1993956 2333861 -1356067.1 
-0.0090062522 1.366694 5294.4605 49397.3 -142740.63 157981.38 391505.71 -2023259.3 2287999.8 -1215572.1 
-0.0088773594 1.3738622 5573.5859 48351.039 -142533.31 158279.5 383905.56 -2025678.7 2302894.1 -1256492.8 
-0.0090161928 1.3657877 5245.064 50363.552 -144682.66 153878.16 391226.12 -2020138.8 2294748.2 -1237054.1 
-0.0092100761 1.3569194 4873.8797 46638.613 -142371.2 156609.89 386273.16 -2017215.4 2270424.7 -1231566 
-0.0092078427 1.3599567 5611.4361 49308.977 -142628.55 151146.33 377417.89 -1989841 2279778.8 -1262710.1 
-0.0090925055 1.3667901 5882.7544 46857.15 -140146.07 160333.7 381321.99 -1998650.5 2263093 -1201579 
-0.0089881924 1.3654477 4825.0887 48214.382 -139346.05 161603.07 385632.58 -2044706.3 2308848.1 -1262690.7 
-0.009219228 1.3514016 3866.6027 46755.568 -150924.71 155221.08 420112 -2043298.8 2238776.9 -1115719 
-0.0090658372 1.3776466 6789.844 29421.176 -137592.23 181030.41 375590.23 -1982306.9 2145935.6 -1043993.4 
-0.0094271445 1.3613563 7690.2515 48917.606 -134169.81 148996.56 336984.48 -1905223.8 2260878.8 -1319884 
-0.009439595 1.3539944 5813.8772 41231.172 -147716.57 140374.27 352750.57 -1949029.9 2245178.7 -1357025.6 
-0.0090481213 1.3710279 6336.6765 47908.184 -148161.19 137445.81 351506.42 -1966634.5 2317341.3 -1430932.4 
-0.0089124884 1.3734364 5892.4801 51155.512 -158712.7 134409.2 391184.7 -1985692.8 2292842.7 -1289221.5 
-0.0095892729 1.3503275 6695.2749 46969.809 -153292.79 133220.14 372700.04 -1899646.8 2195788.5 -1213601.9 
-0.0092933006 1.3557322 5671.0457 52985.518 -148507.32 136377.98 373276.42 -1967069.9 2297556.4 -1334224.1 
-0.0093845679 1.3535577 5844.8603 50143.893 -143189.15 143757.51 366542.59 -1960874 2276606.4 -1307124.3 
-0.0092360924 1.357492 5522.8631 52551.422 -150106.03 138006.55 381550.07 -1977135.1 2291113.6 -1300949 
-0.0092531716 1.3573584 5589.5462 52004.309 -151102.93 134177.55 373995.26 -1969878.3 2298106 -1347205.4 
-0.0092695277 1.3569305 5572.9485 50703.311 -148261.2 138838.41 372311.77 -1973668.8 2291935.8 -1332849.2 
-0.0093574746 1.3557782 6196.3516 52574.634 -147157.81 137170.69 369159.8 -1945269.7 2278448.5 -1308065.7 
-0.0091961301 1.3609288 5847.208 52256.136 -150805.67 136183.65 376363.76 -1968209.9 2293800 -1321184.5 
-0.0092996254 1.3548728 5433.3977 51024.123 -144306.36 140110.28 362371.41 -1979034.7 2312999.7 -1386789.1 
-0.0091381804 1.3641815 6049.0705 52780.021 -148831.36 138509.85 373881.88 -1969819.4 2301963.7 -1324875.2 
-0.00946927 1.3467564 5336.1148 52581.713 -144522.38 138563.9 368662.39 -1966212.8 2292918.9 -1340898.1 
-0.0092155425 1.3644249 6538.0887 49456.588 -148140.38 139323.9 364992.96 -1946760 2274412.3 -1314737.1 
-0.009390266 1.3471525 4941.4517 55661.634 -146387.34 136320.19 377316.88 -1984482.5 2316812.3 -1351126.8 
-0.0091176888 1.3690897 6595.1938 48638.387 -150944.79 138654.2 368923.36 -1951203.6 2272439.7 -1306237 
-0.0092888204 1.3517684 5009.0803 55646.095 -147786.61 136018.07 378744.88 -1990282.4 2324237.6 -1357484.1 
-0.0089890496 1.3698618 5915.4747 52508.359 -151840.99 138559.55 381141.7 -1985710.1 2309134.3 -1318282.6 
-0.0097425023 1.3209298 3539.1754 69729.303 -131319.08 134579.78 366632.85 -2011404.8 2419969.8 -1491550 
-0.0091757472 1.3652375 6339.2519 49572.04 -141194.27 135437.76 326982.73 -1958483.3 2357296.6 -1555087.1 
-0.0090217909 1.3678383 5906.7692 54087.799 -136716.01 149508.43 356264.97 -2000789.5 2360254.6 -1412713.9 
-0.0091676099 1.3608622 5435.5134 49854.434 -141944.4 139963.45 345564.97 -1991854.7 2353489 -1496917.2 
-0.0091169518 1.3623972 5503.4634 52559.004 -145651.48 141128.86 368937.17 -1993501.9 2329513.1 -1379296.2 
-0.0091048558 1.35894 4896.636 55393.25 -143145.95 143101.12 373704.35 -2018414.6 2357537.7 -1396074.7 
-0.0090733853 1.359503 4787.8671 56372.399 -145872.98 137645.96 371887.51 -2019522.7 2374206.6 -1441787 
-0.0091044147 1.3594084 5123.3192 57708.838 -141181.17 141112.4 366179.92 -2011481.6 2378024.4 -1437846.5 
-0.0092658659 1.3551702 5404.976 53960.051 -140562.66 143402.47 363551.99 -1988577.4 2332590.5 -1385585.5 
-0.0092299733 1.3589992 5672.1909 50850.1 -146305.2 141898.21 371725.1 -1977406.3 2295340.1 -1325606.1 
-0.0090892486 1.3624907 5409.3966 54414.313 -146908.95 140750.93 377413.91 -1998595.6 2330815.4 -1351662 
-0.0090558563 1.3642362 5484.3933 54611.671 -145525.98 140294.12 370042.42 -1999722.1 2347412.6 -1394961.1 
-0.0089980199 1.3680493 5617.6809 52180.998 -148366.54 142469.89 378301.61 -1999583.5 2320580.9 -1335309.5 
-0.0089871149 1.3660968 5312.2763 54981.422 -150485.26 140601.75 389931.6 -2008813.4 2326214.8 -1309803.7 
-0.0090195203 1.3616782 4908.4754 58468.493 -148782.83 137231.15 385952.83 -2018908 2362885.6 -1375689.3 
-0.0091007149 1.3581925 4934.8621 59083.05 -144393.16 138960.2 377301.14 -2014895.8 2371794.1 -1402726.4 
-0.0092944121 1.3539186 5426.4225 54641.432 -143109.61 139294.96 365188.59 -1980982.7 2329625.8 -1388079.9 
-0.0094680746 1.3495597 5902.9352 53000.413 -142891.26 136875.16 356958.66 -1947573.7 2299540.3 -1376450.7 
-0.0095730211 1.3446303 5895.0509 54626.689 -145688.05 132696.53 364323.89 -1934152 2283047.3 -1340153 
-0.0093318193 1.3673444 7791.211 44944.178 -151517.52 133167.94 348836.67 -1887138.6 2225155.4 -1311026.3 
-0.0091437479 1.3636768 5573.9594 46286.658 -142190.75 141557.73 339938.76 -1989352.9 2341711 -1504776.9 
-0.0090231177 1.3656242 5570.7593 55997.95 -150403.73 136956.08 382815.51 -1994805.9 2333099.1 -1342923.4 
-0.0089633396 1.3605206 4062.2805 56165.479 -143618.92 141678.91 372377 -2057561.8 2408052.3 -1488043.5 
-0.0091749311 1.3615943 5916.1358 53964.538 -147519.89 138630.58 373790.33 -1972156.1 2308735.3 -1331051.1 
-0.0090258512 1.3567884 4282.294 62865.774 -148368.35 140501.09 407307.27 -2042893.2 2367340.4 -1301033.1 
-0.009137291 1.3640967 6011.6658 52576.264 -149136.77 138429.12 374408.49 -1970823 2301093.9 -1324148.4 
-0.0089501872 1.3578629 4584.3717 73763.648 -158630.16 140020.33 472887.35 -2036263.5 2307930.3 -977750.12 
-0.0090401591 1.3673524 5873.4236 52951.29 -149368.9 139681.76 377277.17 -1984977.4 2313967.2 -1330495.8 
-0.009104987 1.3586707 5710.2552 68394.383 -162211.72 139341.19 471465.1 -1980901.9 2225221.2 -872319.92 
-0.0090824681 1.3656145 5749.1106 50799.995 -150138.87 140528.66 378385.11 -1984749.7 2298168.6 -1314716.8 
-0.0092220199 1.3553425 5784.4734 64718.971 -157176.41 139538.18 445380.02 -1970111.1 2236008.8 -975998.58 
-0.0090704047 1.3661197 5803.4396 51742.54 -151591.74 138540.98 380803.3 -1981999.3 2299003.8 -1310807.9 
-0.0092595818 1.3533973 5515.3555 61936.91 -157199.24 135857.16 430002.01 -1972123.7 2252731 -1074320.1 
-0.0090764983 1.3655822 5825.7632 53042.882 -151037.87 137531.29 379560.33 -1980729.4 2307484.4 -1323244.9 
-0.009336901 1.3545912 5731.0489 51623.352 -158676.6 133396.57 402714.06 -1952286.7 2227798.6 -1169858.1 
-0.0091402802 1.3636527 5929.4703 52276.099 -149698.05 138352.83 375953.78 -1972768.6 2298708.7 -1319724.6 
-0.0093141136 1.3597202 6107.6813 44622.392 -136250.07 143166.9 319638.77 -1960798 2332322 -1540470.1 
-0.0087856098 1.3782104 5842.4007 51846.545 -149203.54 143558.04 376574.49 -2011433.3 2340436.2 -1361522.8 
-0.0090818319 1.3493532 4078.233 75599.462 -153552.28 135023.36 450027.04 -2041255.1 2361541 -1136060.2 
-0.0091433959 1.3628962 5866.3816 53039.228 -145214.35 143209.1 373708.37 -1981065.6 2308611.5 -1319847.9 
-0.00909131 1.368217 6369.0973 51250.1 -153972.59 137691.72 385333.93 -1959234.5 2267379.7 -1248423.5 
-0.0090119608 1.3670254 5684.8712 54811.548 -148816.84 138748.67 377443.16 -1993963.6 2333869.8 -1356072 
-0.0090119607 1.3670254 5684.8714 54811.548 -148816.84 138748.68 377443.15 -1993963.6 2333869.8 -1356072 
-0.0090119607 1.3670254 5684.8715 54811.548 -148816.85 138748.69 377443.14 -1993963.6 2333869.9 -1356072 
-0.0090119607 1.3670254 5684.8718 54811.548 -148816.85 138748.7 377443.13 -1993963.6 2333869.9 -1356072 
-0.0090119606 1.3670254 5684.8721 54811.548 -148816.85 138748.71 377443.12 -1993963.6 2333869.9 -1356072 
-0.0090119606 1.3670254 5684.8724 54811.548 -148816.86 138748.71 377443.11 -1993963.6 2333869.9 -1356072 
-0.0090210259 1.366779 5664.1082 54045.916 -148902.38 139054.23 376851.57 -1993768.1 2330070.3 -1355325.7 
-0.0090313215 1.3657759 5620.6431 55197.397 -149528.44 137824.41 379599.08 -1993350.6 2331829.2 -1349880.6 
-0.0090425009 1.3657754 5735.9836 55566.463 -147933.35 137950.28 374614.71 -1989739.5 2338259.9 -1368491.5 
-0.0090600514 1.365646 5800.0051 54626.802 -147932.83 138514.12 373879.12 -1986172.5 2329999.8 -1360171.4 
-0.0090359294 1.3670247 5856.3875 54343.476 -148688.97 138711.07 375715.01 -1986067.4 2326065.3 -1349076.9 
-0.0090250184 1.3675056 5881.0083 54739.045 -149200.98 137356.3 374767.68 -1985067.8 2330759.5 -1360898.8 
-0.0089999626 1.368972 5990.4659 55077.441 -148136.8 139097.25 375071.45 -1985723.1 2331622.8 -1351265.7 
-0.0089453197 1.3713874 5957.7343 54168.485 -148751.19 139738.13 375222.3 -1991517.9 2333682.4 -1356383.6 
-0.0089366029 1.371861 5982.536 54280.559 -149865.1 138416.08 376025.96 -1989877.9 2333194.9 -1357245.8 
-0.0089511978 1.3704932 5879.182 54896.109 -148784.28 140508.62 379833.67 -1994326.8 2331019.1 -1334922.8 
-0.0090982304 1.3638539 5752.2682 54486.965 -146318.11 138731.62 369010.19 -1985433.6 2335132.3 -1381799.7 
-0.0092206513 1.3615643 6072.9174 50454.431 -146363.52 140064.74 364370.26 -1963570.6 2295366.2 -1347249.3 
-0.009111866 1.3660162 5938.4572 48768.679 -152256.3 137839.64 374227.29 -1972012.4 2284785.2 -1323445.5 
