422.94809 472.95059 522.95794 572.96954 622.9838 4.4759382e-91 4.4759382e-91 4.4759382e-91 4.4759382e-91 9.1590339e-259 
422.94808 472.95058 522.95793 572.96954 622.9838 6.01347e-154 6.01347e-154 6.01347e-154 6.01347e-154 3.6585065e-258 
422.94807 472.95056 522.95792 572.96953 622.9838 6.1996246e+223 1.2761797e-152 2.1165021e+214 6.01347e-154 3.6585065e-258 
422.94807 472.95056 522.95792 572.96954 622.98381 6.0135956e-154 6.01347e-154 6.01347e-154 6.01347e-154 3.6585065e-258 
422.94808 472.95057 522.95792 572.96954 622.98382 6.199766e+223 1.3849771e+219 6.01347e-154 6.01347e-154 3.6585065e-258 
422.94808 472.95057 522.95792 572.96955 622.98383 6.01347e-154 6.01347e-154 6.01347e-154 6.01347e-154 3.6585065e-258 
422.94809 472.95057 522.95792 572.96956 622.98384 4.4759382e-91 4.4759382e-91 4.4759382e-91 4.4759382e-91 1.2668273e-259 
422.94809 472.95057 522.95791 572.96957 622.98385 6.01347e-154 2.4455971e-154 1.4551798e-152 2.5827657e-144 2.3834503e+180 
422.9481 472.95058 522.95792 572.96957 622.98385 6.0133454e-154 4.8240654e+228 1.4796609e-76 1.6750077e+243 9.7539466e+199 
422.9481 472.95058 522.95792 572.96958 622.98386 1.1436552e+243 3.7774601e-258 8.8099864e-106 8.8099864e-106 8.8099864e-106 
422.94808 472.95058 522.95793 572.96954 622.9838 8.8099864e-106 1.2676132e-259 1.423901e-105 1.4260258e-105 1.4260258e-105 
422.94807 472.95056 522.95792 572.96953 622.9838 1.4260258e-105 9.7572646e-154 4.4469332 -15.580445 9.8205735 
422.94806 472.95056 522.95791 572.96953 622.9838 -2.4704147 -0.095313655 -0.089605926 -20.533823 2.2483737 
422.94807 472.95056 522.95791 572.96954 622.98381 -0.01350395 -0.62732707 3.0585307 -12.048768 9.5968658 
422.94808 472.95056 522.95791 572.96954 622.98382 3.9816825 7.9052865 7.4366908 -9.4861328 20.925805 
422.94808 472.95056 522.95791 572.96955 622.98383 7.3482454 8.8159143 9.4158523 -4.950266 11.730287 
422.94808 472.95056 522.95791 572.96956 622.98384 7.4035557 6.8132763 8.9268097 -16.220446 8.1519841 
422.94808 472.95056 522.95791 572.96956 622.98385 -6.8331978 2.8947799 3.838566 -18.510771 13.050815 
422.94809 472.95057 522.95791 572.96957 622.98386 4.8686543 -3.782919 1.8440561 -8.2416463 34.138716 
422.9481 472.95058 522.95792 572.96958 622.98386 26.204945 17.673645 5.6576606 -41.65088 9.3621916 
422.94807 472.95056 522.95792 572.96953 622.9838 23.511808 27.496419 24.705919 2.1450199 -3.063847 
422.94806 472.95056 522.95791 572.96953 622.9838 21.240807 24.723525 4.6706325 4.4690209 17.153413 
422.94806 472.95055 522.95791 572.96953 622.9838 7.6290626 12.353371 -3.3353036 -2.2958376 -4.8583963 
422.94807 472.95056 522.95791 572.96954 622.98381 8.4998017 -6.6868669 -10.856413 -3.3354027 -2.1962483 
422.94808 472.95056 522.95791 572.96955 622.98382 36.622688 17.489071 13.223182 15.786947 15.025225 
422.94808 472.95056 522.95791 572.96955 622.98383 10.010028 8.7022087 7.432687 9.3033069 10.276482 
422.94808 472.95056 522.9579 572.96956 622.98384 13.248357 15.47207 13.617648 5.8138048 13.400145 
422.94808 472.95056 522.9579 572.96956 622.98385 9.2420604 4.8259981 4.8752121 6.1250369 10.99946 
422.94808 472.95056 522.9579 572.96957 622.98386 9.9535809 7.5552484 3.1153559 8.8534321 9.7336785 
422.94809 472.95057 522.95791 572.96958 622.98386 9.718631 9.7724422 5.4410461 5.7131706 11.377002 
422.94807 472.95056 522.95792 572.96954 622.98381 16.125214 11.770362 11.773969 10.166856 8.0644729 
422.94807 472.95056 522.95791 572.96954 622.98381 10.545692 5.3983415 3.133288 5.6456037 6.0668797 
422.94807 472.95056 522.95791 572.96954 622.98381 5.5063701 14.204085 7.9953062 6.4965673 12.147948 
422.94808 472.95056 522.95791 572.96955 622.98382 8.693182 4.928023 3.7673064 2.577308 2.0191492 
422.94808 472.95056 522.95791 572.96955 622.98383 10.472576 15.288298 14.444559 13.687442 19.167362 
422.94808 472.95056 522.9579 572.96956 622.98384 16.575587 11.179984 5.6786233 2.1829985 1.1712504 
422.94808 472.95056 522.9579 572.96956 622.98385 4.1200755 8.9146188 11.566641 14.679742 19.090216 
422.94808 472.95056 522.9579 572.96957 622.98386 16.417216 7.5766507 0.53978349 -1.1624959 -2.0006122 
422.94808 472.95056 522.9579 572.96957 622.98386 2.2072757 5.8600687 7.5908552 11.559971 15.022796 
422.94809 472.95057 522.9579 572.96957 622.98387 5.2552458 -1.131232 -3.0449764 -2.3912443 -1.1502658 
422.94808 472.95057 522.95792 572.96954 622.98382 -16.867612 16.269957 35.604856 37.395415 35.195299 
422.94808 472.95056 522.95791 572.96954 622.98382 2.9937095 23.307383 3.6050539 4.7224477 -4.8319665 
422.94808 472.95056 522.95791 572.96955 622.98382 -6.5489528 9.6285775 8.6483067 -6.451797 -2.8880514 
422.94808 472.95056 522.95791 572.96955 622.98383 -2.306135 17.447286 2.6891477 2.1860989 5.3309907 
422.94808 472.95056 522.9579 572.96955 622.98384 0.56210112 6.9245369 3.1364003 0.82570133 5.331926 
422.94808 472.95056 522.9579 572.96956 622.98385 -8.0733294 4.4060992 4.9252706 1.4663955 9.4679486 
422.94808 472.95056 522.95789 572.96956 622.98386 -9.9986487 3.1411314 1.0105573 4.6491001 7.8084534 
422.94808 472.95055 522.95789 572.96957 622.98386 -10.013015 5.7875419 7.2651766 4.1411685 5.2392385 
422.94808 472.95055 522.95789 572.96957 622.98387 0.30062408 12.328258 11.872844 5.2285664 10.428116 
422.94808 472.95056 522.95789 572.96957 622.98387 8.1700918 9.376205 6.4233906 2.5761867 9.3658949 
422.94808 472.95057 522.95792 572.96955 622.98383 -0.55481878 2.477368 3.0128389 1.2055288 5.4588265 
422.94808 472.95056 522.95791 572.96955 622.98383 -3.1431365 4.1266969 2.3504699 0.70348765 2.4029032 
422.94808 472.95056 522.95791 572.96955 622.98383 0.84431272 0.96380829 -1.1969523 -4.3710294 1.7899159 
422.94808 472.95056 522.9579 572.96956 622.98384 -1.443131 -4.6958845 -1.4614736 -1.8222329 4.0905691 
422.94808 472.95056 522.9579 572.96956 622.98385 -8.3607062 -4.1487789 0.40002709 4.0058238 5.9662242 
422.94808 472.95055 522.95789 572.96956 622.98386 -9.4347344 0.94095285 5.9273644 6.0940697 7.3838563 
422.94808 472.95055 522.95789 572.96957 622.98386 2.4513364 11.54305 10.969593 9.0426535 10.722195 
422.94808 472.95055 522.95788 572.96957 622.98387 12.573713 18.769788 16.177577 14.741173 12.435627 
422.94807 472.95055 522.95788 572.96956 622.98387 17.516414 17.427237 18.707013 21.459485 16.172241 
422.94807 472.95055 522.95788 572.96956 622.98387 34.51459 20.033777 5.9594969 6.0537802 -5.8251691 
422.94809 472.95057 522.95792 572.96956 622.98384 7.9841008e-321 20.443115 -0.26139052 -1.7767756 4.2979848 
422.94808 472.95056 522.95791 572.96956 622.98384 0.11838608 -2.3337751 -0.15104597 2.1683362 1.3654725 
422.94808 472.95056 522.9579 572.96956 622.98384 -21.464491 1.3188124 -2.9505893 -0.74497964 10.301232 
422.94808 472.95056 522.9579 572.96956 622.98385 7.1572838 5.4775924 6.1406016 4.5379637 3.9065196 
422.94808 472.95056 522.95789 572.96956 622.98386 -13.714122 -12.569389 4.3032723 4.9405615 12.848943 
422.94808 472.95055 522.95789 572.96957 622.98386 8.7031426 4.8022123 3.315801 2.4931981 2.4458522 
422.94808 472.95055 522.95789 572.96957 622.98387 -4.9267561 -42.378739 9.5459707 7.5205292 12.442772 
422.94808 472.95055 522.95788 572.96957 622.98387 4.4065483 1.5166747 0.24162428 -1.0501094 0.42714964 
422.94807 472.95054 522.95787 572.96956 622.98387 16.592524 -36.652715 12.626495 8.3535961 11.118868 
422.94807 472.95054 522.95787 572.96956 622.98387 6.8899494 3.1716281 -0.35432167 -1.5100549 4.1966604 
422.94809 472.95057 522.95791 572.96957 622.98385 16.976296 -23.026025 15.148291 10.279249 12.597359 
422.94808 472.95056 522.95791 572.96956 622.98385 7.3925068 1.3193833 -1.0910466 -0.18295939 3.0087676 
422.94808 472.95056 522.9579 572.96956 622.98385 15.020659 -15.942415 11.36243 12.712655 14.637391 
422.94808 472.95056 522.9579 572.96957 622.98386 6.3302919 1.2460668 0.032199371 1.4695385 2.1643451 
422.94808 472.95055 522.95789 572.96957 622.98386 23.284012 -0.74252284 3.9546431 10.759074 15.963194 
422.94808 472.95055 522.95788 572.96957 622.98387 8.8019805 4.4649698 2.712895 2.4824802 3.5684316 
422.94808 472.95055 522.95788 572.96957 622.98387 5.6781165 32.507138 8.3776006 1.5891634 4.1632465 
422.94807 472.95054 522.95787 572.96956 622.98387 -3.9855742 -3.4033138 -8.1726676 -12.110024 -7.742604 
422.94807 472.95053 522.95787 572.96956 622.98387 -13.196371 -32.198181 13.258815 17.090359 16.505515 
422.94807 472.95054 522.95787 572.96956 622.98388 5.2210948 5.8115499 6.7903834 0.16625176 4.1280447 
422.9481 472.95058 522.95792 572.96957 622.98385 15.800324 -0.0025007865 2.5345568e-321 6.9186926e-310 6.9186926e-310 
422.94809 472.95057 522.95791 572.96957 622.98386 -0.0025007887 -0.0025007847 -0.0025007806 -0.0025007848 -0.002500788 
422.94808 472.95056 522.9579 572.96957 622.98386 -0.0025007888 -0.0025007816 -0.0025007776 -0.0025007862 -0.0025007851 
422.94808 472.95056 522.9579 572.96957 622.98386 -0.0025007816 -0.0025007769 -0.0025007771 -0.0025007832 -0.0025007844 
422.94808 472.95055 522.95789 572.96957 622.98387 -0.0025007776 -0.0025007771 -0.00250078 -0.0025007793 -0.002500775 
422.94807 472.95055 522.95788 572.96956 622.98387 -0.0025007862 -0.0025007832 -0.0025007793 -0.0025007693 -0.0025007672 
422.94807 472.95054 522.95787 572.96956 622.98387 -0.0025007851 -0.0025007844 -0.002500775 -0.0025007672 -0.0025007776 
422.94807 472.95053 522.95787 572.96956 622.98387 0.62896148 0.78355209 -0.30750269 -0.35186867 0.7862707 
422.94807 472.95054 522.95787 572.96956 622.98388 0.48592085 -0.56262848 0.21949338 1.4256307 1.2525366 
422.94808 472.95055 522.95787 572.96956 622.98388 0.019630237 1.3180428 1.7893349 1.9611456 -0.15187084 
422.9481 472.95058 522.95792 572.96958 622.98386 1.813629 2.4285241 2.048978 1.5281951 0.35248171 
422.9481 472.95058 522.95792 572.96958 622.98386 2.4285275 1.2954026 1.00004 0.35965315 -0.56032224 
422.94809 472.95057 522.95791 572.96958 622.98386 2.0489739 1.0000454 0.25912108 1.1118315 -1.6419464 
422.94809 472.95057 522.9579 572.96957 622.98387 1.5281974 0.35965251 1.1118304 -0.66384104 -3.3248156 
422.94808 472.95056 522.95789 572.96957 622.98387 0.35248228 -0.56031685 -1.6419479 -3.3248158 -4.5499507 
422.94807 472.95055 522.95788 572.96956 622.98387 0.87031504 -1.3153209 -2.6963809 -2.7534321 -5.1644378 
422.94807 472.95054 522.95787 572.96956 622.98387 0.11623997 -2.1999698 -0.6571164 -3.2171545 -3.2485567 
422.94807 472.95054 522.95787 572.96956 622.98388 1.1283338 5.2143572 3.6688863 2.6937507 1.5006804 
422.94808 472.95055 522.95787 572.96956 622.98388 10.628686 11.473497 6.1003763 2.9905689 4.6599498 
422.94808 472.95055 522.95788 572.96956 622.98388 11.473496 5.672051 -2.3585458 -0.25846293 3.6963796 
