-0.0048376634 0.67551905 7462.1163 24841.628 -98991.88 99011.521 214705.99 -1238823.5 1480083.9 -864065.13 
-0.0048376633 0.67551904 7462.1159 24841.628 -98991.876 99011.517 214705.99 -1238823.5 1480083.8 -864065.1 
-3.1109855e+218 4.6865153e+219 2.6847229e+225 -1.39764e+226 -2.0228558e+226 -4.1454832e+225 3.0947639e+226 1.3624435e+227 -2.6084717e+227 4.2228208e+227 
-0.0048376632 0.67551903 7462.1153 24841.628 -98991.874 99011.52 214705.98 -1238823.4 1480083.8 -864065.1 
-3.1111338e+218 4.6865064e+219 2.6847942e+225 -1.39772e+226 -2.0228572e+226 -4.1455581e+225 3.0945522e+226 1.3624834e+227 -2.608519e+227 4.2228006e+227 
-0.0048376632 0.67551903 7462.1156 24841.628 -98991.88 99011.533 214705.98 -1238823.4 1480083.8 -864065.14 
-0.0048376632 0.67551903 7462.1157 24841.628 -98991.882 99011.54 214705.98 -1238823.4 1480083.9 -864065.15 
-1.7296102e+175 -1.3385539e+177 -1.467857e+182 -4.321695e+182 -1.8341857e+182 5.7389375e+182 2.0782703e+183 -3.4489228e+183 -3.8828701e+183 8.5388885e+183 
-1.1217552e+238 -6.7375928e+239 -1.1180488e+244 5.3957314e+245 -4.6747918e+245 -1.5398848e+246 -4.542147e+245 1.8707449e+246 3.0704467e+246 -8.8110828e+246 
-5.7388874e+237 8.6452938e+238 4.9525536e+244 -2.5782501e+245 -3.7315962e+245 -7.6472427e+244 5.708963e+245 2.5133226e+246 -4.8118917e+246 7.7899087e+246 
-0.0048376633 0.67551904 7462.1159 24841.628 -98991.876 99011.517 214705.99 -1238823.5 1480083.8 -864065.1 
-0.0048318784 0.67519068 7071.6879 19427.686 -92916.193 118244.68 228770.12 -1268126.8 1434222.6 -723570.1 
-0.0047029855 0.6823589 7350.8127 18381.424 -92708.866 118542.79 221169.97 -1270546.1 1449116.8 -764490.83 
-0.0048418188 0.67428442 7022.2909 20393.936 -94858.21 114141.44 228490.54 -1265006.3 1440971 -745052.18 
-0.005035702 0.66541606 6651.1067 16668.996 -92546.748 116873.17 223537.58 -1262082.9 1416647.4 -739564.07 
-0.0050334686 0.66845333 7388.663 19339.359 -92804.096 111409.61 214682.32 -1234708.4 1426001.5 -770708.15 
-0.0049181313 0.67528674 7659.9811 16887.531 -90321.617 120596.98 218586.42 -1243517.9 1409315.6 -709577.09 
-0.0048138181 0.67394434 6602.3151 18244.763 -89521.596 121866.35 222897.02 -1289573.7 1455070.7 -770688.81 
-0.0050448536 0.65989826 5643.8293 16785.949 -101100.26 115484.36 257376.43 -1288166.1 1384999.5 -623717.12 
-0.0048914628 0.68614326 8567.0714 -548.44401 -87767.778 141293.7 212854.65 -1227174.2 1292158.3 -551991.54 
-0.0052527706 0.66985297 9467.479 18947.991 -84345.373 109259.85 174248.88 -1150091.3 1407101.6 -827881.99 
-0.0052652211 0.66249111 7591.1041 11261.558 -97892.127 100637.56 190014.98 -1193897.4 1391401.4 -865023.63 
-0.0048737474 0.67952459 8113.9032 17938.569 -98336.741 97709.102 188770.84 -1211501.9 1463564 -938930.39 
-0.0047381144 0.68193307 7669.7073 21185.895 -108888.26 94672.483 228449.13 -1230560.2 1439065.5 -797219.53 
-0.0054148988 0.65882415 8472.5019 17000.191 -103468.34 93483.42 209964.48 -1144514.2 1342011.2 -721599.94 
-0.0051189264 0.66422885 7448.2723 23015.9 -98682.863 96641.262 210540.86 -1211937.3 1443779 -842222.23 
-0.0052101936 0.66205435 7622.0866 20174.275 -93364.692 104020.78 203807.02 -1205741.4 1422829 -815122.34 
-0.0050617181 0.66598865 7300.0889 22581.804 -100281.57 98269.822 218814.5 -1222002.5 1437336.1 -808947.06 
-0.0050787972 0.66585503 7366.7724 22034.69 -101278.47 94440.831 211259.69 -1214745.6 1444328.6 -855203.45 
-0.0050951533 0.66542714 7350.1754 20733.691 -98436.74 99101.687 209576.2 -1218536.2 1438158.4 -840847.31 
-0.0051831006 0.66427487 7973.5788 22605.019 -97333.368 97433.985 206424.21 -1190137.2 1424671.3 -816063.77 
-0.0050217561 0.66942548 7624.435 22286.52 -100981.22 96446.94 213628.18 -1213077.4 1440022.8 -829182.58 
-0.0051252514 0.66336951 7210.6249 21054.507 -94481.915 100373.56 199635.84 -1223902.2 1459222.4 -894787.19 
-0.0049638064 0.6726782 7826.2978 22810.403 -99006.915 98773.131 211146.32 -1214686.8 1448186.4 -832873.29 
-0.0052948959 0.65525304 7113.3417 22612.094 -94697.925 98827.182 205926.83 -1211080.2 1439141.6 -848896.15 
-0.0050411682 0.67292161 8315.3152 19486.969 -98315.923 99587.173 202257.4 -1191627.4 1420634.9 -822735.15 
-0.0052158916 0.6556492 6718.6778 25692.015 -96562.882 96583.467 214581.32 -1229349.8 1463034.9 -859124.85 
-0.0049433145 0.67758633 8372.4196 18668.769 -101120.33 98917.466 206187.8 -1196070.9 1418662.2 -814235.12 
-0.005114446 0.66026503 6786.3062 25676.476 -97962.153 96281.341 216009.31 -1235149.8 1470460.1 -865482.19 
-0.0048146751 0.6783584 7692.7012 22538.74 -102016.53 98822.819 218406.13 -1230577.4 1455356.9 -826280.67 
-0.0055681282 0.62942645 5316.4027 39759.687 -81494.637 94843.075 203897.27 -1256272.3 1566192.6 -999548.01 
-0.0050013731 0.67373417 8116.479 19602.423 -91369.823 95701.045 164247.16 -1203350.8 1503519.3 -1063085.2 
-0.0048474168 0.67633495 7683.9962 24118.182 -86891.562 109771.72 193529.41 -1245657 1506477.3 -920712 
-0.0049932357 0.66935885 7212.7403 19884.816 -92119.949 100226.73 182829.41 -1236722.1 1499711.6 -1004915.3 
-0.0049425776 0.67089388 7280.6898 22589.386 -95827.02 101392.13 206201.61 -1238369.3 1475735.7 -887294.28 
-0.0049304814 0.66743669 6673.8619 25423.631 -93321.491 103364.39 210968.79 -1263281.9 1503760.3 -904072.72 
-0.0048990109 0.66799963 6565.0929 26402.781 -96048.516 97909.228 209151.95 -1264390.1 1520429.1 -949785.03 
-0.0049300402 0.66790506 6900.5447 27739.219 -91356.708 101375.67 203444.36 -1256348.9 1524246.9 -945844.51 
-0.0050914914 0.66366687 7182.2015 23990.432 -90738.191 103665.73 200816.42 -1233444.7 1478813 -893583.54 
-0.0050555989 0.66749586 7449.4166 20880.481 -96480.734 102161.48 208989.53 -1222273.6 1441562.6 -833604.1 
-0.0049148745 0.67098741 7186.624 24444.695 -97084.499 101014.22 214678.34 -1243463 1477038.2 -859660.03 
-0.0048814822 0.67273284 7261.6202 24642.053 -95701.533 100557.4 207306.86 -1244589.5 1493635.2 -902959.18 
-0.0048236457 0.67654597 7394.9075 22211.379 -98542.081 102733.17 215566.05 -1244450.9 1466803.6 -843307.55 
-0.0048127407 0.67459342 7089.5028 25011.804 -100660.81 100865.03 227196.04 -1253680.8 1472437.4 -817801.83 
-0.004845146 0.67017488 6685.7014 28498.875 -98958.37 97494.422 223217.27 -1263775.3 1509108.1 -883687.38 
-0.0049263405 0.66668918 6712.0877 29113.432 -94568.697 99223.469 214565.58 -1259763.2 1518016.6 -910724.51 
-0.0051200377 0.6624152 7203.648 24671.814 -93285.149 99558.225 202453.03 -1225850 1475848.3 -896077.97 
-0.0052937001 0.65805637 7680.1604 23030.794 -93066.795 97138.42 194223.09 -1192441 1445762.8 -884448.76 
-0.0053986466 0.65312699 7672.2758 24657.071 -95863.585 92959.785 201588.32 -1179019.3 1429269.7 -848150.98 
-0.0051574448 0.67584107 9568.4359 14974.56 -101693.05 93431.197 186101.1 -1132005.9 1371377.8 -819024.28 
-0.0049693737 0.67217349 7351.1867 16317.039 -92366.296 101821.01 177203.19 -1234220.3 1487933.6 -1012775 
-0.0048487435 0.67412082 7347.9859 26028.332 -100579.28 97219.355 220079.94 -1239673.3 1479321.7 -850921.52 
-0.0047889653 0.66901731 5839.5067 26195.86 -93794.467 101942.18 209641.44 -1302429.2 1554274.9 -996041.62 
-0.0050005567 0.67009099 7693.362 23994.92 -97695.429 98893.856 211054.77 -1217023.5 1454957.8 -839049.23 
-0.0048514768 0.66528504 6059.5198 32896.155 -98543.889 100764.36 244571.71 -1287760.6 1513563 -809031.22 
-0.0049629166 0.6725933 7788.8913 22606.646 -99312.305 98692.381 211672.93 -1215690.3 1447316.4 -832146.44 
-0.0047758127 0.66635953 6361.5971 43794.03 -108805.69 100283.59 310151.78 -1281130.8 1454152.7 -485748.17 
-0.0048657846 0.67584904 7650.6485 22981.671 -99544.436 99945.017 214541.6 -1229844.7 1460189.7 -838493.84 
-0.0049306125 0.6671674 7487.4796 38424.765 -112387.25 99604.447 308729.52 -1225769.1 1371443.6 -380317.91 
-0.0049080936 0.67411114 7526.3352 20830.377 -100314.4 100791.92 215649.53 -1229617 1444391.1 -822714.75 
-0.0050476457 0.66383919 7561.7005 34749.352 -107351.95 99801.462 282644.45 -1214978.5 1382231.4 -483996.67 
-0.0048960304 0.67461637 7580.666 21772.922 -101767.28 98804.253 218067.73 -1226866.6 1445226.4 -818805.96 
-0.0050852074 0.66189394 7292.5814 31967.292 -107374.78 96120.436 267266.44 -1216991 1398953.6 -582318.13 
-0.0049021239 0.67407887 7602.989 23073.264 -101213.41 97794.564 216824.77 -1225596.8 1453706.9 -831242.94 
-0.0051625266 0.66308786 7508.2744 21653.733 -108852.13 93659.832 239978.49 -1197154 1374021.1 -677856.2 
-0.0049659058 0.67214929 7706.6955 22306.48 -99873.584 98616.089 213218.21 -1217635.9 1444931.1 -827722.6 
-0.0051397391 0.66821683 7884.9062 14652.773 -86425.601 103430.16 156903.2 -1205665.3 1478544.4 -1048468.2 
-0.0046112353 0.68670701 7619.6249 21876.927 -99379.063 103821.29 213838.91 -1256300.6 1486658.6 -869520.83 
-0.0049074574 0.65784989 5855.457 45629.845 -103727.8 95286.605 287291.46 -1286122.4 1507763.3 -644058.15 
-0.0049690214 0.67139289 7643.6061 23069.61 -95389.881 103472.35 210972.79 -1225932.8 1454833.9 -827845.81 
-0.0049169357 0.67671364 8146.3246 21280.48 -104148.13 97955.001 222598.36 -1204101.9 1413602.4 -756421.56 
-0.0048375864 0.67552206 7462.0978 24841.929 -98992.384 99011.95 214707.59 -1238831 1480092.4 -864070.05 
-0.0048375864 0.67552205 7462.0976 24841.929 -98992.385 99011.953 214707.58 -1238830.9 1480092.4 -864070.04 
-0.0048375863 0.67552204 7462.0975 24841.929 -98992.386 99011.957 214707.57 -1238830.9 1480092.4 -864070.03 
-0.0048375863 0.67552203 7462.0973 24841.93 -98992.386 99011.962 214707.56 -1238830.9 1480092.4 -864070.02 
-0.0048375862 0.67552202 7462.097 24841.93 -98992.386 99011.965 214707.55 -1238830.9 1480092.4 -864070.01 
-0.0048375861 0.67552201 7462.0967 24841.93 -98992.386 99011.968 214707.54 -1238830.8 1480092.3 -864070 
-0.0048466513 0.67527563 7441.3322 24076.298 -99077.903 99317.48 214115.99 -1238635.4 1476292.7 -863323.65 
-0.0048569469 0.67427256 7397.8674 25227.779 -99703.968 98087.661 216863.5 -1238217.9 1478051.6 -857878.58 
-0.0048681264 0.674272 7513.2087 25596.844 -98108.885 98213.535 211879.13 -1234606.8 1484482.3 -876489.46 
-0.004885677 0.67414262 7577.2329 24657.181 -98108.379 98777.405 211143.55 -1231039.9 1476222.4 -868169.5 
-0.004861555 0.67552135 7633.6149 24373.856 -98864.521 98974.358 212979.44 -1230934.7 1472287.9 -857074.99 
-0.004850644 0.67600221 7658.2352 24769.425 -99376.527 97619.577 212032.11 -1229935.2 1476982.2 -868896.85 
-0.0048255882 0.67746863 7767.6924 25107.822 -98312.342 99360.522 212335.88 -1230590.5 1477845.3 -859263.75 
-0.0047709452 0.67988401 7734.9601 24198.866 -98926.731 100001.4 212486.74 -1236385.2 1479905 -864381.61 
-0.0047622285 0.68035768 7759.7609 24310.941 -100040.63 98679.339 213290.39 -1234745.2 1479417.4 -865243.76 
-0.0047768233 0.67898987 7656.4065 24926.491 -98959.807 100771.88 217098.09 -1239194.1 1477241.5 -842920.81 
-0.0049238559 0.67235057 7529.4927 24517.347 -96493.64 98994.873 206274.61 -1230300.9 1481354.7 -889797.66 
-0.0050462768 0.67006092 7850.1425 20484.812 -96539.048 100328 201634.68 -1208437.9 1441588.6 -855247.25 
-0.0049374916 0.67451285 7715.6829 18799.06 -102431.84 98102.9 211491.7 -1216879.7 1431007.7 -831443.45 
