-8870.0234 373.67118 -0.0045166843 0.00041187899 -0.0001178621 0.00013906426 -9.2815421e-05 4.7710551e-05 -3.0669606e-05 -1.5080588e-07 
-11104.361 305.40012 -0.0021032776 -0.00028963645 0.00023278117 -9.5912365e-05 0.00011923882 6.1498335e-05 4.9004833e-05 4.1154134e-06 
-13338.799 237.14313 0.0016745995 4.0656165e-05 0.00023964423 -0.0002067141 8.0847148e-05 -9.0354461e-05 -4.3248547e-05 -1.5797358e-05 
-15573.401 168.89424 0.0016252473 2.3941527e-06 -0.00013547544 -0.00011646876 -0.00010960822 -0.00010087659 2.7581664e-05 2.6382895e-05 
-17808.204 100.65388 0.0026372263 9.4753303e-05 -0.00044929115 0.00033222712 4.7040411e-05 -4.3720993e-05 2.5881679e-05 -1.9481984e-05 
-20043.227 32.403257 0.0041503332 -0.00048896638 -0.00037702189 -2.197178e-05 3.4281663e-05 9.1503698e-05 -3.5182157e-05 1.7073483e-05 
-22278.481 -35.85445 0.00069568614 -0.00075238143 0.00037340969 4.6731813e-06 -0.00013994047 2.6360775e-05 7.3756451e-06 -2.1099476e-05 
-24513.93 -104.12363 0.002378884 0.00067585653 0.00064519997 0.00018805209 1.9705993e-05 2.1614162e-05 -2.4483332e-06 1.3163844e-05 
-26749.54 -172.42167 -0.00063972423 0.00069868685 -0.00032248724 -0.00030208383 -1.8622765e-05 4.6503255e-05 1.5328036e-05 -1.318553e-05 
-28985.256 -240.73189 -0.0059023718 -0.00039327566 -8.8920982e-05 7.9119124e-05 5.9881916e-05 -6.0250815e-05 -1.3622244e-05 8.980079e-06 
