-0.021244573 0.44053779 -11156.005 -55256.117 96181.39 -10700.447 591059.47 1273265.6 2075379.7 1201681.6 
-0.022248606 1.0484171 -31912.217 36049.263 18275.073 75671.825 204079.71 1642252.2 -187559.88 131173.64 
-0.022324734 1.0522982 -31912.35 36049.43 18275.176 75672.034 204080.88 1642258 -187559.61 131174.14 
-0.022400861 1.0561792 -31912.484 36049.597 18275.281 75672.239 204082.05 1642263.8 -187559.36 131174.66 
-0.022476988 1.0600603 -31912.618 36049.761 18275.386 75672.438 204083.21 1642269.6 -187559.12 131175.19 
-0.022553116 1.0639414 -31912.751 36049.922 18275.493 75672.631 204084.38 1642275.5 -187558.91 131175.74 
-0.022629244 1.0678225 -31912.884 36050.079 18275.597 75672.82 204085.53 1642281.3 -187558.75 131176.3 
-0.022705372 1.0717035 -31913.017 36050.232 18275.695 75673.005 204086.67 1642287.2 -187558.63 131176.86 
-0.022781501 1.0755845 -31913.149 36050.381 18275.785 75673.186 204087.79 1642293.1 -187558.56 131177.43 
-0.02285763 1.0794656 -31913.279 36050.53 18275.866 75673.361 204088.88 1642299 -187558.5 131178.01 
-0.02293376 1.0833465 -31913.409 36050.678 18275.939 75673.528 204089.95 1642304.8 -187558.43 131178.61 
-0.023009889 1.0872275 -31913.538 36050.827 18276.007 75673.683 204091 1642310.7 -187558.34 131179.24 
-0.023086019 1.0911085 -31913.665 36050.974 18276.072 75673.827 204092.01 1642316.5 -187558.24 131179.9 
-0.023162149 1.0949894 -31913.789 36051.118 18276.137 75673.962 204093 1642322.3 -187558.16 131180.59 
-0.023238279 1.0988703 -31913.912 36051.258 18276.202 75674.093 204093.97 1642328.1 -187558.11 131181.31 
-0.02331441 1.1027512 -31914.034 36051.392 18276.267 75674.224 204094.92 1642333.8 -187558.1 131182.05 
-0.023390541 1.1066322 -31914.155 36051.521 18276.332 75674.358 204095.86 1642339.5 -187558.11 131182.81 
-0.023466672 1.1105131 -31914.276 36051.645 18276.397 75674.501 204096.79 1642345.2 -187558.15 131183.59 
-0.023542803 1.1143939 -31914.397 36051.766 18276.463 75674.655 204097.7 1642350.9 -187558.19 131184.38 
-0.023618934 1.1182748 -31914.515 36051.882 18276.529 75674.823 204098.58 1642356.6 -187558.26 131185.17 
-0.022276193 1.1120461 -34232.029 46254.46 9567.215 85325.593 160824.92 1683488.1 -440493.39 11520.315 
-0.022248606 1.0484171 -31912.217 36049.263 18275.073 75671.831 204079.71 1642252.2 -187559.91 131173.63 
-0.022324734 1.0522982 -31912.35 36049.43 18275.177 75672.04 204080.88 1642258 -187559.63 131174.14 
-0.022400861 1.0561792 -31912.484 36049.597 18275.282 75672.243 204082.05 1642263.8 -187559.37 131174.65 
-0.022476988 1.0600603 -31912.617 36049.762 18275.388 75672.44 204083.22 1642269.6 -187559.13 131175.19 
-0.022553116 1.0639414 -31912.751 36049.923 18275.495 75672.632 204084.38 1642275.5 -187558.91 131175.74 
-0.022629244 1.0678225 -31912.884 36050.08 18275.6 75672.82 204085.53 1642281.3 -187558.75 131176.3 
-0.022705372 1.0717035 -31913.017 36050.233 18275.698 75673.004 204086.67 1642287.2 -187558.64 131176.86 
-0.022781501 1.0755846 -31913.149 36050.383 18275.787 75673.184 204087.79 1642293.1 -187558.56 131177.43 
-0.02285763 1.0794656 -31913.279 36050.532 18275.867 75673.359 204088.88 1642299 -187558.49 131178.02 
-0.022933759 1.0833465 -31913.409 36050.68 18275.94 75673.526 204089.95 1642304.8 -187558.41 131178.62 
-0.023009889 1.0872275 -31913.538 36050.829 18276.007 75673.681 204090.99 1642310.7 -187558.32 131179.24 
-0.023086019 1.0911085 -31913.664 36050.976 18276.072 75673.824 204092.01 1642316.5 -187558.22 131179.91 
-0.023162149 1.0949894 -31913.789 36051.12 18276.136 75673.96 204093 1642322.3 -187558.14 131180.6 
-0.023238279 1.0988703 -31913.912 36051.26 18276.201 75674.091 204093.97 1642328.1 -187558.09 131181.32 
-0.02331441 1.1027512 -31914.034 36051.394 18276.266 75674.221 204094.93 1642333.8 -187558.07 131182.06 
-0.023390541 1.1066322 -31914.156 36051.523 18276.33 75674.356 204095.87 1642339.5 -187558.09 131182.82 
-0.023466672 1.1105131 -31914.277 36051.647 18276.395 75674.498 204096.8 1642345.2 -187558.13 131183.6 
-0.023542803 1.1143939 -31914.397 36051.767 18276.46 75674.652 204097.72 1642350.9 -187558.16 131184.38 
-0.023618934 1.1182748 -31914.516 36051.883 18276.527 75674.824 204098.59 1642356.6 -187558.23 131185.17 
-0.022276193 1.1120461 -34232.03 46254.457 9567.2176 85325.598 160824.93 1683488.2 -440493.4 11520.325 
-0.022248606 1.0484171 -31912.217 36049.263 18275.074 75671.836 204079.72 1642252.2 -187559.95 131173.62 
-0.022324734 1.0522982 -31912.351 36049.429 18275.179 75672.043 204080.89 1642258 -187559.66 131174.14 
-0.022400861 1.0561793 -31912.484 36049.597 18275.284 75672.245 204082.05 1642263.8 -187559.39 131174.65 
-0.022476988 1.0600603 -31912.617 36049.762 18275.391 75672.44 204083.22 1642269.6 -187559.14 131175.2 
-0.022553116 1.0639414 -31912.75 36049.924 18275.499 75672.631 204084.38 1642275.5 -187558.93 131175.75 
-0.022629244 1.0678225 -31912.883 36050.081 18275.603 75672.818 204085.53 1642281.3 -187558.76 131176.31 
-0.022705372 1.0717035 -31913.016 36050.235 18275.701 75673.001 204086.66 1642287.2 -187558.64 131176.87 
-0.022781501 1.0755846 -31913.148 36050.386 18275.79 75673.18 204087.78 1642293.1 -187558.55 131177.45 
-0.02285763 1.0794656 -31913.279 36050.535 18275.87 75673.355 204088.87 1642299 -187558.47 131178.03 
-0.022933759 1.0833465 -31913.409 36050.684 18275.941 75673.522 204089.94 1642304.8 -187558.39 131178.64 
-0.023009889 1.0872275 -31913.537 36050.833 18276.008 75673.676 204090.98 1642310.7 -187558.28 131179.27 
-0.023086019 1.0911085 -31913.664 36050.98 18276.071 75673.82 204092 1642316.5 -187558.18 131179.93 
-0.023162149 1.0949894 -31913.789 36051.124 18276.135 75673.956 204092.99 1642322.3 -187558.1 131180.62 
-0.023238279 1.0988703 -31913.913 36051.264 18276.2 75674.088 204093.97 1642328 -187558.04 131181.33 
-0.02331441 1.1027512 -31914.035 36051.398 18276.264 75674.217 204094.94 1642333.8 -187558.02 131182.07 
-0.02339054 1.1066322 -31914.157 36051.527 18276.328 75674.352 204095.89 1642339.5 -187558.05 131182.83 
-0.023466671 1.1105131 -31914.278 36051.65 18276.392 75674.495 204096.82 1642345.2 -187558.09 131183.6 
-0.023542802 1.1143939 -31914.399 36051.77 18276.458 75674.651 204097.74 1642350.9 -187558.13 131184.38 
-0.023618934 1.1182748 -31914.518 36051.884 18276.524 75674.826 204098.6 1642356.6 -187558.21 131185.17 
-0.022276194 1.1120461 -34232.03 46254.453 9567.2201 85325.605 160824.94 1683488.2 -440493.42 11520.342 
-0.022248606 1.0484171 -31912.218 36049.262 18275.076 75671.843 204079.72 1642252.3 -187560 131173.61 
-0.022324733 1.0522982 -31912.351 36049.428 18275.181 75672.047 204080.89 1642258 -187559.7 131174.13 
-0.022400861 1.0561793 -31912.484 36049.596 18275.287 75672.247 204082.05 1642263.8 -187559.43 131174.66 
-0.022476988 1.0600603 -31912.616 36049.761 18275.395 75672.441 204083.21 1642269.6 -187559.18 131175.21 
-0.022553116 1.0639414 -31912.749 36049.923 18275.503 75672.631 204084.36 1642275.5 -187558.96 131175.76 
-0.022629244 1.0678225 -31912.882 36050.081 18275.608 75672.817 204085.51 1642281.3 -187558.79 131176.33 
-0.022705373 1.0717035 -31913.015 36050.236 18275.705 75672.999 204086.64 1642287.2 -187558.66 131176.89 
-0.022781501 1.0755846 -31913.147 36050.388 18275.794 75673.178 204087.75 1642293.1 -187558.56 131177.47 
-0.02285763 1.0794656 -31913.278 36050.539 18275.873 75673.352 204088.84 1642299 -187558.46 131178.06 
-0.02293376 1.0833465 -31913.408 36050.689 18275.943 75673.517 204089.91 1642304.8 -187558.36 131178.67 
-0.023009889 1.0872275 -31913.536 36050.838 18276.008 75673.671 204090.96 1642310.7 -187558.25 131179.3 
-0.023086019 1.0911084 -31913.663 36050.985 18276.071 75673.815 204091.98 1642316.5 -187558.14 131179.96 
-0.023162149 1.0949894 -31913.789 36051.129 18276.134 75673.951 204092.99 1642322.3 -187558.05 131180.64 
-0.023238279 1.0988703 -31913.913 36051.269 18276.198 75674.082 204093.98 1642328 -187557.99 131181.35 
-0.023314409 1.1027512 -31914.037 36051.403 18276.262 75674.211 204094.96 1642333.8 -187557.98 131182.09 
-0.02339054 1.1066321 -31914.158 36051.53 18276.326 75674.347 204095.91 1642339.5 -187558.01 131182.85 
-0.023466671 1.110513 -31914.279 36051.652 18276.389 75674.493 204096.83 1642345.2 -187558.06 131183.62 
-0.023542802 1.1143939 -31914.4 36051.771 18276.453 75674.652 204097.75 1642350.9 -187558.12 131184.39 
-0.023618934 1.1182748 -31914.519 36051.886 18276.519 75674.827 204098.62 1642356.6 -187558.18 131185.17 
-0.022276193 1.1120461 -34232.03 46254.451 9567.2212 85325.609 160824.96 1683488.2 -440493.44 11520.342 
-0.022248606 1.0484171 -31912.218 36049.261 18275.077 75671.848 204079.73 1642252.3 -187560.04 131173.61 
-0.022324733 1.0522982 -31912.351 36049.427 18275.183 75672.051 204080.9 1642258 -187559.74 131174.14 
-0.022400861 1.0561793 -31912.483 36049.594 18275.291 75672.249 204082.05 1642263.8 -187559.47 131174.67 
-0.022476988 1.0600603 -31912.615 36049.759 18275.399 75672.442 204083.2 1642269.6 -187559.22 131175.22 
-0.022553116 1.0639414 -31912.748 36049.922 18275.508 75672.631 204084.35 1642275.5 -187559 131175.78 
-0.022629244 1.0678225 -31912.88 36050.081 18275.613 75672.816 204085.49 1642281.3 -187558.83 131176.35 
-0.022705373 1.0717035 -31913.013 36050.238 18275.71 75672.997 204086.62 1642287.2 -187558.68 131176.92 
-0.022781501 1.0755846 -31913.145 36050.391 18275.799 75673.175 204087.73 1642293.1 -187558.56 131177.5 
-0.022857631 1.0794656 -31913.276 36050.543 18275.876 75673.347 204088.82 1642299 -187558.46 131178.09 
-0.02293376 1.0833465 -31913.406 36050.694 18275.946 75673.512 204089.89 1642304.8 -187558.34 131178.7 
-0.023009889 1.0872275 -31913.535 36050.843 18276.01 75673.666 204090.94 1642310.7 -187558.23 131179.33 
-0.023086019 1.0911084 -31913.663 36050.99 18276.072 75673.811 204091.97 1642316.5 -187558.11 131179.99 
-0.023162149 1.0949894 -31913.789 36051.134 18276.134 75673.946 204092.99 1642322.3 -187558.01 131180.67 
-0.023238279 1.0988703 -31913.914 36051.274 18276.197 75674.077 204093.99 1642328 -187557.95 131181.37 
-0.023314409 1.1027512 -31914.038 36051.407 18276.261 75674.207 204094.98 1642333.8 -187557.94 131182.11 
-0.02339054 1.1066321 -31914.16 36051.534 18276.324 75674.344 204095.93 1642339.5 -187557.97 131182.86 
-0.023466671 1.110513 -31914.281 36051.655 18276.387 75674.493 204096.85 1642345.3 -187558.04 131183.62 
-0.023542802 1.1143939 -31914.401 36051.772 18276.449 75674.653 204097.75 1642351 -187558.11 131184.39 
-0.023618934 1.1182748 -31914.521 36051.886 18276.515 75674.829 204098.63 1642356.7 -187558.17 131185.16 
-0.022276193 1.1120461 -34232.031 46254.45 9567.2232 85325.615 160824.97 1683488.2 -440493.46 11520.334 
-0.022248606 1.0484171 -31912.218 36049.259 18275.079 75671.852 204079.74 1642252.3 -187560.08 131173.61 
-0.022324733 1.0522982 -31912.35 36049.425 18275.186 75672.054 204080.9 1642258 -187559.78 131174.14 
-0.022400861 1.0561793 -31912.482 36049.592 18275.294 75672.25 204082.05 1642263.8 -187559.52 131174.68 
-0.022476988 1.0600603 -31912.614 36049.757 18275.403 75672.441 204083.19 1642269.6 -187559.27 131175.24 
-0.022553116 1.0639414 -31912.746 36049.92 18275.512 75672.628 204084.34 1642275.5 -187559.05 131175.8 
-0.022629245 1.0678225 -31912.879 36050.081 18275.617 75672.812 204085.47 1642281.3 -187558.87 131176.37 
-0.022705373 1.0717035 -31913.011 36050.239 18275.715 75672.992 204086.6 1642287.2 -187558.71 131176.94 
-0.022781502 1.0755846 -31913.144 36050.394 18275.803 75673.167 204087.71 1642293.1 -187558.58 131177.53 
-0.022857631 1.0794656 -31913.275 36050.547 18275.88 75673.34 204088.8 1642299 -187558.46 131178.13 
-0.02293376 1.0833465 -31913.405 36050.698 18275.949 75673.505 204089.87 1642304.8 -187558.33 131178.75 
-0.02300989 1.0872275 -31913.534 36050.848 18276.012 75673.66 204090.92 1642310.7 -187558.2 131179.37 
-0.023086019 1.0911084 -31913.662 36050.995 18276.073 75673.805 204091.97 1642316.5 -187558.08 131180.02 
-0.023162149 1.0949894 -31913.789 36051.139 18276.134 75673.94 204092.99 1642322.3 -187557.98 131180.7 
-0.023238279 1.0988703 -31913.915 36051.278 18276.197 75674.072 204094 1642328.1 -187557.92 131181.4 
-0.023314409 1.1027512 -31914.039 36051.411 18276.261 75674.204 204095 1642333.8 -187557.91 131182.13 
-0.02339054 1.1066321 -31914.162 36051.538 18276.324 75674.343 204095.95 1642339.6 -187557.95 131182.88 
-0.023466671 1.110513 -31914.283 36051.658 18276.385 75674.493 204096.87 1642345.3 -187558.03 131183.63 
-0.023542802 1.1143939 -31914.403 36051.775 18276.446 75674.653 204097.77 1642351 -187558.1 131184.39 
-0.023618934 1.1182748 -31914.522 36051.888 18276.511 75674.832 204098.64 1642356.7 -187558.17 131185.15 
-0.022276193 1.1120461 -34232.032 46254.449 9567.2243 85325.62 160824.98 1683488.3 -440493.47 11520.342 
-0.022248606 1.0484171 -31912.218 36049.258 18275.08 75671.857 204079.74 1642252.3 -187560.12 131173.61 
-0.022324733 1.0522982 -31912.35 36049.423 18275.188 75672.057 204080.9 1642258 -187559.84 131174.15 
-0.022400861 1.0561793 -31912.481 36049.59 18275.297 75672.25 204082.04 1642263.8 -187559.57 131174.69 
-0.022476989 1.0600604 -31912.612 36049.755 18275.407 75672.439 204083.19 1642269.6 -187559.32 131175.25 
-0.022553116 1.0639414 -31912.744 36049.919 18275.516 75672.625 204084.32 1642275.4 -187559.1 131175.81 
-0.022629245 1.0678225 -31912.877 36050.081 18275.622 75672.808 204085.46 1642281.3 -187558.9 131176.38 
-0.022705373 1.0717036 -31913.01 36050.24 18275.719 75672.986 204086.58 1642287.2 -187558.74 131176.97 
-0.022781502 1.0755846 -31913.142 36050.396 18275.806 75673.161 204087.69 1642293.1 -187558.6 131177.56 
-0.022857631 1.0794656 -31913.273 36050.55 18275.883 75673.334 204088.78 1642299 -187558.46 131178.17 
-0.02293376 1.0833465 -31913.404 36050.702 18275.952 75673.5 204089.85 1642304.9 -187558.33 131178.78 
-0.02300989 1.0872275 -31913.534 36050.852 18276.014 75673.656 204090.92 1642310.7 -187558.19 131179.41 
-0.023086019 1.0911085 -31913.662 36050.999 18276.074 75673.8 204091.96 1642316.5 -187558.06 131180.05 
-0.023162149 1.0949894 -31913.79 36051.143 18276.135 75673.937 204093 1642322.3 -187557.96 131180.72 
-0.023238279 1.0988703 -31913.916 36051.282 18276.198 75674.07 204094.02 1642328.1 -187557.9 131181.42 
-0.023314409 1.1027512 -31914.041 36051.415 18276.262 75674.203 204095.02 1642333.8 -187557.89 131182.15 
-0.02339054 1.1066321 -31914.164 36051.541 18276.324 75674.343 204095.98 1642339.6 -187557.94 131182.89 
-0.023466671 1.110513 -31914.285 36051.662 18276.384 75674.491 204096.9 1642345.3 -187558.02 131183.64 
-0.023542802 1.1143939 -31914.404 36051.777 18276.444 75674.654 204097.79 1642351 -187558.1 131184.39 
-0.023618934 1.1182748 -31914.522 36051.889 18276.507 75674.834 204098.64 1642356.7 -187558.18 131185.14 
-0.022276193 1.1120461 -34232.032 46254.449 9567.2228 85325.621 160824.99 1683488.3 -440493.5 11520.336 
-0.022248606 1.0484171 -31912.218 36049.255 18275.081 75671.859 204079.74 1642252.3 -187560.14 131173.62 
-0.022324733 1.0522982 -31912.349 36049.421 18275.189 75672.058 204080.89 1642258 -187559.88 131174.15 
-0.022400861 1.0561793 -31912.48 36049.588 18275.298 75672.249 204082.04 1642263.8 -187559.62 131174.7 
-0.022476989 1.0600604 -31912.611 36049.753 18275.409 75672.436 204083.18 1642269.6 -187559.37 131175.25 
-0.022553117 1.0639415 -31912.743 36049.918 18275.519 75672.621 204084.31 1642275.4 -187559.14 131175.82 
-0.022629245 1.0678225 -31912.876 36050.08 18275.625 75672.803 204085.45 1642281.3 -187558.94 131176.4 
-0.022705373 1.0717036 -31913.009 36050.241 18275.722 75672.98 204086.57 1642287.2 -187558.76 131176.99 
-0.022781502 1.0755846 -31913.141 36050.398 18275.809 75673.155 204087.68 1642293.1 -187558.61 131177.59 
-0.022857631 1.0794656 -31913.272 36050.552 18275.886 75673.329 204088.76 1642299 -187558.47 131178.2 
-0.02293376 1.0833465 -31913.403 36050.704 18275.954 75673.496 204089.84 1642304.9 -187558.33 131178.82 
-0.02300989 1.0872275 -31913.533 36050.854 18276.016 75673.651 204090.91 1642310.7 -187558.18 131179.44 
-0.02308602 1.0911085 -31913.662 36051.002 18276.076 75673.795 204091.96 1642316.5 -187558.06 131180.08 
-0.023162149 1.0949894 -31913.79 36051.145 18276.137 75673.933 204093.01 1642322.3 -187557.96 131180.75 
-0.023238279 1.0988703 -31913.917 36051.284 18276.2 75674.069 204094.03 1642328.1 -187557.9 131181.44 
-0.023314409 1.1027512 -31914.043 36051.417 18276.263 75674.202 204095.03 1642333.9 -187557.89 131182.17 
-0.02339054 1.1066321 -31914.166 36051.543 18276.324 75674.341 204095.99 1642339.6 -187557.94 131182.9 
-0.023466671 1.110513 -31914.286 36051.663 18276.384 75674.493 204096.91 1642345.4 -187558.02 131183.65 
-0.023542802 1.1143939 -31914.405 36051.778 18276.442 75674.656 204097.79 1642351.1 -187558.12 131184.39 
-0.023618934 1.1182748 -31914.522 36051.887 18276.504 75674.837 204098.63 1642356.7 -187558.2 131185.13 
-0.022276193 1.1120461 -34232.032 46254.45 9567.223 85325.625 160824.99 1683488.3 -440493.51 11520.335 
-0.022248606 1.0484172 -31912.217 36049.255 18275.081 75671.86 204079.74 1642252.3 -187560.16 131173.63 
-0.022324734 1.0522982 -31912.348 36049.42 18275.19 75672.056 204080.89 1642258.1 -187559.91 131174.16 
-0.022400861 1.0561793 -31912.479 36049.586 18275.299 75672.246 204082.03 1642263.8 -187559.66 131174.71 
-0.022476989 1.0600604 -31912.61 36049.751 18275.41 75672.435 204083.17 1642269.6 -187559.41 131175.26 
-0.022553117 1.0639415 -31912.742 36049.916 18275.521 75672.62 204084.3 1642275.4 -187559.18 131175.83 
-0.022629245 1.0678225 -31912.875 36050.08 18275.626 75672.8 204085.44 1642281.3 -187558.97 131176.41 
-0.022705373 1.0717036 -31913.008 36050.24 18275.723 75672.977 204086.56 1642287.2 -187558.79 131177.01 
-0.022781502 1.0755846 -31913.14 36050.398 18275.809 75673.153 204087.66 1642293.1 -187558.64 131177.61 
-0.022857631 1.0794656 -31913.271 36050.552 18275.886 75673.328 204088.75 1642299 -187558.49 131178.22 
-0.022933761 1.0833465 -31913.403 36050.705 18275.954 75673.493 204089.83 1642304.9 -187558.34 131178.84 
-0.02300989 1.0872275 -31913.533 36050.855 18276.016 75673.647 204090.9 1642310.7 -187558.19 131179.46 
-0.02308602 1.0911084 -31913.662 36051.002 18276.076 75673.793 204091.96 1642316.5 -187558.07 131180.1 
-0.023162149 1.0949894 -31913.79 36051.145 18276.138 75673.932 204093 1642322.3 -187557.97 131180.77 
-0.023238279 1.0988703 -31913.917 36051.284 18276.201 75674.068 204094.03 1642328.1 -187557.92 131181.46 
-0.02331441 1.1027512 -31914.043 36051.418 18276.263 75674.201 204095.04 1642333.9 -187557.91 131182.18 
-0.02339054 1.1066321 -31914.166 36051.543 18276.324 75674.343 204095.99 1642339.7 -187557.97 131182.92 
-0.023466671 1.110513 -31914.286 36051.662 18276.383 75674.497 204096.9 1642345.4 -187558.05 131183.65 
-0.023542803 1.1143939 -31914.404 36051.776 18276.441 75674.664 204097.77 1642351.1 -187558.13 131184.39 
-0.023618934 1.1182748 -31914.521 36051.885 18276.501 75674.842 204098.61 1642356.7 -187558.23 131185.13 
-0.022276193 1.1120461 -34232.031 46254.447 9567.2249 85325.628 160824.98 1683488.3 -440493.51 11520.351 
-0.022248606 1.0484172 -31912.217 36049.256 18275.08 75671.859 204079.74 1642252.3 -187560.2 131173.62 
-0.022324734 1.0522982 -31912.348 36049.421 18275.19 75672.052 204080.89 1642258 -187559.92 131174.16 
-0.022400861 1.0561793 -31912.479 36049.586 18275.3 75672.244 204082.03 1642263.8 -187559.66 131174.71 
-0.022476989 1.0600604 -31912.61 36049.752 18275.412 75672.432 204083.17 1642269.6 -187559.41 131175.26 
-0.022553117 1.0639415 -31912.743 36049.917 18275.522 75672.616 204084.31 1642275.4 -187559.17 131175.83 
-0.022629245 1.0678225 -31912.875 36050.08 18275.626 75672.796 204085.44 1642281.3 -187558.97 131176.42 
-0.022705373 1.0717036 -31913.008 36050.24 18275.722 75672.974 204086.56 1642287.2 -187558.79 131177.02 
-0.022781502 1.0755846 -31913.14 36050.398 18275.808 75673.15 204087.66 1642293.1 -187558.62 131177.62 
-0.022857631 1.0794656 -31913.271 36050.552 18275.885 75673.325 204088.75 1642299 -187558.47 131178.23 
-0.022933761 1.0833465 -31913.403 36050.705 18275.953 75673.488 204089.83 1642304.9 -187558.32 131178.85 
-0.02300989 1.0872275 -31913.533 36050.855 18276.015 75673.642 204090.9 1642310.7 -187558.18 131179.47 
-0.02308602 1.0911084 -31913.662 36051.002 18276.076 75673.79 204091.96 1642316.5 -187558.07 131180.11 
-0.023162149 1.0949894 -31913.791 36051.145 18276.139 75673.929 204093.01 1642322.3 -187557.97 131180.78 
-0.023238279 1.0988703 -31913.918 36051.285 18276.202 75674.065 204094.04 1642328.1 -187557.91 131181.47 
-0.02331441 1.1027512 -31914.044 36051.417 18276.264 75674.2 204095.04 1642333.9 -187557.91 131182.19 
-0.02339054 1.1066321 -31914.166 36051.543 18276.324 75674.345 204095.99 1642339.7 -187557.97 131182.92 
-0.023466671 1.110513 -31914.286 36051.662 18276.384 75674.501 204096.9 1642345.4 -187558.04 131183.64 
-0.023542802 1.1143939 -31914.405 36051.777 18276.443 75674.669 204097.78 1642351.1 -187558.11 131184.38 
-0.023618934 1.1182748 -31914.521 36051.885 18276.502 75674.85 204098.61 1642356.7 -187558.21 131185.12 
