-0.021244573 0.44053779 -11156.005 -55256.117 96181.39 -10700.447 591059.47 1273265.6 2075379.7 1201681.6 
-0.022177665 1.0479115 -32028.079 36559.363 17839.583 76154.315 201915.87 1644308.5 -200206.77 125190.53 
-0.022177665 1.0479115 -32028.079 36559.36 17839.585 76154.32 201915.88 1644308.5 -200206.8 125190.53 
-0.022177665 1.0479115 -32028.079 36559.357 17839.587 76154.328 201915.88 1644308.6 -200206.84 125190.54 
-0.022177665 1.0479115 -32028.08 36559.357 17839.587 76154.334 201915.9 1644308.6 -200206.89 125190.53 
-0.022177665 1.0479116 -32028.081 36559.355 17839.589 76154.34 201915.91 1644308.6 -200206.91 125190.52 
-0.022177665 1.0479116 -32028.082 36559.355 17839.59 76154.345 201915.92 1644308.7 -200206.92 125190.53 
-0.022177665 1.0479116 -32028.082 36559.355 17839.588 76154.346 201915.93 1644308.7 -200206.95 125190.52 
-0.022177665 1.0479116 -32028.082 36559.355 17839.589 76154.349 201915.93 1644308.7 -200206.95 125190.53 
-0.022177665 1.0479116 -32028.081 36559.352 17839.591 76154.352 201915.92 1644308.7 -200206.95 125190.54 
-0.022248606 1.0484171 -31912.218 36049.269 18275.068 75671.831 204079.69 1642252.2 -187560.02 131173.57 
-0.022253792 1.0517926 -32028.214 36559.529 17839.687 76154.527 201917.04 1644314.3 -200206.51 125191.02 
-0.022253792 1.0517926 -32028.214 36559.528 17839.689 76154.532 201917.05 1644314.3 -200206.54 125191.01 
-0.022253792 1.0517926 -32028.214 36559.526 17839.691 76154.538 201917.06 1644314.3 -200206.57 125191.01 
-0.022253792 1.0517926 -32028.215 36559.525 17839.693 76154.543 201917.07 1644314.3 -200206.6 125191.02 
-0.022253792 1.0517926 -32028.215 36559.523 17839.695 76154.547 201917.07 1644314.4 -200206.64 125191.01 
-0.022253792 1.0517926 -32028.215 36559.521 17839.697 76154.552 201917.08 1644314.4 -200206.67 125191.02 
-0.022253792 1.0517926 -32028.214 36559.519 17839.697 76154.554 201917.08 1644314.4 -200206.7 125191.03 
-0.022253792 1.0517926 -32028.214 36559.519 17839.697 76154.554 201917.08 1644314.4 -200206.72 125191.04 
-0.022253792 1.0517926 -32028.213 36559.519 17839.697 76154.553 201917.08 1644314.4 -200206.73 125191.04 
-0.022324734 1.0522982 -31912.351 36049.432 18275.175 75672.036 204080.87 1642258 -187559.67 131174.12 
-0.022329919 1.0556737 -32028.348 36559.697 17839.791 76154.737 201918.21 1644320.1 -200206.26 125191.51 
-0.022329919 1.0556737 -32028.348 36559.696 17839.792 76154.741 201918.21 1644320.1 -200206.29 125191.51 
-0.022329919 1.0556737 -32028.348 36559.695 17839.795 76154.744 201918.22 1644320.1 -200206.32 125191.51 
-0.022329919 1.0556737 -32028.348 36559.693 17839.797 76154.748 201918.22 1644320.1 -200206.35 125191.52 
-0.022329919 1.0556737 -32028.347 36559.691 17839.8 76154.751 201918.23 1644320.1 -200206.4 125191.53 
-0.022329919 1.0556737 -32028.347 36559.689 17839.802 76154.753 201918.23 1644320.1 -200206.44 125191.53 
-0.022329919 1.0556737 -32028.346 36559.687 17839.804 76154.754 201918.22 1644320.1 -200206.47 125191.54 
-0.022329919 1.0556737 -32028.345 36559.685 17839.804 76154.752 201918.22 1644320.1 -200206.5 125191.56 
-0.022329919 1.0556737 -32028.345 36559.686 17839.804 76154.748 201918.22 1644320.1 -200206.51 125191.55 
-0.022400861 1.0561792 -31912.484 36049.597 18275.28 75672.239 204082.05 1642263.8 -187559.36 131174.65 
-0.022406047 1.0595547 -32028.481 36559.865 17839.895 76154.941 201919.37 1644325.9 -200206.02 125192.02 
-0.022406046 1.0595548 -32028.481 36559.865 17839.897 76154.943 201919.38 1644325.9 -200206.04 125192.02 
-0.022406046 1.0595548 -32028.481 36559.863 17839.9 76154.945 201919.38 1644325.9 -200206.07 125192.03 
-0.022406046 1.0595548 -32028.48 36559.862 17839.903 76154.947 201919.37 1644325.9 -200206.12 125192.04 
-0.022406046 1.0595548 -32028.479 36559.859 17839.907 76154.949 201919.37 1644325.9 -200206.17 125192.05 
-0.022406047 1.0595548 -32028.478 36559.857 17839.91 76154.948 201919.37 1644325.9 -200206.22 125192.06 
-0.022406047 1.0595548 -32028.477 36559.855 17839.912 76154.947 201919.36 1644325.9 -200206.25 125192.07 
-0.022406047 1.0595548 -32028.476 36559.852 17839.913 76154.944 201919.35 1644325.9 -200206.28 125192.08 
-0.022406047 1.0595548 -32028.476 36559.853 17839.913 76154.941 201919.35 1644325.9 -200206.3 125192.08 
-0.022476988 1.0600603 -31912.617 36049.761 18275.387 75672.437 204083.22 1642269.6 -187559.11 131175.19 
-0.022482174 1.0634358 -32028.615 36560.031 17840 76155.139 201920.53 1644331.7 -200205.8 125192.54 
-0.022482174 1.0634358 -32028.615 36560.031 17840.003 76155.139 201920.53 1644331.7 -200205.82 125192.54 
-0.022482174 1.0634358 -32028.614 36560.03 17840.007 76155.14 201920.53 1644331.7 -200205.86 125192.56 
-0.022482174 1.0634358 -32028.613 36560.028 17840.011 76155.142 201920.52 1644331.7 -200205.9 125192.57 
-0.022482174 1.0634359 -32028.612 36560.027 17840.015 76155.141 201920.51 1644331.7 -200205.96 125192.58 
-0.022482174 1.0634359 -32028.61 36560.024 17840.018 76155.139 201920.5 1644331.7 -200206.01 125192.59 
-0.022482174 1.0634359 -32028.609 36560.022 17840.021 76155.135 201920.49 1644331.7 -200206.05 125192.6 
-0.022482175 1.0634359 -32028.607 36560.02 17840.023 76155.134 201920.48 1644331.7 -200206.08 125192.62 
-0.022482174 1.0634359 -32028.608 36560.021 17840.023 76155.132 201920.49 1644331.7 -200206.09 125192.61 
-0.022553116 1.0639414 -31912.751 36049.921 18275.493 75672.631 204084.38 1642275.5 -187558.9 131175.74 
-0.022558302 1.0673169 -32028.749 36560.193 17840.106 76155.332 201921.69 1644337.6 -200205.63 125193.07 
-0.022558302 1.0673169 -32028.748 36560.194 17840.109 76155.332 201921.68 1644337.6 -200205.65 125193.08 
-0.022558302 1.0673169 -32028.747 36560.193 17840.114 76155.332 201921.67 1644337.6 -200205.68 125193.1 
-0.022558302 1.0673169 -32028.746 36560.192 17840.118 76155.332 201921.66 1644337.6 -200205.72 125193.11 
-0.022558302 1.0673169 -32028.744 36560.191 17840.123 76155.329 201921.64 1644337.5 -200205.77 125193.13 
-0.022558302 1.067317 -32028.742 36560.19 17840.126 76155.326 201921.63 1644337.5 -200205.82 125193.14 
-0.022558302 1.067317 -32028.741 36560.188 17840.13 76155.322 201921.62 1644337.5 -200205.86 125193.15 
-0.022558302 1.067317 -32028.74 36560.186 17840.132 76155.321 201921.62 1644337.5 -200205.88 125193.17 
-0.022558302 1.067317 -32028.741 36560.187 17840.132 76155.317 201921.62 1644337.5 -200205.89 125193.16 
-0.022629244 1.0678224 -31912.884 36050.078 18275.597 75672.82 204085.53 1642281.3 -187558.74 131176.3 
-0.02263443 1.071198 -32028.882 36560.352 17840.209 76155.522 201922.84 1644343.4 -200205.49 125193.62 
-0.02263443 1.071198 -32028.881 36560.353 17840.213 76155.52 201922.83 1644343.4 -200205.51 125193.63 
-0.02263443 1.071198 -32028.88 36560.353 17840.217 76155.519 201922.81 1644343.4 -200205.53 125193.65 
-0.02263443 1.071198 -32028.878 36560.353 17840.222 76155.518 201922.79 1644343.4 -200205.57 125193.67 
-0.02263443 1.071198 -32028.877 36560.353 17840.227 76155.514 201922.77 1644343.4 -200205.61 125193.69 
-0.02263443 1.071198 -32028.875 36560.352 17840.231 76155.51 201922.76 1644343.4 -200205.65 125193.7 
-0.02263443 1.071198 -32028.874 36560.352 17840.234 76155.505 201922.75 1644343.4 -200205.68 125193.71 
-0.022634431 1.071198 -32028.873 36560.351 17840.236 76155.502 201922.74 1644343.4 -200205.7 125193.74 
-0.022634431 1.071198 -32028.873 36560.351 17840.235 76155.498 201922.74 1644343.4 -200205.71 125193.74 
-0.022705372 1.0717035 -31913.017 36050.231 18275.696 75673.005 204086.67 1642287.2 -187558.62 131176.87 
-0.022710558 1.075079 -32029.015 36560.505 17840.307 76155.706 201923.98 1644349.3 -200205.39 125194.17 
-0.022710558 1.0750791 -32029.014 36560.507 17840.31 76155.703 201923.96 1644349.3 -200205.4 125194.18 
-0.022710558 1.0750791 -32029.013 36560.508 17840.314 76155.701 201923.94 1644349.3 -200205.42 125194.21 
-0.022710558 1.0750791 -32029.011 36560.509 17840.32 76155.699 201923.92 1644349.3 -200205.44 125194.23 
-0.022710559 1.0750791 -32029.01 36560.511 17840.324 76155.694 201923.9 1644349.3 -200205.47 125194.26 
-0.022710559 1.0750791 -32029.008 36560.512 17840.328 76155.689 201923.88 1644349.3 -200205.5 125194.28 
-0.022710559 1.0750791 -32029.007 36560.513 17840.331 76155.683 201923.87 1644349.3 -200205.52 125194.3 
-0.022710559 1.0750791 -32029.006 36560.512 17840.332 76155.679 201923.86 1644349.3 -200205.54 125194.33 
-0.022710559 1.0750791 -32029.006 36560.512 17840.33 76155.677 201923.86 1644349.3 -200205.55 125194.33 
-0.022781501 1.0755845 -31913.149 36050.381 18275.786 75673.185 204087.79 1642293.1 -187558.54 131177.44 
-0.022786687 1.0789601 -32029.147 36560.655 17840.396 76155.886 201925.09 1644355.2 -200205.31 125194.75 
-0.022786687 1.0789601 -32029.146 36560.658 17840.399 76155.882 201925.08 1644355.2 -200205.31 125194.76 
-0.022786687 1.0789601 -32029.145 36560.66 17840.403 76155.88 201925.06 1644355.2 -200205.31 125194.79 
-0.022786687 1.0789601 -32029.143 36560.663 17840.408 76155.877 201925.03 1644355.2 -200205.31 125194.82 
-0.022786687 1.0789601 -32029.142 36560.666 17840.412 76155.87 201925.01 1644355.2 -200205.33 125194.85 
-0.022786688 1.0789601 -32029.14 36560.668 17840.416 76155.863 201924.99 1644355.2 -200205.35 125194.88 
-0.022786688 1.0789601 -32029.139 36560.67 17840.418 76155.857 201924.98 1644355.2 -200205.37 125194.91 
-0.022786688 1.0789601 -32029.138 36560.669 17840.419 76155.855 201924.96 1644355.2 -200205.38 125194.93 
-0.022786688 1.0789601 -32029.138 36560.67 17840.417 76155.853 201924.97 1644355.2 -200205.39 125194.93 
-0.02285763 1.0794656 -31913.279 36050.529 18275.866 75673.36 204088.89 1642299 -187558.48 131178.02 
-0.022862816 1.0828411 -32029.277 36560.803 17840.477 76156.06 201926.19 1644361.1 -200205.22 125195.34 
-0.022862816 1.0828411 -32029.277 36560.806 17840.479 76156.057 201926.17 1644361.1 -200205.21 125195.35 
-0.022862816 1.0828411 -32029.276 36560.81 17840.483 76156.053 201926.15 1644361.1 -200205.19 125195.39 
-0.022862816 1.0828411 -32029.274 36560.814 17840.487 76156.048 201926.13 1644361.1 -200205.18 125195.42 
-0.022862816 1.0828411 -32029.273 36560.818 17840.49 76156.041 201926.1 1644361.1 -200205.19 125195.46 
-0.022862817 1.0828411 -32029.271 36560.821 17840.493 76156.035 201926.09 1644361.1 -200205.19 125195.5 
-0.022862817 1.0828411 -32029.27 36560.823 17840.496 76156.031 201926.07 1644361.1 -200205.21 125195.52 
-0.022862817 1.0828411 -32029.269 36560.823 17840.496 76156.03 201926.06 1644361.1 -200205.22 125195.55 
-0.022862817 1.0828411 -32029.27 36560.824 17840.494 76156.027 201926.05 1644361.1 -200205.23 125195.54 
-0.02293376 1.0833465 -31913.409 36050.678 18275.939 75673.527 204089.95 1642304.8 -187558.43 131178.61 
-0.022938945 1.0867221 -32029.407 36560.95 17840.551 76156.226 201927.26 1644366.9 -200205.11 125195.96 
-0.022938945 1.0867221 -32029.407 36560.954 17840.552 76156.222 201927.25 1644366.9 -200205.09 125195.97 
-0.022938945 1.0867221 -32029.405 36560.959 17840.554 76156.217 201927.23 1644366.9 -200205.06 125196.01 
-0.022938946 1.0867221 -32029.404 36560.963 17840.557 76156.212 201927.2 1644366.9 -200205.04 125196.05 
-0.022938946 1.0867221 -32029.403 36560.968 17840.56 76156.205 201927.18 1644366.9 -200205.03 125196.09 
-0.022938946 1.0867221 -32029.402 36560.971 17840.563 76156.2 201927.17 1644366.9 -200205.03 125196.12 
-0.022938946 1.0867221 -32029.401 36560.974 17840.565 76156.196 201927.15 1644367 -200205.03 125196.15 
-0.022938946 1.0867221 -32029.4 36560.975 17840.565 76156.193 201927.14 1644367 -200205.04 125196.17 
-0.022938946 1.0867221 -32029.401 36560.976 17840.562 76156.189 201927.14 1644367 -200205.06 125196.17 
-0.023009889 1.0872275 -31913.538 36050.828 18276.006 75673.684 204090.99 1642310.7 -187558.37 131179.23 
-0.023015075 1.090603 -32029.535 36561.098 17840.619 76156.38 201928.31 1644372.8 -200204.98 125196.6 
-0.023015075 1.090603 -32029.535 36561.102 17840.62 76156.376 201928.3 1644372.8 -200204.96 125196.62 
-0.023015075 1.090603 -32029.534 36561.106 17840.62 76156.37 201928.28 1644372.8 -200204.92 125196.65 
-0.023015075 1.090603 -32029.533 36561.111 17840.622 76156.365 201928.26 1644372.8 -200204.89 125196.69 
-0.023015075 1.090603 -32029.532 36561.116 17840.624 76156.359 201928.24 1644372.8 -200204.87 125196.73 
-0.023015075 1.090603 -32029.531 36561.12 17840.627 76156.355 201928.24 1644372.8 -200204.85 125196.77 
-0.023015076 1.090603 -32029.531 36561.123 17840.628 76156.351 201928.23 1644372.8 -200204.85 125196.79 
-0.023015076 1.090603 -32029.53 36561.124 17840.628 76156.347 201928.22 1644372.8 -200204.87 125196.81 
-0.023015076 1.090603 -32029.531 36561.125 17840.626 76156.343 201928.22 1644372.8 -200204.89 125196.81 
-0.023086019 1.0911085 -31913.665 36050.976 18276.07 75673.829 204092 1642316.5 -187558.31 131179.87 
-0.023091204 1.094484 -32029.662 36561.244 17840.685 76156.522 201929.33 1644378.6 -200204.86 125197.27 
-0.023091204 1.094484 -32029.661 36561.248 17840.684 76156.519 201929.32 1644378.6 -200204.83 125197.29 
-0.023091205 1.0944839 -32029.66 36561.252 17840.684 76156.514 201929.3 1644378.6 -200204.79 125197.32 
-0.023091205 1.0944839 -32029.66 36561.257 17840.685 76156.509 201929.29 1644378.6 -200204.75 125197.36 
-0.023091205 1.0944839 -32029.659 36561.262 17840.686 76156.503 201929.29 1644378.6 -200204.72 125197.39 
-0.023091205 1.0944839 -32029.66 36561.266 17840.688 76156.498 201929.29 1644378.6 -200204.7 125197.42 
-0.023091205 1.094484 -32029.66 36561.269 17840.689 76156.493 201929.29 1644378.6 -200204.7 125197.45 
-0.023091205 1.094484 -32029.659 36561.269 17840.689 76156.491 201929.28 1644378.6 -200204.72 125197.47 
-0.023091205 1.094484 -32029.66 36561.271 17840.688 76156.489 201929.27 1644378.6 -200204.75 125197.46 
-0.023162149 1.0949894 -31913.79 36051.122 18276.133 75673.966 204092.98 1642322.3 -187558.26 131180.54 
-0.023167334 1.0983649 -32029.786 36561.387 17840.749 76156.657 201930.32 1644384.4 -200204.77 125197.97 
-0.023167334 1.0983649 -32029.786 36561.391 17840.748 76156.654 201930.31 1644384.4 -200204.73 125197.99 
-0.023167335 1.0983649 -32029.786 36561.396 17840.748 76156.649 201930.31 1644384.4 -200204.68 125198.01 
-0.023167335 1.0983649 -32029.786 36561.401 17840.748 76156.644 201930.32 1644384.4 -200204.63 125198.04 
-0.023167335 1.0983649 -32029.786 36561.405 17840.748 76156.638 201930.32 1644384.4 -200204.6 125198.08 
-0.023167335 1.0983649 -32029.787 36561.409 17840.749 76156.634 201930.33 1644384.4 -200204.57 125198.1 
-0.023167335 1.0983649 -32029.787 36561.412 17840.75 76156.63 201930.33 1644384.4 -200204.58 125198.12 
-0.023167335 1.0983649 -32029.787 36561.412 17840.751 76156.629 201930.33 1644384.4 -200204.6 125198.14 
-0.023167335 1.0983649 -32029.788 36561.414 17840.751 76156.628 201930.33 1644384.4 -200204.63 125198.14 
-0.023238279 1.0988703 -31913.913 36051.263 18276.197 75674.098 204093.94 1642328.1 -187558.24 131181.25 
-0.023243465 1.1022458 -32029.909 36561.527 17840.814 76156.788 201931.29 1644390.1 -200204.71 125198.69 
-0.023243465 1.1022458 -32029.91 36561.53 17840.813 76156.785 201931.3 1644390.1 -200204.67 125198.71 
-0.023243465 1.1022458 -32029.91 36561.535 17840.812 76156.779 201931.31 1644390.1 -200204.61 125198.73 
-0.023243465 1.1022458 -32029.911 36561.54 17840.811 76156.774 201931.32 1644390.1 -200204.56 125198.76 
-0.023243465 1.1022458 -32029.912 36561.544 17840.811 76156.769 201931.33 1644390.1 -200204.53 125198.78 
-0.023243465 1.1022458 -32029.913 36561.548 17840.813 76156.767 201931.35 1644390.2 -200204.5 125198.81 
-0.023243465 1.1022458 -32029.914 36561.55 17840.814 76156.765 201931.36 1644390.2 -200204.51 125198.83 
-0.023243465 1.1022458 -32029.914 36561.551 17840.815 76156.765 201931.36 1644390.2 -200204.54 125198.84 
-0.023243465 1.1022458 -32029.916 36561.552 17840.815 76156.763 201931.36 1644390.2 -200204.56 125198.84 
-0.02331441 1.1027513 -31914.035 36051.398 18276.261 75674.23 204094.89 1642333.8 -187558.26 131181.98 
-0.023319595 1.1061267 -32030.031 36561.661 17840.88 76156.918 201932.25 1644395.9 -200204.69 125199.44 
-0.023319595 1.1061267 -32030.032 36561.664 17840.878 76156.914 201932.26 1644395.9 -200204.64 125199.45 
-0.023319595 1.1061267 -32030.034 36561.669 17840.876 76156.908 201932.28 1644395.9 -200204.59 125199.47 
-0.023319595 1.1061267 -32030.035 36561.673 17840.875 76156.903 201932.3 1644395.9 -200204.54 125199.49 
-0.023319595 1.1061267 -32030.036 36561.677 17840.875 76156.9 201932.32 1644395.9 -200204.51 125199.52 
-0.023319595 1.1061267 -32030.038 36561.68 17840.876 76156.899 201932.35 1644395.9 -200204.49 125199.54 
-0.023319595 1.1061267 -32030.039 36561.683 17840.878 76156.898 201932.36 1644396 -200204.49 125199.55 
-0.023319595 1.1061267 -32030.04 36561.684 17840.877 76156.898 201932.36 1644396 -200204.52 125199.57 
-0.023319595 1.1061267 -32030.041 36561.685 17840.877 76156.898 201932.36 1644396 -200204.55 125199.56 
-0.023390541 1.1066322 -31914.157 36051.528 18276.326 75674.365 204095.83 1642339.5 -187558.29 131182.73 
-0.023395726 1.1100076 -32030.153 36561.789 17840.944 76157.052 201933.2 1644401.6 -200204.7 125200.2 
-0.023395726 1.1100076 -32030.154 36561.793 17840.942 76157.048 201933.21 1644401.6 -200204.66 125200.21 
-0.023395726 1.1100076 -32030.155 36561.796 17840.94 76157.044 201933.24 1644401.6 -200204.61 125200.23 
-0.023395726 1.1100076 -32030.157 36561.8 17840.939 76157.041 201933.26 1644401.6 -200204.57 125200.25 
-0.023395726 1.1100076 -32030.159 36561.803 17840.938 76157.039 201933.28 1644401.6 -200204.54 125200.27 
-0.023395726 1.1100076 -32030.161 36561.806 17840.939 76157.038 201933.31 1644401.7 -200204.52 125200.29 
-0.023395726 1.1100076 -32030.162 36561.808 17840.939 76157.037 201933.32 1644401.7 -200204.53 125200.3 
-0.023395726 1.1100076 -32030.162 36561.808 17840.938 76157.039 201933.32 1644401.7 -200204.56 125200.31 
-0.023395726 1.1100076 -32030.163 36561.809 17840.938 76157.042 201933.32 1644401.8 -200204.59 125200.29 
-0.023466672 1.1105131 -31914.278 36051.653 18276.39 75674.508 204096.76 1642345.2 -187558.33 131183.5 
-0.023471857 1.1138885 -32030.274 36561.913 17841.009 76157.195 201934.13 1644407.3 -200204.74 125200.98 
-0.023471857 1.1138885 -32030.275 36561.916 17841.006 76157.192 201934.15 1644407.3 -200204.7 125200.99 
-0.023471857 1.1138885 -32030.276 36561.918 17841.004 76157.19 201934.16 1644407.3 -200204.66 125201 
-0.023471857 1.1138885 -32030.278 36561.92 17841.001 76157.189 201934.19 1644407.3 -200204.63 125201.01 
-0.023471857 1.1138885 -32030.279 36561.923 17841 76157.188 201934.2 1644407.4 -200204.61 125201.03 
-0.023471857 1.1138885 -32030.282 36561.926 17840.999 76157.186 201934.23 1644407.4 -200204.59 125201.04 
-0.023471857 1.1138885 -32030.283 36561.927 17840.999 76157.188 201934.24 1644407.4 -200204.6 125201.05 
-0.023471857 1.1138885 -32030.282 36561.927 17840.998 76157.192 201934.23 1644407.5 -200204.62 125201.05 
-0.023471857 1.1138885 -32030.283 36561.928 17840.998 76157.198 201934.23 1644407.5 -200204.63 125201.03 
-0.023542803 1.114394 -31914.398 36051.772 18276.457 75674.661 204097.67 1642350.9 -187558.35 131184.3 
-0.023547988 1.1177694 -32030.394 36562.034 17841.074 76157.349 201935.04 1644413 -200204.78 125201.76 
-0.023547988 1.1177694 -32030.396 36562.036 17841.072 76157.348 201935.06 1644413 -200204.74 125201.77 
-0.023547988 1.1177694 -32030.397 36562.037 17841.068 76157.348 201935.08 1644413 -200204.72 125201.78 
-0.023547988 1.1177694 -32030.398 36562.037 17841.064 76157.349 201935.09 1644413 -200204.7 125201.78 
-0.023547988 1.1177694 -32030.399 36562.039 17841.062 76157.349 201935.11 1644413.1 -200204.68 125201.79 
-0.023547988 1.1177694 -32030.401 36562.041 17841.059 76157.349 201935.12 1644413.1 -200204.66 125201.8 
-0.023547988 1.1177694 -32030.401 36562.042 17841.058 76157.351 201935.13 1644413.1 -200204.67 125201.8 
-0.023547988 1.1177694 -32030.401 36562.04 17841.057 76157.359 201935.11 1644413.1 -200204.69 125201.8 
-0.023547988 1.1177694 -32030.402 36562.042 17841.059 76157.364 201935.11 1644413.1 -200204.68 125201.78 
-0.023618935 1.1182749 -31914.516 36051.887 18276.525 75674.828 204098.56 1642356.6 -187558.37 131185.11 
-0.02362412 1.1216503 -32030.513 36562.149 17841.141 76157.521 201935.92 1644418.7 -200204.85 125202.55 
-0.02362412 1.1216503 -32030.515 36562.15 17841.138 76157.523 201935.93 1644418.7 -200204.82 125202.55 
-0.02362412 1.1216503 -32030.516 36562.152 17841.134 76157.524 201935.95 1644418.7 -200204.79 125202.56 
-0.023624119 1.1216503 -32030.517 36562.152 17841.13 76157.525 201935.96 1644418.7 -200204.76 125202.55 
-0.023624119 1.1216503 -32030.518 36562.152 17841.127 76157.528 201935.97 1644418.8 -200204.74 125202.54 
-0.023624119 1.1216503 -32030.519 36562.153 17841.123 76157.529 201935.98 1644418.8 -200204.73 125202.55 
-0.02362412 1.1216503 -32030.519 36562.151 17841.121 76157.531 201935.97 1644418.8 -200204.74 125202.55 
-0.02362412 1.1216503 -32030.517 36562.149 17841.117 76157.537 201935.95 1644418.8 -200204.77 125202.55 
-0.02362412 1.1216503 -32030.517 36562.149 17841.119 76157.545 201935.94 1644418.8 -200204.75 125202.53 
