273.74976 543.74055 303.74012 333.73148 363.72465 393.72023 423.71885 453.72041 483.72488 513.73193 
543.74055 545.24103 305.23966 335.23109 365.22437 395.22009 425.21885 455.22059 485.22517 515.23233 
545.24103 546.74151 306.7392 336.7307 366.7241 396.71996 426.71886 456.72077 486.72547 516.73272 
546.74151 548.24199 308.23874 338.23031 368.22384 398.21984 428.21887 458.22095 488.22577 518.23312 
548.24199 549.74248 309.73829 339.72992 369.72357 399.71971 429.71888 459.72113 489.72608 519.73351 
549.74248 551.24297 311.23784 341.22954 371.22331 401.2196 431.21891 461.22132 491.22639 521.23392 
551.24297 552.74347 312.7374 342.72916 372.72306 402.71949 432.71894 462.72152 492.72671 522.73433 
552.74347 554.24396 314.23695 344.22879 374.22281 404.21939 434.21899 464.22172 494.22703 524.23474 
554.24396 555.74446 315.73651 345.72843 375.72257 405.71931 435.71904 465.72193 495.72737 525.73517 
555.74446 557.24495 317.23607 347.22808 377.22233 407.21923 437.21911 467.22215 497.22772 527.2356 
557.24495 558.74544 318.73563 348.72773 378.72211 408.71916 438.71918 468.72236 498.72808 528.73604 
558.74544 560.24592 320.2352 350.22739 380.22188 410.2191 440.21926 470.22258 500.22844 530.23647 
560.24592 561.7464 321.73476 351.72706 381.72167 411.71904 441.71935 471.72281 501.72881 531.73691 
561.7464 563.24688 323.23434 353.22674 383.22146 413.21899 443.21945 473.22305 503.22919 533.23735 
563.24688 564.74736 324.73392 354.72642 384.72127 414.71896 444.71957 474.7233 504.72958 534.73779 
564.74736 566.24784 326.23351 356.22612 386.22108 416.21893 446.21969 476.22355 506.22997 536.23824 
566.24784 567.74832 327.7331 357.72582 387.72089 417.7189 447.71982 477.7238 507.73036 537.73869 
567.74832 569.2488 329.23269 359.22552 389.22071 419.21888 449.21996 479.22406 509.23075 539.23915 
569.2488 570.74928 330.73229 360.72522 390.72054 420.71887 450.7201 480.72433 510.73115 540.73961 
570.74928 572.24976 332.23188 362.22493 392.22038 422.21886 452.22026 482.2246 512.23155 542.24008 
572.24976 543.74055 303.74012 333.73148 363.72465 393.72023 423.71885 453.72042 483.72488 513.73194 
543.74055 545.24103 305.23966 335.23109 365.22437 395.22009 425.21885 455.22059 485.22517 515.23233 
545.24103 546.74151 306.7392 336.7307 366.7241 396.71996 426.71886 456.72077 486.72547 516.73272 
546.74151 548.24199 308.23874 338.23031 368.22384 398.21984 428.21887 458.22095 488.22577 518.23312 
548.24199 549.74248 309.73829 339.72992 369.72357 399.71971 429.71888 459.72113 489.72608 519.73351 
549.74248 551.24297 311.23784 341.22954 371.22331 401.2196 431.2189 461.22132 491.22639 521.23391 
551.24297 552.74347 312.7374 342.72916 372.72305 402.71949 432.71894 462.72152 492.72671 522.73432 
552.74347 554.24396 314.23696 344.22879 374.2228 404.21939 434.21898 464.22172 494.22703 524.23474 
554.24396 555.74446 315.73651 345.72843 375.72256 405.71931 435.71904 465.72193 495.72737 525.73517 
555.74446 557.24495 317.23607 347.22808 377.22233 407.21923 437.21911 467.22215 497.22772 527.2356 
557.24495 558.74544 318.73563 348.72773 378.7221 408.71916 438.71918 468.72236 498.72808 528.73603 
558.74544 560.24592 320.2352 350.22739 380.22188 410.21909 440.21926 470.22258 500.22844 530.23647 
560.24592 561.7464 321.73476 351.72706 381.72167 411.71904 441.71935 471.72281 501.72881 531.73691 
561.7464 563.24688 323.23434 353.22674 383.22146 413.21899 443.21945 473.22305 503.2292 533.23735 
563.24688 564.74736 324.73392 354.72642 384.72126 414.71896 444.71957 474.7233 504.72958 534.73779 
564.74736 566.24784 326.23351 356.22612 386.22107 416.21892 446.21969 476.22355 506.22997 536.23824 
566.24784 567.74832 327.7331 357.72581 387.72089 417.7189 447.71982 477.7238 507.73036 537.73869 
567.74832 569.2488 329.23269 359.22551 389.22071 419.21888 449.21995 479.22406 509.23075 539.23915 
569.2488 570.74928 330.73228 360.72521 390.72054 420.71886 450.7201 480.72432 510.73115 540.73961 
570.74928 572.24976 332.23188 362.22493 392.22038 422.21886 452.22026 482.2246 512.23155 542.24008 
572.24976 543.74055 303.74011 333.73148 363.72465 393.72023 423.71885 453.72042 483.72488 513.73194 
543.74055 545.24103 305.23965 335.23108 365.22437 395.22009 425.21885 455.22059 485.22517 515.23233 
545.24103 546.74151 306.7392 336.73069 366.7241 396.71996 426.71886 456.72077 486.72547 516.73272 
546.74151 548.24199 308.23874 338.2303 368.22383 398.21984 428.21886 458.22095 488.22577 518.23311 
548.24199 549.74248 309.73829 339.72992 369.72357 399.71971 429.71888 459.72113 489.72607 519.73351 
549.74248 551.24297 311.23785 341.22954 371.22331 401.2196 431.2189 461.22133 491.22639 521.23391 
551.24297 552.74347 312.7374 342.72916 372.72305 402.71949 432.71894 462.72152 492.7267 522.73432 
552.74347 554.24396 314.23696 344.2288 374.22281 404.21939 434.21899 464.22173 494.22703 524.23474 
554.24396 555.74446 315.73652 345.72843 375.72257 405.71931 435.71904 465.72193 495.72737 525.73516 
555.74446 557.24495 317.23608 347.22808 377.22233 407.21923 437.21911 467.22215 497.22772 527.2356 
557.24495 558.74544 318.73563 348.72773 378.72211 408.71916 438.71918 468.72237 498.72808 528.73603 
558.74544 560.24592 320.2352 350.22739 380.22188 410.2191 440.21926 470.22259 500.22844 530.23647 
560.24592 561.7464 321.73477 351.72706 381.72167 411.71904 441.71935 471.72282 501.72882 531.73691 
561.7464 563.24688 323.23434 353.22674 383.22146 413.21899 443.21945 473.22305 503.2292 533.23735 
563.24688 564.74736 324.73392 354.72642 384.72126 414.71895 444.71956 474.7233 504.72958 534.73779 
564.74736 566.24784 326.2335 356.22611 386.22107 416.21892 446.21968 476.22354 506.22997 536.23824 
566.24784 567.74832 327.73309 357.72581 387.72088 417.71889 447.71981 477.72379 507.73036 537.73869 
567.74832 569.2488 329.23269 359.22551 389.2207 419.21887 449.21995 479.22405 509.23075 539.23915 
569.2488 570.74928 330.73228 360.72521 390.72053 420.71886 450.72009 480.72431 510.73114 540.73961 
570.74928 572.24976 332.23187 362.22492 392.22037 422.21885 452.22025 482.22459 512.23154 542.24008 
572.24976 543.74056 303.74011 333.73148 363.72465 393.72023 423.71886 453.72042 483.72488 513.73194 
543.74056 545.24103 305.23965 335.23108 365.22437 395.22009 425.21885 455.22059 485.22516 515.23233 
545.24103 546.74151 306.7392 336.73069 366.7241 396.71996 426.71885 456.72076 486.72546 516.73272 
546.74151 548.24199 308.23874 338.2303 368.22383 398.21984 428.21887 458.22095 488.22577 518.23311 
548.24199 549.74248 309.7383 339.72992 369.72357 399.71972 429.71888 459.72114 489.72607 519.73351 
549.74248 551.24297 311.23785 341.22954 371.22331 401.2196 431.21891 461.22133 491.22639 521.23391 
551.24297 552.74347 312.73741 342.72917 372.72306 402.7195 432.71895 462.72153 492.72671 522.73432 
552.74347 554.24396 314.23696 344.2288 374.22281 404.2194 434.21899 464.22173 494.22703 524.23473 
554.24396 555.74446 315.73652 345.72844 375.72257 405.71931 435.71905 465.72194 495.72737 525.73516 
555.74446 557.24495 317.23608 347.22808 377.22234 407.21923 437.21911 467.22215 497.22772 527.23559 
557.24495 558.74544 318.73564 348.72774 378.72211 408.71916 438.71919 468.72237 498.72808 528.73603 
558.74544 560.24592 320.2352 350.2274 380.22189 410.2191 440.21926 470.2226 500.22845 530.23647 
560.24592 561.7464 321.73477 351.72707 381.72167 411.71904 441.71935 471.72282 501.72883 531.73691 
561.7464 563.24689 323.23434 353.22674 383.22146 413.21899 443.21945 473.22306 503.2292 533.23735 
563.24689 564.74737 324.73392 354.72642 384.72126 414.71895 444.71956 474.72329 504.72959 534.73779 
564.74737 566.24785 326.2335 356.22611 386.22106 416.21891 446.21967 476.22354 506.22997 536.23824 
566.24785 567.74833 327.73309 357.7258 387.72088 417.71889 447.7198 477.72379 507.73036 537.73869 
567.74833 569.2488 329.23268 359.2255 389.2207 419.21887 449.21994 479.22405 509.23075 539.23915 
569.2488 570.74928 330.73227 360.72521 390.72053 420.71885 450.72009 480.72431 510.73115 540.73961 
570.74928 572.24976 332.23187 362.22492 392.22037 422.21885 452.22024 482.22458 512.23154 542.24008 
572.24976 543.74056 303.74011 333.73147 363.72465 393.72023 423.71886 453.72042 483.72487 513.73194 
543.74056 545.24103 305.23965 335.23107 365.22437 395.22009 425.21885 455.22058 485.22516 515.23233 
545.24103 546.74151 306.7392 336.73069 366.7241 396.71996 426.71886 456.72076 486.72546 516.73272 
546.74151 548.24199 308.23875 338.2303 368.22384 398.21984 428.21887 458.22095 488.22576 518.23311 
548.24199 549.74248 309.7383 339.72992 369.72358 399.71972 429.71889 459.72114 489.72607 519.7335 
549.74248 551.24297 311.23785 341.22955 371.22332 401.21961 431.21892 461.22134 491.22639 521.2339 
551.24297 552.74347 312.73741 342.72917 372.72307 402.7195 432.71895 462.72154 492.72671 522.73431 
552.74347 554.24396 314.23697 344.22881 374.22282 404.2194 434.219 464.22174 494.22704 524.23473 
554.24396 555.74445 315.73652 345.72844 375.72258 405.71931 435.71905 465.72195 495.72738 525.73516 
555.74445 557.24495 317.23608 347.22809 377.22234 407.21924 437.21912 467.22216 497.22773 527.23559 
557.24495 558.74544 318.73564 348.72774 378.72212 408.71917 438.71919 468.72238 498.72809 528.73603 
558.74544 560.24592 320.2352 350.2274 380.22189 410.2191 440.21927 470.2226 500.22846 530.23647 
560.24592 561.74641 321.73477 351.72707 381.72168 411.71904 441.71936 471.72283 501.72883 531.73691 
561.74641 563.24689 323.23434 353.22674 383.22147 413.21899 443.21945 473.22306 503.22921 533.23735 
563.24689 564.74737 324.73392 354.72642 384.72126 414.71895 444.71955 474.72329 504.72959 534.73779 
564.74737 566.24785 326.2335 356.22611 386.22106 416.21891 446.21967 476.22354 506.22997 536.23824 
566.24785 567.74833 327.73309 357.7258 387.72087 417.71888 447.7198 477.72379 507.73036 537.73869 
567.74833 569.24881 329.23268 359.2255 389.2207 419.21887 449.21994 479.22405 509.23076 539.23916 
569.24881 570.74929 330.73227 360.7252 390.72053 420.71885 450.72009 480.72431 510.73115 540.73962 
570.74929 572.24976 332.23186 362.22491 392.22036 422.21884 452.22024 482.22458 512.23154 542.24008 
572.24976 543.74056 303.74011 333.73147 363.72464 393.72023 423.71885 453.72041 483.72487 513.73194 
543.74056 545.24103 305.23965 335.23107 365.22436 395.22009 425.21885 455.22058 485.22515 515.23233 
545.24103 546.74151 306.7392 336.73068 366.7241 396.71996 426.71886 456.72076 486.72546 516.73271 
546.74151 548.24199 308.23875 338.2303 368.22384 398.21984 428.21887 458.22095 488.22576 518.2331 
548.24199 549.74248 309.7383 339.72993 369.72358 399.71972 429.71889 459.72115 489.72607 519.7335 
549.74248 551.24297 311.23786 341.22955 371.22332 401.21961 431.21892 461.22134 491.22639 521.2339 
551.24297 552.74346 312.73742 342.72918 372.72307 402.71951 432.71896 462.72154 492.72671 522.73431 
552.74346 554.24396 314.23697 344.22881 374.22282 404.21941 434.21901 464.22175 494.22704 524.23473 
554.24396 555.74445 315.73653 345.72845 375.72258 405.71932 435.71906 465.72196 495.72738 525.73515 
555.74445 557.24495 317.23609 347.2281 377.22235 407.21924 437.21912 467.22217 497.22774 527.23559 
557.24495 558.74544 318.73565 348.72775 378.72212 408.71917 438.7192 468.72239 498.7281 528.73603 
558.74544 560.24592 320.23521 350.22741 380.2219 410.21911 440.21927 470.22261 500.22847 530.23647 
560.24592 561.74641 321.73477 351.72708 381.72168 411.71905 441.71936 471.72284 501.72884 531.73691 
561.74641 563.24689 323.23435 353.22675 383.22147 413.21899 443.21945 473.22306 503.22921 533.23735 
563.24689 564.74737 324.73392 354.72642 384.72126 414.71894 444.71955 474.72329 504.72959 534.73779 
564.74737 566.24785 326.2335 356.2261 386.22106 416.2189 446.21966 476.22353 506.22998 536.23824 
566.24785 567.74833 327.73309 357.72579 387.72087 417.71888 447.71979 477.72378 507.73037 537.7387 
567.74833 569.24881 329.23268 359.2255 389.22069 419.21886 449.21994 479.22404 509.23076 539.23916 
569.24881 570.74929 330.73227 360.7252 390.72052 420.71885 450.72008 480.72431 510.73115 540.73962 
570.74929 572.24976 332.23186 362.22491 392.22036 422.21884 452.22023 482.22457 512.23154 542.24009 
572.24976 543.74056 303.7401 333.73146 363.72464 393.72023 423.71885 453.72041 483.72486 513.73194 
543.74056 545.24103 305.23965 335.23107 365.22437 395.22009 425.21885 455.22058 485.22515 515.23232 
545.24103 546.74151 306.7392 336.73068 366.7241 396.71996 426.71886 456.72076 486.72545 516.73271 
546.74151 548.24199 308.23875 338.2303 368.22384 398.21984 428.21888 458.22095 488.22576 518.2331 
548.24199 549.74248 309.73831 339.72993 369.72358 399.71973 429.7189 459.72115 489.72607 519.7335 
549.74248 551.24297 311.23787 341.22956 371.22333 401.21962 431.21893 461.22135 491.22639 521.2339 
551.24297 552.74346 312.73742 342.72918 372.72307 402.71951 432.71897 462.72155 492.72671 522.73431 
552.74346 554.24396 314.23698 344.22882 374.22283 404.21941 434.21901 464.22176 494.22704 524.23472 
554.24396 555.74445 315.73653 345.72846 375.72259 405.71932 435.71907 465.72197 495.72739 525.73515 
555.74445 557.24495 317.23609 347.2281 377.22235 407.21925 437.21913 467.22218 497.22774 527.23559 
557.24495 558.74544 318.73565 348.72776 378.72213 408.71917 438.7192 468.7224 498.7281 528.73603 
558.74544 560.24593 320.23521 350.22741 380.2219 410.21911 440.21928 470.22262 500.22847 530.23647 
560.24593 561.74641 321.73478 351.72708 381.72168 411.71905 441.71936 471.72284 501.72884 531.73691 
561.74641 563.24689 323.23435 353.22675 383.22147 413.21899 443.21945 473.22306 503.22922 533.23735 
563.24689 564.74738 324.73392 354.72642 384.72125 414.71894 444.71955 474.72329 504.7296 534.7378 
564.74738 566.24786 326.2335 356.2261 386.22105 416.2189 446.21966 476.22353 506.22998 536.23825 
566.24786 567.74834 327.73308 357.72579 387.72086 417.71887 447.71979 477.72378 507.73037 537.73871 
567.74834 569.24882 329.23267 359.22549 389.22069 419.21886 449.21993 479.22404 509.23076 539.23916 
569.24882 570.74929 330.73226 360.7252 390.72052 420.71885 450.72008 480.7243 510.73115 540.73963 
570.74929 572.24976 332.23185 362.22491 392.22036 422.21884 452.22023 482.22457 512.23154 542.24009 
572.24976 543.74056 303.7401 333.73146 363.72464 393.72022 423.71885 453.72041 483.72486 513.73194 
543.74056 545.24103 305.23965 335.23107 365.22437 395.22009 425.21885 455.22058 485.22515 515.23232 
545.24103 546.74151 306.7392 336.73069 366.7241 396.71997 426.71886 456.72077 486.72545 516.73271 
546.74151 548.24199 308.23876 338.23031 368.22385 398.21985 428.21888 458.22096 488.22576 518.2331 
548.24199 549.74248 309.73832 339.72993 369.72359 399.71974 429.7189 459.72115 489.72607 519.73349 
549.74248 551.24297 311.23787 341.22956 371.22333 401.21962 431.21893 461.22135 491.22639 521.23389 
551.24297 552.74346 312.73743 342.72919 372.72308 402.71952 432.71897 462.72155 492.72671 522.7343 
552.74346 554.24396 314.23698 344.22882 374.22283 404.21942 434.21902 464.22176 494.22704 524.23472 
554.24396 555.74445 315.73654 345.72846 375.72259 405.71933 435.71907 465.72197 495.72739 525.73515 
555.74445 557.24495 317.2361 347.22811 377.22236 407.21925 437.21914 467.22219 497.22775 527.23559 
557.24495 558.74544 318.73565 348.72776 378.72213 408.71918 438.71921 468.72241 498.72811 528.73603 
558.74544 560.24593 320.23521 350.22742 380.22191 410.21911 440.21928 470.22262 500.22848 530.23647 
560.24593 561.74641 321.73478 351.72708 381.72168 411.71905 441.71936 471.72284 501.72885 531.73691 
561.74641 563.2469 323.23435 353.22675 383.22147 413.21899 443.21945 473.22307 503.22922 533.23736 
563.2469 564.74738 324.73392 354.72642 384.72125 414.71894 444.71955 474.7233 504.7296 534.7378 
564.74738 566.24786 326.2335 356.2261 386.22105 416.2189 446.21966 476.22353 506.22998 536.23826 
566.24786 567.74834 327.73308 357.72579 387.72086 417.71887 447.71979 477.72378 507.73037 537.73871 
567.74834 569.24882 329.23267 359.22549 389.22068 419.21886 449.21993 479.22404 509.23077 539.23917 
569.24882 570.74929 330.73226 360.72519 390.72052 420.71885 450.72008 480.72431 510.73116 540.73963 
570.74929 572.24976 332.23186 362.22491 392.22037 422.21885 452.22024 482.22458 512.23155 542.24009 
572.24976 543.74056 303.7401 333.73146 363.72464 393.72023 423.71885 453.72041 483.72486 513.73194 
543.74056 545.24103 305.23965 335.23107 365.22437 395.2201 425.21886 455.22059 485.22515 515.23232 
545.24103 546.74151 306.73921 336.73069 366.72411 396.71998 426.71887 456.72077 486.72546 516.73271 
546.74151 548.24199 308.23876 338.23031 368.22385 398.21986 428.21889 458.22097 488.22576 518.2331 
548.24199 549.74248 309.73832 339.72994 369.72359 399.71974 429.71891 459.72116 489.72607 519.73349 
549.74248 551.24297 311.23788 341.22956 371.22334 401.21963 431.21894 461.22136 491.22639 521.23389 
551.24297 552.74346 312.73743 342.72919 372.72308 402.71952 432.71898 462.72156 492.72671 522.7343 
552.74346 554.24396 314.23699 344.22883 374.22283 404.21942 434.21902 464.22177 494.22705 524.23472 
554.24396 555.74446 315.73654 345.72847 375.7226 405.71934 435.71908 465.72198 495.7274 525.73515 
555.74446 557.24495 317.2361 347.22811 377.22237 407.21926 437.21915 467.2222 497.22775 527.23559 
557.24495 558.74544 318.73566 348.72777 378.72214 408.71918 438.71921 468.72241 498.72812 528.73603 
558.74544 560.24593 320.23522 350.22742 380.22191 410.21912 440.21929 470.22263 500.22849 530.23647 
560.24593 561.74642 321.73478 351.72709 381.72169 411.71906 441.71937 471.72285 501.72886 531.73692 
561.74642 563.2469 323.23435 353.22675 383.22147 413.219 443.21946 473.22307 503.22923 533.23736 
563.2469 564.74738 324.73392 354.72642 384.72126 414.71894 444.71956 474.7233 504.72961 534.73781 
564.74738 566.24787 326.2335 356.2261 386.22105 416.2189 446.21967 476.22354 506.22999 536.23826 
566.24787 567.74834 327.73308 357.72579 387.72086 417.71888 447.7198 477.72379 507.73038 537.73872 
567.74834 569.24882 329.23267 359.22549 389.22069 419.21886 449.21994 479.22405 509.23077 539.23918 
569.24882 570.74929 330.73226 360.7252 390.72053 420.71885 450.72009 480.72431 510.73116 540.73964 
570.74929 572.24977 332.23186 362.22492 392.22038 422.21886 452.22025 482.22459 512.23156 542.2401 
572.24977 543.74057 303.74011 333.73146 363.72465 393.72024 423.71886 453.72042 483.72487 513.73194 
543.74057 545.24104 305.23965 335.23107 365.22437 395.2201 425.21886 455.22059 485.22516 515.23232 
545.24104 546.74151 306.73921 336.73069 366.72411 396.71998 426.71887 456.72077 486.72546 516.73271 
546.74151 548.24199 308.23876 338.23031 368.22385 398.21986 428.21889 458.22096 488.22576 518.2331 
548.24199 549.74248 309.73832 339.72994 369.72359 399.71974 429.71891 459.72116 489.72607 519.73349 
549.74248 551.24297 311.23787 341.22956 371.22333 401.21962 431.21894 461.22135 491.22638 521.23389 
551.24297 552.74346 312.73743 342.72919 372.72308 402.71952 432.71897 462.72156 492.72671 522.7343 
552.74346 554.24396 314.23698 344.22882 374.22283 404.21942 434.21902 464.22177 494.22705 524.23472 
554.24396 555.74445 315.73654 345.72846 375.72259 405.71933 435.71908 465.72198 495.7274 525.73515 
555.74445 557.24495 317.2361 347.22811 377.22236 407.21926 437.21914 467.2222 497.22775 527.23559 
557.24495 558.74544 318.73566 348.72776 378.72213 408.71918 438.71921 468.72241 498.72812 528.73603 
558.74544 560.24593 320.23522 350.22742 380.22191 410.21911 440.21929 470.22263 500.22848 530.23647 
560.24593 561.74642 321.73478 351.72708 381.72169 411.71905 441.71937 471.72285 501.72886 531.73692 
561.74642 563.2469 323.23435 353.22675 383.22147 413.21899 443.21946 473.22307 503.22923 533.23736 
563.2469 564.74738 324.73392 354.72642 384.72125 414.71894 444.71955 474.7233 504.72961 534.73781 
564.74738 566.24787 326.2335 356.22609 386.22105 416.2189 446.21967 476.22354 506.22999 536.23826 
566.24787 567.74834 327.73308 357.72579 387.72086 417.71888 447.71979 477.72379 507.73038 537.73872 
567.74834 569.24882 329.23267 359.22549 389.22069 419.21886 449.21993 479.22404 509.23077 539.23917 
569.24882 570.74929 330.73226 360.7252 390.72052 420.71885 450.72008 480.72431 510.73116 540.73963 
570.74929 572.24976 332.23186 362.22492 392.22038 422.21885 452.22025 482.22459 512.23155 542.2401 
