-0.021244573 0.44053782 -11156.003 -55256.087 96181.37 -10700.477 591059.35 1273265.5 2075379.7 1201681.5 
-0.022177664 1.0479115 -32028.074 36559.383 17839.57 76154.274 201915.78 1644308.3 -200206.47 125190.55 
-0.022177664 1.0479115 -32028.075 36559.381 17839.572 76154.269 201915.8 1644308.2 -200206.47 125190.53 
-0.022177664 1.0479115 -32028.076 36559.379 17839.577 76154.27 201915.83 1644308.3 -200206.45 125190.54 
-0.022177664 1.0479115 -32028.077 36559.375 17839.582 76154.273 201915.84 1644308.3 -200206.47 125190.55 
-0.022177664 1.0479115 -32028.078 36559.372 17839.583 76154.278 201915.85 1644308.4 -200206.53 125190.55 
-0.022177664 1.0479115 -32028.078 36559.369 17839.583 76154.288 201915.86 1644308.4 -200206.6 125190.55 
-0.022177665 1.0479115 -32028.078 36559.366 17839.584 76154.298 201915.86 1644308.4 -200206.64 125190.55 
-0.022177665 1.0479115 -32028.078 36559.364 17839.584 76154.305 201915.86 1644308.5 -200206.72 125190.54 
-0.022177665 1.0479115 -32028.078 36559.363 17839.582 76154.31 201915.86 1644308.5 -200206.75 125190.53 
-0.022248605 1.0484172 -31912.219 36049.29 18275.051 75671.8 204079.67 1642252 -187559.74 131173.48 
-0.022253791 1.0517926 -32028.214 36559.546 17839.672 76154.491 201917.03 1644314 -200206.13 125190.98 
-0.022253791 1.0517926 -32028.215 36559.545 17839.675 76154.494 201917.04 1644314 -200206.13 125190.97 
-0.022253791 1.0517926 -32028.215 36559.542 17839.68 76154.494 201917.05 1644314.1 -200206.14 125191 
-0.022253791 1.0517926 -32028.215 36559.54 17839.683 76154.495 201917.05 1644314.1 -200206.19 125191.01 
-0.022253791 1.0517926 -32028.215 36559.537 17839.686 76154.502 201917.05 1644314.2 -200206.27 125191.02 
-0.022253791 1.0517926 -32028.215 36559.535 17839.686 76154.506 201917.05 1644314.2 -200206.35 125191.01 
-0.022253792 1.0517926 -32028.215 36559.533 17839.688 76154.513 201917.05 1644314.2 -200206.39 125191.01 
-0.022253792 1.0517926 -32028.214 36559.53 17839.688 76154.519 201917.04 1644314.3 -200206.44 125191.03 
-0.022253792 1.0517926 -32028.214 36559.529 17839.687 76154.522 201917.04 1644314.3 -200206.49 125191.02 
-0.022324732 1.0522982 -31912.357 36049.451 18275.154 75672.019 204080.91 1642257.8 -187559.38 131173.97 
-0.022329918 1.0556736 -32028.352 36559.71 17839.773 76154.71 201918.26 1644319.8 -200205.85 125191.43 
-0.022329918 1.0556736 -32028.353 36559.711 17839.776 76154.71 201918.27 1644319.9 -200205.86 125191.44 
-0.022329918 1.0556736 -32028.353 36559.71 17839.78 76154.712 201918.27 1644319.9 -200205.89 125191.46 
-0.022329918 1.0556736 -32028.352 36559.707 17839.783 76154.711 201918.26 1644320 -200205.95 125191.49 
-0.022329918 1.0556736 -32028.352 36559.706 17839.787 76154.718 201918.24 1644320 -200206.03 125191.49 
-0.022329919 1.0556737 -32028.351 36559.703 17839.788 76154.721 201918.23 1644320.1 -200206.11 125191.49 
-0.022329919 1.0556737 -32028.349 36559.7 17839.789 76154.725 201918.22 1644320.1 -200206.17 125191.5 
-0.022329919 1.0556737 -32028.348 36559.698 17839.79 76154.73 201918.21 1644320.1 -200206.21 125191.51 
-0.022329919 1.0556737 -32028.348 36559.697 17839.79 76154.732 201918.21 1644320.1 -200206.25 125191.52 
-0.022400859 1.0561792 -31912.493 36049.611 18275.258 75672.228 204082.14 1642263.6 -187559.06 131174.5 
-0.022406045 1.0595547 -32028.49 36559.875 17839.874 76154.925 201919.48 1644325.7 -200205.62 125191.91 
-0.022406045 1.0595547 -32028.491 36559.877 17839.878 76154.924 201919.48 1644325.8 -200205.63 125191.91 
-0.022406045 1.0595547 -32028.49 36559.876 17839.882 76154.925 201919.47 1644325.8 -200205.66 125191.95 
-0.022406046 1.0595547 -32028.489 36559.875 17839.884 76154.925 201919.45 1644325.9 -200205.73 125191.96 
-0.022406046 1.0595547 -32028.488 36559.874 17839.888 76154.929 201919.42 1644325.9 -200205.8 125191.97 
-0.022406046 1.0595547 -32028.486 36559.871 17839.89 76154.93 201919.4 1644325.9 -200205.88 125191.99 
-0.022406046 1.0595547 -32028.484 36559.868 17839.891 76154.933 201919.39 1644325.9 -200205.93 125192 
-0.022406046 1.0595547 -32028.482 36559.865 17839.893 76154.936 201919.38 1644325.9 -200205.98 125192.01 
-0.022406047 1.0595547 -32028.481 36559.864 17839.893 76154.937 201919.37 1644325.9 -200206.01 125192.02 
-0.022476987 1.0600603 -31912.628 36049.768 18275.363 75672.43 204083.34 1642269.5 -187558.78 131175.04 
-0.022482173 1.0634358 -32028.625 36560.037 17839.977 76155.132 201920.66 1644331.6 -200205.44 125192.41 
-0.022482173 1.0634358 -32028.626 36560.04 17839.98 76155.131 201920.66 1644331.7 -200205.46 125192.42 
-0.022482173 1.0634358 -32028.625 36560.04 17839.985 76155.132 201920.64 1644331.7 -200205.49 125192.44 
-0.022482173 1.0634358 -32028.624 36560.04 17839.987 76155.131 201920.61 1644331.7 -200205.56 125192.46 
-0.022482173 1.0634358 -32028.622 36560.039 17839.991 76155.133 201920.59 1644331.7 -200205.62 125192.48 
-0.022482174 1.0634358 -32028.62 36560.037 17839.993 76155.133 201920.56 1644331.7 -200205.68 125192.49 
-0.022482174 1.0634358 -32028.618 36560.034 17839.995 76155.134 201920.55 1644331.7 -200205.73 125192.51 
-0.022482174 1.0634358 -32028.616 36560.032 17839.997 76155.136 201920.54 1644331.7 -200205.77 125192.53 
-0.022482174 1.0634358 -32028.615 36560.03 17839.998 76155.137 201920.53 1644331.7 -200205.8 125192.54 
-0.022553115 1.0639413 -31912.761 36049.921 18275.467 75672.625 204084.51 1642275.4 -187558.57 131175.61 
-0.022558301 1.0673169 -32028.759 36560.194 17840.079 76155.332 201921.81 1644337.5 -200205.33 125192.93 
-0.022558301 1.0673169 -32028.759 36560.197 17840.082 76155.332 201921.8 1644337.6 -200205.36 125192.93 
-0.022558301 1.0673169 -32028.758 36560.199 17840.086 76155.332 201921.78 1644337.6 -200205.37 125192.96 
-0.022558301 1.0673169 -32028.757 36560.199 17840.089 76155.331 201921.75 1644337.6 -200205.42 125192.98 
-0.022558301 1.0673169 -32028.755 36560.2 17840.093 76155.332 201921.73 1644337.6 -200205.47 125193 
-0.022558301 1.0673169 -32028.753 36560.198 17840.096 76155.331 201921.71 1644337.6 -200205.53 125193.02 
-0.022558302 1.0673169 -32028.751 36560.196 17840.099 76155.331 201921.7 1644337.6 -200205.57 125193.04 
-0.022558302 1.0673169 -32028.749 36560.194 17840.102 76155.332 201921.69 1644337.6 -200205.61 125193.06 
-0.022558302 1.0673169 -32028.749 36560.192 17840.103 76155.332 201921.68 1644337.6 -200205.63 125193.07 
-0.022629244 1.0678224 -31912.891 36050.069 18275.568 75672.82 204085.63 1642281.3 -187558.46 131176.18 
-0.02263443 1.0711979 -32028.89 36560.344 17840.178 76155.529 201922.92 1644343.4 -200205.28 125193.46 
-0.02263443 1.0711979 -32028.891 36560.348 17840.181 76155.528 201922.91 1644343.4 -200205.29 125193.46 
-0.02263443 1.071198 -32028.89 36560.351 17840.186 76155.527 201922.9 1644343.5 -200205.29 125193.49 
-0.02263443 1.071198 -32028.889 36560.353 17840.19 76155.526 201922.88 1644343.5 -200205.33 125193.51 
-0.02263443 1.071198 -32028.887 36560.354 17840.194 76155.526 201922.86 1644343.5 -200205.36 125193.54 
-0.02263443 1.071198 -32028.886 36560.354 17840.198 76155.524 201922.85 1644343.5 -200205.41 125193.56 
-0.02263443 1.071198 -32028.884 36560.353 17840.202 76155.524 201922.84 1644343.4 -200205.45 125193.58 
-0.02263443 1.071198 -32028.883 36560.352 17840.205 76155.523 201922.83 1644343.4 -200205.48 125193.6 
-0.02263443 1.071198 -32028.882 36560.35 17840.206 76155.522 201922.83 1644343.4 -200205.49 125193.61 
-0.022705373 1.0717034 -31913.022 36050.214 18275.662 75673.011 204086.73 1642287.2 -187558.42 131176.72 
-0.022710558 1.075079 -32029.02 36560.49 17840.272 76155.72 201924.02 1644349.3 -200205.24 125194.01 
-0.022710558 1.075079 -32029.021 36560.494 17840.276 76155.719 201924.02 1644349.3 -200205.23 125194.01 
-0.022710558 1.075079 -32029.021 36560.498 17840.281 76155.718 201924.01 1644349.3 -200205.23 125194.03 
-0.022710558 1.075079 -32029.02 36560.501 17840.286 76155.716 201924 1644349.3 -200205.26 125194.06 
-0.022710558 1.075079 -32029.019 36560.503 17840.291 76155.714 201923.99 1644349.3 -200205.28 125194.09 
-0.022710558 1.075079 -32029.018 36560.505 17840.296 76155.712 201923.98 1644349.3 -200205.32 125194.11 
-0.022710558 1.075079 -32029.017 36560.505 17840.3 76155.711 201923.98 1644349.3 -200205.35 125194.14 
-0.022710558 1.075079 -32029.016 36560.504 17840.303 76155.709 201923.97 1644349.3 -200205.38 125194.16 
-0.022710558 1.075079 -32029.015 36560.504 17840.304 76155.708 201923.97 1644349.3 -200205.39 125194.17 
-0.022781501 1.0755845 -31913.152 36050.359 18275.75 75673.2 204087.81 1642293 -187558.42 131177.26 
-0.022786687 1.07896 -32029.15 36560.633 17840.362 76155.907 201925.12 1644355.2 -200205.19 125194.57 
-0.022786687 1.07896 -32029.151 36560.638 17840.366 76155.906 201925.12 1644355.2 -200205.19 125194.57 
-0.022786687 1.0789601 -32029.151 36560.642 17840.37 76155.904 201925.12 1644355.2 -200205.19 125194.59 
-0.022786687 1.0789601 -32029.151 36560.646 17840.375 76155.901 201925.11 1644355.2 -200205.2 125194.62 
-0.022786687 1.0789601 -32029.15 36560.65 17840.381 76155.898 201925.1 1644355.2 -200205.21 125194.65 
-0.022786687 1.0789601 -32029.149 36560.652 17840.386 76155.895 201925.1 1644355.2 -200205.24 125194.68 
-0.022786687 1.0789601 -32029.148 36560.653 17840.391 76155.893 201925.1 1644355.2 -200205.27 125194.71 
-0.022786687 1.0789601 -32029.148 36560.654 17840.393 76155.891 201925.1 1644355.2 -200205.3 125194.73 
-0.022786687 1.0789601 -32029.147 36560.653 17840.394 76155.888 201925.09 1644355.2 -200205.32 125194.74 
-0.02285763 1.0794655 -31913.282 36050.504 18275.831 75673.384 204088.89 1642298.9 -187558.45 131177.83 
-0.022862816 1.082841 -32029.28 36560.775 17840.444 76156.089 201926.2 1644361.1 -200205.16 125195.15 
-0.022862816 1.082841 -32029.281 36560.78 17840.448 76156.088 201926.21 1644361.1 -200205.16 125195.16 
-0.022862816 1.0828411 -32029.281 36560.785 17840.452 76156.085 201926.2 1644361.1 -200205.15 125195.18 
-0.022862816 1.0828411 -32029.281 36560.789 17840.457 76156.08 201926.2 1644361.1 -200205.15 125195.21 
-0.022862816 1.0828411 -32029.28 36560.794 17840.463 76156.075 201926.2 1644361.1 -200205.15 125195.25 
-0.022862816 1.0828411 -32029.28 36560.797 17840.468 76156.071 201926.2 1644361.1 -200205.17 125195.28 
-0.022862816 1.0828411 -32029.279 36560.799 17840.473 76156.069 201926.2 1644361.1 -200205.2 125195.3 
-0.022862816 1.0828411 -32029.278 36560.8 17840.475 76156.066 201926.19 1644361.1 -200205.22 125195.32 
-0.022862816 1.0828411 -32029.278 36560.801 17840.475 76156.063 201926.19 1644361.1 -200205.24 125195.33 
-0.02293376 1.0833465 -31913.411 36050.649 18275.907 75673.559 204089.95 1642304.8 -187558.47 131178.42 
-0.022938945 1.086722 -32029.409 36560.918 17840.521 76156.263 201927.27 1644366.9 -200205.13 125195.77 
-0.022938945 1.086722 -32029.409 36560.922 17840.524 76156.262 201927.27 1644366.9 -200205.12 125195.77 
-0.022938945 1.086722 -32029.41 36560.927 17840.527 76156.257 201927.27 1644367 -200205.1 125195.8 
-0.022938945 1.086722 -32029.409 36560.932 17840.532 76156.25 201927.27 1644366.9 -200205.09 125195.83 
-0.022938945 1.086722 -32029.409 36560.938 17840.538 76156.243 201927.28 1644366.9 -200205.07 125195.87 
-0.022938945 1.086722 -32029.409 36560.942 17840.543 76156.239 201927.27 1644366.9 -200205.09 125195.9 
-0.022938945 1.0867221 -32029.408 36560.945 17840.548 76156.236 201927.27 1644366.9 -200205.1 125195.92 
-0.022938945 1.0867221 -32029.408 36560.947 17840.55 76156.232 201927.27 1644366.9 -200205.12 125195.94 
-0.022938945 1.0867221 -32029.407 36560.948 17840.55 76156.228 201927.26 1644366.9 -200205.13 125195.95 
-0.023009889 1.0872275 -31913.54 36050.794 18275.979 75673.725 204090.99 1642310.7 -187558.47 131179.04 
-0.023015075 1.0906029 -32029.536 36561.061 17840.594 76156.426 201928.32 1644372.8 -200205.08 125196.42 
-0.023015075 1.090603 -32029.537 36561.066 17840.596 76156.423 201928.32 1644372.8 -200205.07 125196.42 
-0.023015074 1.090603 -32029.537 36561.071 17840.598 76156.416 201928.32 1644372.8 -200205.04 125196.45 
-0.023015074 1.090603 -32029.537 36561.076 17840.602 76156.409 201928.32 1644372.8 -200205.02 125196.48 
-0.023015074 1.090603 -32029.536 36561.082 17840.607 76156.4 201928.32 1644372.8 -200204.99 125196.52 
-0.023015074 1.090603 -32029.536 36561.086 17840.612 76156.396 201928.32 1644372.8 -200204.98 125196.55 
-0.023015074 1.090603 -32029.536 36561.09 17840.617 76156.392 201928.32 1644372.8 -200204.98 125196.57 
-0.023015075 1.090603 -32029.536 36561.093 17840.619 76156.387 201928.32 1644372.8 -200204.99 125196.59 
-0.023015075 1.090603 -32029.535 36561.095 17840.619 76156.382 201928.32 1644372.8 -200205 125196.6 
-0.023086019 1.0911084 -31913.666 36050.939 18276.049 75673.877 204092 1642316.6 -187558.47 131179.71 
-0.023091204 1.0944839 -32029.662 36561.206 17840.664 76156.575 201929.34 1644378.6 -200205.05 125197.1 
-0.023091204 1.0944839 -32029.663 36561.21 17840.665 76156.571 201929.34 1644378.6 -200205.02 125197.11 
-0.023091204 1.0944839 -32029.662 36561.216 17840.667 76156.563 201929.34 1644378.6 -200205 125197.13 
-0.023091204 1.0944839 -32029.662 36561.221 17840.67 76156.555 201929.33 1644378.6 -200204.96 125197.16 
-0.023091204 1.0944839 -32029.662 36561.227 17840.674 76156.545 201929.34 1644378.6 -200204.91 125197.19 
-0.023091204 1.0944839 -32029.662 36561.231 17840.679 76156.54 201929.34 1644378.6 -200204.88 125197.22 
-0.023091204 1.0944839 -32029.662 36561.236 17840.683 76156.536 201929.34 1644378.6 -200204.86 125197.24 
-0.023091204 1.0944839 -32029.662 36561.239 17840.685 76156.53 201929.34 1644378.6 -200204.87 125197.26 
-0.023091204 1.094484 -32029.662 36561.241 17840.685 76156.525 201929.34 1644378.6 -200204.88 125197.27 
-0.023162149 1.0949893 -31913.79 36051.084 18276.12 75674.017 204093 1642322.4 -187558.47 131180.41 
-0.023167334 1.0983648 -32029.786 36561.349 17840.735 76156.711 201930.33 1644384.4 -200205.02 125197.82 
-0.023167334 1.0983648 -32029.786 36561.354 17840.735 76156.707 201930.33 1644384.4 -200205 125197.83 
-0.023167334 1.0983648 -32029.786 36561.359 17840.735 76156.698 201930.32 1644384.4 -200204.96 125197.84 
-0.023167334 1.0983648 -32029.785 36561.364 17840.737 76156.689 201930.32 1644384.4 -200204.9 125197.87 
-0.023167334 1.0983648 -32029.785 36561.37 17840.741 76156.679 201930.33 1644384.3 -200204.84 125197.9 
-0.023167334 1.0983648 -32029.785 36561.375 17840.745 76156.674 201930.33 1644384.3 -200204.79 125197.93 
-0.023167334 1.0983649 -32029.786 36561.38 17840.749 76156.67 201930.33 1644384.4 -200204.77 125197.94 
-0.023167334 1.0983649 -32029.786 36561.383 17840.751 76156.664 201930.33 1644384.4 -200204.77 125197.96 
-0.023167334 1.0983649 -32029.786 36561.384 17840.75 76156.659 201930.33 1644384.4 -200204.78 125197.97 
-0.023238279 1.0988703 -31913.912 36051.225 18276.192 75674.147 204093.96 1642328.1 -187558.46 131181.15 
-0.023243465 1.1022457 -32029.908 36561.489 17840.807 76156.839 201931.29 1644390.2 -200205 125198.57 
-0.023243465 1.1022457 -32029.908 36561.494 17840.807 76156.835 201931.29 1644390.2 -200204.97 125198.57 
-0.023243465 1.1022458 -32029.908 36561.5 17840.807 76156.825 201931.29 1644390.1 -200204.92 125198.58 
-0.023243465 1.1022458 -32029.907 36561.505 17840.808 76156.816 201931.29 1644390.1 -200204.86 125198.6 
-0.023243465 1.1022458 -32029.907 36561.51 17840.81 76156.807 201931.29 1644390.1 -200204.79 125198.63 
-0.023243465 1.1022458 -32029.908 36561.515 17840.813 76156.803 201931.29 1644390.1 -200204.74 125198.65 
-0.023243465 1.1022458 -32029.909 36561.519 17840.815 76156.798 201931.3 1644390.1 -200204.71 125198.67 
-0.023243465 1.1022458 -32029.909 36561.522 17840.816 76156.794 201931.3 1644390.1 -200204.71 125198.68 
-0.023243465 1.1022458 -32029.909 36561.524 17840.816 76156.79 201931.3 1644390.1 -200204.72 125198.69 
-0.02331441 1.1027512 -31914.033 36051.362 18276.267 75674.272 204094.9 1642333.8 -187558.46 131181.92 
-0.023319595 1.1061267 -32030.029 36561.627 17840.883 76156.963 201932.23 1644395.9 -200205 125199.33 
-0.023319595 1.1061267 -32030.029 36561.632 17840.882 76156.957 201932.24 1644395.9 -200204.96 125199.33 
-0.023319595 1.1061267 -32030.029 36561.637 17840.881 76156.947 201932.24 1644395.8 -200204.91 125199.34 
-0.023319595 1.1061267 -32030.029 36561.641 17840.88 76156.94 201932.24 1644395.8 -200204.84 125199.35 
-0.023319595 1.1061267 -32030.029 36561.646 17840.88 76156.933 201932.24 1644395.8 -200204.78 125199.38 
-0.023319595 1.1061267 -32030.029 36561.65 17840.881 76156.929 201932.25 1644395.8 -200204.73 125199.4 
-0.023319595 1.1061267 -32030.03 36561.654 17840.882 76156.925 201932.25 1644395.8 -200204.7 125199.42 
-0.023319595 1.1061267 -32030.03 36561.656 17840.882 76156.923 201932.25 1644395.9 -200204.69 125199.43 
-0.023319595 1.1061267 -32030.031 36561.658 17840.881 76156.92 201932.25 1644395.9 -200204.7 125199.44 
-0.02339054 1.1066322 -31914.153 36051.496 18276.345 75674.397 204095.83 1642339.5 -187558.44 131182.69 
-0.023395726 1.1100077 -32030.149 36561.761 17840.959 76157.085 201933.17 1644401.6 -200204.99 125200.1 
-0.023395726 1.1100077 -32030.15 36561.766 17840.959 76157.079 201933.18 1644401.6 -200204.95 125200.1 
-0.023395726 1.1100077 -32030.15 36561.77 17840.956 76157.072 201933.18 1644401.5 -200204.91 125200.11 
-0.023395726 1.1100076 -32030.15 36561.773 17840.953 76157.067 201933.18 1644401.5 -200204.85 125200.12 
-0.023395726 1.1100076 -32030.15 36561.777 17840.951 76157.061 201933.18 1644401.5 -200204.8 125200.14 
-0.023395726 1.1100076 -32030.15 36561.78 17840.95 76157.059 201933.19 1644401.5 -200204.75 125200.16 
-0.023395726 1.1100076 -32030.151 36561.784 17840.949 76157.056 201933.19 1644401.6 -200204.72 125200.18 
-0.023395726 1.1100076 -32030.151 36561.786 17840.948 76157.056 201933.19 1644401.6 -200204.71 125200.19 
-0.023395726 1.1100076 -32030.152 36561.787 17840.946 76157.055 201933.19 1644401.6 -200204.71 125200.2 
-0.023466671 1.1105131 -31914.274 36051.627 18276.423 75674.525 204096.76 1642345.2 -187558.41 131183.48 
-0.023471857 1.1138886 -32030.27 36561.893 17841.037 76157.212 201934.1 1644407.2 -200204.98 125200.88 
-0.023471857 1.1138886 -32030.27 36561.896 17841.035 76157.208 201934.11 1644407.2 -200204.95 125200.88 
-0.023471857 1.1138886 -32030.271 36561.899 17841.031 76157.205 201934.11 1644407.2 -200204.92 125200.88 
-0.023471857 1.1138886 -32030.271 36561.901 17841.027 76157.201 201934.11 1644407.2 -200204.87 125200.9 
-0.023471857 1.1138886 -32030.271 36561.903 17841.022 76157.198 201934.11 1644407.2 -200204.83 125200.91 
-0.023471857 1.1138886 -32030.271 36561.906 17841.019 76157.197 201934.12 1644407.2 -200204.8 125200.93 
-0.023471857 1.1138886 -32030.272 36561.909 17841.016 76157.197 201934.12 1644407.2 -200204.77 125200.95 
-0.023471857 1.1138886 -32030.272 36561.91 17841.013 76157.198 201934.12 1644407.3 -200204.75 125200.97 
-0.023471857 1.1138885 -32030.273 36561.911 17841.011 76157.198 201934.12 1644407.3 -200204.75 125200.97 
-0.023542802 1.1143941 -31914.394 36051.755 18276.5 75674.663 204097.67 1642350.8 -187558.37 131184.28 
-0.023547988 1.1177696 -32030.391 36562.021 17841.113 76157.353 201935.01 1644412.9 -200204.96 125201.67 
-0.023547988 1.1177696 -32030.391 36562.023 17841.11 76157.35 201935.02 1644412.9 -200204.95 125201.67 
-0.023547988 1.1177695 -32030.392 36562.024 17841.105 76157.35 201935.02 1644412.9 -200204.93 125201.67 
-0.023547988 1.1177695 -32030.392 36562.026 17841.099 76157.348 201935.03 1644412.9 -200204.9 125201.68 
-0.023547988 1.1177695 -32030.392 36562.027 17841.093 76157.347 201935.03 1644412.9 -200204.87 125201.7 
-0.023547988 1.1177695 -32030.392 36562.029 17841.088 76157.348 201935.03 1644412.9 -200204.85 125201.72 
-0.023547988 1.1177695 -32030.393 36562.031 17841.083 76157.349 201935.04 1644412.9 -200204.81 125201.74 
-0.023547988 1.1177694 -32030.393 36562.032 17841.079 76157.351 201935.03 1644413 -200204.8 125201.75 
-0.023547988 1.1177694 -32030.393 36562.032 17841.077 76157.352 201935.03 1644413 -200204.8 125201.76 
-0.023618934 1.118275 -31914.513 36051.878 18276.576 75674.818 204098.55 1642356.5 -187558.34 131185.08 
-0.023624119 1.1216505 -32030.512 36562.148 17841.188 76157.509 201935.91 1644418.6 -200204.94 125202.47 
-0.023624119 1.1216505 -32030.512 36562.147 17841.185 76157.508 201935.91 1644418.6 -200204.93 125202.46 
-0.023624119 1.1216504 -32030.511 36562.146 17841.178 76157.51 201935.91 1644418.6 -200204.94 125202.46 
-0.02362412 1.1216504 -32030.511 36562.146 17841.171 76157.513 201935.91 1644418.6 -200204.94 125202.47 
-0.02362412 1.1216504 -32030.511 36562.145 17841.163 76157.513 201935.91 1644418.6 -200204.93 125202.49 
-0.02362412 1.1216504 -32030.511 36562.146 17841.156 76157.512 201935.92 1644418.6 -200204.92 125202.51 
-0.02362412 1.1216504 -32030.513 36562.149 17841.151 76157.515 201935.93 1644418.6 -200204.88 125202.53 
-0.02362412 1.1216503 -32030.513 36562.15 17841.147 76157.52 201935.92 1644418.7 -200204.86 125202.53 
-0.02362412 1.1216503 -32030.512 36562.149 17841.143 76157.52 201935.91 1644418.7 -200204.87 125202.55 
