-0.02263191 0.6356734 -23191.933 102020.67 -87049.371 96508.622 -432396.56 412283.79 -2528515.6 -1196142 
-0.02263191 0.6356734 -23191.933 102020.67 -87049.373 96508.618 -432396.54 412283.79 -2528515.6 -1196142 
-0.02263191 0.63567339 -23191.935 102020.67 -87049.376 96508.616 -432396.53 412283.8 -2528515.6 -1196142 
-0.02263191 0.63567337 -23191.935 102020.67 -87049.382 96508.618 -432396.52 412283.81 -2528515.6 -1196142 
-0.02263191 0.63567335 -23191.935 102020.67 -87049.388 96508.62 -432396.52 412283.82 -2528515.6 -1196142 
-0.02263191 0.63567333 -23191.935 102020.67 -87049.396 96508.624 -432396.52 412283.84 -2528515.6 -1196142 
-0.02263191 0.63567331 -23191.935 102020.67 -87049.403 96508.625 -432396.52 412283.85 -2528515.6 -1196142 
-0.02263191 0.63567329 -23191.935 102020.67 -87049.41 96508.627 -432396.52 412283.86 -2528515.6 -1196142 
-0.02263191 0.63567327 -23191.934 102020.67 -87049.415 96508.631 -432396.53 412283.87 -2528515.6 -1196142 
-0.022631911 0.63567326 -23191.934 102020.67 -87049.418 96508.633 -432396.54 412283.87 -2528515.6 -1196142 
-0.02263191 0.6356734 -23191.933 102020.67 -87049.373 96508.618 -432396.54 412283.79 -2528515.6 -1196142 
-0.022631909 0.6356734 -23191.935 102020.68 -87049.375 96508.614 -432396.53 412283.79 -2528515.6 -1196142 
-0.022631909 0.63567339 -23191.935 102020.68 -87049.379 96508.613 -432396.52 412283.8 -2528515.6 -1196142.1 
-0.02263191 0.63567337 -23191.935 102020.67 -87049.385 96508.616 -432396.51 412283.81 -2528515.6 -1196142 
-0.02263191 0.63567335 -23191.935 102020.67 -87049.391 96508.619 -432396.51 412283.83 -2528515.6 -1196142 
-0.02263191 0.63567332 -23191.935 102020.67 -87049.399 96508.622 -432396.51 412283.84 -2528515.6 -1196142 
-0.02263191 0.6356733 -23191.935 102020.67 -87049.407 96508.624 -432396.51 412283.86 -2528515.6 -1196142 
-0.02263191 0.63567328 -23191.936 102020.67 -87049.413 96508.627 -432396.52 412283.87 -2528515.6 -1196142 
-0.02263191 0.63567326 -23191.935 102020.67 -87049.418 96508.631 -432396.53 412283.87 -2528515.6 -1196142 
-0.022631911 0.63567326 -23191.934 102020.67 -87049.421 96508.634 -432396.54 412283.88 -2528515.6 -1196142 
-0.02263191 0.63567339 -23191.935 102020.67 -87049.376 96508.616 -432396.53 412283.8 -2528515.6 -1196142 
-0.022631909 0.63567339 -23191.935 102020.68 -87049.379 96508.613 -432396.52 412283.8 -2528515.6 -1196142.1 
-0.022631909 0.63567338 -23191.935 102020.68 -87049.383 96508.615 -432396.51 412283.8 -2528515.6 -1196142 
-0.02263191 0.63567336 -23191.935 102020.67 -87049.39 96508.617 -432396.51 412283.82 -2528515.6 -1196142 
-0.02263191 0.63567334 -23191.935 102020.67 -87049.397 96508.62 -432396.51 412283.83 -2528515.6 -1196142 
-0.02263191 0.63567331 -23191.935 102020.67 -87049.404 96508.623 -432396.51 412283.85 -2528515.6 -1196142 
-0.02263191 0.63567329 -23191.936 102020.67 -87049.412 96508.625 -432396.51 412283.87 -2528515.6 -1196142 
-0.02263191 0.63567326 -23191.936 102020.67 -87049.419 96508.629 -432396.52 412283.88 -2528515.6 -1196142 
-0.02263191 0.63567325 -23191.936 102020.67 -87049.423 96508.633 -432396.53 412283.88 -2528515.6 -1196142 
-0.02263191 0.63567325 -23191.935 102020.67 -87049.426 96508.636 -432396.54 412283.88 -2528515.6 -1196142 
-0.02263191 0.63567337 -23191.935 102020.67 -87049.382 96508.618 -432396.52 412283.81 -2528515.6 -1196142 
-0.02263191 0.63567337 -23191.935 102020.67 -87049.385 96508.616 -432396.51 412283.81 -2528515.6 -1196142 
-0.02263191 0.63567336 -23191.935 102020.67 -87049.39 96508.617 -432396.51 412283.82 -2528515.6 -1196142 
-0.02263191 0.63567335 -23191.935 102020.67 -87049.396 96508.619 -432396.51 412283.83 -2528515.6 -1196142 
-0.02263191 0.63567332 -23191.935 102020.67 -87049.404 96508.623 -432396.51 412283.85 -2528515.6 -1196142 
-0.02263191 0.63567329 -23191.935 102020.67 -87049.412 96508.626 -432396.51 412283.86 -2528515.6 -1196142 
-0.02263191 0.63567327 -23191.936 102020.67 -87049.42 96508.627 -432396.51 412283.88 -2528515.6 -1196142 
-0.02263191 0.63567325 -23191.936 102020.67 -87049.426 96508.631 -432396.52 412283.89 -2528515.6 -1196142 
-0.02263191 0.63567324 -23191.936 102020.67 -87049.43 96508.635 -432396.53 412283.89 -2528515.6 -1196142 
-0.02263191 0.63567323 -23191.936 102020.67 -87049.431 96508.638 -432396.54 412283.89 -2528515.6 -1196142 
-0.02263191 0.63567335 -23191.935 102020.67 -87049.388 96508.62 -432396.52 412283.82 -2528515.6 -1196142 
-0.02263191 0.63567335 -23191.935 102020.67 -87049.391 96508.619 -432396.51 412283.83 -2528515.6 -1196142 
-0.02263191 0.63567334 -23191.935 102020.67 -87049.397 96508.62 -432396.51 412283.83 -2528515.6 -1196142 
-0.02263191 0.63567332 -23191.935 102020.67 -87049.404 96508.623 -432396.51 412283.85 -2528515.6 -1196142 
-0.02263191 0.6356733 -23191.935 102020.67 -87049.411 96508.627 -432396.51 412283.86 -2528515.6 -1196142 
-0.02263191 0.63567327 -23191.936 102020.67 -87049.419 96508.63 -432396.51 412283.88 -2528515.6 -1196142 
-0.02263191 0.63567325 -23191.936 102020.67 -87049.427 96508.631 -432396.52 412283.89 -2528515.6 -1196142 
-0.02263191 0.63567323 -23191.937 102020.67 -87049.433 96508.634 -432396.52 412283.9 -2528515.6 -1196142 
-0.02263191 0.63567322 -23191.937 102020.67 -87049.436 96508.638 -432396.53 412283.9 -2528515.6 -1196142 
-0.02263191 0.63567322 -23191.937 102020.67 -87049.437 96508.641 -432396.53 412283.9 -2528515.6 -1196142 
-0.02263191 0.63567333 -23191.935 102020.67 -87049.396 96508.624 -432396.52 412283.84 -2528515.6 -1196142 
-0.02263191 0.63567332 -23191.935 102020.67 -87049.399 96508.622 -432396.51 412283.84 -2528515.6 -1196142 
-0.02263191 0.63567331 -23191.935 102020.67 -87049.404 96508.623 -432396.51 412283.85 -2528515.6 -1196142 
-0.02263191 0.63567329 -23191.935 102020.67 -87049.412 96508.626 -432396.51 412283.86 -2528515.6 -1196142 
-0.02263191 0.63567327 -23191.936 102020.67 -87049.419 96508.63 -432396.51 412283.88 -2528515.6 -1196142 
-0.02263191 0.63567325 -23191.936 102020.67 -87049.427 96508.633 -432396.51 412283.89 -2528515.6 -1196142 
-0.02263191 0.63567322 -23191.937 102020.67 -87049.434 96508.635 -432396.52 412283.9 -2528515.6 -1196142 
-0.02263191 0.63567321 -23191.937 102020.67 -87049.439 96508.637 -432396.53 412283.9 -2528515.6 -1196142 
-0.02263191 0.6356732 -23191.937 102020.67 -87049.441 96508.64 -432396.53 412283.91 -2528515.6 -1196142 
-0.02263191 0.63567321 -23191.937 102020.67 -87049.442 96508.643 -432396.53 412283.9 -2528515.6 -1196142 
-0.02263191 0.63567331 -23191.935 102020.67 -87049.403 96508.625 -432396.52 412283.85 -2528515.6 -1196142 
-0.02263191 0.6356733 -23191.935 102020.67 -87049.407 96508.624 -432396.51 412283.86 -2528515.6 -1196142 
-0.02263191 0.63567329 -23191.936 102020.67 -87049.412 96508.625 -432396.51 412283.87 -2528515.6 -1196142 
-0.02263191 0.63567327 -23191.936 102020.67 -87049.42 96508.627 -432396.51 412283.88 -2528515.6 -1196142 
-0.02263191 0.63567325 -23191.936 102020.67 -87049.427 96508.631 -432396.52 412283.89 -2528515.6 -1196142 
-0.02263191 0.63567322 -23191.937 102020.67 -87049.434 96508.635 -432396.52 412283.9 -2528515.6 -1196142 
-0.02263191 0.63567321 -23191.937 102020.67 -87049.44 96508.636 -432396.53 412283.91 -2528515.6 -1196142 
-0.02263191 0.63567319 -23191.937 102020.67 -87049.444 96508.638 -432396.53 412283.91 -2528515.6 -1196142 
-0.02263191 0.63567319 -23191.938 102020.68 -87049.446 96508.642 -432396.53 412283.91 -2528515.6 -1196142.1 
-0.02263191 0.63567319 -23191.938 102020.67 -87049.446 96508.645 -432396.53 412283.91 -2528515.6 -1196142.1 
-0.02263191 0.63567329 -23191.935 102020.67 -87049.41 96508.627 -432396.52 412283.86 -2528515.6 -1196142 
-0.02263191 0.63567328 -23191.936 102020.67 -87049.413 96508.627 -432396.52 412283.87 -2528515.6 -1196142 
-0.02263191 0.63567326 -23191.936 102020.67 -87049.419 96508.629 -432396.52 412283.88 -2528515.6 -1196142 
-0.02263191 0.63567325 -23191.936 102020.67 -87049.426 96508.631 -432396.52 412283.89 -2528515.6 -1196142 
-0.02263191 0.63567323 -23191.937 102020.67 -87049.433 96508.634 -432396.52 412283.9 -2528515.6 -1196142 
-0.02263191 0.63567321 -23191.937 102020.67 -87049.439 96508.637 -432396.53 412283.9 -2528515.6 -1196142 
-0.02263191 0.63567319 -23191.937 102020.67 -87049.444 96508.638 -432396.53 412283.91 -2528515.6 -1196142 
-0.02263191 0.63567318 -23191.938 102020.68 -87049.447 96508.641 -432396.53 412283.91 -2528515.6 -1196142.1 
-0.02263191 0.63567318 -23191.938 102020.68 -87049.448 96508.645 -432396.53 412283.91 -2528515.6 -1196142.1 
-0.02263191 0.63567319 -23191.938 102020.67 -87049.448 96508.649 -432396.54 412283.91 -2528515.6 -1196142.1 
-0.02263191 0.63567327 -23191.934 102020.67 -87049.415 96508.631 -432396.53 412283.87 -2528515.6 -1196142 
-0.02263191 0.63567326 -23191.935 102020.67 -87049.418 96508.631 -432396.53 412283.87 -2528515.6 -1196142 
-0.02263191 0.63567325 -23191.936 102020.67 -87049.423 96508.633 -432396.53 412283.88 -2528515.6 -1196142 
-0.02263191 0.63567324 -23191.936 102020.67 -87049.43 96508.635 -432396.53 412283.89 -2528515.6 -1196142 
-0.02263191 0.63567322 -23191.937 102020.67 -87049.436 96508.638 -432396.53 412283.9 -2528515.6 -1196142 
-0.02263191 0.6356732 -23191.937 102020.67 -87049.441 96508.64 -432396.53 412283.91 -2528515.6 -1196142 
-0.02263191 0.63567319 -23191.938 102020.68 -87049.446 96508.642 -432396.53 412283.91 -2528515.6 -1196142.1 
-0.02263191 0.63567318 -23191.938 102020.68 -87049.448 96508.645 -432396.53 412283.91 -2528515.6 -1196142.1 
-0.02263191 0.63567318 -23191.938 102020.67 -87049.45 96508.649 -432396.54 412283.91 -2528515.6 -1196142.1 
-0.02263191 0.63567319 -23191.937 102020.67 -87049.449 96508.653 -432396.55 412283.91 -2528515.6 -1196142.1 
-0.022631911 0.63567326 -23191.934 102020.67 -87049.418 96508.633 -432396.54 412283.87 -2528515.6 -1196142 
-0.022631911 0.63567326 -23191.934 102020.67 -87049.421 96508.634 -432396.54 412283.88 -2528515.6 -1196142 
-0.02263191 0.63567325 -23191.935 102020.67 -87049.426 96508.636 -432396.54 412283.88 -2528515.6 -1196142 
-0.02263191 0.63567323 -23191.936 102020.67 -87049.431 96508.638 -432396.54 412283.89 -2528515.6 -1196142 
-0.02263191 0.63567322 -23191.937 102020.67 -87049.437 96508.641 -432396.53 412283.9 -2528515.6 -1196142 
-0.02263191 0.63567321 -23191.937 102020.67 -87049.442 96508.643 -432396.53 412283.9 -2528515.6 -1196142 
-0.02263191 0.63567319 -23191.938 102020.67 -87049.446 96508.645 -432396.53 412283.91 -2528515.6 -1196142.1 
-0.02263191 0.63567319 -23191.938 102020.67 -87049.448 96508.649 -432396.54 412283.91 -2528515.6 -1196142.1 
-0.02263191 0.63567319 -23191.937 102020.67 -87049.449 96508.653 -432396.55 412283.91 -2528515.6 -1196142.1 
-0.02263191 0.63567319 -23191.936 102020.67 -87049.449 96508.657 -432396.55 412283.9 -2528515.6 -1196142.1 
