-0.021206511 0.43859837 -11155.971 -55256.004 96181.178 -10700.433 591058.06 1273263.3 2075375.5 1201679.4 
-0.022139601 1.045971 -32028.005 36559.303 17839.519 76154.161 201915.19 1644305.4 -200206.66 125190.31 
-0.022139601 1.045971 -32028.006 36559.301 17839.522 76154.161 201915.21 1644305.4 -200206.64 125190.32 
-0.022139601 1.045971 -32028.006 36559.297 17839.525 76154.163 201915.22 1644305.4 -200206.64 125190.33 
-0.022139601 1.045971 -32028.007 36559.294 17839.528 76154.166 201915.24 1644305.5 -200206.68 125190.34 
-0.022139601 1.045971 -32028.008 36559.29 17839.529 76154.173 201915.25 1644305.5 -200206.73 125190.33 
-0.022139602 1.045971 -32028.009 36559.288 17839.53 76154.183 201915.26 1644305.6 -200206.78 125190.32 
-0.022139602 1.045971 -32028.01 36559.286 17839.53 76154.192 201915.27 1644305.6 -200206.83 125190.31 
-0.022139602 1.045971 -32028.01 36559.284 17839.529 76154.199 201915.28 1644305.6 -200206.87 125190.31 
-0.022139602 1.045971 -32028.01 36559.283 17839.529 76154.206 201915.28 1644305.7 -200206.91 125190.31 
-0.022139601 1.0459711 -32028.008 36559.316 17839.508 76154.173 201915.14 1644305.5 -200206.97 125190.17 
-0.022139601 1.045971 -32028.006 36559.302 17839.52 76154.161 201915.2 1644305.4 -200206.64 125190.3 
-0.022139601 1.045971 -32028.006 36559.299 17839.523 76154.161 201915.21 1644305.4 -200206.63 125190.31 
-0.022139601 1.045971 -32028.007 36559.295 17839.526 76154.163 201915.23 1644305.4 -200206.64 125190.33 
-0.022139601 1.045971 -32028.007 36559.292 17839.529 76154.168 201915.24 1644305.5 -200206.68 125190.33 
-0.022139601 1.045971 -32028.008 36559.289 17839.53 76154.176 201915.25 1644305.5 -200206.74 125190.32 
-0.022139601 1.045971 -32028.01 36559.287 17839.531 76154.186 201915.27 1644305.6 -200206.79 125190.31 
-0.022139601 1.045971 -32028.011 36559.285 17839.531 76154.194 201915.28 1644305.6 -200206.83 125190.3 
-0.022139602 1.045971 -32028.011 36559.284 17839.531 76154.202 201915.29 1644305.6 -200206.87 125190.3 
-0.022139602 1.045971 -32028.011 36559.283 17839.53 76154.209 201915.29 1644305.7 -200206.91 125190.3 
-0.022139601 1.0459711 -32028.009 36559.314 17839.51 76154.173 201915.15 1644305.5 -200206.97 125190.16 
-0.022139601 1.045971 -32028.006 36559.3 17839.522 76154.162 201915.21 1644305.4 -200206.65 125190.3 
-0.022139601 1.045971 -32028.007 36559.297 17839.525 76154.163 201915.22 1644305.4 -200206.64 125190.31 
-0.022139601 1.045971 -32028.007 36559.292 17839.528 76154.167 201915.23 1644305.4 -200206.67 125190.32 
-0.022139601 1.045971 -32028.008 36559.289 17839.53 76154.173 201915.25 1644305.5 -200206.72 125190.32 
-0.022139601 1.045971 -32028.009 36559.287 17839.532 76154.181 201915.26 1644305.5 -200206.77 125190.32 
-0.022139601 1.045971 -32028.01 36559.285 17839.532 76154.191 201915.28 1644305.6 -200206.82 125190.31 
-0.022139601 1.045971 -32028.011 36559.284 17839.532 76154.2 201915.3 1644305.6 -200206.86 125190.29 
-0.022139602 1.045971 -32028.012 36559.282 17839.532 76154.208 201915.3 1644305.7 -200206.9 125190.3 
-0.022139602 1.045971 -32028.012 36559.281 17839.531 76154.214 201915.3 1644305.7 -200206.94 125190.29 
-0.022139601 1.0459711 -32028.009 36559.311 17839.513 76154.175 201915.17 1644305.5 -200206.97 125190.17 
-0.022139601 1.045971 -32028.007 36559.297 17839.525 76154.165 201915.22 1644305.4 -200206.68 125190.3 
-0.022139601 1.045971 -32028.007 36559.293 17839.527 76154.168 201915.23 1644305.4 -200206.69 125190.31 
-0.022139601 1.045971 -32028.007 36559.289 17839.53 76154.174 201915.24 1644305.5 -200206.73 125190.32 
-0.022139601 1.045971 -32028.009 36559.286 17839.532 76154.18 201915.26 1644305.5 -200206.77 125190.31 
-0.022139601 1.045971 -32028.01 36559.284 17839.533 76154.189 201915.27 1644305.6 -200206.82 125190.31 
-0.022139601 1.045971 -32028.011 36559.282 17839.534 76154.2 201915.29 1644305.6 -200206.87 125190.3 
-0.022139602 1.045971 -32028.012 36559.281 17839.534 76154.209 201915.3 1644305.7 -200206.91 125190.29 
-0.022139602 1.045971 -32028.012 36559.28 17839.533 76154.216 201915.31 1644305.7 -200206.94 125190.29 
-0.022139602 1.045971 -32028.012 36559.28 17839.532 76154.22 201915.31 1644305.7 -200206.97 125190.28 
-0.022139601 1.0459711 -32028.01 36559.306 17839.517 76154.178 201915.18 1644305.5 -200206.99 125190.19 
-0.022139601 1.045971 -32028.008 36559.294 17839.527 76154.17 201915.23 1644305.5 -200206.74 125190.3 
-0.022139601 1.045971 -32028.008 36559.29 17839.529 76154.174 201915.24 1644305.5 -200206.75 125190.31 
-0.022139601 1.045971 -32028.009 36559.287 17839.532 76154.181 201915.26 1644305.5 -200206.78 125190.31 
-0.022139601 1.045971 -32028.01 36559.284 17839.534 76154.188 201915.28 1644305.6 -200206.82 125190.3 
-0.022139601 1.045971 -32028.011 36559.282 17839.535 76154.198 201915.29 1644305.6 -200206.87 125190.3 
-0.022139602 1.045971 -32028.012 36559.28 17839.536 76154.208 201915.3 1644305.7 -200206.91 125190.29 
-0.022139602 1.045971 -32028.013 36559.279 17839.535 76154.218 201915.32 1644305.7 -200206.95 125190.28 
-0.022139602 1.045971 -32028.013 36559.279 17839.534 76154.224 201915.32 1644305.7 -200206.98 125190.28 
-0.022139602 1.045971 -32028.013 36559.278 17839.533 76154.227 201915.33 1644305.7 -200207 125190.27 
-0.022139601 1.0459711 -32028.01 36559.301 17839.52 76154.184 201915.2 1644305.6 -200206.99 125190.21 
-0.022139601 1.045971 -32028.009 36559.291 17839.528 76154.178 201915.24 1644305.5 -200206.79 125190.3 
-0.022139601 1.045971 -32028.009 36559.288 17839.531 76154.182 201915.26 1644305.5 -200206.8 125190.3 
-0.022139601 1.045971 -32028.01 36559.284 17839.533 76154.189 201915.27 1644305.6 -200206.83 125190.3 
-0.022139601 1.045971 -32028.011 36559.282 17839.535 76154.198 201915.29 1644305.6 -200206.87 125190.3 
-0.022139602 1.045971 -32028.012 36559.28 17839.536 76154.207 201915.31 1644305.7 -200206.91 125190.3 
-0.022139602 1.045971 -32028.013 36559.278 17839.537 76154.217 201915.32 1644305.7 -200206.96 125190.29 
-0.022139602 1.045971 -32028.014 36559.278 17839.536 76154.225 201915.33 1644305.7 -200206.99 125190.28 
-0.022139602 1.045971 -32028.014 36559.277 17839.535 76154.23 201915.33 1644305.8 -200207.01 125190.27 
-0.022139602 1.045971 -32028.014 36559.278 17839.534 76154.232 201915.34 1644305.8 -200207.02 125190.27 
-0.022139602 1.0459711 -32028.011 36559.297 17839.522 76154.191 201915.22 1644305.6 -200207 125190.22 
-0.022139601 1.045971 -32028.01 36559.289 17839.53 76154.188 201915.26 1644305.6 -200206.84 125190.29 
-0.022139601 1.045971 -32028.011 36559.286 17839.532 76154.192 201915.27 1644305.6 -200206.84 125190.29 
-0.022139601 1.045971 -32028.011 36559.282 17839.534 76154.2 201915.29 1644305.6 -200206.87 125190.3 
-0.022139602 1.045971 -32028.012 36559.28 17839.536 76154.208 201915.3 1644305.7 -200206.91 125190.29 
-0.022139602 1.045971 -32028.013 36559.278 17839.537 76154.217 201915.32 1644305.7 -200206.95 125190.29 
-0.022139602 1.045971 -32028.014 36559.277 17839.537 76154.226 201915.32 1644305.8 -200206.99 125190.29 
-0.022139602 1.045971 -32028.015 36559.276 17839.536 76154.232 201915.33 1644305.8 -200207.02 125190.27 
-0.022139601 1.045971 -32028.015 36559.277 17839.535 76154.235 201915.34 1644305.8 -200207.04 125190.27 
-0.022139601 1.045971 -32028.015 36559.277 17839.535 76154.236 201915.35 1644305.8 -200207.04 125190.27 
-0.022139602 1.0459711 -32028.012 36559.294 17839.524 76154.199 201915.24 1644305.6 -200207.01 125190.23 
-0.022139602 1.045971 -32028.011 36559.287 17839.53 76154.196 201915.28 1644305.6 -200206.87 125190.28 
-0.022139601 1.045971 -32028.012 36559.284 17839.532 76154.201 201915.29 1644305.6 -200206.88 125190.29 
-0.022139602 1.045971 -32028.012 36559.281 17839.534 76154.209 201915.3 1644305.7 -200206.9 125190.29 
-0.022139602 1.045971 -32028.013 36559.279 17839.536 76154.217 201915.32 1644305.7 -200206.94 125190.29 
-0.022139602 1.045971 -32028.014 36559.277 17839.536 76154.225 201915.33 1644305.7 -200206.98 125190.28 
-0.022139602 1.045971 -32028.015 36559.276 17839.537 76154.232 201915.34 1644305.8 -200207.01 125190.28 
-0.022139601 1.045971 -32028.015 36559.276 17839.536 76154.236 201915.34 1644305.8 -200207.03 125190.27 
-0.022139601 1.045971 -32028.016 36559.276 17839.536 76154.238 201915.35 1644305.8 -200207.04 125190.27 
-0.022139602 1.045971 -32028.015 36559.276 17839.535 76154.24 201915.35 1644305.8 -200207.05 125190.27 
-0.022139602 1.045971 -32028.012 36559.291 17839.524 76154.205 201915.25 1644305.7 -200207.03 125190.23 
-0.022139602 1.045971 -32028.011 36559.285 17839.529 76154.204 201915.28 1644305.7 -200206.91 125190.29 
-0.022139602 1.045971 -32028.012 36559.283 17839.531 76154.209 201915.3 1644305.7 -200206.92 125190.29 
-0.022139602 1.045971 -32028.013 36559.28 17839.533 76154.216 201915.31 1644305.7 -200206.94 125190.29 
-0.022139602 1.045971 -32028.013 36559.278 17839.535 76154.223 201915.33 1644305.7 -200206.97 125190.28 
-0.022139602 1.045971 -32028.014 36559.277 17839.536 76154.23 201915.34 1644305.8 -200207 125190.27 
-0.022139601 1.045971 -32028.015 36559.276 17839.536 76154.235 201915.35 1644305.8 -200207.02 125190.27 
-0.022139601 1.045971 -32028.015 36559.276 17839.536 76154.238 201915.35 1644305.8 -200207.04 125190.27 
-0.022139602 1.045971 -32028.015 36559.275 17839.535 76154.241 201915.35 1644305.8 -200207.05 125190.28 
-0.022139602 1.045971 -32028.015 36559.275 17839.535 76154.242 201915.35 1644305.8 -200207.07 125190.28 
-0.022139602 1.045971 -32028.012 36559.289 17839.524 76154.211 201915.25 1644305.7 -200207.05 125190.24 
-0.022139602 1.045971 -32028.011 36559.284 17839.529 76154.21 201915.29 1644305.7 -200206.94 125190.29 
-0.022139602 1.045971 -32028.012 36559.282 17839.53 76154.214 201915.3 1644305.7 -200206.96 125190.29 
-0.022139602 1.045971 -32028.012 36559.28 17839.532 76154.221 201915.31 1644305.7 -200206.98 125190.28 
-0.022139602 1.045971 -32028.013 36559.278 17839.533 76154.226 201915.33 1644305.7 -200207 125190.28 
-0.022139602 1.045971 -32028.014 36559.277 17839.535 76154.232 201915.34 1644305.8 -200207.02 125190.27 
-0.022139601 1.045971 -32028.015 36559.276 17839.535 76154.236 201915.35 1644305.8 -200207.03 125190.27 
-0.022139602 1.045971 -32028.015 36559.275 17839.535 76154.239 201915.35 1644305.8 -200207.05 125190.28 
-0.022139602 1.045971 -32028.014 36559.274 17839.535 76154.242 201915.35 1644305.8 -200207.07 125190.28 
-0.022139602 1.045971 -32028.014 36559.275 17839.534 76154.244 201915.34 1644305.8 -200207.1 125190.28 
