-0.021244573 0.44053782 -11156.003 -55256.087 96181.37 -10700.477 591059.35 1273265.5 2075379.7 1201681.5 
-0.022248605 1.0484171 -31912.217 36049.28 18275.06 75671.79 204079.71 1642251.9 -187559.48 131173.6 
-0.022324732 1.0522981 -31912.355 36049.441 18275.163 75672.009 204080.95 1642257.7 -187559.14 131174.09 
-0.022400859 1.0561792 -31912.492 36049.604 18275.264 75672.222 204082.17 1642263.6 -187558.89 131174.58 
-0.022476987 1.0600603 -31912.627 36049.765 18275.366 75672.427 204083.36 1642269.5 -187558.69 131175.08 
-0.022553115 1.0639413 -31912.761 36049.921 18275.467 75672.625 204084.51 1642275.4 -187558.57 131175.61 
-0.022629244 1.0678224 -31912.892 36050.071 18275.565 75672.822 204085.62 1642281.3 -187558.52 131176.15 
-0.022705373 1.0717035 -31913.022 36050.218 18275.659 75673.014 204086.71 1642287.2 -187558.51 131176.68 
-0.022781501 1.0755845 -31913.153 36050.362 18275.748 75673.203 204087.8 1642293.1 -187558.49 131177.23 
-0.022857631 1.0794655 -31913.282 36050.505 18275.83 75673.385 204088.88 1642298.9 -187558.47 131177.81 
-0.02293376 1.0833465 -31913.411 36050.648 18275.907 75673.559 204089.95 1642304.8 -187558.46 131178.42 
-0.023009889 1.0872275 -31913.539 36050.793 18275.98 75673.724 204090.99 1642310.7 -187558.45 131179.05 
-0.023086019 1.0911084 -31913.665 36050.937 18276.051 75673.875 204092.01 1642316.5 -187558.42 131179.73 
-0.023162149 1.0949893 -31913.789 36051.081 18276.122 75674.014 204093.01 1642322.3 -187558.4 131180.44 
-0.023238279 1.0988703 -31913.912 36051.222 18276.195 75674.144 204093.97 1642328.1 -187558.39 131181.19 
-0.02331441 1.1027512 -31914.032 36051.359 18276.27 75674.269 204094.92 1642333.8 -187558.37 131181.96 
-0.02339054 1.1066322 -31914.153 36051.493 18276.347 75674.394 204095.84 1642339.5 -187558.36 131182.73 
-0.023466671 1.1105131 -31914.273 36051.624 18276.425 75674.522 204096.77 1642345.1 -187558.34 131183.51 
-0.023542802 1.1143941 -31914.393 36051.753 18276.502 75674.661 204097.68 1642350.8 -187558.32 131184.3 
-0.023618934 1.118275 -31914.513 36051.877 18276.577 75674.817 204098.55 1642356.5 -187558.32 131185.09 
-0.022276193 1.1120462 -34232.027 46254.491 9567.1931 85325.562 160824.79 1683487.9 -440493.35 11520.206 
-0.022248605 1.0484171 -31912.216 36049.278 18275.059 75671.792 204079.71 1642251.9 -187559.48 131173.62 
-0.022324732 1.0522981 -31912.355 36049.441 18275.162 75672.01 204080.95 1642257.8 -187559.15 131174.1 
-0.022400859 1.0561792 -31912.492 36049.604 18275.264 75672.224 204082.17 1642263.6 -187558.89 131174.58 
-0.022476987 1.0600603 -31912.627 36049.766 18275.367 75672.43 204083.36 1642269.5 -187558.7 131175.09 
-0.022553116 1.0639413 -31912.76 36049.922 18275.469 75672.63 204084.5 1642275.4 -187558.58 131175.61 
-0.022629244 1.0678224 -31912.892 36050.073 18275.568 75672.827 204085.61 1642281.3 -187558.54 131176.14 
-0.022705373 1.0717035 -31913.022 36050.219 18275.662 75673.019 204086.71 1642287.2 -187558.51 131176.68 
-0.022781502 1.0755845 -31913.152 36050.363 18275.751 75673.207 204087.8 1642293.1 -187558.49 131177.23 
-0.02285763 1.0794655 -31913.282 36050.506 18275.832 75673.389 204088.89 1642299 -187558.48 131177.81 
-0.02293376 1.0833465 -31913.411 36050.649 18275.908 75673.564 204089.95 1642304.9 -187558.47 131178.41 
-0.023009889 1.0872275 -31913.539 36050.794 18275.98 75673.729 204090.99 1642310.7 -187558.46 131179.04 
-0.023086019 1.0911084 -31913.665 36050.939 18276.05 75673.878 204092.02 1642316.6 -187558.43 131179.72 
-0.023162149 1.0949893 -31913.789 36051.083 18276.121 75674.014 204093.01 1642322.4 -187558.41 131180.44 
-0.023238279 1.0988703 -31913.911 36051.223 18276.193 75674.142 204093.97 1642328.1 -187558.39 131181.19 
-0.02331441 1.1027512 -31914.032 36051.36 18276.269 75674.265 204094.91 1642333.8 -187558.38 131181.95 
-0.02339054 1.1066322 -31914.152 36051.494 18276.346 75674.387 204095.84 1642339.5 -187558.36 131182.73 
-0.023466671 1.1105131 -31914.272 36051.625 18276.424 75674.515 204096.77 1642345.1 -187558.34 131183.51 
-0.023542802 1.1143941 -31914.393 36051.754 18276.5 75674.655 204097.69 1642350.8 -187558.32 131184.3 
-0.023618933 1.118275 -31914.515 36051.88 18276.575 75674.811 204098.59 1642356.5 -187558.3 131185.1 
-0.022276192 1.1120462 -34232.028 46254.489 9567.1953 85325.557 160824.81 1683487.9 -440493.35 11520.184 
-0.022248605 1.0484171 -31912.217 36049.277 18275.063 75671.795 204079.72 1642251.9 -187559.46 131173.62 
-0.022324732 1.0522981 -31912.355 36049.441 18275.165 75672.009 204080.96 1642257.8 -187559.15 131174.11 
-0.022400859 1.0561792 -31912.493 36049.606 18275.268 75672.223 204082.17 1642263.7 -187558.9 131174.59 
-0.022476987 1.0600603 -31912.628 36049.768 18275.371 75672.429 204083.35 1642269.6 -187558.71 131175.1 
-0.022553115 1.0639413 -31912.761 36049.925 18275.473 75672.629 204084.5 1642275.5 -187558.6 131175.62 
-0.022629244 1.0678224 -31912.892 36050.076 18275.572 75672.826 204085.61 1642281.3 -187558.53 131176.15 
-0.022705372 1.0717035 -31913.023 36050.223 18275.667 75673.017 204086.72 1642287.2 -187558.49 131176.69 
-0.022781501 1.0755845 -31913.153 36050.367 18275.755 75673.205 204087.81 1642293.1 -187558.47 131177.24 
-0.02285763 1.0794655 -31913.283 36050.51 18275.837 75673.388 204088.89 1642299 -187558.46 131177.82 
-0.022933759 1.0833465 -31913.412 36050.654 18275.912 75673.563 204089.96 1642304.9 -187558.45 131178.42 
-0.023009889 1.0872275 -31913.54 36050.799 18275.982 75673.726 204091 1642310.7 -187558.43 131179.05 
-0.023086019 1.0911084 -31913.666 36050.944 18276.052 75673.874 204092.02 1642316.6 -187558.4 131179.73 
-0.023162149 1.0949893 -31913.789 36051.087 18276.121 75674.01 204093.01 1642322.3 -187558.38 131180.45 
-0.023238279 1.0988703 -31913.911 36051.228 18276.194 75674.137 204093.97 1642328.1 -187558.36 131181.19 
-0.02331441 1.1027512 -31914.032 36051.365 18276.269 75674.259 204094.92 1642333.8 -187558.33 131181.96 
-0.02339054 1.1066322 -31914.153 36051.499 18276.345 75674.381 204095.86 1642339.5 -187558.31 131182.73 
-0.023466671 1.1105131 -31914.273 36051.629 18276.422 75674.51 204096.79 1642345.1 -187558.3 131183.51 
-0.023542802 1.1143941 -31914.394 36051.755 18276.497 75674.652 204097.7 1642350.8 -187558.3 131184.3 
-0.023618933 1.118275 -31914.515 36051.879 18276.572 75674.809 204098.59 1642356.5 -187558.28 131185.1 
-0.022276192 1.1120462 -34232.03 46254.487 9567.1999 85325.559 160824.83 1683487.9 -440493.34 11520.191 
-0.022248605 1.0484171 -31912.218 36049.275 18275.067 75671.796 204079.73 1642252 -187559.5 131173.64 
-0.022324732 1.0522981 -31912.356 36049.441 18275.169 75672.013 204080.95 1642257.8 -187559.2 131174.12 
-0.02240086 1.0561792 -31912.492 36049.606 18275.271 75672.224 204082.16 1642263.7 -187558.95 131174.61 
-0.022476987 1.0600603 -31912.627 36049.769 18275.375 75672.431 204083.33 1642269.6 -187558.76 131175.12 
-0.022553115 1.0639414 -31912.76 36049.927 18275.477 75672.63 204084.48 1642275.5 -187558.63 131175.64 
-0.022629244 1.0678224 -31912.892 36050.079 18275.577 75672.825 204085.6 1642281.4 -187558.54 131176.17 
-0.022705372 1.0717035 -31913.023 36050.227 18275.672 75673.016 204086.71 1642287.2 -187558.49 131176.71 
-0.022781501 1.0755845 -31913.153 36050.371 18275.76 75673.203 204087.81 1642293.1 -187558.46 131177.26 
-0.02285763 1.0794655 -31913.283 36050.515 18275.841 75673.385 204088.89 1642299 -187558.44 131177.84 
-0.022933759 1.0833465 -31913.412 36050.659 18275.915 75673.557 204089.96 1642304.9 -187558.43 131178.44 
-0.023009889 1.0872275 -31913.54 36050.804 18275.985 75673.719 204091 1642310.7 -187558.41 131179.08 
-0.023086019 1.0911084 -31913.665 36050.949 18276.053 75673.866 204092.01 1642316.5 -187558.38 131179.75 
-0.023162149 1.0949893 -31913.789 36051.093 18276.122 75674.001 204093 1642322.3 -187558.34 131180.46 
-0.023238279 1.0988703 -31913.911 36051.233 18276.193 75674.127 204093.96 1642328.1 -187558.3 131181.2 
-0.023314409 1.1027512 -31914.032 36051.37 18276.267 75674.25 204094.92 1642333.8 -187558.27 131181.97 
-0.02339054 1.1066322 -31914.153 36051.502 18276.343 75674.374 204095.86 1642339.5 -187558.26 131182.74 
-0.023466671 1.1105131 -31914.274 36051.631 18276.418 75674.507 204096.79 1642345.1 -187558.27 131183.52 
-0.023542802 1.114394 -31914.394 36051.756 18276.492 75674.652 204097.7 1642350.8 -187558.27 131184.31 
-0.023618934 1.1182749 -31914.514 36051.878 18276.565 75674.812 204098.59 1642356.5 -187558.29 131185.1 
-0.022276192 1.1120462 -34232.03 46254.482 9567.2056 85325.561 160824.85 1683488 -440493.33 11520.217 
-0.022248605 1.0484171 -31912.218 36049.273 18275.07 75671.797 204079.73 1642252 -187559.56 131173.64 
-0.022324733 1.0522981 -31912.355 36049.439 18275.171 75672.012 204080.94 1642257.9 -187559.28 131174.14 
-0.02240086 1.0561792 -31912.491 36049.606 18275.273 75672.225 204082.13 1642263.8 -187559.04 131174.62 
-0.022476988 1.0600603 -31912.626 36049.769 18275.377 75672.429 204083.31 1642269.6 -187558.82 131175.14 
-0.022553116 1.0639414 -31912.759 36049.928 18275.48 75672.628 204084.45 1642275.5 -187558.67 131175.67 
-0.022629244 1.0678224 -31912.891 36050.081 18275.581 75672.823 204085.58 1642281.4 -187558.57 131176.2 
-0.022705372 1.0717035 -31913.022 36050.229 18275.676 75673.014 204086.69 1642287.2 -187558.5 131176.74 
-0.022781501 1.0755845 -31913.153 36050.375 18275.765 75673.199 204087.8 1642293.1 -187558.46 131177.3 
-0.02285763 1.0794655 -31913.283 36050.519 18275.846 75673.379 204088.89 1642299 -187558.44 131177.88 
-0.022933759 1.0833465 -31913.412 36050.664 18275.92 75673.551 204089.95 1642304.9 -187558.41 131178.48 
-0.023009889 1.0872275 -31913.54 36050.809 18275.989 75673.711 204090.99 1642310.7 -187558.38 131179.11 
-0.023086019 1.0911084 -31913.665 36050.954 18276.056 75673.858 204092.01 1642316.5 -187558.34 131179.78 
-0.023162149 1.0949893 -31913.788 36051.098 18276.123 75673.992 204092.99 1642322.3 -187558.29 131180.48 
-0.023238279 1.0988703 -31913.911 36051.238 18276.194 75674.119 204093.96 1642328 -187558.25 131181.22 
-0.023314409 1.1027512 -31914.032 36051.374 18276.266 75674.243 204094.91 1642333.7 -187558.22 131181.98 
-0.02339054 1.1066322 -31914.153 36051.506 18276.34 75674.369 204095.86 1642339.4 -187558.22 131182.75 
-0.023466671 1.1105131 -31914.274 36051.633 18276.414 75674.503 204096.79 1642345.1 -187558.23 131183.53 
-0.023542802 1.114394 -31914.395 36051.758 18276.487 75674.65 204097.71 1642350.8 -187558.25 131184.32 
-0.023618934 1.1182749 -31914.514 36051.878 18276.558 75674.814 204098.59 1642356.5 -187558.29 131185.11 
-0.022276193 1.1120462 -34232.03 46254.476 9567.2085 85325.563 160824.87 1683488 -440493.34 11520.248 
-0.022248606 1.0484171 -31912.218 36049.27 18275.073 75671.804 204079.72 1642252.1 -187559.64 131173.64 
-0.022324733 1.0522981 -31912.354 36049.437 18275.174 75672.019 204080.92 1642258 -187559.36 131174.14 
-0.02240086 1.0561792 -31912.49 36049.605 18275.277 75672.229 204082.11 1642263.8 -187559.12 131174.63 
-0.022476988 1.0600603 -31912.624 36049.768 18275.381 75672.432 204083.28 1642269.7 -187558.89 131175.15 
-0.022553116 1.0639414 -31912.757 36049.928 18275.484 75672.629 204084.43 1642275.5 -187558.72 131175.68 
-0.022629244 1.0678224 -31912.889 36050.082 18275.586 75672.823 204085.56 1642281.4 -187558.6 131176.22 
-0.022705372 1.0717035 -31913.021 36050.232 18275.682 75673.012 204086.69 1642287.2 -187558.53 131176.77 
-0.022781501 1.0755845 -31913.152 36050.378 18275.771 75673.196 204087.8 1642293.1 -187558.47 131177.33 
-0.02285763 1.0794655 -31913.283 36050.524 18275.852 75673.374 204088.89 1642299 -187558.44 131177.91 
-0.022933759 1.0833465 -31913.412 36050.669 18275.926 75673.544 204089.96 1642304.9 -187558.4 131178.51 
-0.023009889 1.0872275 -31913.539 36050.815 18275.993 75673.703 204091 1642310.7 -187558.36 131179.14 
-0.023086018 1.0911084 -31913.665 36050.961 18276.059 75673.849 204092.01 1642316.5 -187558.31 131179.81 
-0.023162149 1.0949894 -31913.789 36051.105 18276.126 75673.983 204092.99 1642322.3 -187558.25 131180.51 
-0.023238279 1.0988703 -31913.911 36051.245 18276.195 75674.111 204093.96 1642328 -187558.2 131181.24 
-0.023314409 1.1027512 -31914.032 36051.38 18276.266 75674.236 204094.91 1642333.7 -187558.18 131181.99 
-0.02339054 1.1066322 -31914.153 36051.51 18276.337 75674.364 204095.86 1642339.4 -187558.18 131182.76 
-0.023466671 1.1105131 -31914.274 36051.636 18276.409 75674.501 204096.79 1642345.1 -187558.21 131183.54 
-0.023542802 1.114394 -31914.395 36051.759 18276.48 75674.65 204097.71 1642350.8 -187558.24 131184.33 
-0.023618934 1.1182749 -31914.514 36051.878 18276.551 75674.815 204098.59 1642356.5 -187558.29 131185.13 
-0.022276193 1.1120461 -34232.03 46254.472 9567.2103 85325.571 160824.89 1683488.1 -440493.35 11520.267 
-0.022248606 1.0484171 -31912.218 36049.268 18275.073 75671.808 204079.72 1642252.1 -187559.72 131173.64 
-0.022324733 1.0522981 -31912.353 36049.434 18275.176 75672.021 204080.91 1642258 -187559.44 131174.14 
-0.02240086 1.0561792 -31912.488 36049.602 18275.278 75672.23 204082.09 1642263.8 -187559.19 131174.64 
-0.022476988 1.0600603 -31912.622 36049.766 18275.383 75672.432 204083.25 1642269.6 -187558.96 131175.16 
-0.022553116 1.0639414 -31912.755 36049.926 18275.487 75672.629 204084.41 1642275.5 -187558.77 131175.71 
-0.022629244 1.0678224 -31912.887 36050.081 18275.589 75672.821 204085.55 1642281.4 -187558.64 131176.25 
-0.022705372 1.0717035 -31913.02 36050.232 18275.687 75673.009 204086.68 1642287.2 -187558.55 131176.8 
-0.022781501 1.0755845 -31913.151 36050.38 18275.777 75673.192 204087.8 1642293.1 -187558.49 131177.37 
-0.02285763 1.0794655 -31913.282 36050.526 18275.858 75673.37 204088.89 1642299 -187558.45 131177.95 
-0.022933759 1.0833465 -31913.411 36050.673 18275.931 75673.54 204089.96 1642304.9 -187558.41 131178.55 
-0.023009889 1.0872275 -31913.539 36050.82 18275.999 75673.698 204091 1642310.7 -187558.35 131179.17 
-0.023086019 1.0911084 -31913.665 36050.966 18276.064 75673.844 204092.01 1642316.5 -187558.28 131179.83 
-0.023162149 1.0949894 -31913.789 36051.11 18276.13 75673.979 204093 1642322.3 -187558.21 131180.53 
-0.023238279 1.0988703 -31913.911 36051.25 18276.198 75674.107 204093.96 1642328 -187558.16 131181.26 
-0.02331441 1.1027512 -31914.033 36051.385 18276.266 75674.233 204094.91 1642333.8 -187558.14 131182.01 
-0.02339054 1.1066322 -31914.154 36051.515 18276.336 75674.363 204095.86 1642339.5 -187558.15 131182.77 
-0.023466671 1.1105131 -31914.274 36051.64 18276.405 75674.5 204096.79 1642345.1 -187558.18 131183.55 
-0.023542803 1.114394 -31914.395 36051.762 18276.474 75674.651 204097.71 1642350.8 -187558.22 131184.34 
-0.023618934 1.1182749 -31914.514 36051.879 18276.543 75674.815 204098.59 1642356.5 -187558.29 131185.14 
-0.022276193 1.1120461 -34232.03 46254.467 9567.2135 85325.579 160824.9 1683488.1 -440493.35 11520.292 
-0.022248606 1.0484171 -31912.218 36049.267 18275.074 75671.817 204079.72 1642252.2 -187559.79 131173.62 
-0.022324733 1.0522982 -31912.352 36049.432 18275.177 75672.027 204080.9 1642258 -187559.51 131174.14 
-0.022400861 1.0561792 -31912.486 36049.6 18275.28 75672.233 204082.07 1642263.8 -187559.26 131174.65 
-0.022476988 1.0600603 -31912.62 36049.764 18275.384 75672.434 204083.24 1642269.6 -187559.02 131175.17 
-0.022553116 1.0639414 -31912.753 36049.925 18275.49 75672.629 204084.39 1642275.5 -187558.83 131175.72 
-0.022629244 1.0678224 -31912.886 36050.081 18275.593 75672.821 204085.54 1642281.3 -187558.68 131176.27 
-0.022705372 1.0717035 -31913.018 36050.233 18275.692 75673.008 204086.68 1642287.2 -187558.58 131176.83 
-0.022781501 1.0755845 -31913.15 36050.381 18275.782 75673.19 204087.8 1642293.1 -187558.51 131177.4 
-0.02285763 1.0794656 -31913.281 36050.528 18275.863 75673.367 204088.89 1642299 -187558.47 131177.98 
-0.022933759 1.0833465 -31913.411 36050.676 18275.936 75673.537 204089.96 1642304.8 -187558.42 131178.58 
-0.023009889 1.0872275 -31913.539 36050.823 18276.004 75673.695 204091 1642310.7 -187558.35 131179.2 
-0.023086019 1.0911084 -31913.665 36050.97 18276.069 75673.84 204092.01 1642316.5 -187558.26 131179.86 
-0.023162149 1.0949894 -31913.789 36051.114 18276.134 75673.975 204093 1642322.3 -187558.18 131180.55 
-0.023238279 1.0988703 -31913.912 36051.254 18276.2 75674.103 204093.97 1642328 -187558.13 131181.27 
-0.02331441 1.1027512 -31914.033 36051.389 18276.267 75674.23 204094.92 1642333.8 -187558.12 131182.02 
-0.02339054 1.1066322 -31914.154 36051.518 18276.334 75674.36 204095.86 1642339.5 -187558.13 131182.79 
-0.023466671 1.1105131 -31914.275 36051.643 18276.401 75674.5 204096.79 1642345.2 -187558.16 131183.57 
-0.023542803 1.114394 -31914.396 36051.765 18276.469 75674.652 204097.71 1642350.9 -187558.2 131184.36 
-0.023618934 1.1182749 -31914.516 36051.883 18276.537 75674.818 204098.6 1642356.6 -187558.25 131185.15 
-0.022276193 1.1120461 -34232.029 46254.463 9567.2144 85325.584 160824.91 1683488.1 -440493.37 11520.301 
-0.022248606 1.0484171 -31912.217 36049.264 18275.074 75671.823 204079.71 1642252.2 -187559.85 131173.64 
-0.022324734 1.0522982 -31912.351 36049.431 18275.177 75672.032 204080.89 1642258 -187559.58 131174.14 
-0.022400861 1.0561792 -31912.485 36049.598 18275.28 75672.238 204082.06 1642263.8 -187559.33 131174.65 
-0.022476988 1.0600603 -31912.618 36049.762 18275.385 75672.437 204083.22 1642269.6 -187559.09 131175.18 
-0.022553116 1.0639414 -31912.751 36049.923 18275.492 75672.631 204084.38 1642275.5 -187558.88 131175.73 
-0.022629244 1.0678224 -31912.885 36050.08 18275.596 75672.821 204085.53 1642281.3 -187558.72 131176.29 
-0.022705372 1.0717035 -31913.017 36050.232 18275.694 75673.007 204086.67 1642287.2 -187558.61 131176.85 
-0.022781501 1.0755845 -31913.149 36050.381 18275.785 75673.188 204087.79 1642293.1 -187558.54 131177.42 
-0.02285763 1.0794656 -31913.28 36050.529 18275.866 75673.364 204088.89 1642299 -187558.49 131178 
-0.022933759 1.0833465 -31913.41 36050.677 18275.938 75673.532 204089.96 1642304.8 -187558.43 131178.6 
-0.023009889 1.0872275 -31913.538 36050.825 18276.006 75673.688 204091 1642310.7 -187558.34 131179.22 
-0.023086019 1.0911085 -31913.665 36050.973 18276.072 75673.833 204092.02 1642316.5 -187558.25 131179.88 
-0.023162149 1.0949894 -31913.789 36051.117 18276.136 75673.968 204093 1642322.3 -187558.17 131180.57 
-0.023238279 1.0988703 -31913.912 36051.257 18276.201 75674.098 204093.97 1642328.1 -187558.12 131181.29 
-0.02331441 1.1027512 -31914.034 36051.391 18276.267 75674.227 204094.92 1642333.8 -187558.1 131182.04 
-0.023390541 1.1066322 -31914.155 36051.52 18276.333 75674.36 204095.86 1642339.5 -187558.12 131182.8 
-0.023466672 1.1105131 -31914.275 36051.645 18276.399 75674.501 204096.79 1642345.2 -187558.15 131183.58 
-0.023542803 1.114394 -31914.396 36051.766 18276.465 75674.654 204097.71 1642350.9 -187558.19 131184.37 
-0.023618934 1.1182748 -31914.516 36051.884 18276.533 75674.823 204098.59 1642356.6 -187558.24 131185.16 
-0.022276193 1.1120461 -34232.029 46254.461 9567.2139 85325.589 160824.91 1683488.1 -440493.39 11520.307 
-0.022248606 1.0484171 -31912.217 36049.263 18275.073 75671.825 204079.71 1642252.2 -187559.88 131173.64 
-0.022324734 1.0522982 -31912.35 36049.43 18275.176 75672.034 204080.88 1642258 -187559.61 131174.14 
-0.022400861 1.0561792 -31912.484 36049.597 18275.281 75672.239 204082.05 1642263.8 -187559.36 131174.66 
-0.022476988 1.0600603 -31912.618 36049.761 18275.386 75672.438 204083.21 1642269.6 -187559.12 131175.19 
-0.022553116 1.0639414 -31912.751 36049.922 18275.493 75672.631 204084.38 1642275.5 -187558.91 131175.74 
-0.022629244 1.0678225 -31912.884 36050.079 18275.597 75672.82 204085.53 1642281.3 -187558.75 131176.3 
-0.022705372 1.0717035 -31913.017 36050.232 18275.695 75673.005 204086.67 1642287.2 -187558.63 131176.86 
-0.022781501 1.0755845 -31913.149 36050.381 18275.785 75673.186 204087.79 1642293.1 -187558.56 131177.43 
-0.02285763 1.0794656 -31913.279 36050.53 18275.866 75673.361 204088.88 1642299 -187558.5 131178.01 
-0.02293376 1.0833465 -31913.409 36050.678 18275.939 75673.528 204089.95 1642304.8 -187558.43 131178.61 
-0.023009889 1.0872275 -31913.538 36050.827 18276.007 75673.683 204091 1642310.7 -187558.34 131179.24 
-0.023086019 1.0911085 -31913.665 36050.974 18276.072 75673.827 204092.01 1642316.5 -187558.24 131179.9 
-0.023162149 1.0949894 -31913.789 36051.118 18276.137 75673.962 204093 1642322.3 -187558.16 131180.59 
-0.023238279 1.0988703 -31913.912 36051.258 18276.202 75674.093 204093.97 1642328.1 -187558.11 131181.31 
-0.02331441 1.1027512 -31914.034 36051.392 18276.267 75674.224 204094.92 1642333.8 -187558.1 131182.05 
-0.023390541 1.1066322 -31914.155 36051.521 18276.332 75674.358 204095.86 1642339.5 -187558.11 131182.81 
-0.023466672 1.1105131 -31914.276 36051.645 18276.397 75674.501 204096.79 1642345.2 -187558.15 131183.59 
-0.023542803 1.1143939 -31914.397 36051.766 18276.463 75674.655 204097.7 1642350.9 -187558.19 131184.38 
-0.023618934 1.1182748 -31914.515 36051.882 18276.529 75674.823 204098.58 1642356.6 -187558.26 131185.17 
