273.74976 543.74052 303.74012 333.73149 363.72464 393.72021 423.71882 453.7204 483.72487 513.7319 
543.74052 545.241 305.23965 335.23108 365.22434 395.22005 425.2188 455.22055 485.22515 515.2323 
545.241 546.74149 306.73919 336.73068 366.72407 396.71991 426.7188 456.72072 486.72545 516.73271 
546.74149 548.24198 308.23873 338.23028 368.22379 398.21978 428.21881 458.22089 488.22575 518.23312 
548.24198 549.74248 309.73827 339.7299 369.72353 399.71967 429.71883 459.72108 489.72606 519.73353 
549.74248 551.24298 311.23783 341.22952 371.22328 401.21957 431.21887 461.22128 491.22639 521.23395 
551.24298 552.74348 312.73738 342.72916 372.72304 402.71948 432.71892 462.7215 492.72672 522.73437 
552.74348 554.24397 314.23694 344.2288 374.22281 404.2194 434.21899 464.22171 494.22705 524.23478 
554.24397 555.74446 315.7365 345.72844 375.72257 405.71932 435.71905 465.72192 495.72738 525.7352 
555.74446 557.24495 317.23606 347.22808 377.22234 407.21925 437.21912 467.22213 497.22772 527.23563 
557.24495 558.74544 318.73562 348.72773 378.72211 408.71918 438.71919 468.72235 498.72807 528.73606 
558.74544 560.24592 320.23518 350.22739 380.22189 410.21911 440.21927 470.22257 500.22843 530.23649 
560.24592 561.7464 321.73475 351.72705 381.72167 411.71906 441.71937 471.7228 501.7288 531.73693 
561.7464 563.24688 323.23432 353.22673 383.22147 413.21901 443.21947 473.22304 503.22918 533.23737 
563.24688 564.74735 324.73391 354.72641 384.72127 414.71897 444.71958 474.72329 504.72956 534.7378 
564.74735 566.24783 326.2335 356.22611 386.22108 416.21894 446.21971 476.22355 506.22995 536.23824 
566.24783 567.74831 327.7331 357.72581 387.72089 417.71891 447.71983 477.7238 507.73033 537.73868 
567.74831 569.24879 329.2327 359.22551 389.22071 419.21888 449.21996 479.22406 509.23071 539.23913 
569.24879 570.74928 330.7323 360.72522 390.72053 420.71886 450.7201 480.72432 510.73111 540.73958 
570.74928 572.24976 332.2319 362.22493 392.22037 422.21884 452.22025 482.2246 512.2315 542.24004 
572.24976 543.74052 303.74012 333.73149 363.72464 393.72021 423.71883 453.7204 483.72487 513.7319 
543.74052 545.241 305.23965 335.23108 365.22435 395.22006 425.21881 455.22055 485.22516 515.2323 
545.241 546.74149 306.73919 336.73068 366.72407 396.71992 426.7188 456.72072 486.72545 516.73271 
546.74149 548.24199 308.23873 338.23028 368.2238 398.21979 428.21881 458.2209 488.22575 518.23312 
548.24199 549.74248 309.73827 339.7299 369.72353 399.71967 429.71883 459.72109 489.72607 519.73353 
549.74248 551.24298 311.23783 341.22952 371.22328 401.21957 431.21887 461.22129 491.22639 521.23395 
551.24298 552.74348 312.73738 342.72916 372.72304 402.71948 432.71893 462.7215 492.72672 522.73437 
552.74348 554.24397 314.23694 344.2288 374.22281 404.2194 434.21899 464.22171 494.22705 524.23478 
554.24397 555.74446 315.7365 345.72844 375.72257 405.71932 435.71905 465.72192 495.72738 525.7352 
555.74446 557.24495 317.23606 347.22808 377.22234 407.21924 437.21912 467.22213 497.22772 527.23563 
557.24495 558.74544 318.73562 348.72773 378.72211 408.71918 438.71919 468.72235 498.72807 528.73606 
558.74544 560.24592 320.23518 350.22739 380.22189 410.21911 440.21927 470.22257 500.22843 530.23649 
560.24592 561.7464 321.73475 351.72705 381.72167 411.71906 441.71937 471.7228 501.7288 531.73693 
561.7464 563.24688 323.23432 353.22673 383.22147 413.21901 443.21947 473.22305 503.22918 533.23737 
563.24688 564.74735 324.73391 354.72642 384.72127 414.71898 444.71959 474.7233 504.72956 534.7378 
564.74735 566.24783 326.2335 356.22611 386.22108 416.21894 446.21971 476.22355 506.22995 536.23824 
566.24783 567.74831 327.7331 357.72581 387.72089 417.71891 447.71983 477.7238 507.73033 537.73868 
567.74831 569.2488 329.2327 359.22551 389.22071 419.21889 449.21996 479.22406 509.23072 539.23912 
569.2488 570.74928 330.7323 360.72521 390.72053 420.71886 450.7201 480.72432 510.73111 540.73958 
570.74928 572.24976 332.23189 362.22492 392.22036 422.21883 452.22024 482.22459 512.2315 542.24004 
572.24976 543.74052 303.74011 333.73149 363.72463 393.7202 423.71882 453.72039 483.72486 513.7319 
543.74052 545.241 305.23965 335.23108 365.22434 395.22005 425.2188 455.22055 485.22515 515.2323 
545.241 546.74149 306.73918 336.73068 366.72407 396.71991 426.7188 456.72072 486.72545 516.73271 
546.74149 548.24199 308.23872 338.23028 368.22379 398.21978 428.21881 458.22089 488.22575 518.23312 
548.24199 549.74249 309.73827 339.72989 369.72353 399.71967 429.71883 459.72109 489.72607 519.73353 
549.74249 551.24298 311.23782 341.22952 371.22328 401.21957 431.21887 461.22129 491.22639 521.23394 
551.24298 552.74348 312.73738 342.72915 372.72304 402.71947 432.71892 462.7215 492.72671 522.73436 
552.74348 554.24397 314.23694 344.22879 374.2228 404.21939 434.21898 464.2217 494.22704 524.23478 
554.24397 555.74446 315.7365 345.72843 375.72256 405.71931 435.71904 465.72191 495.72737 525.7352 
555.74446 557.24495 317.23606 347.22808 377.22233 407.21924 437.21911 467.22213 497.22772 527.23562 
557.24495 558.74544 318.73562 348.72773 378.72211 408.71917 438.71919 468.72235 498.72807 528.73606 
558.74544 560.24592 320.23518 350.22738 380.22188 410.21911 440.21927 470.22257 500.22843 530.23649 
560.24592 561.7464 321.73475 351.72705 381.72167 411.71905 441.71936 471.7228 501.7288 531.73693 
561.7464 563.24688 323.23432 353.22673 383.22147 413.21901 443.21947 473.22304 503.22918 533.23736 
563.24688 564.74735 324.73391 354.72641 384.72127 414.71897 444.71958 474.72329 504.72956 534.7378 
564.74735 566.24783 326.2335 356.22611 386.22108 416.21894 446.2197 476.22354 506.22995 536.23824 
566.24783 567.74831 327.7331 357.72581 387.72089 417.71891 447.71983 477.7238 507.73033 537.73868 
567.74831 569.24879 329.2327 359.22551 389.22071 419.21888 449.21996 479.22405 509.23072 539.23912 
569.24879 570.74928 330.7323 360.72521 390.72053 420.71886 450.7201 480.72432 510.73111 540.73958 
570.74928 572.24976 332.23189 362.22492 392.22036 422.21883 452.22024 482.22458 512.2315 542.24004 
572.24976 543.74052 303.74011 333.73148 363.72462 393.72019 423.71881 453.72038 483.72486 513.7319 
543.74052 545.24101 305.23965 335.23108 365.22434 395.22005 425.21881 455.22055 485.22515 515.23231 
545.24101 546.7415 306.73918 336.73068 366.72407 396.71992 426.71881 456.72072 486.72545 516.73271 
546.7415 548.24199 308.23872 338.23028 368.2238 398.21979 428.21882 458.2209 488.22576 518.23312 
548.24199 549.74249 309.73827 339.7299 369.72353 399.71967 429.71884 459.72109 489.72607 519.73353 
549.74249 551.24298 311.23782 341.22952 371.22328 401.21957 431.21887 461.22129 491.22639 521.23394 
551.24298 552.74348 312.73738 342.72915 372.72304 402.71947 432.71892 462.7215 492.72671 522.73435 
552.74348 554.24397 314.23694 344.22879 374.2228 404.21939 434.21898 464.22171 494.22704 524.23477 
554.24397 555.74446 315.7365 345.72843 375.72256 405.71931 435.71904 465.72191 495.72737 525.73519 
555.74446 557.24495 317.23606 347.22808 377.22233 407.21923 437.21911 467.22213 497.22772 527.23562 
557.24495 558.74544 318.73562 348.72773 378.7221 408.71916 438.71918 468.72235 498.72807 528.73605 
558.74544 560.24592 320.23518 350.22738 380.22188 410.2191 440.21926 470.22257 500.22843 530.23649 
560.24592 561.7464 321.73475 351.72705 381.72167 411.71905 441.71936 471.7228 501.7288 531.73692 
561.7464 563.24687 323.23433 353.22673 383.22147 413.21901 443.21946 473.22304 503.22918 533.23736 
563.24687 564.74735 324.73391 354.72642 384.72127 414.71897 444.71958 474.72329 504.72956 534.7378 
564.74735 566.24783 326.2335 356.22611 386.22108 416.21893 446.2197 476.22354 506.22995 536.23823 
566.24783 567.74831 327.7331 357.72581 387.72089 417.7189 447.71982 477.7238 507.73033 537.73868 
567.74831 569.24879 329.2327 359.22551 389.2207 419.21888 449.21996 479.22405 509.23072 539.23912 
569.24879 570.74928 330.73229 360.72521 390.72053 420.71886 450.72009 480.72432 510.73111 540.73958 
570.74928 572.24976 332.2319 362.22493 392.22037 422.21884 452.22025 482.22459 512.23151 542.24005 
572.24976 543.74053 303.74011 333.73148 363.72462 393.7202 423.71882 453.72039 483.72486 513.7319 
543.74053 545.24101 305.23965 335.23108 365.22435 395.22006 425.21882 455.22056 485.22516 515.23231 
545.24101 546.7415 306.73918 336.73068 366.72407 396.71993 426.71882 456.72073 486.72546 516.73272 
546.7415 548.24199 308.23872 338.23029 368.2238 398.2198 428.21883 458.22091 488.22576 518.23312 
548.24199 549.74249 309.73827 339.7299 369.72354 399.71968 429.71885 459.7211 489.72607 519.73353 
549.74249 551.24298 311.23782 341.22953 371.22329 401.21957 431.21888 461.2213 491.22639 521.23394 
551.24298 552.74347 312.73738 342.72916 372.72304 402.71948 432.71892 462.7215 492.72671 522.73435 
552.74347 554.24397 314.23694 344.22879 374.2228 404.21939 434.21898 464.22171 494.22704 524.23477 
554.24397 555.74446 315.7365 345.72843 375.72256 405.7193 435.71904 465.72192 495.72737 525.73519 
555.74446 557.24495 317.23606 347.22808 377.22233 407.21923 437.21911 467.22213 497.22772 527.23562 
557.24495 558.74544 318.73562 348.72773 378.7221 408.71916 438.71918 468.72235 498.72807 528.73605 
558.74544 560.24592 320.23518 350.22738 380.22188 410.2191 440.21926 470.22257 500.22843 530.23648 
560.24592 561.7464 321.73475 351.72705 381.72167 411.71905 441.71936 471.7228 501.7288 531.73692 
561.7464 563.24687 323.23433 353.22673 383.22147 413.219 443.21946 473.22304 503.22918 533.23735 
563.24687 564.74735 324.73391 354.72642 384.72127 414.71896 444.71957 474.72329 504.72957 534.73779 
564.74735 566.24783 326.2335 356.22611 386.22108 416.21893 446.21969 476.22354 506.22995 536.23823 
566.24783 567.74831 327.7331 357.72581 387.72089 417.7189 447.71982 477.7238 507.73034 537.73868 
567.74831 569.24879 329.2327 359.22551 389.22071 419.21888 449.21995 479.22405 509.23072 539.23913 
569.24879 570.74928 330.73229 360.72521 390.72053 420.71886 450.72009 480.72432 510.73112 540.73959 
570.74928 572.24976 332.23189 362.22493 392.22037 422.21885 452.22025 482.22459 512.23152 542.24005 
572.24976 543.74053 303.74011 333.73148 363.72463 393.7202 423.71883 453.72039 483.72486 513.73191 
543.74053 545.24102 305.23965 335.23108 365.22435 395.22007 425.21883 455.22057 485.22516 515.23232 
545.24102 546.74151 306.73919 336.73068 366.72408 396.71993 426.71883 456.72074 486.72546 516.73272 
546.74151 548.24199 308.23873 338.23029 368.22381 398.2198 428.21883 458.22092 488.22576 518.23312 
548.24199 549.74249 309.73827 339.72991 369.72355 399.71969 429.71885 459.72111 489.72607 519.73352 
549.74249 551.24298 311.23783 341.22953 371.22329 401.21958 431.21889 461.22131 491.22639 521.23393 
551.24298 552.74347 312.73738 342.72916 372.72304 402.71948 432.71893 462.72151 492.72671 522.73434 
552.74347 554.24397 314.23694 344.22879 374.2228 404.21939 434.21898 464.22171 494.22704 524.23476 
554.24397 555.74446 315.7365 345.72843 375.72256 405.7193 435.71904 465.72192 495.72737 525.73518 
555.74446 557.24495 317.23606 347.22807 377.22233 407.21923 437.2191 467.22213 497.22771 527.23561 
557.24495 558.74544 318.73562 348.72772 378.7221 408.71916 438.71918 468.72235 498.72807 528.73604 
558.74544 560.24592 320.23518 350.22738 380.22188 410.2191 440.21926 470.22257 500.22843 530.23648 
560.24592 561.7464 321.73475 351.72705 381.72167 411.71904 441.71935 471.7228 501.72881 531.73691 
561.7464 563.24687 323.23433 353.22673 383.22146 413.219 443.21946 473.22304 503.22918 533.23735 
563.24687 564.74735 324.73392 354.72642 384.72127 414.71896 444.71957 474.72329 504.72957 534.73779 
564.74735 566.24783 326.23351 356.22611 386.22108 416.21893 446.21969 476.22354 506.22996 536.23823 
566.24783 567.74831 327.7331 357.72581 387.72089 417.7189 447.71982 477.7238 507.73034 537.73868 
567.74831 569.24879 329.2327 359.22551 389.22071 419.21888 449.21996 479.22406 509.23073 539.23913 
569.24879 570.74928 330.73229 360.72522 390.72053 420.71886 450.7201 480.72432 510.73112 540.73959 
570.74928 572.24976 332.23189 362.22493 392.22038 422.21886 452.22025 482.2246 512.23153 542.24006 
572.24976 543.74054 303.74011 333.73148 363.72463 393.72021 423.71883 453.7204 483.72487 513.73192 
543.74054 545.24102 305.23965 335.23108 365.22435 395.22007 425.21883 455.22057 485.22516 515.23232 
545.24102 546.74151 306.73919 336.73069 366.72409 396.71994 426.71884 456.72075 486.72546 516.73272 
546.74151 548.24199 308.23873 338.2303 368.22382 398.21981 428.21885 458.22093 488.22577 518.23312 
548.24199 549.74248 309.73828 339.72991 369.72355 399.71969 429.71886 459.72112 489.72608 519.73352 
549.74248 551.24298 311.23783 341.22953 371.2233 401.21958 431.21889 461.22131 491.22639 521.23392 
551.24298 552.74347 312.73739 342.72916 372.72305 402.71948 432.71893 462.72151 492.72671 522.73434 
552.74347 554.24396 314.23695 344.22879 374.2228 404.21939 434.21898 464.22172 494.22704 524.23475 
554.24396 555.74446 315.7365 345.72843 375.72256 405.7193 435.71904 465.72192 495.72737 525.73518 
555.74446 557.24495 317.23606 347.22807 377.22233 407.21923 437.2191 467.22214 497.22772 527.23561 
557.24495 558.74544 318.73562 348.72773 378.7221 408.71916 438.71918 468.72235 498.72807 528.73604 
558.74544 560.24592 320.23519 350.22739 380.22188 410.2191 440.21926 470.22258 500.22843 530.23648 
560.24592 561.7464 321.73476 351.72705 381.72167 411.71904 441.71935 471.72281 501.72881 531.73691 
561.7464 563.24688 323.23433 353.22673 383.22146 413.219 443.21945 473.22305 503.22919 533.23735 
563.24688 564.74736 324.73392 354.72642 384.72127 414.71896 444.71957 474.72329 504.72957 534.73779 
564.74736 566.24784 326.23351 356.22611 386.22108 416.21893 446.21969 476.22354 506.22996 536.23823 
566.24784 567.74832 327.7331 357.72581 387.72089 417.7189 447.71982 477.7238 507.73035 537.73868 
567.74832 569.2488 329.2327 359.22551 389.22071 419.21888 449.21996 479.22406 509.23074 539.23914 
569.2488 570.74928 330.73229 360.72522 390.72054 420.71886 450.7201 480.72432 510.73113 540.7396 
570.74928 572.24976 332.23189 362.22493 392.22038 422.21886 452.22026 482.2246 512.23153 542.24007 
572.24976 543.74054 303.74011 333.73148 363.72464 393.72022 423.71884 453.72041 483.72487 513.73193 
543.74054 545.24102 305.23965 335.23108 365.22436 395.22007 425.21884 455.22057 485.22516 515.23232 
545.24102 546.74151 306.73919 336.73069 366.72409 396.71995 426.71884 456.72076 486.72547 516.73272 
546.74151 548.24199 308.23874 338.2303 368.22383 398.21982 428.21885 458.22094 488.22577 518.23312 
548.24199 549.74248 309.73829 339.72992 369.72356 399.7197 429.71887 459.72112 489.72608 519.73352 
549.74248 551.24297 311.23784 341.22954 371.2233 401.21959 431.2189 461.22132 491.22639 521.23392 
551.24297 552.74347 312.73739 342.72916 372.72305 402.71949 432.71893 462.72152 492.72671 522.73433 
552.74347 554.24396 314.23695 344.22879 374.2228 404.21939 434.21898 464.22172 494.22703 524.23475 
554.24396 555.74446 315.73651 345.72843 375.72256 405.7193 435.71904 465.72193 495.72737 525.73517 
555.74446 557.24495 317.23607 347.22807 377.22233 407.21923 437.21911 467.22214 497.22772 527.2356 
557.24495 558.74544 318.73563 348.72773 378.7221 408.71916 438.71918 468.72236 498.72807 528.73604 
558.74544 560.24592 320.23519 350.22739 380.22188 410.21909 440.21926 470.22258 500.22844 530.23647 
560.24592 561.7464 321.73476 351.72705 381.72167 411.71904 441.71935 471.72281 501.72881 531.73691 
561.7464 563.24688 323.23433 353.22673 383.22146 413.21899 443.21945 473.22305 503.22919 533.23735 
563.24688 564.74736 324.73392 354.72642 384.72126 414.71896 444.71956 474.72329 504.72957 534.73779 
564.74736 566.24784 326.23351 356.22611 386.22107 416.21893 446.21969 476.22355 506.22996 536.23824 
566.24784 567.74832 327.7331 357.72581 387.72089 417.7189 447.71982 477.7238 507.73035 537.73869 
567.74832 569.2488 329.23269 359.22551 389.22071 419.21888 449.21996 479.22406 509.23075 539.23914 
569.2488 570.74928 330.73229 360.72522 390.72054 420.71886 450.7201 480.72432 510.73114 540.7396 
570.74928 572.24976 332.23188 362.22493 392.22037 422.21885 452.22025 482.22459 512.23154 542.24007 
572.24976 543.74055 303.74012 333.73148 363.72464 393.72022 423.71885 453.72041 483.72487 513.73193 
543.74055 545.24103 305.23965 335.23108 365.22437 395.22009 425.21885 455.22058 485.22517 515.23233 
545.24103 546.74151 306.7392 336.73069 366.7241 396.71996 426.71885 456.72076 486.72547 516.73272 
546.74151 548.24199 308.23874 338.23031 368.22383 398.21983 428.21886 458.22095 488.22577 518.23312 
548.24199 549.74248 309.73829 339.72992 369.72357 399.71971 429.71888 459.72113 489.72608 519.73351 
549.74248 551.24297 311.23784 341.22954 371.22331 401.2196 431.2189 461.22132 491.22639 521.23392 
551.24297 552.74347 312.7374 342.72916 372.72305 402.71949 432.71894 462.72152 492.72671 522.73433 
552.74347 554.24396 314.23695 344.22879 374.2228 404.21939 434.21898 464.22172 494.22703 524.23475 
554.24396 555.74446 315.73651 345.72843 375.72256 405.71931 435.71904 465.72193 495.72737 525.73517 
555.74446 557.24495 317.23607 347.22808 377.22233 407.21923 437.21911 467.22214 497.22772 527.2356 
557.24495 558.74544 318.73563 348.72773 378.7221 408.71916 438.71918 468.72236 498.72807 528.73604 
558.74544 560.24592 320.23519 350.22739 380.22188 410.2191 440.21926 470.22258 500.22844 530.23647 
560.24592 561.7464 321.73476 351.72706 381.72167 411.71904 441.71935 471.72281 501.72881 531.73691 
561.7464 563.24688 323.23434 353.22673 383.22146 413.21899 443.21945 473.22305 503.22919 533.23735 
563.24688 564.74736 324.73392 354.72642 384.72126 414.71896 444.71957 474.7233 504.72958 534.73779 
564.74736 566.24784 326.23351 356.22612 386.22108 416.21893 446.21969 476.22355 506.22997 536.23824 
566.24784 567.74832 327.7331 357.72582 387.72089 417.7189 447.71982 477.7238 507.73036 537.73869 
567.74832 569.2488 329.23269 359.22552 389.22071 419.21888 449.21996 479.22406 509.23075 539.23915 
569.2488 570.74928 330.73229 360.72522 390.72054 420.71887 450.7201 480.72432 510.73114 540.73961 
570.74928 572.24976 332.23188 362.22493 392.22038 422.21886 452.22025 482.2246 512.23154 542.24008 
572.24976 543.74055 303.74012 333.73148 363.72465 393.72023 423.71885 453.72041 483.72488 513.73193 
543.74055 545.24103 305.23966 335.23109 365.22437 395.22009 425.21885 455.22059 485.22517 515.23233 
545.24103 546.74151 306.7392 336.7307 366.7241 396.71996 426.71886 456.72077 486.72547 516.73272 
546.74151 548.24199 308.23874 338.23031 368.22384 398.21984 428.21887 458.22095 488.22577 518.23312 
548.24199 549.74248 309.73829 339.72992 369.72357 399.71971 429.71888 459.72113 489.72608 519.73351 
549.74248 551.24297 311.23784 341.22954 371.22331 401.2196 431.21891 461.22132 491.22639 521.23392 
551.24297 552.74347 312.7374 342.72916 372.72306 402.71949 432.71894 462.72152 492.72671 522.73433 
552.74347 554.24396 314.23695 344.22879 374.22281 404.21939 434.21899 464.22172 494.22703 524.23474 
554.24396 555.74446 315.73651 345.72843 375.72257 405.71931 435.71904 465.72193 495.72737 525.73517 
555.74446 557.24495 317.23607 347.22808 377.22233 407.21923 437.21911 467.22215 497.22772 527.2356 
557.24495 558.74544 318.73563 348.72773 378.72211 408.71916 438.71918 468.72236 498.72808 528.73604 
558.74544 560.24592 320.2352 350.22739 380.22188 410.2191 440.21926 470.22258 500.22844 530.23647 
560.24592 561.7464 321.73476 351.72706 381.72167 411.71904 441.71935 471.72281 501.72881 531.73691 
561.7464 563.24688 323.23434 353.22674 383.22146 413.21899 443.21945 473.22305 503.22919 533.23735 
563.24688 564.74736 324.73392 354.72642 384.72127 414.71896 444.71957 474.7233 504.72958 534.73779 
564.74736 566.24784 326.23351 356.22612 386.22108 416.21893 446.21969 476.22355 506.22997 536.23824 
566.24784 567.74832 327.7331 357.72582 387.72089 417.7189 447.71982 477.7238 507.73036 537.73869 
567.74832 569.2488 329.23269 359.22552 389.22071 419.21888 449.21996 479.22406 509.23075 539.23915 
569.2488 570.74928 330.73229 360.72522 390.72054 420.71887 450.7201 480.72433 510.73115 540.73961 
570.74928 572.24976 332.23188 362.22493 392.22038 422.21886 452.22026 482.2246 512.23155 542.24008 
