573 302.99035 332.9817 362.97478 392.97029 422.96883 452.97033 482.97473 512.9817 542.99028 
573 302.99035 332.98169 362.97478 392.97028 422.96883 452.97032 482.97473 512.9817 542.99028 
573 302.99035 332.98169 362.97478 392.97028 422.96882 452.97031 482.97472 512.9817 542.99028 
573 302.99035 332.98169 362.97477 392.97028 422.96883 452.97032 482.97472 512.9817 542.99028 
573 302.99035 332.98169 362.97478 392.97028 422.96883 452.97032 482.97473 512.98171 542.99029 
573 302.99035 332.98169 362.97478 392.97029 422.96884 452.97032 482.97473 512.98172 542.9903 
573 302.99035 332.98168 362.97478 392.97029 422.96885 452.97033 482.97473 512.98173 542.9903 
573 302.99035 332.98168 362.97478 392.9703 422.96885 452.97033 482.97473 512.98173 542.99031 
573 302.99035 332.98168 362.97478 392.9703 422.96885 452.97033 482.97474 512.98174 542.99031 
573 302.99035 332.98168 362.97479 392.97031 422.96886 452.97034 482.97474 512.98174 542.99032 
573 302.99035 332.98169 362.97478 392.97028 422.96883 452.97032 482.97473 512.9817 542.99028 
573 302.99035 332.98169 362.97478 392.97028 422.96882 452.97031 482.97472 512.9817 542.99028 
573 302.99035 332.98169 362.97477 392.97027 422.96882 452.97031 482.97472 512.9817 542.99028 
573 302.99035 332.98169 362.97477 392.97028 422.96883 452.97031 482.97472 512.9817 542.99028 
573 302.99035 332.98169 362.97478 392.97028 422.96883 452.97032 482.97472 512.98171 542.99029 
573 302.99035 332.98168 362.97478 392.97029 422.96884 452.97032 482.97473 512.98172 542.9903 
573 302.99035 332.98168 362.97478 392.97029 422.96884 452.97032 482.97473 512.98173 542.9903 
573 302.99034 332.98168 362.97478 392.97029 422.96884 452.97032 482.97473 512.98173 542.99031 
573 302.99035 332.98168 362.97478 392.9703 422.96885 452.97033 482.97473 512.98174 542.99031 
573 302.99035 332.98168 362.97479 392.9703 422.96886 452.97034 482.97474 512.98174 542.99032 
573 302.99035 332.98169 362.97478 392.97028 422.96882 452.97031 482.97472 512.9817 542.99028 
573 302.99035 332.98169 362.97477 392.97027 422.96882 452.97031 482.97472 512.9817 542.99028 
573 302.99035 332.98169 362.97477 392.97028 422.96882 452.97031 482.97472 512.9817 542.99028 
573 302.99035 332.98169 362.97478 392.97028 422.96883 452.97032 482.97472 512.98171 542.99029 
573 302.99035 332.98169 362.97478 392.97029 422.96884 452.97032 482.97472 512.98172 542.99029 
573 302.99035 332.98168 362.97478 392.97029 422.96884 452.97032 482.97473 512.98172 542.9903 
573 302.99035 332.98168 362.97478 392.97029 422.96884 452.97032 482.97473 512.98173 542.99031 
573 302.99034 332.98167 362.97478 392.97029 422.96884 452.97032 482.97472 512.98173 542.99031 
573 302.99034 332.98167 362.97478 392.9703 422.96885 452.97033 482.97473 512.98174 542.99031 
573 302.99034 332.98168 362.97478 392.9703 422.96885 452.97033 482.97473 512.98174 542.99032 
573 302.99035 332.98169 362.97477 392.97028 422.96883 452.97032 482.97472 512.9817 542.99028 
573 302.99035 332.98169 362.97477 392.97028 422.96883 452.97031 482.97472 512.9817 542.99028 
573 302.99035 332.98169 362.97478 392.97028 422.96883 452.97032 482.97472 512.98171 542.99029 
573 302.99035 332.98169 362.97478 392.97029 422.96884 452.97032 482.97472 512.98172 542.99029 
573 302.99035 332.98168 362.97478 392.97029 422.96884 452.97032 482.97473 512.98172 542.9903 
573 302.99035 332.98168 362.97478 392.97029 422.96884 452.97032 482.97473 512.98173 542.99031 
573 302.99034 332.98168 362.97478 392.97029 422.96885 452.97032 482.97473 512.98173 542.99031 
573 302.99034 332.98167 362.97478 392.97029 422.96885 452.97032 482.97472 512.98174 542.99031 
573 302.99034 332.98167 362.97478 392.9703 422.96885 452.97033 482.97473 512.98174 542.99032 
573 302.99034 332.98167 362.97478 392.9703 422.96885 452.97033 482.97473 512.98174 542.99032 
573 302.99035 332.98169 362.97478 392.97028 422.96883 452.97032 482.97473 512.98171 542.99029 
573 302.99035 332.98169 362.97478 392.97028 422.96883 452.97032 482.97472 512.98171 542.99029 
573 302.99035 332.98169 362.97478 392.97029 422.96884 452.97032 482.97472 512.98172 542.99029 
573 302.99035 332.98168 362.97478 392.97029 422.96884 452.97032 482.97473 512.98172 542.9903 
573 302.99035 332.98168 362.97478 392.97029 422.96884 452.97032 482.97472 512.98173 542.9903 
573 302.99034 332.98168 362.97478 392.97029 422.96885 452.97032 482.97472 512.98173 542.99031 
573 302.99034 332.98167 362.97478 392.97029 422.96885 452.97033 482.97472 512.98174 542.99032 
573 302.99034 332.98167 362.97478 392.97029 422.96885 452.97033 482.97472 512.98174 542.99032 
573 302.99034 332.98167 362.97478 392.9703 422.96885 452.97033 482.97472 512.98174 542.99032 
573 302.99034 332.98167 362.97478 392.9703 422.96885 452.97033 482.97473 512.98174 542.99032 
573 302.99035 332.98169 362.97478 392.97029 422.96884 452.97032 482.97473 512.98172 542.9903 
573 302.99035 332.98168 362.97478 392.97029 422.96884 452.97032 482.97473 512.98172 542.9903 
573 302.99035 332.98168 362.97478 392.97029 422.96884 452.97032 482.97473 512.98172 542.9903 
573 302.99035 332.98168 362.97478 392.97029 422.96884 452.97032 482.97473 512.98173 542.99031 
573 302.99034 332.98168 362.97478 392.97029 422.96885 452.97032 482.97472 512.98173 542.99031 
573 302.99034 332.98167 362.97478 392.97029 422.96885 452.97033 482.97472 512.98174 542.99032 
573 302.99034 332.98167 362.97478 392.9703 422.96885 452.97033 482.97472 512.98174 542.99032 
573 302.99034 332.98166 362.97477 392.97029 422.96885 452.97033 482.97472 512.98174 542.99032 
573 302.99034 332.98166 362.97477 392.97029 422.96885 452.97032 482.97472 512.98174 542.99032 
573 302.99034 332.98166 362.97477 392.97029 422.96885 452.97032 482.97472 512.98174 542.99032 
573 302.99035 332.98168 362.97478 392.97029 422.96885 452.97033 482.97473 512.98173 542.9903 
573 302.99035 332.98168 362.97478 392.97029 422.96884 452.97032 482.97473 512.98173 542.9903 
573 302.99035 332.98168 362.97478 392.97029 422.96884 452.97032 482.97473 512.98173 542.99031 
573 302.99034 332.98168 362.97478 392.97029 422.96885 452.97032 482.97473 512.98173 542.99031 
573 302.99034 332.98167 362.97478 392.97029 422.96885 452.97033 482.97472 512.98174 542.99032 
573 302.99034 332.98167 362.97478 392.9703 422.96885 452.97033 482.97472 512.98174 542.99032 
573 302.99034 332.98167 362.97478 392.9703 422.96885 452.97033 482.97472 512.98174 542.99032 
573 302.99033 332.98166 362.97477 392.97029 422.96885 452.97032 482.97472 512.98174 542.99032 
573 302.99033 332.98166 362.97477 392.97029 422.96884 452.97032 482.97472 512.98174 542.99032 
573 302.99033 332.98166 362.97477 392.97029 422.96884 452.97032 482.97472 512.98174 542.99033 
573 302.99035 332.98168 362.97478 392.9703 422.96885 452.97033 482.97473 512.98173 542.99031 
573 302.99034 332.98168 362.97478 392.97029 422.96884 452.97032 482.97473 512.98173 542.99031 
573 302.99034 332.98167 362.97478 392.97029 422.96884 452.97032 482.97472 512.98173 542.99031 
573 302.99034 332.98167 362.97478 392.97029 422.96885 452.97032 482.97472 512.98174 542.99031 
573 302.99034 332.98167 362.97478 392.97029 422.96885 452.97033 482.97472 512.98174 542.99032 
573 302.99034 332.98166 362.97477 392.97029 422.96885 452.97033 482.97472 512.98174 542.99032 
573 302.99033 332.98166 362.97477 392.97029 422.96885 452.97032 482.97472 512.98174 542.99032 
573 302.99033 332.98166 362.97477 392.97029 422.96884 452.97032 482.97472 512.98174 542.99033 
573 302.99033 332.98166 362.97477 392.97029 422.96884 452.97032 482.97472 512.98174 542.99033 
573 302.99033 332.98166 362.97477 392.9703 422.96885 452.97032 482.97472 512.98174 542.99033 
573 302.99035 332.98168 362.97478 392.9703 422.96885 452.97033 482.97474 512.98174 542.99031 
573 302.99035 332.98168 362.97478 392.9703 422.96885 452.97033 482.97473 512.98174 542.99031 
573 302.99034 332.98167 362.97478 392.9703 422.96885 452.97033 482.97473 512.98174 542.99031 
573 302.99034 332.98167 362.97478 392.9703 422.96885 452.97033 482.97473 512.98174 542.99032 
573 302.99034 332.98167 362.97478 392.9703 422.96885 452.97033 482.97472 512.98174 542.99032 
573 302.99034 332.98166 362.97477 392.97029 422.96885 452.97032 482.97472 512.98174 542.99032 
573 302.99033 332.98166 362.97477 392.97029 422.96884 452.97032 482.97472 512.98174 542.99032 
573 302.99033 332.98166 362.97477 392.97029 422.96884 452.97032 482.97472 512.98174 542.99033 
573 302.99033 332.98166 362.97477 392.97029 422.96885 452.97032 482.97472 512.98174 542.99033 
573 302.99033 332.98166 362.97478 392.9703 422.96885 452.97033 482.97472 512.98175 542.99033 
573 302.99035 332.98168 362.97479 392.97031 422.96886 452.97034 482.97474 512.98174 542.99032 
573 302.99035 332.98168 362.97479 392.9703 422.96886 452.97034 482.97474 512.98174 542.99032 
573 302.99034 332.98168 362.97478 392.9703 422.96885 452.97033 482.97473 512.98174 542.99032 
573 302.99034 332.98167 362.97478 392.9703 422.96885 452.97033 482.97473 512.98174 542.99032 
573 302.99034 332.98167 362.97478 392.9703 422.96885 452.97033 482.97473 512.98174 542.99032 
573 302.99034 332.98166 362.97477 392.97029 422.96885 452.97032 482.97472 512.98174 542.99032 
573 302.99033 332.98166 362.97477 392.97029 422.96884 452.97032 482.97472 512.98174 542.99033 
573 302.99033 332.98166 362.97477 392.9703 422.96885 452.97032 482.97472 512.98174 542.99033 
573 302.99033 332.98166 362.97478 392.9703 422.96885 452.97033 482.97472 512.98175 542.99033 
573 302.99034 332.98166 362.97478 392.97031 422.96886 452.97033 482.97473 512.98175 542.99033 
