-12884.643 133.77138 -0.0028345558 0.0002299881 -0.00010298053 2.4802367e-05 -4.0003368e-05 1.3322318e-05 -2.6624194e-05 -4.7578113e-06 
-14225.613 107.45416 -0.0012002575 -0.0001639551 0.00013786937 -5.8110578e-06 6.5203885e-05 4.4236881e-05 2.7239161e-05 5.8395897e-06 
-15566.643 81.145673 0.00096391141 9.5097515e-05 0.00015731769 -6.0566815e-05 6.1985385e-05 -6.8290227e-05 -8.9299865e-06 5.2945372e-06 
-16907.771 54.843282 0.00087372514 -7.8619624e-05 -8.1155964e-05 -8.3878567e-05 -8.8018052e-05 -2.1231392e-05 2.8063426e-05 -1.3731908e-05 
-18249.02 28.547375 0.001786487 2.8420987e-06 -0.00016571276 0.00020250428 -2.463824e-05 -1.2924823e-05 8.2577305e-06 1.2923345e-05 
-19590.402 2.2465956 0.0027035397 -0.00018316126 -0.00021971862 -1.0781325e-05 6.7409969e-05 2.4258977e-05 -1.670869e-05 -1.5358771e-05 
-20931.921 -24.056718 0.0003726743 -0.00044699576 0.00012013249 -7.2860455e-05 -6.1119664e-05 1.3881614e-05 -2.0386547e-05 1.4572384e-05 
-22273.558 -50.365776 0.0013127947 0.00033964958 0.00039095582 5.5415112e-05 -2.194017e-05 2.190984e-05 -2.4222215e-06 -8.9726855e-06 
-23615.292 -76.691182 -0.00037333895 0.00042778676 -0.00022541653 -0.00011116027 1.3500392e-05 1.3652385e-05 7.4328047e-06 1.2473495e-05 
-24957.09 -103.02289 -0.0036050247 -0.00022265079 -1.1298747e-05 6.2335956e-05 2.7623642e-05 -2.8820912e-05 4.081281e-06 -8.2823933e-06 
