-0.012016422 -0.020680769 -0.013810775 -0.025583547 0.010145082 
-0.012099463 -0.018649594 -0.013307001 -0.022785684 0.0087483672 
-0.012181457 -0.016612874 -0.01287459 -0.020160616 0.0073344471 
-0.012262402 -0.014572017 -0.012515473 -0.017696192 0.0058999052 
-0.0123423 -0.012528443 -0.012231331 -0.01537994 0.0044408759 
-0.012421152 -0.010483568 -0.012023652 -0.013199436 0.0029529079 
-0.01249896 -0.0084388046 -0.011893791 -0.011142403 0.0014307167 
-0.012575728 -0.0063955774 -0.011842863 -0.0091966759 -0.00013183968 
-0.01265146 -0.0043553114 -0.011871777 -0.0073504702 -0.001741835 
-0.01272616 -0.0023194262 -0.011981257 -0.0055927053 -0.0034072535 
-0.012799835 -0.00028934011 -0.012171794 -0.0039130962 -0.0051369367 
-0.01287249 0.0017335267 -0.012443611 -0.0023021913 -0.0069405317 
-0.012944133 0.0037477613 -0.012796743 -0.00075149737 -0.0088285313 
-0.013014771 0.0057519546 -0.013230994 0.00074658817 -0.01081218 
-0.013084413 0.0077447016 -0.013745929 0.0021987709 -0.012903324 
-0.013153067 0.0097246079 -0.014340923 0.0036107719 -0.01511427 
-0.013220743 0.011690283 -0.015015133 0.0049874234 -0.017457582 
-0.013287453 0.013640339 -0.015767523 0.0063327856 -0.019945923 
-0.013353206 0.015573399 -0.016596919 0.0076501913 -0.022591843 
-0.013418016 0.017488088 -0.017502012 0.0089423042 -0.02540748 
-0.012016421 -0.020680768 -0.013810832 -0.025583528 0.010145004 
-0.012099463 -0.018649594 -0.013307 -0.022785752 0.0087483821 
-0.012181457 -0.016612871 -0.012874606 -0.020160708 0.0073344239 
-0.012262402 -0.014572016 -0.01251549 -0.017696222 0.0058998441 
-0.0123423 -0.012528445 -0.012231333 -0.015379927 0.0044408188 
-0.012421152 -0.010483568 -0.012023666 -0.013199456 0.002952847 
-0.01249896 -0.0084388043 -0.011893805 -0.011142452 0.0014306662 
-0.012575728 -0.0063955779 -0.011842866 -0.0091967232 -0.00013188236 
-0.01265146 -0.0043553117 -0.011871781 -0.0073505151 -0.0017418888 
-0.01272616 -0.0023194268 -0.011981263 -0.0055927314 -0.0034073316 
-0.012799835 -0.00028934165 -0.012171797 -0.0039130934 -0.0051370313 
-0.01287249 0.0017335255 -0.012443616 -0.0023021962 -0.0069406269 
-0.012944133 0.0037477592 -0.012796745 -0.00075150961 -0.008828613 
-0.013014771 0.0057519505 -0.013230991 0.00074659424 -0.010812252 
-0.013084412 0.0077446978 -0.013745934 0.002198781 -0.01290339 
-0.013153067 0.0097246054 -0.014340929 0.0036107681 -0.015114308 
-0.013220743 0.011690281 -0.015015135 0.0049874056 -0.017457591 
-0.013287453 0.013640341 -0.01576753 0.0063327591 -0.019945925 
-0.013353207 0.015573409 -0.016596904 0.0076501897 -0.022591818 
-0.013418017 0.017488108 -0.017501955 0.0089423425 -0.025407353 
-0.012016421 -0.020680768 -0.013810845 -0.025583518 0.010144931 
-0.012099463 -0.018649593 -0.013307001 -0.022785799 0.0087483669 
-0.012181457 -0.016612871 -0.012874605 -0.020160723 0.0073344083 
-0.012262402 -0.014572017 -0.012515486 -0.017696203 0.0058998258 
-0.0123423 -0.012528444 -0.012231332 -0.015379914 0.0044408011 
-0.012421152 -0.010483566 -0.012023661 -0.013199465 0.0029528426 
-0.01249896 -0.0084388021 -0.011893789 -0.011142469 0.0014306742 
-0.012575728 -0.0063955754 -0.011842848 -0.0091967282 -0.00013188415 
-0.01265146 -0.0043553094 -0.011871763 -0.0073504924 -0.0017419118 
-0.01272616 -0.002319425 -0.011981247 -0.0055926831 -0.003407375 
-0.012799835 -0.00028934018 -0.012171779 -0.0039130428 -0.0051370759 
-0.01287249 0.0017335263 -0.012443596 -0.0023021492 -0.0069406596 
-0.012944133 0.0037477596 -0.012796726 -0.00075146029 -0.0088286388 
-0.013014771 0.0057519515 -0.013230977 0.00074663427 -0.010812267 
-0.013084413 0.0077446996 -0.013745917 0.0021987981 -0.012903379 
-0.013153067 0.0097246078 -0.014340914 0.0036107589 -0.015114282 
-0.013220743 0.011690284 -0.015015132 0.0049873797 -0.017457572 
-0.013287453 0.013640342 -0.015767532 0.0063327426 -0.019945926 
-0.013353207 0.015573406 -0.016596905 0.0076501875 -0.022591828 
-0.013418017 0.017488109 -0.017501952 0.008942345 -0.025407334 
-0.012016421 -0.020680766 -0.013810864 -0.025583566 0.010144882 
-0.012099463 -0.018649591 -0.013307022 -0.022785844 0.0087483211 
-0.012181457 -0.016612871 -0.01287461 -0.020160732 0.0073343876 
-0.012262402 -0.014572017 -0.012515491 -0.0176962 0.0058998101 
-0.0123423 -0.012528442 -0.012231345 -0.015379942 0.0044407917 
-0.012421152 -0.010483564 -0.012023659 -0.013199505 0.0029528585 
-0.01249896 -0.0084387994 -0.011893785 -0.011142509 0.0014306879 
-0.012575728 -0.0063955727 -0.011842845 -0.0091967469 -0.00013188652 
-0.01265146 -0.0043553085 -0.011871756 -0.0073504737 -0.0017419312 
-0.012726161 -0.0023194258 -0.011981238 -0.0055926452 -0.0034074036 
-0.012799835 -0.00028934173 -0.012171772 -0.0039130082 -0.0051371051 
-0.01287249 0.0017335245 -0.012443593 -0.0023021207 -0.0069406871 
-0.012944133 0.0037477578 -0.012796728 -0.00075143643 -0.0088286594 
-0.013014771 0.0057519499 -0.013230977 0.00074664761 -0.01081227 
-0.013084413 0.0077446991 -0.013745917 0.0021987876 -0.012903368 
-0.013153067 0.0097246077 -0.014340918 0.0036107276 -0.015114273 
-0.013220743 0.011690283 -0.015015134 0.004987355 -0.017457567 
-0.013287453 0.01364034 -0.015767524 0.0063327419 -0.019945916 
-0.013353207 0.015573405 -0.016596891 0.0076502162 -0.022591811 
-0.013418017 0.01748811 -0.017501941 0.0089423933 -0.02540732 
-0.012016421 -0.020680767 -0.013810862 -0.025583569 0.010144836 
-0.012099463 -0.018649591 -0.013307011 -0.022785845 0.0087482954 
-0.012181457 -0.016612869 -0.012874608 -0.020160712 0.0073343594 
-0.012262403 -0.014572014 -0.012515488 -0.017696189 0.0058997992 
-0.0123423 -0.012528438 -0.012231325 -0.015379947 0.0044408154 
-0.012421152 -0.010483559 -0.012023637 -0.013199536 0.0029528968 
-0.01249896 -0.008438794 -0.011893762 -0.011142526 0.0014307258 
-0.012575728 -0.0063955691 -0.011842816 -0.0091967233 -0.00013185616 
-0.01265146 -0.0043553063 -0.011871731 -0.0073504262 -0.0017419191 
-0.012726161 -0.002319424 -0.011981217 -0.0055926032 -0.0034074019 
-0.012799835 -0.00028934025 -0.012171755 -0.0039129754 -0.0051371058 
-0.012872491 0.0017335258 -0.012443578 -0.0023020832 -0.0069406881 
-0.012944134 0.0037477593 -0.012796714 -0.00075139383 -0.0088286566 
-0.013014772 0.0057519525 -0.013230965 0.00074667824 -0.010812258 
-0.013084413 0.0077447025 -0.013745905 0.0021988026 -0.01290335 
-0.013153067 0.0097246107 -0.014340904 0.0036107397 -0.015114258 
-0.013220743 0.011690285 -0.015015118 0.0049873733 -0.01745756 
-0.013287453 0.013640339 -0.015767506 0.0063327679 -0.01994591 
-0.013353207 0.015573402 -0.01659688 0.007650248 -0.022591804 
-0.013418017 0.017488108 -0.017501942 0.0089424415 -0.025407328 
-0.012016421 -0.020680766 -0.01381086 -0.025583613 0.010144818 
-0.012099464 -0.01864959 -0.013307008 -0.022785843 0.0087482635 
-0.012181457 -0.016612867 -0.012874608 -0.020160703 0.0073343342 
-0.012262403 -0.014572011 -0.012515483 -0.01769619 0.0058997958 
-0.0123423 -0.012528434 -0.012231321 -0.015379973 0.0044408262 
-0.012421152 -0.010483554 -0.012023631 -0.013199569 0.0029529258 
-0.01249896 -0.0084387906 -0.011893749 -0.011142537 0.0014307677 
-0.012575728 -0.0063955676 -0.011842811 -0.0091967101 -0.00013182885 
-0.01265146 -0.0043553062 -0.011871734 -0.0073504154 -0.0017419092 
-0.012726161 -0.0023194253 -0.011981221 -0.005592604 -0.0034074004 
-0.012799835 -0.00028934266 -0.012171756 -0.0039129706 -0.00513711 
-0.012872491 0.001733523 -0.012443581 -0.0023020643 -0.0069406986 
-0.012944134 0.0037477568 -0.01279672 -0.00075137237 -0.0088286644 
-0.013014772 0.00575195 -0.013230971 0.00074668939 -0.010812252 
-0.013084413 0.0077446997 -0.013745911 0.0021988035 -0.012903336 
-0.013153067 0.009724608 -0.014340905 0.0036107448 -0.015114242 
-0.013220743 0.011690282 -0.015015104 0.0049873938 -0.017457541 
-0.013287453 0.013640337 -0.015767482 0.0063328055 -0.019945889 
-0.013353207 0.015573401 -0.016596861 0.0076503021 -0.0225918 
-0.013418017 0.017488107 -0.017501935 0.0089425195 -0.02540735 
-0.012016421 -0.020680767 -0.013810842 -0.025583621 0.010144808 
-0.012099464 -0.018649589 -0.013307004 -0.02278582 0.0087482318 
-0.012181458 -0.016612865 -0.012874594 -0.020160673 0.0073343189 
-0.012262403 -0.014572006 -0.012515473 -0.017696177 0.0058997885 
-0.0123423 -0.012528428 -0.012231311 -0.015379984 0.0044408445 
-0.012421152 -0.010483548 -0.012023618 -0.01319957 0.0029529672 
-0.01249896 -0.0084387865 -0.01189374 -0.011142521 0.0014308175 
-0.012575728 -0.0063955656 -0.011842806 -0.0091966856 -0.0001317891 
-0.01265146 -0.0043553062 -0.01187173 -0.0073504001 -0.0017418836 
-0.012726161 -0.0023194264 -0.011981219 -0.0055925949 -0.0034073928 
-0.012799835 -0.00028934456 -0.012171755 -0.0039129486 -0.0051371151 
-0.012872491 0.0017335208 -0.01244358 -0.0023020285 -0.0069407059 
-0.012944134 0.0037477547 -0.012796719 -0.00075133973 -0.0088286606 
-0.013014772 0.0057519481 -0.013230973 0.00074670566 -0.010812231 
-0.013084413 0.0077446976 -0.013745915 0.0021988061 -0.012903298 
-0.013153067 0.0097246049 -0.014340901 0.0036107476 -0.015114191 
-0.013220744 0.011690279 -0.015015089 0.0049874085 -0.017457488 
-0.013287453 0.013640336 -0.015767463 0.006332835 -0.01994585 
-0.013353207 0.015573401 -0.016596847 0.0076503442 -0.022591777 
-0.013418017 0.017488107 -0.01750193 0.0089425708 -0.02540734 
-0.012016421 -0.020680767 -0.013810837 -0.025583595 0.010144775 
-0.012099464 -0.018649588 -0.013306984 -0.022785796 0.0087482325 
-0.012181458 -0.016612863 -0.012874582 -0.02016064 0.0073343025 
-0.012262403 -0.014572003 -0.012515461 -0.017696165 0.0058997909 
-0.0123423 -0.012528423 -0.012231301 -0.01537998 0.0044408749 
-0.012421152 -0.010483543 -0.01202361 -0.013199561 0.0029530224 
-0.01249896 -0.0084387833 -0.011893734 -0.011142499 0.0014308759 
-0.012575728 -0.0063955646 -0.011842803 -0.0091966685 -0.00013174348 
-0.01265146 -0.0043553069 -0.011871731 -0.0073503931 -0.0017418601 
-0.01272616 -0.0023194285 -0.011981224 -0.005592579 -0.0034073898 
-0.012799835 -0.00028934762 -0.012171759 -0.0039129122 -0.0051371227 
-0.012872491 0.0017335176 -0.012443584 -0.0023019878 -0.0069407126 
-0.012944134 0.0037477521 -0.012796728 -0.00075131928 -0.0088286541 
-0.013014772 0.005751946 -0.013230987 0.00074670053 -0.010812201 
-0.013084413 0.0077446954 -0.013745923 0.002198792 -0.012903243 
-0.013153067 0.0097246028 -0.014340896 0.003610743 -0.015114123 
-0.013220744 0.011690277 -0.015015075 0.0049874228 -0.017457428 
-0.013287453 0.013640335 -0.015767448 0.0063328707 -0.019945805 
-0.013353207 0.015573402 -0.016596829 0.0076503959 -0.022591739 
-0.013418018 0.017488113 -0.017501901 0.008942635 -0.025407304 
-0.012016421 -0.020680767 -0.013810832 -0.025583573 0.010144755 
-0.012099464 -0.018649588 -0.013306972 -0.022785761 0.0087482188 
-0.012181458 -0.016612861 -0.012874573 -0.020160617 0.0073342931 
-0.012262403 -0.014572 -0.012515451 -0.017696156 0.005899806 
-0.0123423 -0.012528419 -0.012231293 -0.015379975 0.004440919 
-0.012421152 -0.01048354 -0.012023604 -0.013199551 0.0029530823 
-0.01249896 -0.0084387816 -0.01189373 -0.011142483 0.001430929 
-0.012575728 -0.006395565 -0.011842799 -0.0091966574 -0.00013170367 
-0.01265146 -0.004355309 -0.011871731 -0.0073503745 -0.0017418383 
-0.01272616 -0.0023194315 -0.011981226 -0.0055925365 -0.003407385 
-0.012799836 -0.00028935045 -0.01217176 -0.0039128535 -0.0051371258 
-0.012872491 0.0017335161 -0.012443587 -0.0023019416 -0.0069407101 
-0.012944134 0.0037477519 -0.012796738 -0.00075130729 -0.0088286317 
-0.013014772 0.0057519458 -0.013230998 0.00074668439 -0.010812153 
-0.013084413 0.0077446948 -0.013745929 0.0021987713 -0.012903181 
-0.013153067 0.0097246022 -0.014340893 0.003610739 -0.015114065 
-0.013220744 0.011690276 -0.015015066 0.0049874461 -0.017457387 
-0.013287454 0.013640334 -0.015767436 0.0063329189 -0.019945778 
-0.013353208 0.015573403 -0.016596814 0.0076504455 -0.02259171 
-0.013418018 0.017488117 -0.017501876 0.0089426792 -0.025407274 
-0.012016421 -0.020680769 -0.013810822 -0.025583568 0.010144762 
-0.012099464 -0.018649589 -0.013306973 -0.022785736 0.0087481951 
-0.012181458 -0.016612862 -0.012874567 -0.020160605 0.0073342949 
-0.012262403 -0.014572 -0.012515443 -0.017696142 0.0058998319 
-0.0123423 -0.012528419 -0.012231285 -0.015379964 0.0044409673 
-0.012421152 -0.01048354 -0.012023602 -0.013199541 0.0029531264 
-0.01249896 -0.008438783 -0.01189373 -0.011142478 0.0014309652 
-0.012575728 -0.0063955675 -0.0118428 -0.0091966506 -0.00013167386 
-0.01265146 -0.0043553122 -0.011871733 -0.0073503482 -0.001741817 
-0.01272616 -0.0023194345 -0.011981228 -0.0055924891 -0.0034073692 
-0.012799836 -0.0002893525 -0.012171762 -0.0039128082 -0.005137106 
-0.012872491 0.0017335152 -0.012443594 -0.0023019246 -0.006940674 
-0.012944134 0.0037477515 -0.012796748 -0.00075132014 -0.0088285721 
-0.013014772 0.0057519461 -0.013231005 0.00074666163 -0.01081208 
-0.013084413 0.007744696 -0.013745928 0.0021987594 -0.012903113 
-0.013153067 0.0097246037 -0.014340887 0.0036107488 -0.015114014 
-0.013220744 0.011690278 -0.015015055 0.00498748 -0.01745735 
-0.013287454 0.013640336 -0.015767418 0.0063329708 -0.01994575 
-0.013353208 0.015573407 -0.016596791 0.0076504956 -0.022591682 
-0.013418018 0.017488123 -0.017501854 0.0089427037 -0.025407233 
