275.58318 386.88098 480.65734 539.91671 561.90736 
280.75066 393.18389 484.32206 542.09765 561.53542 
285.92151 399.0882 487.91097 544.1997 561.4931 
291.09804 404.71546 491.42481 546.22147 561.65879 
296.28273 410.12901 494.86417 548.1613 561.96908 
301.4782 415.36625 498.22958 550.01729 562.38646 
306.68736 420.45147 501.52144 551.78716 562.88651 
311.91343 425.40151 504.74008 553.46824 563.45221 
317.16012 430.22867 507.88572 555.05733 564.07105 
322.43168 434.94226 510.95851 556.55056 564.73347 
327.73319 439.54953 513.95853 557.94325 565.43194 
333.07074 444.05628 516.88579 559.22964 566.16036 
338.45186 448.4672 519.74022 560.40246 566.91366 
343.88613 452.78614 522.52166 561.45239 567.68757 
349.38605 457.01628 525.22987 562.36714 568.47839 
354.96863 461.16032 527.86454 563.12986 569.28289 
360.65829 465.22052 530.42525 563.71627 570.09818 
366.49255 469.19881 532.91151 564.08897 570.9216 
372.53483 473.09681 535.32268 564.18462 571.75072 
378.90671 476.91592 537.65803 563.88166 572.5832 
275.58318 386.88097 480.65733 539.91669 561.90735 
280.75066 393.18388 484.32205 542.09764 561.53541 
285.92151 399.08819 487.91096 544.19969 561.49309 
291.09805 404.71546 491.4248 546.22146 561.65878 
296.28273 410.12901 494.86417 548.1613 561.96908 
301.47821 415.36626 498.22958 550.01729 562.38646 
306.68736 420.45147 501.52145 551.78717 562.88651 
311.91343 425.40151 504.74008 553.46825 563.45221 
317.16012 430.22867 507.88572 555.05733 564.07105 
322.43168 434.94225 510.9585 556.55056 564.73347 
327.73318 439.54953 513.95853 557.94325 565.43195 
333.07073 444.05628 516.88579 559.22964 566.16036 
338.45186 448.4672 519.74022 560.40246 566.91366 
343.88613 452.78614 522.52166 561.4524 567.68757 
349.38605 457.01629 525.22988 562.36715 568.4784 
354.96863 461.16032 527.86454 563.12986 569.2829 
360.65829 465.22052 530.42525 563.71627 570.09818 
366.49255 469.1988 532.9115 564.08897 570.9216 
372.53482 473.09681 535.32268 564.18462 571.75072 
378.90671 476.91592 537.65803 563.88166 572.5832 
275.58318 386.88097 480.65732 539.91669 561.90735 
280.75066 393.18388 484.32205 542.09764 561.53541 
285.92151 399.0882 487.91097 544.1997 561.49309 
291.09805 404.71547 491.42481 546.22146 561.65878 
296.28274 410.12902 494.86418 548.1613 561.96908 
301.47821 415.36627 498.2296 550.0173 562.38646 
306.68737 420.45149 501.52146 551.78718 562.88651 
311.91344 425.40152 504.74009 553.46825 563.45221 
317.16012 430.22867 507.88572 555.05733 564.07105 
322.43168 434.94225 510.95851 556.55056 564.73348 
327.73318 439.54953 513.95854 557.94326 565.43195 
333.07073 444.05629 516.8858 559.22965 566.16037 
338.45186 448.46721 519.74023 560.40247 566.91367 
343.88613 452.78614 522.52167 561.45241 567.68758 
349.38605 457.01629 525.22989 562.36716 568.4784 
354.96863 461.16033 527.86455 563.12987 569.2829 
360.65829 465.22053 530.42526 563.71628 570.09818 
366.49255 469.1988 532.9115 564.08897 570.92161 
372.53482 473.09681 535.32268 564.18462 571.75072 
378.9067 476.91591 537.65802 563.88166 572.5832 
275.58318 386.88096 480.65731 539.91668 561.90734 
280.75066 393.18388 484.32205 542.09764 561.53541 
285.92152 399.0882 487.91097 544.1997 561.49309 
291.09806 404.71547 491.4248 546.22146 561.65878 
296.28275 410.12903 494.86418 548.1613 561.96908 
301.47822 415.36628 498.2296 550.0173 562.38645 
306.68737 420.4515 501.52147 551.78718 562.88651 
311.91344 425.40152 504.74009 553.46826 563.45221 
317.16011 430.22867 507.88572 555.05734 564.07105 
322.43168 434.94225 510.95852 556.55057 564.73348 
327.73319 439.54954 513.95855 557.94327 565.43196 
333.07074 444.0563 516.88581 559.22966 566.16038 
338.45187 448.46722 519.74024 560.40248 566.91368 
343.88614 452.78615 522.52168 561.45241 567.68758 
349.38605 457.01629 525.22989 562.36716 568.4784 
354.96862 461.16033 527.86455 563.12987 569.2829 
360.65828 465.22052 530.42526 563.71628 570.09818 
366.49254 469.1988 532.9115 564.08898 570.92161 
372.53481 473.0968 535.32267 564.18462 571.75072 
378.9067 476.91591 537.65803 563.88166 572.5832 
275.58318 386.88096 480.65732 539.91669 561.90734 
280.75067 393.18388 484.32205 542.09764 561.53541 
285.92152 399.0882 487.91096 544.19969 561.49309 
291.09807 404.71547 491.4248 546.22146 561.65878 
296.28276 410.12903 494.86419 548.16131 561.96907 
301.47823 415.36629 498.22961 550.0173 562.38645 
306.68738 420.4515 501.52147 551.78718 562.8865 
311.91344 425.40153 504.7401 553.46825 563.4522 
317.16012 430.22867 507.88573 555.05734 564.07105 
322.43168 434.94226 510.95852 556.55057 564.73348 
327.73319 439.54954 513.95856 557.94328 565.43196 
333.07074 444.0563 516.88582 559.22967 566.16038 
338.45187 448.46722 519.74025 560.40249 566.91368 
343.88614 452.78615 522.52169 561.45242 567.68759 
349.38605 457.0163 525.2299 562.36717 568.47841 
354.96862 461.16033 527.86455 563.12988 569.28291 
360.65828 465.22052 530.42526 563.71629 570.09819 
366.49253 469.19879 532.9115 564.08898 570.92161 
372.53481 473.0968 535.32267 564.18462 571.75072 
378.9067 476.91591 537.65803 563.88166 572.5832 
275.58319 386.88097 480.65733 539.9167 561.90735 
280.75067 393.18389 484.32205 542.09764 561.53541 
285.92153 399.0882 487.91096 544.19969 561.49309 
291.09808 404.71548 491.42481 546.22146 561.65878 
296.28277 410.12904 494.8642 548.16131 561.96907 
301.47824 415.3663 498.22962 550.0173 562.38645 
306.68738 420.45151 501.52147 551.78718 562.8865 
311.91345 425.40153 504.7401 553.46825 563.4522 
317.16012 430.22867 507.88573 555.05734 564.07105 
322.43168 434.94226 510.95853 556.55058 564.73348 
327.73319 439.54955 513.95857 557.94329 565.43196 
333.07074 444.05631 516.88583 559.22968 566.16039 
338.45187 448.46722 519.74026 560.4025 566.91369 
343.88613 452.78615 522.52169 561.45243 567.68759 
349.38604 457.0163 525.2299 562.36718 568.47841 
354.96862 461.16032 527.86455 563.12988 569.28291 
360.65827 465.22052 530.42526 563.71629 570.09819 
366.49253 469.1988 532.9115 564.08898 570.92161 
372.53481 473.09681 535.32268 564.18463 571.75072 
378.9067 476.91592 537.65804 563.88166 572.5832 
275.58319 386.88098 480.65735 539.91671 561.90736 
280.75067 393.18389 484.32206 542.09765 561.53542 
285.92154 399.08821 487.91097 544.1997 561.49309 
291.09809 404.71548 491.42481 546.22146 561.65878 
296.28278 410.12905 494.86419 548.1613 561.96907 
301.47825 415.3663 498.22961 550.01729 562.38644 
306.68739 420.4515 501.52146 551.78716 562.88649 
311.91345 425.40152 504.74009 553.46824 563.45219 
317.16012 430.22867 507.88572 555.05733 564.07104 
322.43168 434.94226 510.95852 556.55057 564.73348 
327.73319 439.54954 513.95856 557.94328 565.43196 
333.07074 444.0563 516.88582 559.22967 566.16039 
338.45186 448.46721 519.74025 560.40249 566.91369 
343.88613 452.78615 522.52168 561.45242 567.6876 
349.38604 457.01629 525.22989 562.36717 568.47842 
354.96861 461.16031 527.86455 563.12988 569.28291 
360.65827 465.22052 530.42526 563.7163 570.09819 
366.49253 469.1988 532.91151 564.08899 570.92161 
372.53481 473.09681 535.32268 564.18463 571.75073 
378.90671 476.91593 537.65805 563.88167 572.5832 
275.58319 386.88099 480.65735 539.91672 561.90736 
280.75068 393.1839 484.32206 542.09765 561.53542 
285.92154 399.08822 487.91098 544.19971 561.4931 
291.0981 404.7155 491.42482 546.22147 561.65878 
296.28279 410.12905 494.8642 548.1613 561.96906 
301.47825 415.36629 498.2296 550.01728 562.38643 
306.68739 420.4515 501.52146 551.78716 562.88648 
311.91345 425.40152 504.74008 553.46824 563.45219 
317.16012 430.22866 507.88572 555.05732 564.07104 
322.43168 434.94225 510.95851 556.55056 564.73348 
327.73319 439.54954 513.95855 557.94328 565.43196 
333.07074 444.0563 516.88582 559.22967 566.16039 
338.45186 448.46721 519.74025 560.40249 566.91369 
343.88612 452.78614 522.52168 561.45242 567.6876 
349.38603 457.01628 525.22989 562.36717 568.47842 
354.9686 461.16032 527.86455 563.12989 569.28291 
360.65826 465.22052 530.42526 563.7163 570.09819 
366.49253 469.19881 532.91152 564.08899 570.92161 
372.53482 473.09683 535.32271 564.18464 571.75073 
378.90672 476.91594 537.65806 563.88168 572.5832 
275.58319 386.88099 480.65737 539.91674 561.90738 
280.75068 393.18391 484.32208 542.09766 561.53543 
285.92155 399.08823 487.91099 544.19971 561.4931 
291.0981 404.7155 491.42483 546.22147 561.65878 
296.28279 410.12905 494.86419 548.16129 561.96906 
301.47825 415.36629 498.2296 550.01728 562.38643 
306.68739 420.45149 501.52145 551.78715 562.88648 
311.91344 425.40151 504.74007 553.46822 563.45218 
317.16012 430.22866 507.88571 555.05731 564.07104 
322.43168 434.94225 510.95851 556.55056 564.73347 
327.73319 439.54953 513.95855 557.94327 565.43196 
333.07073 444.05629 516.88582 559.22966 566.16039 
338.45186 448.46721 519.74024 560.40248 566.91369 
343.88612 452.78613 522.52168 561.45242 567.6876 
349.38603 457.01628 525.22989 562.36717 568.47842 
354.9686 461.16032 527.86456 563.12989 569.28291 
360.65826 465.22052 530.42526 563.7163 570.09819 
366.49253 469.19881 532.91152 564.089 570.92161 
372.53482 473.09683 535.32271 564.18464 571.75073 
378.90671 476.91593 537.65805 563.88167 572.5832 
275.58319 386.881 480.65738 539.91675 561.90738 
280.75069 393.18392 484.3221 542.09768 561.53543 
285.92155 399.08824 487.911 544.19972 561.4931 
291.0981 404.7155 491.42483 546.22147 561.65878 
296.28279 410.12905 494.8642 548.1613 561.96907 
301.47825 415.36629 498.2296 550.01728 562.38644 
306.68738 420.45149 501.52145 551.78715 562.88649 
311.91345 425.40152 504.74008 553.46823 563.45219 
317.16012 430.22866 507.88571 555.05731 564.07104 
322.43168 434.94225 510.95851 556.55056 564.73348 
327.73319 439.54954 513.95856 557.94327 565.43196 
333.07073 444.05629 516.88582 559.22966 566.16039 
338.45186 448.46721 519.74025 560.40248 566.91369 
343.88612 452.78614 522.52169 561.45242 567.6876 
349.38603 457.01629 525.2299 562.36718 568.47842 
354.9686 461.16032 527.86455 563.12989 569.28291 
360.65827 465.22053 530.42528 563.71631 570.09819 
366.49255 469.19883 532.91154 564.08901 570.92161 
372.53482 473.09683 535.3227 564.18464 571.75073 
378.90671 476.91593 537.65804 563.88166 572.5832 
