275.42614 370.37676 452.2976 511.69689 548.82691 
275.42682 370.40986 452.35608 511.75478 548.85818 
275.42818 370.47613 452.47318 511.87071 548.92076 
275.4302 370.57558 452.649 512.04478 549.01466 
275.43288 370.70826 452.88376 512.27722 549.13991 
275.43621 370.87424 453.17769 512.56826 549.2965 
275.44017 371.07358 453.53115 512.91827 549.48449 
275.44474 371.3064 453.94452 513.32766 549.70391 
275.44989 371.57281 454.41827 513.79692 549.9548 
275.45559 371.87294 454.95294 514.32659 550.23721 
275.46181 372.20693 455.54911 514.9173 550.55117 
275.46851 372.57497 456.20742 515.56971 550.89671 
275.47564 372.97721 456.92857 516.28458 551.27385 
275.48315 373.4139 457.71335 517.06272 551.68261 
275.49096 373.88525 458.56255 517.90499 552.12298 
275.49902 374.39152 459.47706 518.81233 552.59494 
275.50725 374.93303 460.45777 519.78571 553.09843 
275.51556 375.51012 461.50562 520.82613 553.63332 
275.52385 376.12318 462.62159 521.93466 554.19945 
275.53203 376.77271 463.80665 523.11238 554.79658 
275.53999 377.45931 465.06181 524.36037 555.42434 
275.5476 378.18373 466.38803 525.67972 556.08216 
275.55476 378.947 467.78627 527.07148 556.76923 
275.56136 379.75053 469.25744 528.53667 557.48432 
275.56727 380.59644 470.80241 530.07627 558.22549 
275.57239 381.48817 472.42194 531.69114 558.98945 
275.57661 382.43201 474.1167 533.38205 559.77 
275.57986 383.44149 475.88724 535.14963 560.55372 
275.58207 384.55233 477.73402 536.9944 561.30497 
275.58318 385.88098 479.65734 538.91671 561.90736 
280.27776 374.89422 455.8403 514.03767 550.24491 
280.27979 374.92917 455.89934 514.09495 550.27436 
280.28386 374.9991 456.01749 514.20957 550.33324 
280.28994 375.10405 456.19487 514.38168 550.42157 
280.298 375.24412 456.4317 514.61151 550.53934 
280.308 375.41939 456.72821 514.89932 550.68654 
280.31989 375.62999 457.08473 515.24546 550.86314 
280.33362 375.87609 457.50164 515.6504 551.06913 
280.34911 376.15788 457.97939 516.1146 551.30448 
280.36625 376.47557 458.51846 516.63865 551.56913 
280.38496 376.82943 459.11944 517.2232 551.86302 
280.40511 377.21975 459.78293 517.86896 552.18605 
280.42655 377.64688 460.50961 518.57671 552.53807 
280.44913 378.11125 461.30021 519.34734 552.91892 
280.47265 378.61329 462.15549 520.18175 553.32836 
280.49691 379.15357 463.07626 521.08093 553.76608 
280.52168 379.73276 464.06338 522.04595 554.23166 
280.54669 380.35162 465.1177 523.0779 554.72455 
280.57167 381.01111 466.24013 524.17792 555.24402 
280.59632 381.71243 467.43157 525.3472 555.78914 
280.62029 382.45711 468.69292 526.58693 556.3586 
280.64326 383.24712 470.02507 527.89833 556.95063 
280.66486 384.08516 471.42889 529.28258 557.56275 
280.68476 384.975 472.9052 530.74083 558.19136 
280.7026 385.92221 474.45476 532.27418 558.83109 
280.71805 386.93542 476.07826 533.88361 559.47342 
280.73081 388.02899 477.77631 535.57002 560.10414 
280.74063 389.22852 479.54938 537.33414 560.69774 
280.74729 390.5825 481.39788 539.17655 561.2058 
280.75066 392.18389 483.32206 541.09765 561.53542 
285.12733 379.37678 459.32403 516.32125 551.63351 
285.13073 379.41352 459.38351 516.37778 551.6611 
285.13753 379.48705 459.50258 516.49096 551.71629 
285.14769 379.59743 459.68134 516.6609 551.79905 
285.16117 379.74477 459.91998 516.88783 551.90936 
285.17789 379.9292 460.21873 517.17203 552.04716 
285.19779 380.15091 460.57793 517.5139 552.2124 
285.22075 380.4101 460.99793 517.91385 552.405 
285.24666 380.70704 461.47915 518.37243 552.62485 
285.27536 381.04203 462.02207 518.89021 552.87182 
285.30668 381.41546 462.62726 519.46789 553.14574 
285.34042 381.82773 463.29528 520.10621 553.44639 
285.37633 382.27936 464.02676 520.806 553.77348 
285.41416 382.77092 464.82242 521.56818 554.12666 
285.4536 383.30311 465.68296 522.39374 554.50548 
285.49429 383.87674 466.60915 523.28372 554.90936 
285.53586 384.4928 467.60178 524.23927 555.33757 
285.57786 385.15247 468.66167 525.26158 555.78917 
285.61984 385.85721 469.78966 526.35191 556.26296 
285.66127 386.60881 470.98657 527.51156 556.75736 
285.7016 387.40958 472.25323 528.74184 557.2703 
285.74027 388.26248 473.59045 530.04409 557.79903 
285.77667 389.17152 474.99903 531.41969 558.33978 
285.81022 390.14213 476.47972 532.86991 558.8873 
285.84031 391.18198 478.03319 534.39601 559.43408 
285.8664 392.30231 479.66007 535.99912 559.96905 
285.88795 393.52002 481.36089 537.68028 560.47541 
285.90454 394.86112 483.13611 539.44034 560.92728 
285.91581 396.36525 484.98606 541.28 561.28509 
285.92151 398.0882 486.91097 543.1997 561.4931 
289.97349 383.82258 462.74826 518.54829 552.99451 
289.97828 383.86109 462.80814 518.60402 553.02026 
289.98784 383.93816 462.92801 518.7156 553.07178 
290.00213 384.05386 463.10795 518.88314 553.14901 
290.02109 384.20834 463.34815 519.10689 553.2519 
290.04462 384.40176 463.64885 519.38713 553.38037 
290.07262 384.63434 464.01035 519.72425 553.53432 
290.10494 384.90636 464.433 520.11872 553.71363 
290.14142 385.21814 464.91722 520.57106 553.91811 
290.18184 385.57007 465.46346 521.0819 554.14757 
290.22598 385.96264 466.07226 521.65196 554.40175 
290.27354 386.39637 466.74416 522.28201 554.6803 
290.3242 386.87189 467.47977 522.97292 554.98282 
290.3776 387.38997 468.27975 523.72568 555.30878 
290.43329 387.95149 469.1448 524.54131 555.65756 
290.49081 388.55749 470.07561 525.42096 556.02834 
290.5496 389.20925 471.07294 526.36584 556.42012 
290.60907 389.90828 472.13758 527.37727 556.83164 
290.66855 390.65645 473.27029 528.45661 557.26129 
290.72731 391.45603 474.47184 529.60528 557.70704 
290.78459 392.3099 475.74299 530.82476 558.16624 
290.83955 393.22174 477.0845 532.11656 558.63543 
290.89135 394.19633 478.4971 533.48218 559.11006 
290.93914 395.24 479.98147 534.92313 559.58401 
290.98205 396.36128 481.53823 536.44083 560.04891 
291.01928 397.57182 483.16795 538.0366 560.49328 
291.05007 398.88767 484.8711 539.71164 560.90119 
291.07378 400.33069 486.64811 541.46697 561.25091 
291.08989 401.92917 488.49927 543.30339 561.5142 
291.09804 403.71546 490.42481 545.22147 561.65879 
294.81487 388.22987 466.11261 520.7196 554.32976 
294.82106 388.27011 466.17285 520.77447 554.35371 
294.83343 388.35063 466.29338 520.8843 554.40158 
294.85191 388.47153 466.47431 521.04921 554.47332 
294.87643 388.63298 466.71585 521.26947 554.56887 
294.90688 388.83516 467.01819 521.54536 554.68811 
294.94312 389.07835 467.38164 521.87729 554.83091 
294.98498 389.36286 467.80654 522.26572 554.99709 
295.03223 389.68909 468.29328 522.71121 555.18642 
295.08462 390.0575 468.84233 523.21441 555.39864 
295.14185 390.46866 469.45417 523.77605 555.6334 
295.20357 390.9232 470.12935 524.39696 555.89027 
295.26935 391.42187 470.86843 525.07803 556.16873 
295.33874 391.96558 471.67206 525.8203 556.46812 
295.41118 392.55538 472.54087 526.62488 556.78764 
295.48605 393.1925 473.47556 527.49297 557.12632 
295.56268 393.87844 474.47685 528.4259 557.48294 
295.64027 394.61498 475.54545 529.42507 557.85598 
295.71798 395.40428 476.6821 530.49198 558.24356 
295.79485 396.24896 477.88752 531.62821 558.64329 
295.86988 397.15226 479.16242 532.83539 559.05219 
295.94199 398.11825 480.50749 534.1152 559.46641 
296.01006 399.15207 481.92342 535.46938 559.88105 
296.07293 400.26029 483.41084 536.89963 560.28977 
296.12948 401.45133 484.97033 538.40759 560.68431 
296.17859 402.73602 486.60239 539.99482 561.05399 
296.21927 404.12818 488.30748 541.66273 561.38518 
296.25062 405.64478 490.08597 543.41252 561.66099 
296.27194 407.30531 491.93813 545.24515 561.86201 
296.28273 409.12901 493.86417 547.1613 561.96908 
299.65005 392.59695 469.41676 522.83606 555.64109 
299.65767 392.63885 469.47726 522.88997 555.66324 
299.6729 392.72272 469.59835 522.99789 555.70751 
299.69565 392.84867 469.78011 523.15996 555.77385 
299.72585 393.01688 470.02274 523.37642 555.86216 
299.76336 393.22756 470.32643 523.64758 555.9723 
299.80802 393.48103 470.69149 523.97384 556.10412 
299.85962 393.77765 471.11824 524.35568 556.2574 
299.9179 394.11787 471.60707 524.79367 556.43187 
299.98256 394.50221 472.15842 525.28849 556.62719 
300.05325 394.93131 472.77277 525.8409 556.84296 
300.12953 395.4059 473.45063 526.45173 557.07868 
300.21091 395.92683 474.19257 527.12195 557.33371 
300.29683 396.49512 474.99918 527.85263 557.60732 
300.38663 397.11195 475.87109 528.64494 557.89859 
300.47957 397.7787 476.80895 529.50017 558.20639 
300.5748 398.49705 477.81346 530.41973 558.52935 
300.67138 399.26895 478.88531 531.40516 558.86581 
300.76825 400.09676 480.02517 532.45807 559.21367 
300.86425 400.98328 481.23374 533.5802 559.5704 
300.95811 401.93194 482.51168 534.77338 559.93282 
301.04849 402.94695 483.85965 536.0395 560.29698 
301.13397 404.03344 485.27829 537.38053 560.65799 
301.21307 405.19776 486.76818 538.79842 561.00972 
301.28434 406.44772 488.32986 540.29509 561.34457 
301.34636 407.79278 489.96383 541.87238 561.65323 
301.3978 409.24425 491.67048 543.53194 561.92457 
301.4375 410.81495 493.45017 545.27523 562.14587 
301.46452 412.51829 495.30314 547.10341 562.3038 
301.4782 414.36625 497.22958 549.01729 562.38646 
304.4776 396.92211 472.6604 524.89859 556.93025 
304.48669 396.96563 472.72112 524.95147 556.95064 
304.50483 397.05275 472.84265 525.05734 556.99138 
304.53196 397.18357 473.02507 525.21632 557.0524 
304.56796 397.35831 473.26856 525.42866 557.13359 
304.6127 397.5772 473.57333 525.69469 557.23482 
304.66599 397.84058 473.93966 526.01479 557.35587 
304.72758 398.14886 474.36788 526.38947 557.49652 
304.7972 398.50253 474.85836 526.81931 557.65645 
304.87449 398.90217 475.41153 527.305 557.83529 
304.95905 399.34848 476.02786 527.84731 558.03258 
305.05039 399.84226 476.70785 528.44712 558.24776 
305.14794 400.38444 477.45203 529.10542 558.48013 
305.25105 400.97613 478.261 529.82333 558.72887 
305.35896 401.61859 479.13535 530.60208 558.993 
305.4708 402.31333 480.07572 531.44304 559.27129 
305.58559 403.06213 481.08278 532.34772 559.56228 
305.7022 403.86704 482.15716 533.31775 559.86422 
305.8194 404.73052 483.29955 534.35492 560.17493 
305.93579 405.65545 484.51058 535.46113 560.49181 
306.04984 406.64529 485.79091 536.63841 560.8117 
306.15991 407.70416 487.14116 537.8889 561.13072 
306.26425 408.83698 488.56191 539.21482 561.44421 
306.36105 410.04962 490.05373 540.61844 561.74655 
306.44847 411.349 491.61714 542.10199 562.03102 
306.5247 412.74316 493.25259 543.66765 562.28979 
306.58807 414.2411 494.96046 545.31742 562.51399 
306.63705 415.85247 496.74108 547.05305 562.69412 
306.67044 417.58665 498.59468 548.87596 562.82087 
306.68736 419.45147 500.52144 550.78716 562.88651 
309.29607 401.20376 475.84333 526.90824 558.19903 
309.30665 401.24884 475.90422 526.96002 558.21769 
309.32779 401.33908 476.02607 527.06366 558.25496 
309.35939 401.47458 476.20897 527.21931 558.31077 
309.40135 401.65559 476.45311 527.42723 558.385 
309.4535 401.88235 476.75868 527.68771 558.47749 
309.51565 402.15524 477.12596 528.00117 558.58803 
309.58753 402.47469 477.55527 528.36811 558.71636 
309.66882 402.84123 478.04698 528.78912 558.86214 
309.75915 403.25548 478.6015 529.26489 559.02495 
309.85807 403.7182 479.21931 529.79622 559.20432 
309.96504 404.23023 479.90087 530.38401 559.39964 
310.07941 404.79256 480.64673 531.02927 559.61017 
310.20047 405.40635 481.45745 531.73317 559.83505 
310.32736 406.07296 482.33362 532.497 560.07324 
310.45909 406.79394 483.27584 533.32219 560.32348 
310.59456 407.57111 484.28478 534.21035 560.58428 
310.73246 408.40659 485.36105 535.16322 560.85384 
310.87138 409.30284 486.5053 536.18274 561.13001 
311.00967 410.26274 487.71816 537.27099 561.41023 
311.14555 411.28963 489.00025 538.43023 561.69143 
311.27705 412.38743 490.35217 539.66287 561.96999 
311.40208 413.56072 491.77448 540.97142 562.2416 
311.51841 414.81476 493.26773 542.35851 562.50125 
311.62378 416.15555 494.83241 543.82678 562.74319 
311.71594 417.58975 496.46894 545.37882 562.96094 
311.79272 419.12454 498.17771 547.01703 563.1475 
311.85221 420.76717 499.95901 548.74359 563.29576 
311.89283 422.52439 501.81308 550.56024 563.39908 
311.91343 424.40151 503.74008 552.46824 563.45221 
314.10395 405.44035 478.96538 528.86611 559.44916 
314.11607 405.48691 479.02638 528.91671 559.46612 
314.14027 405.58012 479.14845 529.01798 559.5 
314.17646 405.72011 479.33167 529.17006 559.55071 
314.22453 405.9071 479.57624 529.37322 559.61815 
314.28431 406.14139 479.88233 529.62776 559.70212 
314.35557 406.42335 480.25025 529.93408 559.80242 
314.43805 406.75344 480.68029 530.29269 559.91875 
314.53141 407.13222 481.17281 530.70418 560.05078 
314.63524 407.56035 481.72823 531.16924 560.19807 
314.74905 408.03862 482.34701 531.68869 560.36012 
314.87226 408.56789 483.02962 532.26342 560.5363 
315.0042 409.14921 483.77658 532.8945 560.72587 
315.14406 409.78378 484.58846 533.5831 560.92793 
315.29091 410.47297 485.46583 534.33057 561.14144 
315.44366 411.21837 486.40929 535.1384 561.36513 
315.60108 412.02181 487.41946 536.00827 561.59753 
315.76173 412.88539 488.49698 536.94206 561.83686 
315.92397 413.81154 489.64246 537.94184 562.08106 
316.08596 414.80303 490.85652 539.00988 562.32767 
316.24563 415.86305 492.13978 540.14867 562.57383 
316.40067 416.99523 493.49279 541.36091 562.8162 
316.5486 418.20372 494.91614 542.64948 563.05094 
316.68674 419.49317 496.41033 544.01742 563.27368 
316.81233 420.86868 497.97583 545.46783 563.47955 
316.92254 422.33578 499.61309 547.00381 563.66327 
317.01467 423.90014 501.32244 548.62832 563.81933 
317.08626 425.56731 503.10419 550.34403 563.94233 
317.13523 427.34223 504.95856 552.15317 564.02747 
317.16012 429.22867 506.88572 554.05733 564.07105 
318.89972 409.63037 482.02645 530.7734 560.68232 
318.91341 409.67835 482.0875 530.82272 560.69762 
318.94075 409.77439 482.20967 530.92146 560.72819 
318.98166 409.91864 482.39306 531.06975 560.77394 
319.03601 410.11133 482.63784 531.26784 560.83474 
319.10363 410.35276 482.9442 531.51602 560.91042 
319.18429 410.64333 483.31243 531.81471 561.00076 
319.27771 410.98351 483.74283 532.1644 561.10545 
319.38353 411.37387 484.23576 532.56567 561.22416 
319.50134 411.81511 484.79163 533.01922 561.35645 
319.63062 412.30802 485.41089 533.52586 561.5018 
319.77077 412.85351 486.09402 534.0865 561.65958 
319.92107 413.45262 486.84154 534.70219 561.82907 
320.08066 414.10658 487.65399 535.37416 562.00937 
320.24855 414.81677 488.53196 536.10377 562.19945 
320.42357 415.58476 489.47603 536.89255 562.39808 
320.60438 416.41237 490.48682 537.74228 562.60384 
320.7894 417.30164 491.56496 538.65492 562.81503 
320.97682 418.25491 492.71105 539.63267 563.0297 
321.16458 419.27481 493.92571 540.67801 563.24557 
321.35032 420.3643 495.20954 541.79365 563.46001 
321.5314 421.52672 496.5631 542.98262 563.67005 
321.7049 422.76578 497.98696 544.24818 563.87229 
321.86764 424.0855 499.48161 545.59385 564.06299 
322.01624 425.49025 501.04753 547.0233 564.23808 
322.14723 426.98455 502.68514 548.54026 564.39326 
322.25718 428.57294 504.39478 550.14839 564.5242 
322.34292 430.25971 506.17676 551.85106 564.62679 
322.40175 432.04857 508.03128 553.65109 564.69743 
322.43168 433.94226 509.95851 555.55056 564.73347 
323.68179 413.7724 485.02646 532.63136 561.90017 
323.6971 413.82172 485.08752 532.67934 561.91386 
323.72767 413.92046 485.2097 532.77539 561.94121 
323.77342 414.06874 485.39308 532.91964 561.98211 
323.83424 414.26683 485.63786 533.11234 562.03646 
323.90992 414.51501 485.94423 533.35378 562.10408 
324.00026 414.8137 486.31246 533.64434 562.18474 
324.10497 415.16339 486.74286 533.98452 562.27815 
324.22368 415.56466 487.23579 534.37489 562.38396 
324.35598 416.01821 487.79165 534.81612 562.50176 
324.50134 416.52485 488.41091 535.30902 562.63103 
324.65914 417.08549 489.09404 535.8545 562.77117 
324.82864 417.70119 489.84156 536.45362 562.92145 
325.00895 418.37315 490.65401 537.10758 563.08102 
325.19905 419.10275 491.53198 537.81777 563.2489 
325.3977 419.89154 492.47606 538.58577 563.42392 
325.60346 420.74126 493.48685 539.41338 563.60471 
325.81466 421.6539 494.56499 540.30266 563.78972 
326.02934 422.63165 495.71108 541.25592 563.97714 
326.24521 423.67698 496.92574 542.27582 564.16489 
326.45967 424.79262 498.20956 543.36531 564.35062 
326.66971 425.98159 499.56313 544.52773 564.53169 
326.87196 427.24716 500.98698 545.76678 564.70518 
327.06267 428.59282 502.48164 547.08651 564.86792 
327.23777 430.02227 504.04756 548.49125 565.01651 
327.39296 431.53924 505.68517 549.98556 565.1475 
327.52391 433.14737 507.39481 551.57395 565.25745 
327.6265 434.85004 509.17679 553.26072 565.34318 
327.69715 436.65007 511.0313 555.04956 565.40201 
327.73319 438.54953 512.95853 556.94325 565.43194 
328.44857 417.86513 487.96545 534.44134 563.10435 
328.46553 417.91571 488.02645 534.48791 563.11646 
328.49942 418.01699 488.14852 534.58113 563.14066 
328.55014 418.16907 488.33175 534.72112 563.17686 
328.61758 418.37223 488.57632 534.90812 563.22493 
328.70157 418.62676 488.88243 535.14241 563.28471 
328.80187 418.93309 489.25035 535.42438 563.35598 
328.91822 419.29171 489.68038 535.75447 563.43845 
329.05026 419.70319 490.1729 536.13324 563.5318 
329.19756 420.16825 490.72832 536.56137 563.63562 
329.35963 420.68769 491.34709 537.03962 563.74942 
329.53582 421.26242 492.02969 537.56888 563.87262 
329.7254 421.89349 492.77666 538.1502 564.00454 
329.92748 422.5821 493.58854 538.78477 564.14439 
330.141 423.32956 494.46592 539.47397 564.29123 
330.36471 424.13739 495.40939 540.21938 564.44398 
330.59711 425.00727 496.41957 541.02283 564.60139 
330.83645 425.94105 497.49708 541.88641 564.76203 
331.08066 426.94082 498.64256 542.81256 564.92426 
331.32728 428.00885 499.85662 543.80404 565.08624 
331.57344 429.14764 501.13987 544.86405 565.24589 
331.81582 430.35987 502.49288 545.99623 565.40093 
332.05058 431.64845 503.91623 547.20472 565.54885 
332.27333 433.01638 505.41042 548.49416 565.687 
332.47921 434.46679 506.97593 549.86968 565.81258 
332.66294 436.00278 508.61318 551.33677 565.92279 
332.81901 437.62729 510.32254 552.90113 566.01492 
332.94202 439.34301 512.10428 554.5683 566.0865 
333.02716 441.15214 513.95864 556.34321 566.13548 
333.07074 443.05628 515.88579 558.22964 566.16036 
333.1984 421.90728 490.84346 536.20476 564.29641 
333.21705 421.95905 490.90435 536.24984 564.307 
333.25433 422.0627 491.02621 536.34008 564.32813 
333.31014 422.21835 491.20912 536.4756 564.35974 
333.38439 422.42627 491.45326 536.65661 564.40171 
333.4769 422.68675 491.75884 536.88338 564.45386 
333.58745 423.00021 492.12613 537.15628 564.51601 
333.71579 423.36715 492.55544 537.47572 564.58789 
333.86158 423.78816 493.04714 537.84225 564.66918 
334.02441 424.26392 493.60165 538.2565 564.7595 
334.20379 424.79524 494.21945 538.7192 564.8584 
334.39912 425.38302 494.90101 539.23122 564.96535 
334.60966 426.02828 495.64687 539.79354 565.07972 
334.83456 426.73219 496.4576 540.40735 565.20077 
335.07276 427.49602 497.33378 541.07397 565.32766 
335.32302 428.32121 498.27603 541.79496 565.45939 
335.58383 429.20937 499.28497 542.57214 565.59484 
335.8534 430.16223 500.36124 543.40761 565.73274 
336.12958 431.18174 501.50548 544.30386 565.87165 
336.4098 432.26998 502.71834 545.26374 566.00993 
336.69101 433.42921 504.00042 546.29062 566.1458 
336.96957 434.66184 505.35233 547.38842 566.27729 
337.2412 435.97039 506.77465 548.56171 566.40232 
337.50087 437.35749 508.26791 549.81575 566.51865 
337.74282 438.82576 509.83259 551.15654 566.62402 
337.96058 440.3778 511.46912 552.59074 566.71617 
338.14715 442.01601 513.17788 554.12552 566.79295 
338.29541 443.74256 514.95917 555.76814 566.85244 
338.39873 445.5592 516.81323 557.52534 566.89306 
338.45186 447.4672 518.74022 559.40246 566.91366 
337.92958 425.89766 493.66059 537.92311 565.4779 
337.94996 425.95054 493.72132 537.96664 565.48699 
337.99071 426.05641 493.84285 538.05376 565.50514 
338.05173 426.21539 494.02527 538.18459 565.53228 
338.13295 426.42774 494.26877 538.35934 565.56829 
338.23418 426.69376 494.57355 538.57823 565.61303 
338.35525 427.01387 494.93989 538.84161 565.66632 
338.49592 427.38854 495.3681 539.14989 565.72791 
338.65586 427.81838 495.85858 539.50355 565.79752 
338.83472 428.30406 496.41174 539.90318 565.8748 
339.03202 428.84635 497.02806 540.34948 565.95935 
339.2472 429.44615 497.70804 540.84324 566.05068 
339.47959 430.10445 498.45223 541.38542 566.14823 
339.72835 430.82236 499.26121 541.97711 566.25133 
339.99249 431.60112 500.13559 542.61958 566.35924 
340.27079 432.44208 501.07598 543.31434 566.47108 
340.5618 433.34676 502.08304 544.06314 566.58586 
340.86374 434.31679 503.15743 544.86805 566.70247 
341.17446 435.35394 504.29981 545.73151 566.81966 
341.49135 436.46014 505.51083 546.65643 566.93603 
341.81124 437.6374 506.79115 547.64626 567.05008 
342.13027 438.88789 508.1414 548.70513 567.16014 
342.44378 440.21381 509.56216 549.83795 567.26448 
342.74614 441.61743 511.05399 551.0506 567.36128 
343.03063 443.10099 512.61741 552.34998 567.44869 
343.28941 444.66665 514.25285 553.74412 567.52493 
343.51361 446.31641 515.96071 555.24205 567.58829 
343.69374 448.05203 517.74131 556.85341 567.63727 
343.82049 449.87494 519.5949 558.58758 567.67065 
343.88613 451.78614 521.52166 560.45239 567.68757 
342.64038 429.83517 496.41701 539.59793 566.65032 
342.66253 429.88909 496.47752 539.63984 566.65795 
342.70682 429.99701 496.59862 539.72373 566.67318 
342.77316 430.15908 496.78039 539.84969 566.69594 
342.86148 430.37554 497.02302 540.0179 566.72615 
342.97164 430.6467 497.32671 540.22859 566.76366 
343.10347 430.97295 497.69177 540.48205 566.80832 
343.25677 431.35479 498.11852 540.77867 566.85991 
343.43125 431.79278 498.60735 541.11887 566.91819 
343.62659 432.28759 499.15869 541.5032 566.98284 
343.84237 432.83998 499.77303 541.93229 567.05352 
344.0781 433.4508 500.45089 542.40686 567.12979 
344.33315 434.12102 501.19283 542.92779 567.21118 
344.60677 434.8517 501.99945 543.49608 567.29709 
344.89805 435.64401 502.87139 544.11292 567.38689 
345.20587 436.49925 503.80928 544.77969 567.47983 
345.52884 437.41882 504.81381 545.49804 567.57506 
345.8653 438.40423 505.88565 546.26994 567.67163 
346.21318 439.45712 507.0255 547.09772 567.76849 
346.56991 440.57923 508.23405 547.98423 567.86448 
346.93233 441.7724 509.51199 548.93288 567.95834 
347.29651 443.03852 510.85996 549.94789 568.04871 
347.65754 444.37956 512.27861 551.03438 568.13418 
348.00928 445.79745 513.76852 552.19871 568.21329 
348.34414 447.29412 515.3302 553.44866 568.28455 
348.65281 448.8714 516.96416 554.79372 568.34656 
348.92415 450.53095 518.6708 556.24517 568.398 
349.14545 452.27423 520.45047 557.81585 568.43769 
349.30339 454.1024 522.30343 559.51918 568.46471 
349.38605 456.01628 524.22987 561.36714 568.47839 
347.32905 433.71878 499.11293 541.23084 567.8151 
347.353 433.77365 499.17317 541.27108 567.8213 
347.40088 433.88348 499.29371 541.35162 567.83367 
347.47263 434.0484 499.47465 541.47252 567.85216 
347.56819 434.26866 499.71619 541.63397 567.87669 
347.68744 434.54455 500.01853 541.83615 567.90714 
347.83025 434.87647 500.38198 542.07934 567.94338 
347.99644 435.2649 500.80688 542.36384 567.98523 
348.18579 435.71038 501.29362 542.69007 568.03247 
348.39802 436.21356 501.84266 543.05847 568.08486 
348.6328 436.77519 502.4545 543.46961 568.14209 
348.88968 437.39608 503.12967 543.92413 568.2038 
349.16815 438.07715 503.86876 544.4228 568.26959 
349.46755 438.81942 504.6724 544.96651 568.33897 
349.78709 439.624 505.54124 545.55631 568.41141 
350.12579 440.49211 506.47596 546.19345 568.48629 
350.48242 441.42503 507.47726 546.87939 568.5629 
350.85547 442.4242 508.54587 547.61593 568.64049 
351.24305 443.49109 509.6825 548.40521 568.71819 
351.64279 444.62729 510.88791 549.24987 568.79506 
352.05169 445.83445 512.1628 550.15316 568.87009 
352.46592 447.11427 513.50789 551.11915 568.94219 
352.88058 448.46845 514.92383 552.15298 569.01026 
353.28931 449.8987 516.41126 553.26119 569.07313 
353.68386 451.40666 517.97074 554.45222 569.12967 
354.05355 452.99388 519.60279 555.73691 569.17878 
354.38474 454.66178 521.30788 557.12906 569.21945 
354.66054 456.41156 523.08636 558.64565 569.25079 
354.86156 458.24418 524.93851 560.30617 569.27211 
354.96863 460.16032 526.86454 562.12986 569.28289 
351.99379 437.54753 501.74863 542.82351 568.97368 
352.01956 437.60328 501.80853 542.86203 568.97848 
352.07108 437.71485 501.92839 542.9391 568.98804 
352.14831 437.88239 502.10833 543.05481 569.00233 
352.2512 438.10614 502.34854 543.20929 569.02129 
352.37968 438.38638 502.64924 543.40271 569.04482 
352.53364 438.7235 503.01075 543.63529 569.07282 
352.71296 439.11795 503.4334 543.9073 569.10514 
352.91746 439.57028 503.91761 544.21907 569.14162 
353.14694 440.08111 504.46386 544.571 569.18204 
353.40112 440.65115 505.07265 544.96355 569.22617 
353.67969 441.28118 505.74454 545.39726 569.27373 
353.98222 441.9721 506.48017 545.87278 569.3244 
354.3082 442.72485 507.28017 546.39086 569.37779 
354.65699 443.54048 508.14523 546.95238 569.43349 
355.02778 444.42014 509.07607 547.55839 569.491 
355.41958 445.36502 510.07342 548.21015 569.54978 
355.8311 446.37644 511.13806 548.90918 569.60924 
356.26077 447.45576 512.27076 549.65732 569.66872 
356.70652 448.60441 513.4723 550.45689 569.72748 
357.16572 449.82388 514.74345 551.31075 569.78475 
357.63493 451.11567 516.08497 552.22259 569.83972 
358.10957 452.4813 517.49757 553.19718 569.89152 
358.58352 453.92225 518.98194 554.24085 569.9393 
359.04843 455.43993 520.5387 555.36212 569.98221 
359.4928 457.03569 522.16842 556.57266 570.01943 
359.90071 458.71073 523.87157 557.88851 570.05022 
360.25043 460.46605 525.64857 559.33151 570.07392 
360.5137 462.30246 527.49973 560.92999 570.09003 
360.65829 464.22052 529.42525 562.71627 570.09818 
356.63277 441.32055 504.32444 544.37767 570.12747 
356.66037 441.3771 504.38394 544.41441 570.13087 
356.71557 441.49027 504.50301 544.48795 570.13768 
356.79833 441.6602 504.68177 544.59834 570.14784 
356.90864 441.88713 504.92041 544.74568 570.16132 
357.04645 442.17134 505.21918 544.93011 570.17804 
357.2117 442.51319 505.57838 545.15181 570.19794 
357.4043 442.91314 505.99838 545.411 570.2209 
357.62416 443.3717 506.47959 545.70792 570.2468 
357.87115 443.88947 507.02253 546.04291 570.2755 
358.14508 444.46713 507.62771 546.41632 570.30682 
358.44574 445.10544 508.29572 546.82859 570.34056 
358.77284 445.80523 509.02722 547.2802 570.37648 
359.12604 446.56741 509.82289 547.77176 570.41431 
359.50488 447.39296 510.68345 548.30395 570.45374 
359.90877 448.28295 511.60966 548.87759 570.49443 
360.33699 449.23849 512.60231 549.49365 570.53599 
360.7886 450.26079 513.6622 550.15331 570.57799 
361.2624 451.3511 514.79019 550.85803 570.61996 
361.7568 452.51073 515.98709 551.60962 570.66139 
362.26975 453.741 517.25375 552.41037 570.70173 
362.79849 455.04326 518.59098 553.26328 570.74039 
363.33925 456.41884 519.99957 554.17231 570.7768 
363.88678 457.86906 521.48026 555.14291 570.81034 
364.43356 459.39515 523.03373 556.18276 570.84043 
364.96852 460.99825 524.66061 557.30309 570.86651 
365.47489 462.6794 526.36143 558.5208 570.88806 
365.92675 464.43946 528.13665 559.86189 570.90465 
366.28455 466.2791 529.98659 561.36602 570.91591 
366.49255 468.19881 531.91151 563.08897 570.9216 
361.24414 445.03702 506.84074 545.89507 571.27784 
361.2736 445.09431 506.8998 545.93003 571.27987 
361.33249 445.20893 507.01796 545.99996 571.28394 
361.42082 445.38105 507.19536 546.10492 571.29002 
361.53858 445.61086 507.43219 546.24498 571.29809 
361.68578 445.89867 507.72871 546.42026 571.30809 
361.86239 446.24481 508.08523 546.63086 571.31999 
362.0684 446.64973 508.50214 546.87695 571.33371 
362.30375 447.11392 508.97989 547.15873 571.34919 
362.56841 447.63796 509.51897 547.47641 571.36634 
362.86231 448.22249 510.11995 547.83026 571.38505 
363.18534 448.86823 510.78344 548.22057 571.4052 
363.53738 449.57598 511.51013 548.6477 571.42664 
363.91825 450.3466 512.30075 549.11205 571.44921 
364.3277 451.18102 513.15604 549.61409 571.47273 
364.76543 452.0802 514.07683 550.15437 571.49699 
365.23102 453.04521 515.06395 550.73354 571.52176 
365.72392 454.07715 516.11828 551.35239 571.54677 
366.24341 455.17716 517.24071 552.01188 571.57175 
366.78854 456.34642 518.43215 552.71319 571.59639 
367.358 457.58615 519.6935 553.45785 571.62036 
367.95004 458.89754 521.02566 554.24786 571.64333 
368.56217 460.28178 522.42949 555.0859 571.66494 
369.19079 461.74003 523.90581 555.97574 571.68483 
369.83051 463.27336 525.45537 556.92294 571.70267 
370.47285 464.88278 527.07887 557.93614 571.71812 
371.10356 466.56918 528.77692 559.02972 571.73088 
371.69715 468.3333 530.55 560.22925 571.74069 
372.20521 470.1757 532.39849 561.58322 571.74735 
372.53483 472.09681 534.32268 563.18462 571.75072 
365.82603 448.69618 509.29798 547.3775 572.42617 
365.85736 448.75416 509.35655 547.41066 572.42685 
365.91995 448.8701 509.47367 547.47694 572.4282 
366.01385 449.04418 509.64951 547.5764 572.43023 
366.13909 449.2766 509.88427 547.70908 572.43291 
366.2957 449.56765 510.17823 547.87506 572.43624 
366.4837 449.91766 510.53171 548.07441 572.4402 
366.70314 450.32706 510.9451 548.30723 572.44476 
366.95405 450.79632 511.41887 548.57364 572.44991 
367.23646 451.32599 511.95355 548.87376 572.45562 
367.55042 451.91667 512.54971 549.20774 572.46184 
367.89595 452.56904 513.20799 549.57575 572.46854 
368.27308 453.28387 513.92913 549.97797 572.47567 
368.68186 454.06201 514.71392 550.41465 572.48317 
369.12226 454.9043 515.56315 550.88599 572.49099 
369.59423 455.81164 516.47768 551.39227 572.49905 
370.09773 456.78501 517.4584 551.93377 572.50728 
370.63264 457.82544 518.50627 552.51085 572.51558 
371.1988 458.93397 519.62225 553.12391 572.52387 
371.79593 460.11168 520.80732 553.77342 572.53205 
372.42369 461.35965 522.06247 554.46001 572.54001 
373.08151 462.67898 523.38869 555.18442 572.54762 
373.76859 464.07073 524.78694 555.94769 572.55479 
374.48369 465.53593 526.25813 556.75122 572.56138 
375.22486 467.07551 527.80309 557.59712 572.56729 
375.9888 468.69036 529.4226 558.48884 572.57241 
376.76935 470.38125 531.11736 559.43267 572.57663 
377.55308 472.14886 532.88793 560.44217 572.57988 
378.30433 473.99363 534.73472 561.55302 572.58209 
378.90671 475.91592 536.65803 562.88166 572.5832 
