-0.012016422 -0.020680769 -0.013810775 -0.025583547 0.010145082 
-0.012017469 -0.020687723 -0.013741319 -0.025399389 0.010159569 
-0.012019566 -0.020701642 -0.013602206 -0.025030182 0.010188233 
-0.012022715 -0.02072254 -0.013393252 -0.024474184 0.010230373 
-0.012026917 -0.02075044 -0.013114129 -0.023728664 0.010284878 
-0.012032176 -0.020785368 -0.012764427 -0.022790169 0.0103503 
-0.012038497 -0.020827363 -0.012343603 -0.021654239 0.010424734 
-0.012045885 -0.020876469 -0.011851005 -0.020315562 0.010505912 
-0.012054347 -0.020932738 -0.01128587 -0.018768007 0.01059113 
-0.012063889 -0.020996228 -0.010647315 -0.017004549 0.010677249 
-0.01207452 -0.021066998 -0.0099343545 -0.015017324 0.010760603 
-0.012086249 -0.021145117 -0.0091458837 -0.012797824 0.01083711 
-0.012099084 -0.021230656 -0.0082806757 -0.010336726 0.010902098 
-0.012113036 -0.021323686 -0.0073373708 -0.0076240647 0.010950354 
-0.012128115 -0.021424283 -0.0063144816 -0.0046494712 0.010976137 
-0.012144334 -0.021532517 -0.0052104035 -0.0014021011 0.010972993 
-0.012161704 -0.021648452 -0.0040233756 0.0021289879 0.010933851 
-0.012180237 -0.021772136 -0.0027515094 0.0059544614 0.010850947 
-0.012199945 -0.021903602 -0.0013927501 0.010084496 0.010715686 
-0.012220842 -0.022042849 5.5159973e-05 0.01452813 0.010518592 
-0.012242939 -0.022189827 0.0015946834 0.019292386 0.01024912 
-0.012266248 -0.022344409 0.0032285826 0.02438111 0.0098953674 
-0.01229078 -0.022506346 0.0049600517 0.029793169 0.0094435233 
-0.012316546 -0.022675201 0.0067929533 0.03551941 0.0088768095 
-0.012343552 -0.02285021 0.0087323188 0.041536912 0.008173472 
-0.012371805 -0.023029984 0.010785403 0.047797273 0.0073022422 
-0.012401302 -0.023211816 0.01296436 0.054198648 0.0062110239 
-0.012432028 -0.023389675 0.015293975 0.060505725 0.0047941312 
-0.012463931 -0.023547421 0.017838062 0.066078848 0.0027806527 
-0.012496823 -0.023632149 0.020802876 0.068811553 -0.00070449734 
-0.012099463 -0.018649594 -0.013307001 -0.022785684 0.0087483672 
-0.012100512 -0.018655145 -0.01323553 -0.02261297 0.0087657496 
-0.012102611 -0.018666251 -0.013092468 -0.022266826 0.0087999851 
-0.012105761 -0.018682926 -0.012877568 -0.021745994 0.008850116 
-0.012109966 -0.01870519 -0.0125904 -0.021048591 0.0089147348 
-0.012115229 -0.018733062 -0.012230489 -0.020172219 0.0089918302 
-0.012121553 -0.01876657 -0.011797175 -0.01911387 0.0090788645 
-0.012128945 -0.01880575 -0.01128964 -0.017870041 0.0091727666 
-0.01213741 -0.018850638 -0.01070697 -0.016436707 0.0092697356 
-0.012146955 -0.018901276 -0.010048085 -0.014809496 0.0093653434 
-0.012157588 -0.018957703 -0.0093117007 -0.012983718 0.0094544698 
-0.012169316 -0.01901996 -0.0084964329 -0.010954516 0.0095310871 
-0.012182149 -0.019088087 -0.0076006775 -0.0087170437 0.0095883315 
-0.012196096 -0.019162114 -0.0066226089 -0.0062666161 0.0096183595 
-0.012211168 -0.019242059 -0.0055602503 -0.0035990423 0.0096121399 
-0.012227374 -0.01932792 -0.0044113441 -0.00071097783 0.0095594592 
-0.012244727 -0.019419666 -0.0031733528 0.0023995911 0.0094487111 
-0.012263235 -0.019517221 -0.0018434656 0.0057326458 0.0092666383 
-0.012282912 -0.019620441 -0.00041846504 0.0092853162 0.0089981034 
-0.012303767 -0.019729093 0.0011053478 0.013050534 0.0086256888 
-0.01232581 -0.019842801 0.0027322663 0.017015133 0.0081290742 
-0.012349051 -0.019960979 0.0044674378 0.021157162 0.0074840783 
-0.012373498 -0.020082719 0.0063172477 0.025441486 0.0066611071 
-0.012399157 -0.020206613 0.0082899595 0.029812433 0.0056224623 
-0.012426028 -0.020330428 0.010396895 0.034181042 0.004317356 
-0.012454107 -0.020450508 0.012654726 0.038401152 0.0026723684 
-0.01248338 -0.020560561 0.015090075 0.042221502 0.00057210733 
-0.012513811 -0.02064915 0.017749217 0.045185455 -0.0021819045 
-0.012545326 -0.020694382 0.020718647 0.046419574 -0.0059583078 
-0.012577776 -0.020654073 0.024163242 0.044241666 -0.011457615 
-0.012181457 -0.016612874 -0.01287459 -0.020160616 0.0073344471 
-0.012182506 -0.016617011 -0.012801308 -0.019999924 0.0073550842 
-0.012184605 -0.016625294 -0.012654564 -0.019677997 0.0073958047 
-0.012187755 -0.016637731 -0.012434084 -0.019194161 0.0074554186 
-0.012191959 -0.016654334 -0.012139412 -0.0185473 0.0075321066 
-0.01219722 -0.016675119 -0.011769953 -0.017736088 0.0076234175 
-0.012203543 -0.016700108 -0.011324927 -0.016758874 0.0077261999 
-0.012210932 -0.016729323 -0.010803417 -0.015613872 0.0078365334 
-0.012219393 -0.016762789 -0.010204312 -0.014299177 0.0079496846 
-0.012228933 -0.016800533 -0.009526324 -0.012812919 0.0080600062 
-0.012239559 -0.016842576 -0.0087679418 -0.011153406 0.0081608725 
-0.012251279 -0.016888936 -0.00792746 -0.0093193797 0.0082445257 
-0.0122641 -0.016939622 -0.0070029339 -0.0073102081 0.0083019408 
-0.012278033 -0.016994626 -0.0059921331 -0.005126185 0.0083226835 
-0.012293086 -0.017053919 -0.0048925509 -0.0027689996 0.0082946933 
-0.012309269 -0.017117438 -0.003701333 -0.00024228577 0.0082041121 
-0.012326593 -0.017185071 -0.0024152304 0.0024477316 0.0080349763 
-0.012345066 -0.017256635 -0.0010305446 0.0052912569 0.0077688638 
-0.0123647 -0.017331847 0.00045701554 0.0082736261 0.0073845115 
-0.012385503 -0.017410282 0.0020524352 0.011373519 0.0068571406 
-0.012407484 -0.017491308 0.0037615966 0.014560432 0.0061575528 
-0.01243065 -0.017573988 0.0055916606 0.017790964 0.0052508803 
-0.012455006 -0.017656939 0.0075515561 0.021003185 0.0040945082 
-0.012480555 -0.017738103 0.0096527474 0.024107779 0.0026347141 
-0.012507295 -0.017814386 0.01191058 0.026973754 0.00080120477 
-0.012535216 -0.017881061 0.014346545 0.029404898 -0.001502137 
-0.0125643 -0.017930772 0.016992007 0.031100794 -0.0044129224 
-0.012594509 -0.017951984 0.019894166 0.031595012 -0.0081353966 
-0.012625785 -0.017926886 0.023124072 0.030172309 -0.012974197 
-0.01265804 -0.017830256 0.026781011 0.025823455 -0.019352668 
-0.012262402 -0.014572017 -0.012515473 -0.017696192 0.0058999052 
-0.01226345 -0.01457474 -0.012440511 -0.017547814 0.0059243886 
-0.012265547 -0.014580191 -0.012290381 -0.017250846 0.0059727801 
-0.012268694 -0.014588376 -0.012064784 -0.016805084 0.0060436472 
-0.012272894 -0.0145993 -0.0117632 -0.016210165 0.0061348666 
-0.01227815 -0.014612979 -0.011384948 -0.015465753 0.0062435537 
-0.012284466 -0.014629424 -0.010929157 -0.014571501 0.0063659723 
-0.012291847 -0.014648649 -0.010394775 -0.013527242 0.006497491 
-0.012300298 -0.014670669 -0.0097805337 -0.01233304 0.006632469 
-0.012309826 -0.014695497 -0.0090849472 -0.010989391 0.0067641526 
-0.012320438 -0.014723138 -0.0083062712 -0.0094974289 0.0068845657 
-0.01233214 -0.014753592 -0.0074425342 -0.0078592272 0.0069842942 
-0.012344941 -0.014786842 -0.0064914648 -0.0060780299 0.0070523141 
-0.012358849 -0.014822852 -0.0054504358 -0.0041587143 0.0070758287 
-0.012373874 -0.014861557 -0.004316477 -0.0021083333 0.00703995 
-0.012390024 -0.014902846 -0.0030861974 6.3262629e-05 0.0069274203 
-0.012407309 -0.014946546 -0.0017556888 0.0023425484 0.0067182969 
-0.012425737 -0.014992401 -0.00032046748 0.0047111745 0.0063894722 
-0.012445319 -0.015040031 0.0012246638 0.0071445043 0.0059141197 
-0.012466062 -0.015088883 0.0028857686 0.0096095468 0.0052609599 
-0.012487973 -0.015138163 0.0046700206 0.012062148 0.004393282 
-0.012511058 -0.01518673 0.0065860804 0.014443116 0.0032675678 
-0.012535321 -0.015232947 0.0086445891 0.016672602 0.0018314528 
-0.012560764 -0.015274475 0.010858889 0.018641868 2.073765e-05 
-0.012587381 -0.015307957 0.013246129 0.020201395 -0.0022450404 
-0.012615164 -0.015328581 0.015828868 0.021143941 -0.0050690799 
-0.012644094 -0.015329489 0.01863724 0.021181808 -0.0085861333 
-0.012674142 -0.015301131 0.021711359 0.0199215 -0.012972416 
-0.012705267 -0.015230924 0.025102469 0.016851167 -0.018450232 
-0.012737419 -0.015104379 0.028868517 0.011385942 -0.025268793 
-0.0123423 -0.012528443 -0.012231331 -0.01537994 0.0044408759 
-0.012343346 -0.012529749 -0.012154838 -0.015244027 0.0044699298 
-0.012345439 -0.012532361 -0.012001665 -0.014972298 0.0045273651 
-0.012348581 -0.012536282 -0.011771464 -0.014564979 0.0046115821 
-0.012352774 -0.012541518 -0.011463632 -0.014022374 0.0047202253 
-0.012358021 -0.012548076 -0.011077462 -0.013345099 0.0048499852 
-0.012364325 -0.012555962 -0.010611968 -0.012534005 0.00499667 
-0.012371692 -0.012565183 -0.010065983 -0.011590403 0.0051550107 
-0.012380127 -0.012575746 -0.0094380938 -0.010516173 0.0053185779 
-0.012389636 -0.012587651 -0.0087266364 -0.0093139888 0.0054796507 
-0.012400226 -0.012600893 -0.0079296642 -0.0079875299 0.0056290334 
-0.012411903 -0.012615455 -0.0070449588 -0.006541871 0.0057558461 
-0.012424675 -0.012631306 -0.006069947 -0.0049837638 0.0058473114 
-0.01243855 -0.012648388 -0.0050016642 -0.00332212 0.0058884883 
-0.012453537 -0.012666612 -0.003836737 -0.0015686731 0.0058619492 
-0.012469645 -0.012685841 -0.0025712851 0.00026133565 0.0057474452 
-0.012486881 -0.012705867 -0.0012008402 0.0021482213 0.0055214793 
-0.012505256 -0.012726394 0.00027972576 0.0040665963 0.005156781 
-0.012524777 -0.012746993 0.001876354 0.0059838541 0.0046217092 
-0.012545452 -0.012767058 0.0035959538 0.0078581295 0.0038794796 
-0.012567288 -0.012785734 0.0054466369 0.0096355939 0.002887226 
-0.012590288 -0.012801822 0.0074380618 0.0112469 0.0015947993 
-0.012614458 -0.012813647 0.0095818443 0.012602407 -5.6889733e-05 
-0.012639797 -0.012818895 0.011892097 0.013585832 -0.0021380689 
-0.012666302 -0.012814389 0.014386168 0.014046122 -0.00473291 
-0.012693964 -0.012795818 0.017085547 0.013787743 -0.0079428708 
-0.01272277 -0.012757477 0.020016727 0.012561052 -0.011889939 
-0.012752697 -0.01269213 0.023211561 0.010057997 -0.016717697 
-0.012783721 -0.012591304 0.026705934 0.0059248893 -0.022585314 
-0.012815812 -0.012446526 0.030534855 -0.00018722295 -0.029646102 
-0.012421152 -0.010483568 -0.012023652 -0.013199436 0.0029529079 
-0.012422195 -0.010483452 -0.01194584 -0.013075974 0.0029872879 
-0.012424284 -0.010483219 -0.011789986 -0.012829297 0.0030553237 
-0.012427418 -0.010482873 -0.011555717 -0.012460073 0.0031552845 
-0.0124316 -0.010482413 -0.01124241 -0.011969229 0.0032845757 
-0.012436833 -0.010481843 -0.01084928 -0.011358206 0.0034396113 
-0.012443122 -0.010481164 -0.01037526 -0.01062895 0.0036158163 
-0.01245047 -0.010480377 -0.00981908 -0.009784116 0.0038074115 
-0.012458883 -0.010479481 -0.0091792046 -0.008827179 0.0040073073 
-0.012468366 -0.010478471 -0.0084538202 -0.0077627425 0.0042069692 
-0.012478926 -0.010477329 -0.0076407908 -0.0065967537 0.0043962116 
-0.01249057 -0.010476032 -0.0067376895 -0.0053368901 0.0045629016 
-0.012503305 -0.010474539 -0.0057416943 -0.0039929187 0.0046927523 
-0.012517139 -0.010472781 -0.0046495421 -0.0025772207 0.0047690192 
-0.01253208 -0.010470662 -0.0034575183 -0.0011054592 0.0047720954 
-0.012548137 -0.010468035 -0.0021613446 0.00040268561 0.0046791429 
-0.012565317 -0.010464684 -0.00075609023 0.0019225563 0.0044636237 
-0.01258363 -0.01046031 0.00076388714 0.0034232825 0.0040947124 
-0.012603082 -0.010454487 0.0024050932 0.0048663377 0.0035366868 
-0.012623683 -0.010446621 0.0041750528 0.0062036744 0.0027482107 
-0.012645437 -0.010435893 0.0060825113 0.0073753506 0.0016815237 
-0.01266835 -0.010421173 0.0081377036 0.0083066273 0.00028149528 
-0.012692426 -0.010400922 0.010352647 0.0089044157 -0.0015155317 
-0.012717665 -0.010373072 0.012741487 0.0090530414 -0.0037830124 
-0.012744066 -0.010334887 0.015320899 0.008609622 -0.0066054498 
-0.012771622 -0.010282826 0.01811043 0.0073999173 -0.010079307 
-0.012800324 -0.010212472 0.021132573 0.0052166772 -0.014312787 
-0.012830158 -0.010118611 0.024412218 0.0018245232 -0.019422869 
-0.012861107 -0.0099956406 0.02797486 -0.0030223781 -0.025527014 
-0.012893157 -0.0098384675 0.031842909 -0.0095428951 -0.032726821 
-0.01249896 -0.0084388046 -0.011893791 -0.011142403 0.0014307167 
-0.0125 -0.0084372663 -0.011814846 -0.011031099 0.0014712699 
-0.012502082 -0.0084341882 -0.011656704 -0.010808881 0.0015516008 
-0.012505206 -0.0084295714 -0.011418986 -0.010476777 0.0016698676 
-0.012509375 -0.0084234127 -0.011101024 -0.010036262 0.0018233473 
-0.012514591 -0.0084157138 -0.010701971 -0.0094895359 0.0020082757 
-0.012520859 -0.0084064692 -0.010220705 -0.0088394822 0.0022197716 
-0.012528183 -0.0083956767 -0.0096558686 -0.0080899009 0.0024516861 
-0.012536568 -0.0083833298 -0.0090058181 -0.0072456715 0.0026964555 
-0.012546019 -0.0083694175 -0.0082686203 -0.0063130484 0.0029449264 
-0.012556543 -0.0083539175 -0.0074419908 -0.0052998848 0.0031861342 
-0.012568147 -0.0083368032 -0.0065233227 -0.0042160509 0.0034069827 
-0.012580837 -0.0083180314 -0.0055095914 -0.0030738208 0.0035919912 
-0.012594621 -0.0082975336 -0.0043972999 -0.0018884069 0.0037229552 
-0.012609508 -0.0082752161 -0.0031824549 -0.00067862816 0.0037785066 
-0.012625505 -0.0082509424 -0.0018604619 0.0005323493 0.0037336915 
-0.01264262 -0.008224516 -0.00042604122 0.0017160815 0.0035594557 
-0.012660863 -0.0081956659 0.0011268342 0.0028377057 0.0032220346 
-0.01268024 -0.0081640141 0.0028050819 0.0038546404 0.0026823535 
-0.01270076 -0.008129041 0.004616647 0.0047149781 0.0018953748 
-0.012722428 -0.0080900395 0.0065706549 0.0053555728 0.00080941683 
-0.01274525 -0.0080460506 0.008677604 0.0056998871 -0.00063452334 
-0.012769231 -0.007995792 0.010949554 0.0056556261 -0.0025034195 
-0.012794372 -0.0079375808 0.013400304 0.0051123329 -0.0048726827 
-0.012820674 -0.0078692556 0.016045517 0.0039394287 -0.0078262277 
-0.012848134 -0.0077881233 0.018902706 0.0019856106 -0.01145577 
-0.012876746 -0.0076909703 0.02199091 -0.0009188136 -0.015858718 
-0.012906503 -0.0075742026 0.025329863 -0.0049542324 -0.021133719 
-0.012937394 -0.0074341822 0.028938375 -0.010296031 -0.027372838 
-0.012969412 -0.0072678067 0.03283181 -0.017089487 -0.034649949 
-0.012575728 -0.0063955774 -0.011842863 -0.0091966759 -0.00013183968 
-0.012576764 -0.0063926176 -0.011762985 -0.0090970406 -8.423146e-05 
-0.012578838 -0.0063866937 -0.011602989 -0.0088983064 1.0161619e-05 
-0.012581949 -0.0063778067 -0.01136247 -0.0086017993 0.00014946542 
-0.012586102 -0.0063659506 -0.011040715 -0.0082094678 0.00033091518 
-0.012591298 -0.0063511239 -0.010636854 -0.0077241448 0.00055062262 
-0.012597541 -0.0063333182 -0.010149705 -0.00714949 0.00080355573 
-0.012604836 -0.0063125281 -0.0095778457 -0.006490271 0.0010833466 
-0.012613187 -0.0062887428 -0.0089195592 -0.0057525372 0.0013821416 
-0.0126226 -0.006261948 -0.0081728136 -0.0049438869 0.0016904008 
-0.012633081 -0.00623212 -0.0073352094 -0.0040737118 0.0019966462 
-0.012644637 -0.0061992333 -0.0064040081 -0.0031536457 0.0022871231 
-0.012657275 -0.0061632479 -0.0053760335 -0.0021979407 0.0025455091 
-0.012671001 -0.0061241039 -0.0042476075 -0.0012239901 0.0027525431 
-0.012685825 -0.0060817237 -0.0030145287 -0.00025300806 0.0028855506 
-0.012701754 -0.0060359964 -0.0016719762 0.00068926678 0.0029179656 
-0.012718797 -0.0059867649 -0.00021442343 0.0015717208 0.0028187761 
-0.012736962 -0.0059338153 0.0013644286 0.0023568356 0.0025519042 
-0.012756256 -0.0058768545 0.0030717748 0.0029995676 0.002075596 
-0.012776688 -0.0058154848 0.0049158152 0.0034460381 0.0013417985 
-0.012798264 -0.0057491709 0.0069058714 0.0036320698 0.00029559511 
-0.012820992 -0.0056771948 0.0090525177 0.0034817079 -0.0011252516 
-0.012844875 -0.0055986104 0.011367681 0.0029058515 -0.0029905723 
-0.012869919 -0.0055121981 0.013864681 0.0018012174 -0.0053776754 
-0.012896125 -0.0054164262 0.016558185 5.0129014e-05 -0.0083706069 
-0.012923494 -0.0053094364 0.019463983 -0.0024781219 -0.012058457 
-0.012952024 -0.0051890809 0.022598504 -0.0059233287 -0.016532282 
-0.012981712 -0.0050530447 0.02597795 -0.010426612 -0.021880202 
-0.013012554 -0.0048990781 0.029616974 -0.016118017 -0.028180447 
-0.013044546 -0.0047253379 0.033526946 -0.023099922 -0.035492789 
-0.01265146 -0.0043553114 -0.011871777 -0.0073504702 -0.001741835 
-0.012652491 -0.0043509298 -0.011791198 -0.0072618847 -0.0016862848 
-0.012654555 -0.0043421619 -0.011629793 -0.0070853498 -0.0015760022 
-0.012657652 -0.0043290076 -0.011387136 -0.0068224636 -0.0014128282 
-0.012661786 -0.0043114573 -0.011062503 -0.0064755552 -0.0011995232 
-0.012666957 -0.0042895083 -0.010654994 -0.0060479425 -0.00093998493 
-0.012673172 -0.0042631503 -0.010163386 -0.0055439119 -0.00063925354 
-0.012680432 -0.0042323737 -0.0095862232 -0.0049690179 -0.00030374255 
-0.012688744 -0.0041971648 -0.0089217328 -0.0043302169 5.8618248e-05 
-0.012698113 -0.004157509 -0.0081678154 -0.0036361411 0.00043815056 
-0.012708545 -0.0041133828 -0.0073219979 -0.0028973588 0.00082315605 
-0.012720046 -0.0040647641 -0.0063814563 -0.0021268197 0.0011995582 
-0.012732623 -0.0040116219 -0.0053429084 -0.0013402254 0.0015505904 
-0.012746285 -0.0039539115 -0.0042025545 -0.00055654072 0.0018563829 
-0.012761038 -0.0038915796 -0.0029560609 0.00020135756 0.0020934427 
-0.012776891 -0.0038245526 -0.0015984627 0.00090602538 0.0022341334 
-0.012793853 -0.0037527282 -0.00012407727 0.0015246858 0.0022460793 
-0.012811931 -0.0036759713 0.0014735611 0.0020183276 0.002091508 
-0.012831135 -0.0035941003 0.003201806 0.0023407553 0.0017266061 
-0.012851472 -0.0035068729 0.0050689899 0.0024375407 0.0011008922 
-0.01287295 -0.0034139654 0.0070845144 0.002244951 0.00015669412 
-0.012895577 -0.0033149467 0.0092589347 0.001689011 -0.001171203 
-0.01291936 -0.0032092543 0.011603995 0.00068484827 -0.0029556148 
-0.012944304 -0.0030961717 0.014132585 -0.00086344705 -0.0052764989 
-0.012970414 -0.0029748111 0.016858583 -0.0030620071 -0.00821974 
-0.012997694 -0.0028441111 0.019796552 -0.0060248931 -0.011874882 
-0.013026145 -0.0027028681 0.02296118 -0.0098697443 -0.016331514 
-0.013055769 -0.0025498136 0.026366469 -0.01471083 -0.021674152 
-0.013086565 -0.0023837438 0.030024631 -0.020649456 -0.027975757 
-0.013118533 -0.0022036952 0.033944841 -0.027762609 -0.035290594 
-0.01272616 -0.0023194262 -0.011981257 -0.0055927053 -0.0034072535 
-0.012727186 -0.0023136244 -0.011900206 -0.0055144097 -0.0033428726 
-0.012729239 -0.0023020153 -0.011737844 -0.0053585616 -0.0032148603 
-0.01273232 -0.0022845977 -0.01149374 -0.005126957 -0.0030249883 
-0.012736431 -0.0022613597 -0.011167166 -0.0048221907 -0.0027759453 
-0.012741575 -0.0022322982 -0.0107572 -0.004447951 -0.0024715046 
-0.012747756 -0.0021973983 -0.010262611 -0.0040090097 -0.0021165762 
-0.012754977 -0.0021566477 -0.009681917 -0.0035114959 -0.0017174164 
-0.012763245 -0.0021100318 -0.0090133162 -0.0029630121 -0.0012818108 
-0.012772563 -0.0020575357 -0.0082546834 -0.0023729207 -0.00081931464 
-0.012782939 -0.0019991367 -0.0074035083 -0.0017526033 -0.00034152208 
-0.012794378 -0.0019348187 -0.0064569186 -0.0011158964 0.00013755198 
-0.012806888 -0.0018645622 -0.0054115796 -0.00047944522 0.00060112224 
-0.012820476 -0.0017883416 -0.0042636375 0.00013680532 0.0010291839 
-0.012835151 -0.0017061325 -0.0030086957 0.00070900688 0.0013979606 
-0.012850919 -0.0016179052 -0.0016417229 0.0012088052 0.0016793345 
-0.012867791 -0.0015236221 -0.00015696817 0.0016026535 0.0018401941 
-0.012885775 -0.0014232394 0.0014521054 0.0018510222 0.0018417226 
-0.01290488 -0.0013167024 0.0031929134 0.0019075951 0.0016386778 
-0.012925114 -0.0012039434 0.005073829 0.0017184345 0.001178694 
-0.012946487 -0.0010848733 0.0071042622 0.0012211992 0.00040170809 
-0.012969007 -0.00095937281 0.0092947176 0.00034456506 -0.00076042244 
-0.012992683 -0.00082728812 0.011656792 -0.00099198871 -0.0023839614 
-0.013017523 -0.00068842357 0.014203087 -0.0028778128 -0.0045527434 
-0.013043534 -0.00054253454 0.016947018 -0.0054097742 -0.0073567669 
-0.013070722 -0.00038932603 0.019902465 -0.0086896449 -0.010889632 
-0.013099093 -0.0002284631 0.023083202 -0.012819862 -0.015244567 
-0.013128653 -5.9594062e-05 0.026502114 -0.017897442 -0.020508951 
-0.013159404 0.00011761447 0.030170237 -0.024006285 -0.026757636 
-0.013191348 0.0003034278 0.034095728 -0.031208773 -0.034045853 
-0.012799835 -0.00028934011 -0.012171794 -0.0039130962 -0.0051369367 
-0.012800854 -0.00028212099 -0.012090491 -0.0038442405 -0.0050628456 
-0.012802895 -0.00026767499 -0.011927629 -0.003707386 -0.0049153147 
-0.012805957 -0.00024600093 -0.011682784 -0.0035044237 -0.0046960262 
-0.012810043 -0.00021708518 -0.011355219 -0.003238135 -0.0044074799 
-0.012815156 -0.00018092208 -0.010944013 -0.0029124719 -0.0040532053 
-0.012821299 -0.00013749263 -0.010447939 -0.0025325306 -0.003637818 
-0.012828477 -8.6783024e-05 -0.0098655094 -0.0021047935 -0.0031672297 
-0.012836694 -2.8776606e-05 -0.0091949297 -0.0016372639 -0.0026488468 
-0.012845956 3.6542079e-05 -0.0084340765 -0.0011397419 -0.002091803 
-0.012856269 0.00010919396 -0.0075804377 -0.00062406865 -0.0015072432 
-0.012867639 0.00018918912 -0.0066311392 -0.00010455121 -0.00090872463 
-0.012880074 0.00027653566 -0.0055828491 0.00040170103 -0.00031259498 
-0.012893581 0.00037123954 -0.0044317215 0.00087432065 0.0002615243 
-0.012908169 0.0004732954 -0.0031733659 0.0012891277 0.00079015682 
-0.012923845 0.00058268727 -0.0018027606 0.0016175717 0.0012453498 
-0.012940618 0.0006993855 -0.00031416987 0.001826112 0.0015939512 
-0.012958499 0.00082333953 0.0012989254 0.0018755224 0.0017968123 
-0.012977495 0.00095447266 0.0030439162 0.0017201952 0.0018079519 
-0.012997618 0.001092673 0.0049291446 0.0013074449 0.0015737212 
-0.013018877 0.0012377883 0.0069639817 0.00057689591 0.0010320663 
-0.013041282 0.0013896172 0.0091588793 -0.00053990567 0.00011194942 
-0.013064843 0.0015478974 0.011525363 -0.0021195066 -0.0012668939 
-0.013089571 0.0017122991 0.014075946 -0.004245996 -0.0031935821 
-0.013115475 0.0018824234 0.01682394 -0.007009576 -0.0057647885 
-0.013142567 0.0020578073 0.019783099 -0.010503986 -0.0090821423 
-0.013170854 0.002237938 0.022967055 -0.014822552 -0.013247975 
-0.013200346 0.0024222873 0.026388547 -0.02005272 -0.01835922 
-0.013231049 0.0026103671 0.030058477 -0.026269382 -0.024499732 
-0.013262969 0.0028017952 0.033984899 -0.033527777 -0.03173187 
-0.01287249 0.0017335267 -0.012443611 -0.0023021913 -0.0069405317 
-0.012873503 0.0017421608 -0.012362288 -0.0022419013 -0.0068559077 
-0.012875529 0.0017594369 -0.01219939 -0.0021221966 -0.0066872195 
-0.01287857 0.0017853575 -0.011954505 -0.0019450418 -0.0064359804 
-0.012882629 0.0018199394 -0.011626898 -0.001713335 -0.0061044013 
-0.012887707 0.0018631913 -0.01121567 -0.0014311665 -0.0056956567 
-0.012893809 0.0019151347 -0.010719603 -0.0011037738 -0.0052138998 
-0.012900938 0.0019757867 -0.010137239 -0.00073780228 -0.004664505 
-0.012909099 0.0020451675 -0.0094668113 -0.00034141685 -0.0040542394 
-0.012918299 0.0021232933 -0.0087062261 7.5431947e-05 -0.0033915087 
-0.012928542 0.0022101841 -0.0078530123 0.00050077408 -0.0026866534 
-0.012939837 0.0023058457 -0.0069043415 0.00092021841 -0.001952356 
-0.012952189 0.0024102774 -0.0058569373 0.0013166443 -0.001204039 
-0.012965607 0.0025234684 -0.00470702 0.0016697828 -0.00046037801 
-0.012980098 0.0026453862 -0.0034502748 0.0019557032 0.00025608864 
-0.012995673 0.0027759732 -0.0020817658 0.002146302 0.00091828677 
-0.013012339 0.0029151375 -0.00059585676 0.002208737 0.001493798 
-0.013030106 0.0030627402 0.0010138677 0.002104799 0.0019439634 
-0.013048985 0.0032185804 0.0027546929 0.0017902749 0.002222897 
-0.013068987 0.0033823747 0.0046348584 0.0012143202 0.002276438 
-0.013090121 0.0035537377 0.0066636499 0.00031890947 0.00204113 
-0.0131124 0.0037321565 0.0088514665 -0.00096151965 0.0014432721 
-0.013135837 0.0039169607 0.011209845 -0.0027000975 0.00039823097 
-0.013160442 0.0041072988 0.013751409 -0.0049770612 -0.0011896893 
-0.013186231 0.0043021237 0.01648972 -0.0078785143 -0.0034264348 
-0.013213216 0.004500196 0.019438959 -0.01149414 -0.0064259208 
-0.01324141 0.0047001205 0.022613386 -0.015913612 -0.01030568 
-0.013270827 0.0049004367 0.026026548 -0.021221481 -0.015179906 
-0.013301478 0.0050997693 0.029690238 -0.027490717 -0.021149855 
-0.01333337 0.0052970246 0.033613304 -0.034775575 -0.028292471 
-0.012944133 0.0037477613 -0.012796743 -0.00075149737 -0.0088285313 
-0.012945138 0.0037578052 -0.012715624 -0.00069883149 -0.0087326544 
-0.012947149 0.0037779033 -0.012553151 -0.00059437006 -0.0085413642 
-0.012950167 0.0038080592 -0.012308914 -0.00044011717 -0.0082559067 
-0.012954195 0.0038482934 -0.011982203 -0.00023898908 -0.007878139 
-0.012959235 0.003898617 -0.011572146 4.920106e-06 -0.0074107511 
-0.012965291 0.0039590559 -0.01107756 0.00028638052 -0.0068572786 
-0.012972367 0.0040296318 -0.010497036 0.00059876717 -0.0062223431 
-0.012980467 0.004110369 -0.0098288509 0.00093398456 -0.0055118103 
-0.012989598 0.0042012871 -0.0090709786 0.0012821966 -0.0047330521 
-0.012999765 0.0043024068 -0.0082210302 0.0016316077 -0.0038952413 
-0.013010976 0.0044137337 -0.0072762684 0.0019681069 -0.0030097517 
-0.013023238 0.0045352627 -0.0062335214 0.0022749859 -0.0020905668 
-0.013036558 0.0046669718 -0.0050891353 0.0025325518 -0.0011548172 
-0.013050946 0.0048088084 -0.003838941 0.0027176559 -0.00022341355 
-0.013066409 0.004960683 -0.0024781653 0.0028032314 0.00067823392 
-0.013082958 0.0051224532 -0.0010013543 0.0027577622 0.001519327 
-0.013100602 0.0052939066 0.0005977148 0.0025446936 0.0022626775 
-0.013119353 0.005474737 0.0023261302 0.0021218228 0.0028635403 
-0.013139222 0.005664511 0.0041919449 0.0014406814 0.0032682921 
-0.013160221 0.0058626354 0.0062042935 0.00044595343 0.0034130242 
-0.013182362 0.0060683135 0.0083734992 -0.00092498808 0.0032220523 
-0.013205661 0.0062804924 0.010711153 -0.0027423244 0.0026065097 
-0.013230132 0.0064978146 0.013230143 -0.0050836706 0.0014633145 
-0.013255791 0.0067185801 0.015944592 -0.0080333133 -0.00032503355 
-0.013282656 0.0069407338 0.018869645 -0.011680492 -0.0028890994 
-0.013310745 0.0071619096 0.022020988 -0.016116322 -0.0063685726 
-0.013340076 0.0073795675 0.02541403 -0.021428914 -0.010904513 
-0.013370665 0.0075912484 0.029062646 -0.027696457 -0.016626919 
-0.013402525 0.0077949466 0.032977596 -0.034978668 -0.023638112 
-0.013014771 0.0057519546 -0.013230994 0.00074658817 -0.01081218 
-0.013015768 0.0057634025 -0.0131503 0.00079259167 -0.010704467 
-0.013017762 0.0057863132 -0.012988692 0.00088370287 -0.010489352 
-0.013020755 0.0058206907 -0.01274577 0.0010179627 -0.010167779 
-0.013024749 0.0058665594 -0.012420866 0.0011925318 -0.0097411721 
-0.013029748 0.0059239332 -0.01201314 0.0014034244 -0.0092116017 
-0.013035753 0.0059928454 -0.011521465 0.0016455429 -0.0085818221 
-0.01304277 0.0060733224 -0.01094449 0.0019124714 -0.007855489 
-0.013050804 0.006165394 -0.010280573 0.0021963867 -0.0070373242 
-0.01305986 0.0062690871 -0.009527782 0.0024878076 -0.006133361 
-0.013069945 0.0063844269 -0.0086838498 0.0027753986 -0.0051512371 
-0.013081066 0.0065114231 -0.0077461709 0.003045668 -0.0041005749 
-0.013093229 0.0066500727 -0.0067117281 0.0032827067 -0.0029933906 
-0.013106443 0.0068003508 -0.0055770536 0.0034678329 -0.0018446442 
-0.013120717 0.0069621957 -0.0043381904 0.0035791736 -0.00067288168 
-0.01313606 0.0071355002 -0.0029906045 0.0035912392 0.00049901759 
-0.013152482 0.0073200898 -0.0015291123 0.0034744187 0.0016428873 
-0.013169992 0.0075157021 5.2216689e-05 0.0031944183 0.0027241728 
-0.013188604 0.0077219547 0.0017601663 0.0027116594 0.0037005781 
-0.013208328 0.0079383015 0.0036024941 0.0019806296 0.0045204489 
-0.013229178 0.0081639858 0.0055880812 0.00094919358 0.0051209115 
-0.013251168 0.0083979764 0.0077270925 -0.00044208897 0.0054256972 
-0.013274313 0.0086388869 0.01003114 -0.0022605843 0.0053427413 
-0.013298633 0.0088848929 0.01251343 -0.004582043 0.0047617817 
-0.013324145 0.009133652 0.015188871 -0.0074906435 0.0035524053 
-0.013350872 0.0093822499 0.018074045 -0.011078256 0.0015634424 
-0.013378837 0.0096272158 0.021186899 -0.015442326 -0.0013746987 
-0.013408066 0.009864675 0.024545944 -0.020681443 -0.0054423527 
-0.01343858 0.010090715 0.028168754 -0.026887555 -0.010814861 
-0.013470402 0.010302005 0.032069654 -0.034134403 -0.017637458 
-0.013084413 0.0077447016 -0.013745929 0.0021987709 -0.012903324 
-0.0130854 0.0077575491 -0.013665879 0.0022390207 -0.012783332 
-0.013087376 0.0077832603 -0.013505551 0.0023186316 -0.012543467 
-0.013090342 0.0078218419 -0.013264589 0.002435756 -0.012184355 
-0.0130943 0.0078733219 -0.012942358 0.0025877059 -0.011706877 
-0.013099253 0.00793772 -0.012538072 0.0027706815 -0.011112367 
-0.013105204 0.0080150766 -0.012050667 0.0029798615 -0.010402633 
-0.013112158 0.008105425 -0.01147887 0.0032092036 -0.0095801799 
-0.01312012 0.0082088031 -0.010821151 0.0034513247 -0.0086483506 
-0.013129095 0.0083252485 -0.010075699 0.0036973185 -0.0076115408 
-0.01313909 0.0084547958 -0.0092403991 0.0039365762 -0.0064754922 
-0.013150112 0.0085974639 -0.0083128193 0.0041565294 -0.0052476402 
-0.013162169 0.0087532607 -0.0072901447 0.004342417 -0.0039375041 
-0.013175269 0.0089221681 -0.0061691502 0.0044769666 -0.0025572353 
-0.01318942 0.0091041292 -0.0049461556 0.0045400329 -0.0011222419 
-0.013204633 0.0092990368 -0.0036169453 0.0045082005 0.00034806263 
-0.013220916 0.0095067086 -0.0021767005 0.004354314 0.0018292665 
-0.013238282 0.0097268632 -0.00061989272 0.0040469482 0.0032907908 
-0.013256742 0.0099590824 0.0010598327 0.003549806 0.0046943886 
-0.013276308 0.010202759 0.0028697951 0.0028210177 0.0059922607 
-0.013296995 0.010457038 0.0048184626 0.0018123113 0.0071247388 
-0.013318817 0.010720728 0.0069156731 0.0004680512 0.0080173573 
-0.013341793 0.010992193 0.0091729011 -0.0012758725 0.008577255 
-0.013365941 0.011269223 0.011603573 -0.0034932906 0.0086889438 
-0.013391285 0.011548888 0.014223419 -0.0062689851 0.0082096949 
-0.01341785 0.0118274 0.017050772 -0.0096995757 0.0069653927 
-0.013445667 0.01210003 0.020106625 -0.013893289 0.00474889 
-0.013474769 0.012361206 0.023414101 -0.018966988 0.0013248627 
-0.01350519 0.012604939 0.026996805 -0.025037909 -0.0035524875 
-0.013536961 0.012825793 0.03087543 -0.032207387 -0.010102024 
-0.013153067 0.0097246079 -0.014340923 0.0036107719 -0.01511427 
-0.013154044 0.009738848 -0.014261706 0.0036461321 -0.01498171 
-0.013156001 0.0097673447 -0.014103065 0.0037160197 -0.014716552 
-0.013158937 0.0098101075 -0.013864673 0.0038187426 -0.01431902 
-0.013162856 0.0098671702 -0.013545931 0.0039518164 -0.013789364 
-0.013167759 0.0099385604 -0.013146119 0.0041117258 -0.013128077 
-0.013173652 0.010024324 -0.012664254 0.0042940427 -0.01233589 
-0.013180537 0.010124505 -0.012099166 0.0044932181 -0.011413979 
-0.013188421 0.010239152 -0.011449453 0.0047024629 -0.01036408 
-0.013197309 0.010368318 -0.01071345 0.0049136458 -0.0091886754 
-0.013207208 0.01051205 -0.0098892216 0.005117122 -0.0078912715 
-0.013218125 0.010670385 -0.0089745486 0.0053015143 -0.0064767033 
-0.013230067 0.010843348 -0.0079668633 0.0054535199 -0.0049514814 
-0.013243043 0.01103094 -0.0068632352 0.0055576352 -0.003324316 
-0.013257062 0.011233125 -0.0056603253 0.0055958443 -0.001606693 
-0.013272134 0.011449816 -0.0043543175 0.0055472631 0.00018640511 
-0.013288269 0.01168085 -0.0029408519 0.0053877231 0.002035517 
-0.013305478 0.011925965 -0.0014149173 0.0050892815 0.0039155309 
-0.013323773 0.012184756 0.00022926804 0.0046196316 0.0057941192 
-0.013343168 0.012456621 0.0019984046 0.0039413668 0.0076296796 
-0.013363676 0.012740688 0.0039003223 0.0030110326 0.0093686658 
-0.013385314 0.013035714 0.0059442571 0.0017779025 0.010941991 
-0.0134081 0.013339942 0.0081412274 0.00018236159 0.012260227 
-0.013432054 0.013650924 0.01050454 -0.0018462494 0.013207278 
-0.013457203 0.013965282 0.013050457 -0.0043924093 0.013632246 
-0.013483577 0.014278434 0.015799003 -0.0075577396 0.013339718 
-0.013511212 0.014584304 0.018774732 -0.011464235 0.01208015 
-0.013540153 0.014875185 0.022007042 -0.016255285 0.0095455377 
-0.01357045 0.01514205 0.025528966 -0.022089677 0.0053822197 
-0.013602152 0.015375876 0.029372644 -0.029120239 -0.0007587858 
-0.013220743 0.011690283 -0.015015133 0.0049874234 -0.017457582 
-0.01322171 0.011705907 -0.014936932 0.0050187081 -0.017312389 
-0.013223646 0.01173717 -0.014780356 0.0050805373 -0.017021805 
-0.01322655 0.011784086 -0.014545084 0.0051714061 -0.016585567 
-0.013230426 0.011846697 -0.014230587 0.00528907 -0.016003256 
-0.013235277 0.011925037 -0.013836201 0.005430405 -0.01527442 
-0.013241107 0.01201916 -0.013361053 0.005591446 -0.014398607 
-0.013247919 0.012129124 -0.012804086 0.0057672319 -0.0133755 
-0.013255719 0.012254991 -0.012164038 0.0059517195 -0.012205024 
-0.013264513 0.012396831 -0.01143941 0.0061377255 -0.01088751 
-0.013274309 0.01255471 -0.010628478 0.0063167659 -0.0094239257 
-0.013285112 0.012728687 -0.0097292657 0.0064788876 -0.0078161233 
-0.013296931 0.012918816 -0.0087394943 0.0066125114 -0.0060671307 
-0.013309774 0.013125128 -0.0076565751 0.0067042084 -0.0041816173 
-0.013323652 0.013347622 -0.0064775714 0.0067384408 -0.0021663972 
-0.013338572 0.013586255 -0.0051991396 0.0066972681 -3.1076082e-05 
-0.013354547 0.013840914 -0.0038174692 0.0065600054 0.0022110441 
-0.013371588 0.014111395 -0.0023281843 0.0063027917 0.0045418821 
-0.013389706 0.014397361 -0.00072623364 0.0058980486 0.0069370698 
-0.013408914 0.014698288 0.00099425466 0.0053137706 0.0093638895 
-0.013429228 0.01501339 0.0028401901 0.0045125417 0.011778492 
-0.013450663 0.015341507 0.004819828 0.0034501634 0.01412195 
-0.013473238 0.015680945 0.0069432243 0.0020736673 0.016314604 
-0.013496974 0.016029253 0.0092229057 0.00031834733 0.018247892 
-0.013521897 0.016382889 0.011674875 -0.0018966399 0.019772469 
-0.013548041 0.016736755 0.014320061 -0.0046747032 0.020681231 
-0.013575451 0.017083574 0.017186273 -0.0081505884 0.020686573 
-0.013604182 0.017413187 0.020310386 -0.012500214 0.019395025 
-0.013634306 0.01771221 0.023739391 -0.017945266 0.016294742 
-0.013665906 0.017965224 0.027526353 -0.02473405 0.010800789 
-0.013287453 0.013640339 -0.015767523 0.0063327856 -0.019945923 
-0.013288409 0.013657337 -0.015690511 0.0063607416 -0.019788274 
-0.013290321 0.013691343 -0.015536328 0.006416031 -0.019472569 
-0.013293191 0.013742382 -0.015304678 0.0064973454 -0.018998019 
-0.013297022 0.013810497 -0.014995107 0.00660273 -0.018363499 
-0.013301817 0.013895736 -0.014607019 0.0067295043 -0.017567538 
-0.013307579 0.013998162 -0.014139652 0.0068742241 -0.016608401 
-0.013314312 0.014117845 -0.013592074 0.0070326108 -0.015484147 
-0.013322023 0.014254865 -0.012963173 0.0071994989 -0.014192738 
-0.013330717 0.014409312 -0.012251642 0.0073687901 -0.01273215 
-0.013340401 0.014581276 -0.011455987 0.0075333192 -0.011100553 
-0.013351083 0.014770845 -0.010574501 0.007684742 -0.0092964848 
-0.01336277 0.014978107 -0.0096052288 0.0078134128 -0.0073190769 
-0.013375472 0.015203137 -0.0085459615 0.0079082241 -0.0051684292 
-0.013389197 0.015445985 -0.007394216 0.0079564059 -0.0028460186 
-0.013403957 0.015706669 -0.0061471839 0.0079433124 -0.00035520934 
-0.013419761 0.015985156 -0.0048016859 0.007852175 0.0022979914 
-0.01343662 0.016281339 -0.003354094 0.0076637596 0.0051040393 
-0.013454548 0.016595005 -0.0018002431 0.0073559313 0.0080485526 
-0.013473556 0.016925783 -0.00013530668 0.0069030615 0.011110491 
-0.013493659 0.017273083 0.0016463934 0.0062751437 0.014259642 
-0.013514873 0.017635984 0.0035516766 0.0054364983 0.017452881 
-0.013537215 0.018013085 0.0055889638 0.0043437599 0.020628496 
-0.013560705 0.018402259 0.0077690049 0.0029425845 0.023697354 
-0.01358537 0.01880027 0.010106096 0.0011621971 0.026528629 
-0.013611242 0.01920213 0.012620118 -0.0010938433 0.02892627 
-0.013638368 0.019600053 0.015339934 -0.0039632059 0.030589977 
-0.013666816 0.019981785 0.018308842 -0.0076497535 0.031053335 
-0.013696688 0.020328388 0.021591881 -0.012457149 0.029601041 
-0.013728121 0.02061303 0.025279845 -0.018807056 0.025223714 
-0.013353206 0.015573399 -0.016596919 0.0076501913 -0.022591843 
-0.01335415 0.015591764 -0.016521216 0.0076755047 -0.022422117 
-0.013356038 0.015628485 -0.016369722 0.0077255697 -0.022082064 
-0.013358873 0.015683608 -0.016142147 0.007799336 -0.021570345 
-0.013362655 0.015757178 -0.01583811 0.0078951583 -0.02088507 
-0.013367389 0.015849254 -0.015457093 0.0080108185 -0.020023713 
-0.013373079 0.015959911 -0.014998443 0.0081434507 -0.018983165 
-0.013379729 0.016089233 -0.014461359 0.008289554 -0.017759785 
-0.013387344 0.016237321 -0.013844898 0.0084449271 -0.016349451 
-0.013395931 0.016404285 -0.01314796 0.0086046555 -0.014747643 
-0.013405497 0.016590243 -0.012369293 0.0087630117 -0.012949527 
-0.013416049 0.016795316 -0.011507482 0.0089133821 -0.010950064 
-0.013427595 0.017019637 -0.010560915 0.0090482056 -0.0087441533 
-0.013440146 0.017263332 -0.00952779 0.0091588861 -0.0063269111 
-0.01345371 0.017526514 -0.0084061156 0.0092356422 -0.0036939514 
-0.013468297 0.017809281 -0.0071936719 0.0092673797 -0.00084168086 
-0.013483918 0.018111702 -0.005887975 0.0092415825 0.0022321439 
-0.013500585 0.018433803 -0.0044862323 0.0091440938 0.0055277969 
-0.013518309 0.018775539 -0.0029852993 0.0089588181 0.0090426659 
-0.013537103 0.019136762 -0.0013815905 0.0086673593 0.012769936 
-0.01355698 0.019517179 0.00032905335 0.0082484197 0.016696775 
-0.013577955 0.019916267 0.0021515629 0.0076768728 0.020801504 
-0.013600044 0.020333156 0.004091992 0.0069222453 0.025049203 
-0.013623263 0.020766435 0.0061580977 0.0059460004 0.029384443 
-0.013647635 0.021213807 0.0083604267 0.0046966451 0.033718484 
-0.013673188 0.021671449 0.010714406 0.0031002821 0.037905305 
-0.013699963 0.022132729 0.013244523 0.0010413013 0.041693774 
-0.013728028 0.022585517 0.015993182 -0.0016785058 0.044627334 
-0.013757507 0.023006541 0.019039483 -0.0054265737 0.045832451 
-0.01378863 0.023350914 0.022534093 -0.010900477 0.043626587 
-0.013418016 0.017488088 -0.017502012 0.0089423042 -0.02540748 
-0.013418948 0.017507806 -0.017427728 0.0089655393 -0.025226259 
-0.01342081 0.01754722 -0.017279171 0.0090114861 -0.02486312 
-0.013423605 0.017606383 -0.017056068 0.0090793592 -0.024316151 
-0.013427336 0.017685351 -0.016758084 0.0091678567 -0.023582641 
-0.013432006 0.017784192 -0.016384796 0.0092752269 -0.022658975 
-0.013437619 0.017902996 -0.015935648 0.0093992572 -0.021540649 
-0.01344418 0.018041863 -0.015409989 0.0095372636 -0.020222254 
-0.013451693 0.018200912 -0.014807058 0.0096860448 -0.018697523 
-0.013460166 0.018380276 -0.014125961 0.009841948 -0.016959342 
-0.013469606 0.018580101 -0.013365703 0.010000738 -0.014999761 
-0.01348002 0.018800545 -0.012525185 0.0101576 -0.012809999 
-0.013491417 0.019041793 -0.011603136 0.010307165 -0.010380488 
-0.013503807 0.019304037 -0.010598155 0.010443476 -0.0077010654 
-0.013517199 0.019587456 -0.0095087773 0.01055987 -0.0047611379 
-0.013531603 0.019892237 -0.0083334057 0.010648955 -0.0015496754 
-0.01354703 0.020218569 -0.0070702933 0.010702663 0.0019444885 
-0.013563492 0.020566632 -0.0057175404 0.010712187 0.0057323663 
-0.013581 0.020936585 -0.0042731075 0.010667861 0.0098243958 
-0.013599567 0.021328552 -0.0027347791 0.010559111 0.014229837 
-0.013619204 0.021742611 -0.0011001188 0.01037427 0.018956036 
-0.013639925 0.022178753 0.00063356886 0.010100289 0.024007175 
-0.013661742 0.022636841 0.0024693772 0.0097222707 0.029382401 
-0.013684669 0.023116523 0.0044109962 0.0092224262 0.03507277 
-0.01370872 0.02361708 0.0064631409 0.0085780119 0.041055584 
-0.013733912 0.024137135 0.0086325842 0.0077569318 0.047282706 
-0.013760268 0.024673896 0.010930578 0.0067065165 0.053652496 
-0.013787828 0.025221017 0.013379883 0.0053208726 0.059929808 
-0.013816682 0.025761351 0.016038796 0.0033297343 0.065474869 
-0.013847122 0.026238604 0.019095745 -0.00013830511 0.068180785 
