-0.012016421 -0.020680769 -0.013810822 -0.025583568 0.010144762 
-0.01201747 -0.020687727 -0.013741308 -0.025399391 0.010159281 
-0.012019567 -0.020701647 -0.013602177 -0.02503016 0.010187982 
-0.012022715 -0.020722544 -0.013393228 -0.02447414 0.01023015 
-0.012026917 -0.020750442 -0.013114101 -0.023728605 0.010284708 
-0.012032177 -0.020785371 -0.012764384 -0.022790032 0.010350155 
-0.012038498 -0.020827367 -0.012343555 -0.021654045 0.010424608 
-0.012045886 -0.020876473 -0.011850962 -0.020315347 0.010505782 
-0.012054348 -0.020932744 -0.011285819 -0.018767753 0.010590996 
-0.01206389 -0.020996234 -0.010647253 -0.017004254 0.01067709 
-0.012074522 -0.021067006 -0.0099342916 -0.015017063 0.010760445 
-0.01208625 -0.021145124 -0.0091458258 -0.012797604 0.010836949 
-0.012099085 -0.02123066 -0.0082806247 -0.010336549 0.01090194 
-0.012113037 -0.021323689 -0.0073373266 -0.0076239271 0.010950204 
-0.012128116 -0.021424287 -0.0063144456 -0.0046493022 0.010975957 
-0.012144335 -0.021532522 -0.005210374 -0.0014019193 0.010972804 
-0.012161705 -0.021648455 -0.0040233597 0.0021291143 0.010933688 
-0.012180238 -0.021772138 -0.002751491 0.0059545458 0.010850832 
-0.012199946 -0.021903607 -0.0013926991 0.010084597 0.010715644 
-0.012220843 -0.022042857 5.5227383e-05 0.014528248 0.010518611 
-0.01224294 -0.022189833 0.0015947411 0.019292472 0.010249178 
-0.012266249 -0.022344413 0.0032286363 0.024381177 0.0098954544 
-0.012290781 -0.022506349 0.0049601099 0.029793261 0.0094436137 
-0.012316547 -0.022675204 0.0067930094 0.035519513 0.0088768858 
-0.012343553 -0.022850209 0.0087323639 0.041536992 0.0081735238 
-0.012371806 -0.02302998 0.010785438 0.047797343 0.007302269 
-0.012401302 -0.023211813 0.012964386 0.054198754 0.0062109935 
-0.012432029 -0.023389677 0.015294013 0.060505898 0.0047940614 
-0.012463932 -0.023547429 0.017838108 0.066079103 0.0027805352 
-0.012496824 -0.023632156 0.020802898 0.06881183 -0.00070463079 
-0.012099464 -0.018649589 -0.013306973 -0.022785736 0.0087481951 
-0.012100513 -0.01865514 -0.013235504 -0.022612962 0.0087655369 
-0.012102612 -0.018666248 -0.013092431 -0.022266728 0.0087997696 
-0.012105763 -0.018682925 -0.012877521 -0.02174583 0.008849917 
-0.012109967 -0.018705186 -0.012590368 -0.021048403 0.0089145402 
-0.01211523 -0.018733056 -0.012230453 -0.020171998 0.0089916487 
-0.012121554 -0.018766565 -0.01179713 -0.019113623 0.0090787041 
-0.012128946 -0.018805743 -0.011289611 -0.017869761 0.0091725826 
-0.012137411 -0.018850629 -0.010706949 -0.016436415 0.0092695484 
-0.012146956 -0.018901266 -0.01004805 -0.014809191 0.0093651767 
-0.012157589 -0.018957694 -0.0093116717 -0.012983404 0.0094542946 
-0.012169317 -0.019019954 -0.0084963962 -0.010954206 0.0095309264 
-0.01218215 -0.019088079 -0.0076006257 -0.00871673 0.0095881906 
-0.012196098 -0.019162104 -0.0066225653 -0.0062662976 0.0096182021 
-0.012211169 -0.019242047 -0.0055602047 -0.0035987269 0.0096119774 
-0.012227376 -0.019327906 -0.0044112983 -0.00071068219 0.0095592953 
-0.012244728 -0.01941965 -0.0031733246 0.0023998435 0.0094485398 
-0.012263236 -0.019517203 -0.0018434418 0.0057328558 0.0092664887 
-0.012282913 -0.019620425 -0.00041842993 0.0092854938 0.008998003 
-0.012303768 -0.01972908 0.0011053853 0.013050675 0.0086256339 
-0.012325811 -0.019842787 0.0027322986 0.017015249 0.0081290408 
-0.012349053 -0.019960963 0.0044674732 0.021157289 0.0074840459 
-0.0123735 -0.020082703 0.0063172905 0.025441637 0.0066610593 
-0.012399158 -0.020206597 0.0082900004 0.029812612 0.0056223772 
-0.012426029 -0.020330415 0.010396929 0.034181256 0.0043172312 
-0.012454108 -0.020450495 0.01265475 0.038401363 0.0026722449 
-0.012483381 -0.020560549 0.015090087 0.042221686 0.0005720045 
-0.012513811 -0.020649139 0.017749219 0.045185608 -0.0021819803 
-0.012545326 -0.020694373 0.020718656 0.046419739 -0.0059583688 
-0.012577777 -0.020654064 0.024163258 0.044241862 -0.011457656 
-0.012181458 -0.016612862 -0.012874567 -0.020160605 0.0073342949 
-0.012182507 -0.016617 -0.012801282 -0.019999834 0.0073549179 
-0.012184606 -0.016625284 -0.012654529 -0.019677848 0.007395638 
-0.012187756 -0.01663772 -0.012434045 -0.01919396 0.0074552362 
-0.01219196 -0.016654321 -0.012139374 -0.018547091 0.0075319174 
-0.012197221 -0.016675104 -0.011769908 -0.017735849 0.0076232227 
-0.012203544 -0.016700091 -0.011324887 -0.016758615 0.0077259946 
-0.012210933 -0.016729304 -0.010803383 -0.01561359 0.0078363232 
-0.012219395 -0.016762769 -0.010204288 -0.014298872 0.0079494761 
-0.012228935 -0.016800512 -0.0095263007 -0.012812585 0.0080598145 
-0.012239561 -0.016842556 -0.0087679249 -0.011153054 0.008160697 
-0.01225128 -0.016888917 -0.0079274435 -0.0093190046 0.0082443672 
-0.012264102 -0.016939601 -0.0070029051 -0.0073097959 0.0083018006 
-0.012278035 -0.016994602 -0.005992097 -0.005125744 0.0083225465 
-0.012293088 -0.017053892 -0.0048925089 -0.0027685589 0.0082945616 
-0.012309271 -0.017117408 -0.0037012894 -0.00024185711 0.0082039807 
-0.012326594 -0.017185039 -0.002415191 0.0024481359 0.0080348445 
-0.012345068 -0.017256602 -0.0010305019 0.0052916111 0.0077687592 
-0.012364701 -0.017331815 0.00045705632 0.0082739218 0.0073844343 
-0.012385504 -0.017410252 0.0020524643 0.011373764 0.0068570713 
-0.012407485 -0.017491277 0.003761624 0.01456064 0.0061574866 
-0.012430651 -0.017573957 0.0055916984 0.01779118 0.0052507975 
-0.012455007 -0.017656907 0.0075515967 0.021003446 0.0040943729 
-0.012480557 -0.017738072 0.0096527761 0.024108075 0.0026345244 
-0.012507296 -0.017814358 0.011910597 0.026974058 0.00080100627 
-0.012535217 -0.017881034 0.014346552 0.029405183 -0.0015022955 
-0.012564301 -0.017930748 0.016992005 0.031101049 -0.0044130325 
-0.01259451 -0.01795196 0.01989416 0.031595219 -0.0081354511 
-0.012625786 -0.017926862 0.023124073 0.03017248 -0.0129742 
-0.012658041 -0.017830234 0.026781014 0.025823611 -0.019352637 
-0.012262403 -0.014572 -0.012515443 -0.017696142 0.0058998319 
-0.012263451 -0.014574722 -0.012440469 -0.017547744 0.0059243503 
-0.012265548 -0.014580171 -0.012290337 -0.017250758 0.0059727302 
-0.012268695 -0.014588353 -0.012064735 -0.016804972 0.0060435612 
-0.012272895 -0.014599276 -0.011763146 -0.016210045 0.0061347486 
-0.012278151 -0.014612951 -0.011384887 -0.015465607 0.0062434062 
-0.012284467 -0.014629393 -0.010929099 -0.014571338 0.0063658059 
-0.012291848 -0.014648617 -0.010394725 -0.01352705 0.006497311 
-0.0123003 -0.014670636 -0.0097804934 -0.012332813 0.0066322882 
-0.012309828 -0.014695464 -0.0090849109 -0.010989126 0.006763992 
-0.012320439 -0.014723107 -0.0083062478 -0.0094971319 0.0068844224 
-0.012332141 -0.01475356 -0.007442513 -0.007858877 0.0069841714 
-0.012344943 -0.014786808 -0.0064914278 -0.0060776256 0.0070522281 
-0.012358851 -0.014822815 -0.0054503903 -0.0041582696 0.0070757642 
-0.012373876 -0.014861516 -0.0043164283 -0.0021078647 0.0070398987 
-0.012390026 -0.014902801 -0.0030861407 6.3730413e-05 0.006927393 
-0.012407311 -0.0149465 -0.0017556275 0.0023429954 0.0067182891 
-0.012425739 -0.014992355 -0.00032040563 0.004711589 0.0063894743 
-0.01244532 -0.015039986 0.0012247179 0.007144872 0.0059141183 
-0.012466063 -0.01508884 0.0028858115 0.0096098601 0.0052609474 
-0.012487974 -0.01513812 0.0046700606 0.012062426 0.0043932535 
-0.012511059 -0.015186685 0.0065861285 0.014443407 0.0032675086 
-0.012535323 -0.015232903 0.0086446397 0.016672924 0.001831351 
-0.012560765 -0.015274432 0.010858926 0.018642202 2.0606336e-05 
-0.012587382 -0.015307915 0.01324615 0.020201727 -0.0022451602 
-0.012615165 -0.01532854 0.015828883 0.021144258 -0.0050691531 
-0.012644095 -0.015329451 0.018637249 0.021182083 -0.0085861549 
-0.012674143 -0.015301095 0.021711367 0.019921715 -0.012972386 
-0.012705267 -0.01523089 0.025102472 0.016851325 -0.018450169 
-0.01273742 -0.015104349 0.028868512 0.011386072 -0.025268718 
-0.0123423 -0.012528419 -0.012231285 -0.015379964 0.0044409673 
-0.012343347 -0.012529723 -0.012154793 -0.015244071 0.0044700503 
-0.01234544 -0.012532331 -0.012001612 -0.014972337 0.0045274639 
-0.012348582 -0.01253625 -0.011771391 -0.014564991 0.0046116411 
-0.012352775 -0.012541482 -0.011463565 -0.01402239 0.0047202251 
-0.012358021 -0.012548036 -0.011077382 -0.013345095 0.0048499545 
-0.012364326 -0.012555919 -0.010611889 -0.01253398 0.0049966087 
-0.012371693 -0.01256514 -0.01006591 -0.011590344 0.0051549241 
-0.012380128 -0.012575702 -0.0094380283 -0.010516078 0.0053184819 
-0.012389637 -0.012587608 -0.0087265765 -0.0093138461 0.0054795595 
-0.012400227 -0.012600851 -0.0079296168 -0.0079873504 0.0056289543 
-0.012411904 -0.012615413 -0.0070449117 -0.0065416366 0.0057557928 
-0.012424676 -0.012631261 -0.0060698895 -0.0049834631 0.0058472934 
-0.012438552 -0.01264834 -0.005001601 -0.0033217698 0.0058885025 
-0.012453539 -0.012666561 -0.0038366653 -0.0015682873 0.0058620006 
-0.012469646 -0.012685786 -0.002571202 0.00026174215 0.0057475347 
-0.012486883 -0.012705811 -0.0012007532 0.0021486252 0.0055215889 
-0.012505258 -0.012726338 0.0002798114 0.0040669841 0.0051568881 
-0.012524779 -0.012746939 0.0018764298 0.0059842198 0.0046217903 
-0.012545453 -0.012767006 0.0035960166 0.0078584645 0.003879531 
-0.012567289 -0.012785682 0.0054466957 0.0096358943 0.0028872663 
-0.01259029 -0.012801769 0.0074381292 0.011247189 0.0015948419 
-0.012614459 -0.012813594 0.0095819131 0.012602702 -5.6849543e-05 
-0.012639798 -0.012818843 0.011892153 0.01358613 -0.0021380284 
-0.012666303 -0.012814337 0.014386216 0.014046418 -0.0047328458 
-0.012693965 -0.012795768 0.017085592 0.013788017 -0.0079427714 
-0.012722771 -0.01275743 0.02001676 0.012561273 -0.011889819 
-0.012752698 -0.012692087 0.023211583 0.010058163 -0.01671757 
-0.012783721 -0.012591267 0.026705943 0.0059250144 -0.022585204 
-0.012815812 -0.012446493 0.030534863 -0.00018710298 -0.029646005 
-0.012421152 -0.01048354 -0.012023602 -0.013199541 0.0029531264 
-0.012422195 -0.010483423 -0.011945778 -0.013076074 0.0029875333 
-0.012424284 -0.010483187 -0.011789913 -0.012829394 0.0030555472 
-0.012427418 -0.010482837 -0.011555633 -0.012460148 0.0031554648 
-0.0124316 -0.010482374 -0.011242329 -0.011969312 0.0032847127 
-0.012436834 -0.010481799 -0.010849184 -0.011358285 0.0034397324 
-0.012443123 -0.010481118 -0.010375164 -0.010629014 0.0036159053 
-0.012450471 -0.01048033 -0.0098189886 -0.0097841415 0.0038074584 
-0.012458884 -0.010479435 -0.009179118 -0.0088271755 0.0040073286 
-0.012468367 -0.010478425 -0.0084537331 -0.0077627048 0.0042069838 
-0.012478927 -0.010477285 -0.007640717 -0.006596683 0.0043962146 
-0.012490571 -0.010475988 -0.0067376194 -0.0053367714 0.0045629114 
-0.012503306 -0.010474492 -0.005741616 -0.003992744 0.0046927907 
-0.01251714 -0.010472733 -0.0046494604 -0.0025769952 0.0047690868 
-0.012532081 -0.010470611 -0.0034574268 -0.0011051884 0.0047722051 
-0.012548138 -0.01046798 -0.0021612375 0.00040298858 0.004679301 
-0.012565318 -0.010464629 -0.0007559806 0.0019228702 0.0044638011 
-0.012583631 -0.010460255 0.00076398904 0.003423598 0.0040948753 
-0.012603084 -0.010454433 0.0024051829 0.0048666499 0.0035368189 
-0.012623684 -0.01044657 0.0041751299 0.0062039615 0.0027483258 
-0.012645438 -0.010435843 0.0060825826 0.0073755925 0.001681655 
-0.012668351 -0.010421123 0.00813778 0.0083068425 0.00028166392 
-0.012692427 -0.010400871 0.010352725 0.0089046255 -0.0015153278 
-0.012717666 -0.01037302 0.012741561 0.0090532487 -0.003782778 
-0.012744067 -0.010334835 0.01532097 0.0086098177 -0.0066051901 
-0.012771623 -0.010282777 0.018110493 0.0074000847 -0.010079044 
-0.012800325 -0.010212426 0.021132614 0.0052168019 -0.014312557 
-0.012830158 -0.010118572 0.024412241 0.001824619 -0.01942269 
-0.012861107 -0.0099956067 0.027974872 -0.0030222901 -0.025526892 
-0.012893157 -0.0098384387 0.031842922 -0.0095427962 -0.032726721 
-0.01249896 -0.008438783 -0.01189373 -0.011142478 0.0014309652 
-0.0125 -0.0084372442 -0.011814771 -0.011031153 0.0014715381 
-0.012502082 -0.0084341635 -0.011656624 -0.010808922 0.0015518591 
-0.012505206 -0.0084295429 -0.011418893 -0.010476806 0.0016701241 
-0.012509375 -0.0084233806 -0.011100931 -0.010036321 0.0018236069 
-0.012514592 -0.0084156764 -0.010701867 -0.0094895954 0.0020085351 
-0.01252086 -0.0084064296 -0.010220599 -0.0088395234 0.002220006 
-0.012528184 -0.0083956363 -0.0096557607 -0.0080899111 0.002451878 
-0.012536569 -0.0083832895 -0.0090057113 -0.0072456659 0.0026966072 
-0.01254602 -0.0083693772 -0.0082685092 -0.0063130195 0.002945047 
-0.012556544 -0.0083538801 -0.0074418905 -0.0052998344 0.003186215 
-0.012568148 -0.0083367669 -0.0065232293 -0.0042159675 0.0034070399 
-0.012580838 -0.0083179932 -0.0055094947 -0.0030736953 0.0035920534 
-0.012594622 -0.0082974948 -0.0043971998 -0.0018882398 0.0037230381 
-0.012609509 -0.0082751758 -0.0031823435 -0.00067842451 0.0037786342 
-0.012625506 -0.0082508994 -0.0018603365 0.00053257493 0.0037338724 
-0.012642622 -0.0082244722 -0.00042591674 0.0017163122 0.0035596591 
-0.012660864 -0.0081956224 0.0011269487 0.0028379373 0.0032222281 
-0.012680241 -0.0081639724 0.0028051851 0.0038548696 0.002682528 
-0.01270076 -0.0081290021 0.0046167349 0.0047151829 0.0018955438 
-0.012722428 -0.0080900019 0.0065707316 0.0053557365 0.00080961276 
-0.012745251 -0.0080460125 0.0086776848 0.0057000256 -0.00063427105 
-0.012769232 -0.0079957522 0.010949642 0.0056557527 -0.0025031073 
-0.012794373 -0.0079375398 0.013400393 0.0051124492 -0.0048723273 
-0.012820675 -0.0078692153 0.0160456 0.0039395266 -0.0078258617 
-0.012848135 -0.0077880857 0.018902776 0.0019856891 -0.011455435 
-0.012876747 -0.0076909361 0.021990954 -0.00091875342 -0.015858456 
-0.012906503 -0.0075741726 0.025329892 -0.0049541658 -0.021133537 
-0.012937394 -0.0074341559 0.028938393 -0.010295951 -0.027372719 
-0.012969412 -0.0072677851 0.032831818 -0.017089395 -0.034649843 
-0.012575728 -0.0063955675 -0.0118428 -0.0091966506 -0.00013167386 
-0.012576764 -0.0063926074 -0.011762919 -0.0090969892 -8.4050591e-05 
-0.012578838 -0.0063866812 -0.011602917 -0.0088982413 1.0371658e-05 
-0.012581949 -0.0063777901 -0.01136238 -0.0086017335 0.00014973146 
-0.012586102 -0.0063659305 -0.011040629 -0.0082094348 0.00033122147 
-0.012591298 -0.0063510989 -0.010636755 -0.0077241013 0.00055095551 
-0.012597541 -0.0063332912 -0.010149601 -0.0071494262 0.00080387663 
-0.012604836 -0.0063124996 -0.0095777371 -0.0064901871 0.0010836273 
-0.012613187 -0.0062887134 -0.0089194455 -0.005752443 0.0013823701 
-0.012622601 -0.0062619181 -0.0081726913 -0.0049437707 0.0016905724 
-0.012633082 -0.0062320932 -0.0073350981 -0.0040735828 0.0019967482 
-0.012644638 -0.0061992082 -0.0064039067 -0.0031534966 0.0022871755 
-0.012657275 -0.0061632223 -0.0053759296 -0.0021977651 0.0025455528 
-0.012671002 -0.0061240793 -0.0042474997 -0.0012238008 0.0027526082 
-0.012685826 -0.006081699 -0.003014412 -0.00025281691 0.0028856644 
-0.012701756 -0.0060359697 -0.0016718486 0.00068945196 0.002918134 
-0.012718798 -0.0059867374 -0.00021429671 0.0015718943 0.0028189685 
-0.012736963 -0.0059337881 0.0013645468 0.0023570062 0.0025520858 
-0.012756257 -0.0058768293 0.0030718812 0.0029997444 0.0020757515 
-0.012776688 -0.0058154621 0.0049159025 0.0034462026 0.0013419377 
-0.012798265 -0.0057491493 0.0069059446 0.0036322032 0.00029575384 
-0.012820992 -0.0056771727 0.0090525964 0.0034818211 -0.0011250361 
-0.012844876 -0.0055985867 0.011367767 0.0029059468 -0.0029902943 
-0.01286992 -0.005512174 0.013864767 0.0018012911 -0.005377358 
-0.012896126 -0.0054164029 0.016558261 5.0182488e-05 -0.0083702907 
-0.012923495 -0.0053094142 0.019464048 -0.0024780699 -0.012058183 
-0.012952025 -0.0051890602 0.022598545 -0.0059232727 -0.016532081 
-0.012981712 -0.0050530253 0.025977982 -0.010426526 -0.021880061 
-0.013012554 -0.0048990611 0.029616986 -0.016117913 -0.028180346 
-0.013044546 -0.0047253226 0.03352695 -0.02309979 -0.035492688 
-0.01265146 -0.0043553122 -0.011871733 -0.0073503482 -0.001741817 
-0.012652491 -0.0043509309 -0.01179115 -0.0072617196 -0.0016862416 
-0.012654555 -0.0043421606 -0.011629738 -0.007085185 -0.0015758896 
-0.012657652 -0.0043290022 -0.011387067 -0.0068223008 -0.0014126247 
-0.012661786 -0.00431145 -0.01106244 -0.0064754099 -0.0011992547 
-0.012666958 -0.0042894976 -0.010654917 -0.00604778 -0.00093966792 
-0.012673172 -0.0042631373 -0.010163306 -0.0055437404 -0.00063893658 
-0.012680433 -0.0042323584 -0.0095861355 -0.0049688329 -0.00030346356 
-0.012688745 -0.0041971484 -0.0089216364 -0.0043300167 5.8833619e-05 
-0.012698114 -0.0041574916 -0.0081677103 -0.0036359124 0.00043829108 
-0.012708545 -0.0041133685 -0.0073219056 -0.0028971183 0.00082321435 
-0.012720046 -0.0040647524 -0.0063813737 -0.0021265737 0.0011995681 
-0.012732624 -0.0040116108 -0.0053428226 -0.0013399816 0.0015506 
-0.012746285 -0.0039539024 -0.0042024662 -0.00055631822 0.0018564173 
-0.012761039 -0.003891571 -0.0029559661 0.00020155116 0.0020935179 
-0.012776892 -0.0038245425 -0.0015983578 0.00090619556 0.0022342466 
-0.012793854 -0.0037527174 -0.00012397172 0.0015248411 0.0022461972 
-0.012811932 -0.0036759607 0.001473659 0.0020184852 0.0020915954 
-0.012831135 -0.0035940915 0.0032018917 0.0023409259 0.0017266486 
-0.012851472 -0.0035068659 0.0050690551 0.0024377058 0.0011009007 
-0.01287295 -0.0034139593 0.0070845637 0.0022450908 0.00015670524 
-0.012895578 -0.003314941 0.0092589885 0.0016891302 -0.0011711479 
-0.01291936 -0.0032092484 0.011604052 0.00068493778 -0.0029555076 
-0.012944304 -0.0030961665 0.014132639 -0.00086338706 -0.00527636 
-0.012970414 -0.0029748057 0.016858632 -0.0030619586 -0.0082196016 
-0.012997694 -0.0028441052 0.019796596 -0.0060248304 -0.011874768 
-0.013026145 -0.0027028611 0.022961208 -0.0098696631 -0.016331429 
-0.013055769 -0.0025498063 0.026366485 -0.014710713 -0.02167408 
-0.013086565 -0.0023837377 0.030024628 -0.020649307 -0.027975693 
-0.013118533 -0.0022036902 0.033944834 -0.027762418 -0.035290528 
-0.01272616 -0.0023194345 -0.011981228 -0.0055924891 -0.0034073692 
-0.012727186 -0.0023136329 -0.011900169 -0.0055141544 -0.0033429432 
-0.012729239 -0.0023020221 -0.011737806 -0.0053583225 -0.00321484 
-0.01273232 -0.0022846021 -0.011493694 -0.0051267173 -0.0030248674 
-0.012736431 -0.0022613641 -0.011167126 -0.0048219704 -0.0027757445 
-0.012741575 -0.0022322994 -0.010757149 -0.0044477318 -0.0024712442 
-0.012747756 -0.0021973974 -0.010262556 -0.0040087982 -0.0021163048 
-0.012754978 -0.0021566447 -0.0096818522 -0.0035112676 -0.0017171825 
-0.012763246 -0.0021100274 -0.0090132435 -0.0029627518 -0.0012816446 
-0.012772564 -0.0020575298 -0.008254601 -0.0023726163 -0.00081921719 
-0.01278294 -0.001999134 -0.0074034363 -0.0017522832 -0.00034148901 
-0.012794379 -0.0019348192 -0.0064568563 -0.001115581 0.00013755514 
-0.012806889 -0.0018645636 -0.0054115162 -0.00047914974 0.00060113146 
-0.012820477 -0.0017883448 -0.0042635723 0.00013706489 0.0010292072 
-0.012835151 -0.0017061363 -0.0030086247 0.00070922968 0.0013979995 
-0.01285092 -0.0016179078 -0.001641642 0.0012090025 0.0016793824 
-0.012867792 -0.0015236237 -0.00015688584 0.0016028356 0.0018402235 
-0.012885776 -0.0014232406 0.001452181 0.0018512062 0.0018417034 
-0.012904881 -0.0013167046 0.0031929771 0.0019077911 0.0016385987 
-0.012925115 -0.0012039466 0.0050738721 0.0017186231 0.0011785672 
-0.012946487 -0.0010848772 0.0071042876 0.0012213567 0.0004015685 
-0.012969008 -0.0009593783 0.009294744 0.00034469082 -0.00076053482 
-0.012992684 -0.00082729483 0.011656818 -0.00099190416 -0.0023840375 
-0.013017523 -0.00068843068 0.014203114 -0.0028777565 -0.0045527929 
-0.013043534 -0.00054254062 0.016947047 -0.0054097205 -0.0073568009 
-0.013070722 -0.00038933084 0.019902495 -0.0086895711 -0.01088965 
-0.013099094 -0.00022846625 0.023083218 -0.012819761 -0.015244565 
-0.013128653 -5.959651e-05 0.02650212 -0.017897291 -0.020508924 
-0.013159404 0.00011761201 0.030170235 -0.024006082 -0.026757593 
-0.013191348 0.00030342486 0.034095724 -0.03120854 -0.034045781 
-0.012799836 -0.0002893525 -0.012171762 -0.0039128082 -0.005137106 
-0.012800855 -0.00028213262 -0.012090459 -0.0038439481 -0.0050629527 
-0.012802895 -0.00026768652 -0.011927605 -0.0037071255 -0.0049153333 
-0.012805958 -0.0002460115 -0.011682752 -0.0035041841 -0.00469594 
-0.012810044 -0.00021709679 -0.011355194 -0.0032379505 -0.0044073091 
-0.012815157 -0.00018093109 -0.01094398 -0.0029123213 -0.0040529724 
-0.0128213 -0.00013750061 -0.0104479 -0.0025323945 -0.003637572 
-0.012828478 -8.6789146e-05 -0.0098654633 -0.002104624 -0.0031670179 
-0.012836696 -2.8781321e-05 -0.0091948733 -0.0016370314 -0.0026486896 
-0.012845958 3.6538804e-05 -0.0084340059 -0.0011394345 -0.0020916925 
-0.01285627 0.00010918758 -0.0075803748 -0.00062372673 -0.0015071737 
-0.012867641 0.0001891802 -0.0066310862 -0.00010420791 -0.00090867183 
-0.012880075 0.00027652625 -0.0055827962 0.00040202638 -0.00031254048 
-0.012893583 0.00037122877 -0.0044316676 0.00087461261 0.00026157548 
-0.01290817 0.00047328396 -0.0031733081 0.0012893841 0.00079020072 
-0.012923846 0.00058267673 -0.0018026946 0.0016178048 0.0012453804 
-0.01294062 0.00069937654 -0.00031410243 0.0018263351 0.001593945 
-0.0129585 0.0008233321 0.0012989874 0.0018757516 0.0017967447 
-0.012977496 0.00095446545 0.003043969 0.0017204354 0.0018078187 
-0.012997619 0.0010926655 0.0049291783 0.0013076675 0.0015735383 
-0.013018878 0.0012377798 0.0069639964 0.00057707067 0.0010318665 
-0.013041282 0.0013896068 0.0091588937 -0.00053977837 0.0001117696 
-0.013064844 0.0015478862 0.01152538 -0.0021194278 -0.0012670429 
-0.013089571 0.0017122881 0.014075968 -0.0042459471 -0.0031936997 
-0.013115476 0.0018824133 0.016823965 -0.0070095327 -0.0057648689 
-0.013142567 0.0020577985 0.019783125 -0.01050392 -0.0090821765 
-0.013170854 0.0022379294 0.022967067 -0.014822449 -0.013247973 
-0.013200346 0.0024222792 0.026388557 -0.020052552 -0.018359184 
-0.013231049 0.0026103598 0.030058486 -0.026269162 -0.024499658 
-0.013262969 0.002801791 0.033984915 -0.033527541 -0.031731725 
-0.012872491 0.0017335152 -0.012443594 -0.0023019246 -0.006940674 
-0.012873504 0.0017421496 -0.012362277 -0.0022416518 -0.0068559753 
-0.01287553 0.0017594245 -0.012199393 -0.002122017 -0.0066872031 
-0.012878571 0.0017853456 -0.0119545 -0.001944934 -0.0064358619 
-0.01288263 0.0018199252 -0.011626904 -0.0017133266 -0.0061042089 
-0.012887708 0.0018631777 -0.01121567 -0.0014312096 -0.005695409 
-0.01289381 0.001915121 -0.010719602 -0.0011038232 -0.0052136439 
-0.012900939 0.0019757742 -0.010137229 -0.00073778789 -0.004664274 
-0.012909101 0.0020451554 -0.0094667851 -0.00034129938 -0.0040540441 
-0.0129183 0.0021232822 -0.0087061823 7.565796e-05 -0.0033913419 
-0.012928544 0.0022101705 -0.0078529736 0.00050105684 -0.0026865146 
-0.012939838 0.0023058308 -0.0069043111 0.00092051493 -0.0019522284 
-0.01295219 0.0024102624 -0.0058569075 0.0013169297 -0.0012039137 
-0.012965608 0.0025234517 -0.0047069921 0.0016700409 -0.00046026806 
-0.0129801 0.0026453685 -0.0034502465 0.0019559375 0.00025617366 
-0.012995674 0.0027759563 -0.002081731 0.0021465322 0.00091834041 
-0.01301234 0.0029151229 -0.00059581886 0.0022089771 0.0014938055 
-0.013030107 0.0030627279 0.0010139032 0.0021050548 0.0019439121 
-0.013048986 0.0032185686 0.0027547217 0.0017905366 0.0022227933 
-0.013068987 0.0033823626 0.0046348681 0.0012145465 0.0022763018 
-0.013090122 0.0035537249 0.006663641 0.0003190708 0.0020409883 
-0.013112401 0.0037321432 0.0088514619 -0.00096141193 0.0014431528 
-0.013135837 0.0039169476 0.011209848 -0.0027000402 0.00039814332 
-0.013160443 0.0041072856 0.013751415 -0.0049770426 -0.0011897389 
-0.013186232 0.0043021106 0.016489726 -0.0078785068 -0.0034264403 
-0.013213217 0.0045001827 0.019438967 -0.011494104 -0.0064258893 
-0.013241411 0.0047001061 0.022613385 -0.015913533 -0.010305628 
-0.013270828 0.0049004234 0.026026553 -0.021221336 -0.015179823 
-0.013301478 0.0050997578 0.029690246 -0.027490538 -0.021149719 
-0.013333371 0.0052970154 0.033613317 -0.034775394 -0.028292273 
-0.012944134 0.0037477515 -0.012796748 -0.00075132014 -0.0088285721 
-0.012945139 0.0037577957 -0.012715639 -0.0006986963 -0.0087326162 
-0.01294715 0.0037778923 -0.012553178 -0.000594348 -0.008541244 
-0.012950168 0.0038080486 -0.012308936 -0.00044019966 -0.0082557027 
-0.012954196 0.0038482791 -0.01198224 -0.00023918193 -0.0078778838 
-0.012959236 0.0038986019 -0.01157218 4.6855154e-06 -0.0074104584 
-0.012965292 0.00395904 -0.011077591 0.00028616713 -0.006856982 
-0.012972367 0.0040296161 -0.01049705 0.00059865395 -0.0062220615 
-0.012980468 0.0041103526 -0.0098288466 0.00093400312 -0.0055115537 
-0.012989599 0.0042012713 -0.0090709565 0.0012823391 -0.0047328191 
-0.012999767 0.0043023898 -0.0082210102 0.0016318156 -0.003895032 
-0.013010978 0.0044137164 -0.0072762536 0.0019683325 -0.003009551 
-0.013023239 0.0045352451 -0.0062335074 0.0022752059 -0.0020903747 
-0.013036559 0.004666952 -0.0050891259 0.0025327579 -0.0011546524 
-0.013050947 0.0048087875 -0.003838933 0.0027178607 -0.00022328097 
-0.01306641 0.0049606628 -0.0024781503 0.0028034574 0.00067833823 
-0.013082959 0.0051224353 -0.0010013331 0.0027580169 0.0015194017 
-0.013100604 0.0052938907 0.0005977345 0.0025449672 0.0022627205 
-0.013119354 0.0054747207 0.0023261431 0.0021220955 0.0028635596 
-0.013139223 0.0056644945 0.0041919415 0.0014409169 0.0032682982 
-0.013160221 0.00586262 0.0062042775 0.00044613115 0.003413033 
-0.013182363 0.0060682992 0.0083734902 -0.00092485857 0.0032220859 
-0.013205662 0.0062804783 0.010711148 -0.0027422495 0.0026065732 
-0.013230132 0.0064978 0.013230135 -0.0050836406 0.0014634097 
-0.013255791 0.0067185646 0.015944584 -0.0080332962 -0.00032491229 
-0.013282656 0.0069407163 0.018869639 -0.01168045 -0.0028889724 
-0.013310745 0.0071618911 0.022020979 -0.016116248 -0.0063684516 
-0.013340076 0.0073795509 0.025414029 -0.021428799 -0.010904374 
-0.013370665 0.0075912343 0.029062653 -0.027696323 -0.01662675 
-0.013402526 0.0077949333 0.032977606 -0.034978536 -0.023637919 
-0.013014772 0.0057519461 -0.013231005 0.00074666163 -0.01081208 
-0.013015768 0.0057633961 -0.013150318 0.0007925994 -0.010704289 
-0.013017763 0.005786305 -0.012988721 0.00088359126 -0.010489115 
-0.013020756 0.005820682 -0.012745801 0.0010177605 -0.010167496 
-0.01302475 0.0058665459 -0.01242091 0.0011922519 -0.009740868 
-0.013029748 0.0059239184 -0.012013181 0.0014031347 -0.0092112836 
-0.013035754 0.0059928286 -0.011521497 0.0016453115 -0.0085815079 
-0.013042771 0.0060733044 -0.010944505 0.0019123601 -0.0078551913 
-0.013050805 0.0061653752 -0.01028057 0.0021964053 -0.0070370506 
-0.013059862 0.0062690692 -0.0095277625 0.002487936 -0.0061331122 
-0.013069947 0.0063844088 -0.0086838261 0.0027755829 -0.005151014 
-0.013081067 0.0065114053 -0.0077461461 0.0030458654 -0.0041003656 
-0.01309323 0.0066500543 -0.0067117035 0.0032828973 -0.0029931953 
-0.013106444 0.0068003299 -0.0055770348 0.0034680159 -0.0018444717 
-0.013120718 0.0069621741 -0.0043381726 0.0035793701 -0.00067272516 
-0.013136061 0.0071354791 -0.0029905782 0.0035914725 0.00049917065 
-0.013152483 0.00732007 -0.0015290796 0.0034746884 0.0016430418 
-0.013169993 0.0075156828 5.2246797e-05 0.0031947105 0.0027243225 
-0.013188605 0.0077219347 0.0017601925 0.0027119611 0.0037007254 
-0.013208329 0.0079382825 0.0036025108 0.0019809125 0.0045206023 
-0.013229178 0.0081639691 0.0055880887 0.00094943752 0.0051210786 
-0.013251168 0.008397961 0.0077271024 -0.00044188297 0.0054258896 
-0.013274314 0.0086388716 0.010031145 -0.0022604298 0.0053429577 
-0.013298633 0.0088848768 0.012513428 -0.0045819325 0.0047620149 
-0.013324145 0.0091336342 0.015188865 -0.0074905541 0.0035526393 
-0.013350872 0.0093822307 0.018074043 -0.01107816 0.0015636576 
-0.013378838 0.0096271965 0.021186895 -0.015442227 -0.0013745165 
-0.013408066 0.0098646568 0.024545945 -0.020681341 -0.0054421887 
-0.013438581 0.010090698 0.028168765 -0.026887449 -0.010814716 
-0.013470403 0.010301992 0.032069681 -0.034134291 -0.017637312 
-0.013084413 0.007744696 -0.013745928 0.0021987594 -0.012903113 
-0.013085401 0.0077575459 -0.013665874 0.0022389555 -0.012783057 
-0.013087377 0.0077832543 -0.013505564 0.0023184877 -0.012543182 
-0.013090342 0.0078218335 -0.01326461 0.0024355701 -0.012184067 
-0.0130943 0.0078733091 -0.012942387 0.0025874992 -0.011706601 
-0.013099253 0.0079377058 -0.012538092 0.0027705151 -0.011112096 
-0.013105204 0.0080150586 -0.012050679 0.0029797733 -0.010402374 
-0.013112158 0.0081054044 -0.011478875 0.0032092094 -0.0095799384 
-0.01312012 0.0082087821 -0.010821142 0.0034514214 -0.0086481316 
-0.013129096 0.0083252288 -0.010075669 0.0036974904 -0.0076113526 
-0.013139091 0.0084547759 -0.0092403566 0.0039367777 -0.0064753338 
-0.013150113 0.0085974445 -0.0083127711 0.0041567209 -0.0052474922 
-0.01316217 0.0087532403 -0.0072900959 0.0043425888 -0.0039373644 
-0.01317527 0.0089221456 -0.0061691038 0.0044771361 -0.0025571097 
-0.013189421 0.0091041064 -0.0049461069 0.0045402264 -0.0011221187 
-0.013204633 0.0092990138 -0.0036168889 0.0045084358 0.00034819678 
-0.013220917 0.0095066852 -0.0021766415 0.0043545835 0.0018294193 
-0.013238283 0.009726839 -0.00061983726 0.00404724 0.0032909611 
-0.013256743 0.0099590583 0.0010598901 0.0035501205 0.004694581 
-0.013276309 0.010202737 0.0028698479 0.0028213319 0.0059924823 
-0.013296995 0.010457018 0.0048185042 0.0018126028 0.0071249897 
-0.013318818 0.010720709 0.0069157117 0.00046832215 0.0080176361 
-0.013341793 0.010992175 0.0091729285 -0.0012756397 0.0085775539 
-0.013365941 0.011269204 0.011603588 -0.0034930975 0.0086892501 
-0.013391285 0.011548868 0.014223428 -0.0062688166 0.0082099857 
-0.01341785 0.011827379 0.017050786 -0.0096994212 0.0069656474 
-0.013445667 0.012100009 0.020106632 -0.013893169 0.0047490836 
-0.013474769 0.012361185 0.023414117 -0.018966884 0.0013249916 
-0.013505191 0.012604921 0.026996834 -0.025037813 -0.0035524131 
-0.013536962 0.012825776 0.030875463 -0.032207305 -0.010101961 
-0.013153067 0.0097246037 -0.014340887 0.0036107488 -0.015114014 
-0.013154045 0.0097388441 -0.01426167 0.0036460871 -0.014981429 
-0.013156001 0.0097673375 -0.014103044 0.0037159681 -0.014716304 
-0.013158937 0.0098100963 -0.013864659 0.0038187091 -0.01431881 
-0.013162856 0.0098671549 -0.013545925 0.003951815 -0.013789191 
-0.013167759 0.0099385427 -0.013146106 0.0041117908 -0.013127912 
-0.013173652 0.010024302 -0.012664245 0.00429416 -0.012335728 
-0.013180538 0.01012448 -0.012099159 0.0044933691 -0.011413824 
-0.013188422 0.010239128 -0.011449429 0.0047026516 -0.010363941 
-0.01319731 0.010368295 -0.0107134 0.0049138614 -0.0091885596 
-0.013207209 0.010512026 -0.0098891572 0.0051173261 -0.0078911791 
-0.013218125 0.010670361 -0.0089744764 0.0053016875 -0.0064766222 
-0.013230067 0.010843323 -0.0079667855 0.0054536773 -0.0049514192 
-0.013243044 0.011030913 -0.0068631524 0.0055578044 -0.0033242771 
-0.013257063 0.011233098 -0.0056602388 0.0055960385 -0.0016066606 
-0.013272135 0.011449787 -0.0043542286 0.0055474849 0.00018644625 
-0.01328827 0.011680819 -0.0029407648 0.0053879629 0.0020355791 
-0.013305479 0.011925933 -0.0014148328 0.0050895335 0.0039156264 
-0.013323774 0.012184726 0.00022935817 0.0046199036 0.0057942636 
-0.013343168 0.012456593 0.0019984929 0.0039416477 0.0076298723 
-0.013363676 0.012740662 0.0039003952 0.0030113015 0.0093688992 
-0.013385314 0.013035688 0.0059443206 0.0017781634 0.01094226 
-0.0134081 0.013339918 0.0081412793 0.00018260999 0.012260509 
-0.013432055 0.013650899 0.010504577 -0.0018460279 0.013207559 
-0.013457203 0.013965258 0.013050486 -0.0043922209 0.01363251 
-0.013483577 0.01427841 0.015799031 -0.0075575803 0.013339929 
-0.013511212 0.014584279 0.018774754 -0.011464118 0.012080268 
-0.013540153 0.014875162 0.022007075 -0.016255196 0.0095455792 
-0.013570451 0.01514203 0.025529005 -0.022089615 0.0053822112 
-0.013602153 0.015375854 0.029372679 -0.029120198 -0.00075880865 
-0.013220744 0.011690278 -0.015015055 0.00498748 -0.01745735 
-0.013221711 0.011705899 -0.014936865 0.0050187723 -0.017312174 
-0.013223646 0.011737161 -0.014780284 0.0050806677 -0.017021643 
-0.013226551 0.011784076 -0.014545014 0.0051716067 -0.016585465 
-0.013230427 0.011846683 -0.014230529 0.005289326 -0.016003187 
-0.013235277 0.01192502 -0.013836152 0.0054307055 -0.015274352 
-0.013241107 0.012019139 -0.013361016 0.0055917507 -0.014398533 
-0.013247919 0.0121291 -0.012804052 0.0057675089 -0.013375415 
-0.013255719 0.012254968 -0.012163987 0.0059519728 -0.012204925 
-0.013264514 0.012396808 -0.011439335 0.006137961 -0.010887412 
-0.013274309 0.012554686 -0.010628386 0.0063169833 -0.0094238606 
-0.013285112 0.012728663 -0.0097291632 0.0064790874 -0.0078160961 
-0.013296931 0.01291879 -0.0087393847 0.0066127046 -0.0060671387 
-0.013309775 0.013125101 -0.0076564567 0.0067044157 -0.0041816576 
-0.013323652 0.013347595 -0.0064774485 0.0067386637 -0.0021664598 
-0.013338573 0.013586224 -0.0051990212 0.00669749 -3.1144906e-05 
-0.013354548 0.01384088 -0.0038173574 0.006560216 0.0022109902 
-0.013371588 0.014111361 -0.0023280691 0.0063030065 0.0045418583 
-0.013389706 0.014397328 -0.00072610955 0.0058982744 0.0069371025 
-0.013408915 0.014698257 0.00099437105 0.0053139867 0.0093639874 
-0.013429229 0.015013361 0.0028402914 0.0045127525 0.01177863 
-0.013450664 0.01534148 0.0048199241 0.0034503867 0.014122115 
-0.013473238 0.01568092 0.0069433065 0.0020738816 0.016314787 
-0.013496974 0.016029228 0.0092229693 0.0003185329 0.018248077 
-0.013521897 0.016382864 0.011674928 -0.0018964865 0.01977263 
-0.013548042 0.016736732 0.014320111 -0.0046745835 0.020681341 
-0.013575451 0.017083552 0.017186323 -0.0081505032 0.020686607 
-0.013604182 0.017413166 0.02031043 -0.012500179 0.019395006 
-0.013634307 0.017712191 0.023739437 -0.017945253 0.016294695 
-0.013665907 0.01796521 0.027526407 -0.024734035 0.01080076 
-0.013287454 0.013640336 -0.015767418 0.0063329708 -0.01994575 
-0.013288409 0.013657328 -0.015690417 0.0063609528 -0.019788143 
-0.013290322 0.013691335 -0.015536225 0.0064163233 -0.01947249 
-0.013293192 0.013742374 -0.015304581 0.0064977083 -0.018997989 
-0.013297023 0.013810488 -0.014995027 0.0066031351 -0.018363484 
-0.013301817 0.013895725 -0.014606952 0.0067299235 -0.017567522 
-0.013307579 0.013998148 -0.014139594 0.0068746086 -0.016608366 
-0.013314312 0.014117828 -0.013592022 0.0070329179 -0.015484076 
-0.013322023 0.014254848 -0.01296311 0.0071997532 -0.014192637 
-0.013330718 0.014409297 -0.012251555 0.0073690337 -0.012732056 
-0.013340402 0.01458126 -0.011455883 0.0075335612 -0.01110049 
-0.013351084 0.014770829 -0.010574388 0.0076849818 -0.00929646 
-0.013362771 0.014978092 -0.0096051008 0.0078136737 -0.0073191074 
-0.013375473 0.01520312 -0.008545824 0.0079084979 -0.0051685081 
-0.013389198 0.015445964 -0.007394086 0.0079566549 -0.0028461215 
-0.013403957 0.015706644 -0.006147062 0.0079435396 -0.00035534148 
-0.013419761 0.015985129 -0.004801564 0.0078523906 0.0022978441 
-0.013436621 0.016281312 -0.0033539695 0.0076639609 0.0051039123 
-0.013454548 0.016594979 -0.0018001147 0.0073561224 0.0080484699 
-0.013473557 0.01692576 -0.0001351837 0.0069032359 0.011110458 
-0.01349366 0.017273061 0.0016465093 0.0062753118 0.014259642 
-0.013514874 0.017635964 0.0035517873 0.0054366638 0.017452912 
-0.013537215 0.018013066 0.0055890592 0.0043439021 0.020628553 
-0.013560706 0.018402241 0.0077690892 0.0029427058 0.023697413 
-0.01358537 0.018800253 0.010106168 0.0011622803 0.026528684 
-0.013611242 0.019202117 0.012620186 -0.0010937984 0.028926322 
-0.013638368 0.019600041 0.015339999 -0.0039631915 0.030589999 
-0.013666817 0.019981774 0.0183089 -0.0076497661 0.031053345 
-0.013696688 0.020328379 0.02159194 -0.012457175 0.029601067 
-0.013728121 0.020613026 0.025279908 -0.018807076 0.025223772 
-0.013353208 0.015573407 -0.016596791 0.0076504956 -0.022591682 
-0.013354151 0.015591761 -0.016521113 0.0076758115 -0.022422 
-0.013356039 0.015628485 -0.016369614 0.0077259344 -0.022081978 
-0.013358873 0.01568361 -0.016142049 0.0077997369 -0.021570298 
-0.013362656 0.015757178 -0.015838028 0.0078955663 -0.02088504 
-0.01336739 0.015849252 -0.015457022 0.0080111859 -0.02002365 
-0.013373079 0.015959907 -0.014998378 0.0081437567 -0.01898306 
-0.013379729 0.016089228 -0.014461297 0.0082898008 -0.017759666 
-0.013387344 0.016237315 -0.013844829 0.0084451457 -0.016349336 
-0.013395932 0.016404279 -0.013147881 0.008604857 -0.014747515 
-0.013405498 0.016590238 -0.0123692 0.0087632263 -0.012949404 
-0.01341605 0.016795317 -0.011507364 0.0089136475 -0.010949973 
-0.013427597 0.017019641 -0.010560772 0.009048517 -0.0087441011 
-0.013440147 0.017263332 -0.0095276507 0.0091591898 -0.0063269076 
-0.013453711 0.017526507 -0.0084059978 0.0092359001 -0.003693997 
-0.013468298 0.017809271 -0.00719356 0.0092676202 -0.00084178077 
-0.013483919 0.01811169 -0.0058878636 0.0092418116 0.0022320068 
-0.013500585 0.018433788 -0.004486133 0.0091442826 0.0055276554 
-0.01351831 0.018775526 -0.0029851906 0.0089590021 0.0090425308 
-0.013537104 0.019136755 -0.0013814735 0.0086675343 0.012769823 
-0.013556981 0.019517172 0.00032915662 0.0082485476 0.016696694 
-0.013577956 0.019916261 0.0021516686 0.0076769889 0.020801441 
-0.013600044 0.020333151 0.004092088 0.00692233 0.025049161 
-0.013623264 0.02076643 0.0061581741 0.0059460319 0.029384441 
-0.013647636 0.021213808 0.0083605141 0.004696674 0.033718513 
-0.013673189 0.021671454 0.010714496 0.0031002913 0.037905379 
-0.013699964 0.02213273 0.013244586 0.0010412511 0.04169389 
-0.013728029 0.02258552 0.015993244 -0.0016785569 0.044627476 
-0.013757508 0.023006544 0.019039541 -0.0054266256 0.04583261 
-0.01378863 0.023350912 0.022534134 -0.010900527 0.043626728 
-0.013418018 0.017488123 -0.017501854 0.0089427037 -0.025407233 
-0.013418949 0.017507823 -0.017427629 0.008965879 -0.025226086 
-0.013420811 0.017547238 -0.017279072 0.0090118363 -0.024862951 
-0.013423607 0.017606404 -0.017055963 0.0090796994 -0.024315975 
-0.013427337 0.017685368 -0.016757994 0.0091681587 -0.023582481 
-0.013432007 0.017784205 -0.01638472 0.0092754653 -0.022658808 
-0.01343762 0.017903004 -0.015935583 0.0093994442 -0.021540478 
-0.01344418 0.018041868 -0.015409936 0.0095373882 -0.020222074 
-0.013451694 0.018200911 -0.01480702 0.0096861216 -0.018697339 
-0.013460167 0.01838027 -0.014125939 0.0098419922 -0.01695916 
-0.013469606 0.018580096 -0.013365675 0.010000816 -0.014999577 
-0.013480021 0.018800556 -0.012525102 0.010157794 -0.012809804 
-0.013491419 0.019041818 -0.011602992 0.010307477 -0.010380302 
-0.013503809 0.01930406 -0.010598009 0.010443812 -0.0077009413 
-0.0135172 0.019587471 -0.0095086599 0.01056015 -0.0047610685 
-0.013531604 0.019892246 -0.0083333104 0.010649178 -0.0015496298 
-0.013547031 0.020218574 -0.0070702123 0.010702858 0.001944499 
-0.013563493 0.020566633 -0.0057174714 0.010712373 0.0057322998 
-0.013581001 0.020936584 -0.0042730418 0.010668033 0.009824279 
-0.013599568 0.021328556 -0.0027347067 0.010559261 0.014229713 
-0.013619205 0.021742616 -0.0011000502 0.010374374 0.018955906 
-0.013639925 0.022178757 0.00063362562 0.01010033 0.024007068 
-0.013661742 0.022636845 0.0024694243 0.0097222611 0.029382334 
-0.013684669 0.023116529 0.0044110426 0.009222389 0.035072762 
-0.013708721 0.023617097 0.0064632159 0.008577991 0.041055669 
-0.013733913 0.024137162 0.0086326917 0.0077569598 0.047282875 
-0.013760269 0.024673919 0.010930669 0.0067065229 0.053652722 
-0.013787828 0.025221027 0.013379928 0.0053208253 0.059930049 
-0.013816682 0.025761352 0.016038802 0.0033296244 0.065475109 
-0.013847122 0.026238606 0.019095756 -0.00013839457 0.068181021 
