275.42614 370.37676 452.2976 511.69689 548.82691 
280.27776 374.89422 455.8403 514.03767 550.24491 
285.12733 379.37678 459.32403 516.32125 551.63351 
289.97349 383.82258 462.74826 518.54829 552.99451 
294.81487 388.22987 466.11261 520.7196 554.32976 
299.65005 392.59695 469.41676 522.83606 555.64109 
304.4776 396.92211 472.6604 524.89859 556.93025 
309.29607 401.20376 475.84333 526.90824 558.19903 
314.10395 405.44035 478.96538 528.86611 559.44916 
318.89972 409.63037 482.02645 530.7734 560.68232 
323.68179 413.7724 485.02646 532.63136 561.90017 
328.44857 417.86513 487.96545 534.44134 563.10435 
333.1984 421.90728 490.84346 536.20476 564.29641 
337.92958 425.89766 493.66059 537.92311 565.4779 
342.64038 429.83517 496.41701 539.59793 566.65032 
347.32905 433.71878 499.11293 541.23084 567.8151 
351.99379 437.54753 501.74863 542.82351 568.97368 
356.63277 441.32055 504.32444 544.37767 570.12747 
361.24414 445.03702 506.84074 545.89507 571.27784 
365.82603 448.69618 509.29798 547.3775 572.42617 
275.42614 370.37674 452.29756 511.69685 548.82689 
280.27776 374.89422 455.8403 514.03767 550.24491 
285.12733 379.37677 459.32401 516.32124 551.63349 
289.97349 383.82257 462.74825 518.54828 552.9945 
294.81487 388.22987 466.11261 520.7196 554.32976 
299.65005 392.59694 469.41675 522.83605 555.64109 
304.4776 396.92211 472.66039 524.89858 556.93025 
309.29607 401.20376 475.84332 526.90824 558.19903 
314.10395 405.44035 478.96538 528.86611 559.44916 
318.89972 409.63036 482.02644 530.7734 560.68232 
323.68179 413.7724 485.02646 532.63136 561.90017 
328.44857 417.86512 487.96545 534.44134 563.10434 
333.19839 421.90727 490.84345 536.20476 564.29641 
337.92957 425.89766 493.66059 537.92311 565.47791 
342.64038 429.83517 496.41701 539.59794 566.65032 
347.32905 433.71878 499.11293 541.23085 567.8151 
351.99379 437.54753 501.74863 542.82351 568.97368 
356.63277 441.32055 504.32443 544.37766 570.12746 
361.24415 445.03703 506.84075 545.89507 571.27783 
365.82606 448.69623 509.29803 547.37753 572.42617 
275.42615 370.37673 452.29755 511.69685 548.82689 
280.27776 374.89422 455.8403 514.03767 550.24491 
285.12733 379.37677 459.32401 516.32124 551.6335 
289.97349 383.82258 462.74825 518.54829 552.99451 
294.81487 388.22988 466.11262 520.71961 554.32977 
299.65005 392.59695 469.41676 522.83606 555.64109 
304.47761 396.92212 472.6604 524.89859 556.93025 
309.29608 401.20378 475.84334 526.90825 558.19903 
314.10396 405.44036 478.96539 528.86612 559.44916 
318.89972 409.63037 482.02646 530.77341 560.68232 
323.6818 413.77241 485.02647 532.63137 561.90018 
328.44857 417.86514 487.96546 534.44135 563.10435 
333.1984 421.90729 490.84347 536.20478 564.29642 
337.92958 425.89767 493.6606 537.92313 565.47791 
342.64038 429.83518 496.41702 539.59795 566.65033 
347.32906 433.71879 499.11294 541.23085 567.81511 
351.99379 437.54753 501.74863 542.82351 568.97368 
356.63277 441.32055 504.32443 544.37766 570.12746 
361.24415 445.03703 506.84075 545.89507 571.27783 
365.82607 448.69623 509.29803 547.37753 572.42617 
275.42615 370.37672 452.29754 511.69683 548.82688 
280.27776 374.89421 455.84028 514.03766 550.2449 
285.12733 379.37677 459.32401 516.32124 551.6335 
289.9735 383.82258 462.74825 518.54829 552.99451 
294.81487 388.22987 466.11261 520.7196 554.32976 
299.65005 392.59695 469.41676 522.83606 555.64108 
304.47761 396.92212 472.6604 524.89859 556.93025 
309.29608 401.20378 475.84333 526.90824 558.19903 
314.10396 405.44036 478.96539 528.86612 559.44916 
318.89972 409.63037 482.02646 530.77342 560.68232 
323.68179 413.77241 485.02648 532.63137 561.90018 
328.44857 417.86514 487.96547 534.44136 563.10435 
333.1984 421.90729 490.84348 536.20478 564.29643 
337.92958 425.89767 493.66061 537.92313 565.47792 
342.64039 429.83518 496.41703 539.59795 566.65033 
347.32906 433.71879 499.11294 541.23085 567.8151 
351.99379 437.54753 501.74862 542.82351 568.97368 
356.63277 441.32055 504.32443 544.37766 570.12746 
361.24415 445.03704 506.84076 545.89508 571.27784 
365.82607 448.69624 509.29804 547.37754 572.42617 
275.42615 370.37672 452.29754 511.69684 548.82689 
280.27776 374.89422 455.84029 514.03767 550.24491 
285.12734 379.37678 459.32402 516.32125 551.63351 
289.9735 383.82258 462.74826 518.54829 552.99451 
294.81488 388.22989 466.11263 520.71961 554.32977 
299.65006 392.59696 469.41677 522.83606 555.64108 
304.47761 396.92213 472.66042 524.8986 556.93024 
309.29608 401.20379 475.84335 526.90825 558.19903 
314.10396 405.44037 478.96541 528.86614 559.44916 
318.89972 409.63039 482.02647 530.77343 560.68232 
323.6818 413.77242 485.02649 532.63139 561.90018 
328.44858 417.86515 487.96548 534.44137 563.10436 
333.1984 421.9073 490.84349 536.2048 564.29643 
337.92959 425.89769 493.66062 537.92315 565.47793 
342.64039 429.8352 496.41704 539.59796 566.65033 
347.32906 433.7188 499.11295 541.23086 567.81511 
351.99379 437.54754 501.74863 542.82352 568.97368 
356.63276 441.32055 504.32444 544.37767 570.12746 
361.24414 445.03704 506.84077 545.89509 571.27784 
365.82607 448.69623 509.29804 547.37754 572.42617 
275.42615 370.37673 452.29754 511.69684 548.82689 
280.27777 374.89423 455.8403 514.03768 550.24492 
285.12734 379.37678 459.32402 516.32125 551.63351 
289.97351 383.82259 462.74827 518.5483 552.99451 
294.81489 388.22989 466.11263 520.71961 554.32976 
299.65006 392.59697 469.41677 522.83606 555.64107 
304.47761 396.92214 472.66042 524.89859 556.93024 
309.29608 401.20379 475.84335 526.90825 558.19902 
314.10395 405.44036 478.9654 528.86613 559.44915 
318.89972 409.63038 482.02647 530.77342 560.68232 
323.6818 413.77242 485.02649 532.63139 561.90019 
328.44858 417.86515 487.96548 534.44138 563.10437 
333.19841 421.9073 490.84349 536.2048 564.29644 
337.92959 425.89769 493.66063 537.92315 565.47794 
342.64039 429.8352 496.41704 539.59797 566.65034 
347.32906 433.7188 499.11295 541.23086 567.81511 
351.99379 437.54754 501.74864 542.82353 568.97368 
356.63276 441.32056 504.32445 544.37768 570.12747 
361.24414 445.03704 506.84078 545.89509 571.27784 
365.82607 448.69623 509.29804 547.37754 572.42617 
275.42615 370.37674 452.29756 511.69686 548.82689 
280.27777 374.89424 455.8403 514.03768 550.24492 
285.12735 379.37679 459.32404 516.32126 551.63351 
289.97352 383.8226 462.74827 518.5483 552.99451 
294.81489 388.2299 466.11263 520.71961 554.32976 
299.65007 392.59697 469.41678 522.83606 555.64107 
304.47762 396.92214 472.66042 524.89859 556.93023 
309.29608 401.20379 475.84335 526.90824 558.19901 
314.10395 405.44036 478.9654 528.86612 559.44914 
318.89971 409.63038 482.02647 530.77342 560.68232 
323.68179 413.77242 485.02649 532.63139 561.90019 
328.44858 417.86515 487.96549 534.44139 563.10438 
333.19841 421.9073 490.8435 536.20482 564.29645 
337.92959 425.89769 493.66063 537.92316 565.47795 
342.64039 429.8352 496.41704 539.59797 566.65035 
347.32906 433.7188 499.11296 541.23087 567.81512 
351.99378 437.54755 501.74865 542.82354 568.97369 
356.63276 441.32057 504.32447 544.37769 570.12747 
361.24414 445.03704 506.84078 545.8951 571.27784 
365.82607 448.69623 509.29805 547.37755 572.42617 
275.42615 370.37674 452.29756 511.69686 548.8269 
280.27777 374.89425 455.84032 514.0377 550.24493 
285.12736 379.3768 459.32405 516.32127 551.63351 
289.97352 383.82261 462.74828 518.54831 552.99451 
294.8149 388.22991 466.11264 520.71961 554.32975 
299.65007 392.59698 469.41678 522.83605 555.64106 
304.47762 396.92214 472.66042 524.89858 556.93022 
309.29607 401.20378 475.84334 526.90823 558.199 
314.10395 405.44036 478.96539 528.86612 559.44914 
318.89971 409.63037 482.02646 530.77342 560.68232 
323.68179 413.77242 485.0265 532.6314 561.9002 
328.44858 417.86515 487.96549 534.44139 563.10439 
333.19841 421.9073 490.8435 536.20482 564.29646 
337.92959 425.89769 493.66063 537.92316 565.47795 
342.64039 429.8352 496.41704 539.59797 566.65036 
347.32906 433.7188 499.11296 541.23088 567.81513 
351.99378 437.54755 501.74866 542.82354 568.9737 
356.63276 441.32057 504.32448 544.3777 570.12747 
361.24414 445.03705 506.8408 545.89511 571.27784 
365.82608 448.69625 509.29807 547.37756 572.42617 
275.42615 370.37674 452.29757 511.69687 548.8269 
280.27778 374.89425 455.84033 514.03771 550.24493 
285.12736 379.37681 459.32405 516.32128 551.63351 
289.97353 383.82262 462.74829 518.54831 552.99451 
294.8149 388.22991 466.11264 520.7196 554.32974 
299.65007 392.59698 469.41678 522.83604 555.64105 
304.47761 396.92214 472.66042 524.89857 556.93021 
309.29607 401.20378 475.84334 526.90823 558.199 
314.10394 405.44035 478.96539 528.86612 559.44914 
318.89971 409.63037 482.02646 530.77342 560.68232 
323.68179 413.77241 485.0265 532.6314 561.9002 
328.44858 417.86515 487.9655 534.44139 563.10439 
333.19841 421.9073 490.8435 536.20481 564.29646 
337.92959 425.89768 493.66063 537.92315 565.47796 
342.64039 429.83519 496.41704 539.59797 566.65036 
347.32905 433.7188 499.11297 541.23088 567.81513 
351.99378 437.54756 501.74867 542.82355 568.9737 
356.63276 441.32058 504.32449 544.37771 570.12748 
361.24414 445.03706 506.84081 545.89512 571.27785 
365.82609 448.69627 509.29809 547.37758 572.42618 
275.42615 370.37675 452.29757 511.69687 548.8269 
280.27778 374.89425 455.84033 514.03771 550.24493 
285.12736 379.37681 459.32406 516.32128 551.63352 
289.97353 383.82262 462.7483 518.54831 552.99451 
294.8149 388.22992 466.11265 520.71961 554.32974 
299.65007 392.59698 469.41678 522.83604 555.64105 
304.47761 396.92214 472.66041 524.89857 556.93021 
309.29606 401.20378 475.84334 526.90823 558.199 
314.10394 405.44035 478.96539 528.86612 559.44914 
318.8997 409.63036 482.02646 530.77342 560.68233 
323.68179 413.77241 485.0265 532.6314 561.9002 
328.44858 417.86514 487.96549 534.44139 563.10439 
333.19841 421.9073 490.8435 536.20481 564.29646 
337.92959 425.89768 493.66062 537.92315 565.47796 
342.64039 429.8352 496.41704 539.59797 566.65036 
347.32906 433.71881 499.11297 541.23088 567.81513 
351.99378 437.54756 501.74868 542.82355 568.9737 
356.63276 441.32059 504.3245 544.37772 570.12748 
361.24415 445.03708 506.84083 545.89513 571.27785 
365.82609 448.69629 509.29811 547.37759 572.42618 
