33244.106 -591193.97 -28180.207 580895.12 0 0 0 0 0 0 
-591193.95 15046513 598240.02 -15000117 0 0 0 0 0 0 
-28180.205 598239.99 56453.373 -1181499.4 -28180.207 580895.12 0 0 0 0 
580895.1 -15000117 -1181499.4 30060367 598240.02 -15000117 0 0 0 0 
0 0 -28180.205 598239.99 56453.373 -1181499.4 -28180.207 580895.12 0 0 
0 0 580895.1 -15000117 -1181499.4 30060367 598240.02 -15000117 0 0 
0 0 0 0 -28180.205 598239.99 56453.373 -1181499.4 -28180.207 580895.12 
0 0 0 0 580895.1 -15000117 -1181499.4 30060367 598240.02 -15000117 
0 0 0 0 0 0 -28180.205 598239.99 33240.389 -591096.77 
0 0 0 0 0 0 580895.1 -15000117 -591096.79 15043974 
