13.515955 0.52963016 0.0022382711 0.0013198221 -0.00038812004 10.686944 0.41966711 -0.00059540682 0.00030072293 6.4322975e-05 7.8716008 0.30948078 4.0483937e-07 1.1142367e-06 3.1966987e-07 5.0562513 0.19871235 9.0084941e-05 4.9503192e-05 -1.2102609e-05 2.23874 0.087708223 -0.00039044467 0.00020949645 3.9112267e-05 
0.53310342 0.020925443 8.8630145e-05 5.4783615e-05 -1.5477568e-05 0.42156716 0.016554898 -2.3059785e-05 1.1623086e-05 2.4886469e-06 0.31051049 0.012208069 1.9063544e-08 4.2102063e-08 1.2718098e-08 0.19945359 0.0078385922 3.5536724e-06 1.9527039e-06 -4.774194e-07 0.088311421 0.0034598202 -1.5401844e-05 8.2639919e-06 1.542859e-06 
-0.002217046 -8.6544882e-05 5.7451989e-06 -3.9717925e-07 8.0843986e-07 -0.0017647719 -6.9726787e-05 -4.4404682e-07 2.4390514e-07 4.6498895e-08 -0.0012998475 -5.1107282e-05 -3.1477341e-09 1.6841873e-09 -2.5601946e-10 -0.00083494563 -3.2813747e-05 -1.4989116e-08 -8.1230402e-09 2.0090747e-09 -0.00036968583 -1.4483364e-05 6.447518e-08 -3.4594617e-08 -6.4588206e-09 
-0.0013227618 -4.9118294e-05 -3.9681658e-07 2.219035e-06 3.9198436e-07 -0.0010458173 -4.1334752e-05 -2.600069e-07 1.3482661e-07 2.4468253e-08 -0.00077031064 -3.028638e-05 -1.0777466e-09 5.6821309e-10 -2.1673844e-10 -0.00049480223 -1.9445949e-05 -8.8755039e-09 -4.8177238e-09 1.1905512e-09 -0.0002190817 -8.5830715e-06 3.820914e-08 -2.0501378e-08 -3.8276071e-09 
0.00038993977 1.5114449e-05 8.0843379e-07 3.9215544e-07 2.1518944e-06 0.00030823922 1.2236352e-05 7.1977028e-08 -4.3496348e-09 -1.4565007e-08 0.00022704642 8.9217269e-06 -5.3341677e-09 2.5488659e-09 6.5764698e-10 0.00014584074 5.7316235e-06 2.6318098e-09 1.4155649e-09 -3.5782458e-10 6.4572621e-05 2.5297922e-06 -1.1263026e-08 6.0431204e-09 1.1283089e-09 
10.708415 0.41966233 0.0017615793 0.0010457705 -0.00030758889 24.272641 0.95397334 -0.00045745479 0.00023962522 5.1200366e-05 17.878355 0.70290693 9.8449513e-07 1.9154175e-06 1.5608089e-06 11.483999 0.45132515 0.00020479477 0.00011235042 -2.7510326e-05 5.084732 0.19920706 -0.00088679831 0.000475819 8.8834016e-05 
0.42152462 0.016519848 6.8917748e-05 4.08997e-05 -1.1975969e-05 0.95477541 0.037559942 -1.8110922e-05 1.2259149e-05 1.8673441e-06 0.70329716 0.02765122 4.8099898e-07 -1.7181783e-07 1.084997e-08 0.45175657 0.017754192 8.0592758e-06 4.4177783e-06 -1.0820738e-06 0.20002281 0.0078363924 -3.4884704e-05 1.8717685e-05 3.4945374e-06 
0.00059164684 2.3612962e-05 -4.4395467e-07 -2.5984312e-07 7.197789e-08 0.00048203659 1.8826769e-05 5.5129014e-06 1.4344336e-07 8.0163963e-07 0.00034409033 1.3100181e-05 -5.4533963e-07 2.9535389e-07 5.6909159e-08 0.00022099219 8.6826418e-06 7.5018711e-10 4.0766545e-09 -7.2210639e-10 9.7777047e-05 3.8305533e-06 -1.7166029e-08 9.2014107e-09 1.7180278e-09 
-0.00029732079 -1.1891058e-05 2.4408514e-07 1.3487997e-07 -4.3895909e-09 -0.00023374967 -6.3524364e-06 1.4338279e-07 2.0602501e-06 2.8930927e-07 -0.00017212178 -7.0200406e-06 -3.0151046e-07 1.552045e-07 2.9465033e-08 -0.00011058436 -4.3466283e-06 -2.8606742e-09 -4.8462638e-10 7.841872e-11 -4.8999103e-05 -1.9197169e-06 8.4876759e-09 -4.5596198e-09 -8.5022421e-10 
-6.3813937e-05 -2.5494719e-06 4.6505491e-08 2.4460053e-08 -1.4567871e-08 -5.0203851e-05 -2.1195377e-06 8.0163529e-07 2.8930492e-07 2.1298414e-06 -3.7049233e-05 -1.3226563e-06 9.21811e-08 -1.4967822e-08 -1.6577385e-08 -2.3776923e-05 -9.3922718e-07 -5.6885446e-09 2.2447545e-09 6.9941941e-10 -1.050715e-05 -4.1161008e-07 1.8674843e-09 -9.9493487e-10 -1.9270492e-10 
7.8874054 0.30910705 0.0012975281 0.00077027299 -0.00022654834 17.878348 0.70270602 -0.00034783673 0.00017658187 3.7621969e-05 27.877238 1.0960798 1.6014522e-05 2.9496765e-06 2.951418e-06 17.906735 0.70374092 0.00031940171 0.00017514414 -4.2904177e-05 7.9285057 0.31061898 -0.0013827635 0.00074193318 0.00013851684 
0.31010244 0.012152902 5.1011491e-05 3.0283415e-05 -8.9118664e-06 0.7029084 0.027628048 -1.4103717e-05 6.6896401e-06 1.6131267e-06 1.0960831 0.043130871 5.2491944e-07 2.943474e-06 -3.1877474e-08 0.70410032 0.027671718 1.3001353e-05 6.6396124e-06 -1.737561e-06 0.31175421 0.012213751 -5.4368211e-05 2.9171362e-05 5.4467762e-06 
-5.8230652e-07 -1.9729372e-08 -3.1735553e-09 -1.093408e-09 -5.3296509e-09 -1.3854392e-06 3.8781551e-07 -5.4533241e-07 -3.0151428e-07 9.2180308e-08 1.2261626e-05 3.7735438e-07 5.5369588e-06 1.3132709e-07 7.9901193e-07 -3.023513e-06 -5.4689319e-07 -5.4550055e-07 2.9523696e-07 5.6914584e-08 -3.4568575e-06 -1.3789248e-07 -2.4795039e-09 1.6981079e-09 -3.3637442e-10 
-6.6061439e-09 -2.1081694e-09 1.8648332e-09 6.7538539e-10 2.5173005e-09 5.7357051e-07 -2.246192e-07 2.9530582e-07 1.5522863e-07 -1.4962641e-08 1.3879231e-06 2.8820671e-06 1.3132743e-07 2.0663156e-06 2.9062718e-07 5.5866976e-07 -2.309051e-07 -3.0150856e-07 1.5521877e-07 2.947504e-08 -3.6083888e-07 -1.4787434e-08 -7.7280641e-10 6.1440201e-10 -2.3002864e-10 
-2.4120626e-07 -9.3452894e-09 -2.4218874e-10 -2.0854705e-10 6.5523604e-10 -1.3738127e-06 -1.0455067e-07 5.6905956e-08 2.9466428e-08 -1.6577056e-08 -2.3568912e-06 -2.4060445e-07 7.9901209e-07 2.9062675e-07 2.1301246e-06 -3.7311623e-06 -1.257177e-08 9.1985761e-08 -1.5070974e-08 -1.6548936e-08 -4.9829052e-06 -1.9994573e-07 -4.4358264e-09 2.0231679e-09 5.3506825e-10 
5.0664028 0.19855209 0.00083345449 0.00049477727 -0.0001455207 11.483992 0.45137666 -0.0002233706 0.00011344807 2.4161268e-05 17.906728 0.70409534 2.1123444e-06 2.3403297e-06 3.9508349e-06 24.329402 0.95621021 0.00044845918 0.00023817191 -5.8148236e-05 10.772274 0.42203065 -0.0018787428 0.0010080413 0.00018820202 
0.19926035 0.0078090041 3.2779448e-05 1.9459408e-05 -5.7232581e-06 0.45166233 0.017752526 -8.7875329e-06 4.4612578e-06 9.4547011e-07 0.70426674 0.027692207 -3.4496492e-07 -1.608095e-07 2.8948845e-07 0.95692487 0.03764466 1.7546403e-05 1.2202124e-05 -2.4368122e-06 0.42401595 0.016612209 -7.3510778e-05 3.9425888e-05 7.361646e-06 
-9.1059212e-05 -3.5685085e-06 -1.5092836e-08 -8.9524011e-09 2.6488579e-09 -0.00020658833 -8.1168489e-06 8.2758672e-10 -2.9294792e-09 -5.6991809e-09 -0.00032222355 -1.2227535e-05 -5.4548548e-07 -3.0156062e-07 9.1980584e-08 -0.00042340827 -1.6735181e-05 5.515134e-06 1.1939326e-07 8.0207015e-07 -0.00055298439 -2.2090387e-05 -4.4660097e-07 2.4965259e-07 4.2136028e-08 
-4.9337386e-05 -1.9335749e-06 -8.0649192e-09 -4.7916438e-09 1.4048321e-09 -0.00011175147 -4.3942283e-06 4.0882645e-09 -5.0669842e-10 2.242256e-09 -0.00017422013 -7.0974902e-06 2.9524564e-07 1.5519058e-07 -1.5073076e-08 -0.00023645475 -6.4601281e-06 1.1947338e-07 2.059835e-06 2.9227719e-07 -0.00030003964 -1.2005906e-05 -2.4872534e-07 1.2991723e-07 2.1711529e-08 
1.231868e-05 4.8275988e-07 2.0370286e-09 1.2092045e-09 -3.6256271e-10 2.7944495e-05 1.0984795e-06 -7.3626178e-10 8.9569118e-11 7.0125487e-10 4.3584697e-05 1.6632061e-06 5.6912566e-08 2.9482063e-08 -1.654822e-08 5.9374693e-05 2.1841545e-06 8.0207249e-07 2.9228926e-07 2.1297778e-06 7.4701059e-05 3.0569659e-06 8.4308793e-08 -4.8385423e-09 -1.6954877e-08 
2.2476225 0.088084221 0.0003697474 0.00021949914 -6.4556958e-05 5.0946742 0.20024538 -9.9024948e-05 5.0364576e-05 1.0698462e-05 7.9440087 0.31235759 3.0615852e-06 1.6419841e-06 5.0728853e-06 10.793349 0.42394139 0.00054912327 0.00029985027 -7.3855604e-05 13.629456 0.53402408 -0.0023625636 0.0012756494 0.0002382515 
0.088687708 0.0034756671 1.4589661e-05 8.6610972e-06 -2.547319e-06 0.20102797 0.0079013733 -3.9074774e-06 1.9872535e-06 4.2217841e-07 0.3134583 0.01232515 1.1834895e-07 6.4140879e-08 1.9544855e-07 0.42588885 0.016728398 2.1242565e-05 1.1580998e-05 -2.7840149e-06 0.53785337 0.021109343 -9.3753709e-05 5.2980235e-05 9.2610902e-06 
0.00039061846 1.5308319e-05 6.4259662e-08 3.8147627e-08 -1.1220788e-08 0.00088541474 3.4801192e-05 -1.7322851e-08 8.6951143e-09 1.8942367e-09 0.0013806094 5.4288395e-05 -2.5441265e-09 -5.4864914e-10 -4.4129168e-09 0.0018757899 7.4116355e-05 -4.4655319e-07 -2.4835434e-07 8.4312039e-08 0.0023831193 9.2838055e-05 5.6515876e-06 6.4251514e-07 7.5802065e-07 
-0.00020928584 -8.2019022e-06 -3.4428994e-08 -2.0438699e-08 6.01173e-09 -0.0004743879 -1.864579e-05 9.2721674e-09 -4.6641141e-09 -1.0078428e-09 -0.00073970331 -2.9087006e-05 1.7331671e-09 4.943396e-10 2.0115386e-09 -0.0010050248 -3.9727345e-05 2.4969825e-07 1.2975713e-07 -4.850255e-09 -0.0012688429 -4.7064948e-05 6.4222209e-07 2.1508579e-06 1.6361744e-07 
-3.9116404e-05 -1.5329699e-06 -6.4350479e-09 -3.820149e-09 1.1236966e-09 -8.8665332e-05 -3.4849857e-06 1.7331521e-09 -8.7070695e-10 -1.9532157e-10 -0.00013825415 -5.4359381e-06 -3.2990549e-10 -2.5248155e-10 5.3278076e-10 -0.00018784063 -7.424242e-06 4.2131494e-08 2.1674602e-08 -1.695572e-08 -0.00023706196 -9.4274377e-06 7.5799139e-07 1.6356329e-07 2.2488591e-06 
