/*--------------------------------*- C++ -*----------------------------------*\
  =========                 |
  \\      /  F ield         | OpenFOAM: The Open Source CFD Toolbox
   \\    /   O peration     | Website:  https://openfoam.org
    \\  /    A nd           | Version:  dev
     \\/     M anipulation  |
\*---------------------------------------------------------------------------*/
FoamFile
{
    format      ascii;
    class       volScalarField;
    location    "2";
    object      gradTy;
}
// * * * * * * * * * * * * * * * * * * * * * * * * * * * * * * * * * * * * * //

dimensions      [0 -1 0 1 0 0 0];

internalField   nonuniform List<scalar> 
5712
(
-0.00039094
-12.3315
4.1641e-06
-2.29187
1.81145e-05
-0.788356
8.662e-05
-0.224335
-7.4943e-05
-1.18772
-0.000690928
-3.07069
-0.000924911
0.792644
-0.000526717
-7.71444
-4.63544e-05
7.64176e-09
6.85912e-05
0.000169497
3.28011e-05
1.16813e-08
-0.000785017
7.08653e-05
2.70563e-05
-5.64955e-05
0.649336
0.651037
1.57972e-05
-0.000146893
0.00362372
0.0692259
-0.00112388
-7.39774e-05
-0.000855167
-7.26962e-08
-0.000416938
-0.000391406
0.28307
-0.411216
-0.00546112
-0.00641465
0.270971
-0.314309
-0.000921573
-0.0012255
-0.437226
-0.391712
0.00941033
0.00790735
-0.712423
-0.792169
0.0207575
272.196
0.0211481
287.618
0.0148883
243.906
-1.08029
278.966
0.00683582
199.586
0.00945116
212.49
0.255253
204.52
0.849955
196.267
-1.12623e-08
-7.61296e-11
3.37966e-08
-4.76366e-11
-2.87441e-10
0
6.7034e-09
2.18291e-12
-0.000124402
2.39676e-07
-0.000135715
-1.32226e-07
-2.93341e-05
2.88478e-10
2.57343e-05
5.42342e-10
-2.39251e-05
-6.65524e-10
-3.06777e-06
-2.95234e-11
-2.16039e-05
2.20861e-07
-3.84589e-05
1.22294e-07
0.00708181
209.765
0.0108201
223.37
0.00702241
204.005
0.010855
232.703
0.0069102
206.156
0.0109161
224.728
0.00672356
198.238
0.0112703
233.457
0.0208423
0.0203928
272.057
271.989
0.0138172
0.0132073
246.721
247.335
0.00798821
0.00736891
213.545
212.242
-1.09489e-08
-6.24632e-12
-0.000140802
0.00684826
195.45
-3.37003e-12
-1.00593e-08
-0.000145142
0.00374971
188.391
-7.05279e-14
-2.37413e-10
-9.66822e-07
0.0100599
242.546
0.000315366
6.47001e-09
2.73393e-05
-5.90181e-07
0.000278265
5.63307e-09
-0.000106464
2.60844e-06
0.000269676
5.45712e-09
-0.000113821
1.36525e-05
0
1.21824e-14
-8.47626e-10
5.54769e-14
1.00159e-08
5.53643e-10
0.00043068
1.09943e-08
-0.000117262
4.60843e-05
-8.5237e-14
9.81424e-14
6.40281e-12
1.14749e-13
4.1017e-08
1.44443e-09
0.000630823
1.78345e-08
-0.000244138
3.46424e-05
2.84263e-11
3.59067e-14
2.23479e-11
1.71479e-13
0
-7.4077e-14
4.47088e-14
2.51412e-14
2.6917e-08
1.02116e-09
4.28851e-08
1.42933e-09
1.19576e-11
-3.05024e-15
2.86972e-12
1.78744e-13
-4.81191e-14
5.23183e-14
-1.43486e-13
5.66472e-14
1.92502e-08
8.14525e-10
1.0902e-08
7.05518e-10
0.000381734
1.07087e-08
4.43105e-05
-4.06e-06
0.000561847
1.5599e-08
7.90533e-05
-5.35819e-06
0.000301964
7.9048e-09
2.97804e-05
-3.63063e-06
0.000205312
5.94727e-09
3.43725e-05
-6.03654e-06
9.65006e-13
1.48467e-13
6.92405e-14
-1.48605e-11
1.86762e-13
1.03986e-13
-2.48418e-12
0
-5.05842e-14
1.3847e-10
-2.34231e-14
-4.54361e-14
-1.02553e-11
0
0
5.17889e-10
-1.46664e-13
-4.19222e-14
-5.77441e-14
-1.37146e-13
-3.24532e-14
1.62541e-14
-1.12575e-13
-2.95643e-14
3.8614e-14
1.03659e-13
-3.03537e-14
-2.83722e-11
-2.93833e-15
3.22568e-14
1.97798e-09
-1.51008e-12
-2.14712e-14
3.76709e-14
2.16111e-14
2.43696e-14
-4.3621e-14
5.01756e-14
-1.14785e-13
4.038e-14
4.42222e-14
0
5.41872e-11
-7.97023e-14
1.25111e-13
1.54133e-09
2.86746e-12
0
-2.81767e-10
-8.33839e-14
-5.34417e-08
-4.50106e-10
-8.10839e-08
1.6005e-09
-0.00082986
-5.19811e-08
1.76572e-13
-4.47803e-14
-5.40817e-14
6.54126e-14
0
4.86906e-14
-1.74764e-11
-1.37373e-13
-8.52447e-12
-2.15981e-13
5.36609e-14
-2.479e-13
-1.01602e-13
0
1.21772e-08
3.46151e-09
0.000183309
2.4656e-05
-1.79435e-09
-1.96744e-09
3.12631e-12
2.7919e-12
-2.93456e-13
-1.62615e-13
1.59629e-15
-2.78019e-15
0
-4.78042e-14
-5.67649e-14
8.76896e-14
-8.61506e-14
7.09531e-14
2.39896e-13
-1.91448e-14
-6.30824e-14
2.7135e-14
-6.05328e-14
-4.88073e-14
5.89359e-14
3.10899e-14
1.18878e-13
-4.05709e-14
1.76775e-14
5.09191e-14
1.07019e-13
6.42773e-14
-7.73374e-11
6.53636e-14
1.20035e-13
0
3.46595e-14
5.46688e-14
7.35207e-11
-1.27229e-13
9.2091e-12
7.70993e-14
8.12289e-09
-2.24677e-11
8.64394e-10
-2.49173e-12
5.32153e-14
0
-4.78337e-14
0
1.33755e-14
1.33079e-14
4.53479e-14
0
-5.5218e-14
6.34572e-14
3.18326e-14
1.70297e-14
-1.13833e-13
0
6.73859e-14
2.47005e-14
1.12878e-13
-5.89467e-15
4.42014e-14
-2.66854e-14
4.01795e-14
0
-6.73456e-15
1.40853e-14
-1.45827e-13
4.29125e-14
-5.77648e-14
2.25756e-14
0
0
0
0
4.99568e-14
1.45022e-13
0
1.3746e-14
0
6.6079e-14
7.11356e-14
1.75891e-13
-2.89131e-14
-9.10613e-14
8.81599e-14
-2.6111e-14
7.78831e-14
2.84945e-15
6.91779e-14
4.08178e-14
4.38062e-14
-3.41425e-14
-6.2283e-15
-3.34792e-14
3.47416e-14
-3.80535e-14
-5.47607e-14
2.93839e-14
5.9015e-14
0
-1.68996e-14
8.86981e-14
8.52713e-14
-1.19658e-13
-5.54769e-14
-8.073e-14
0
-2.2759e-14
3.20072e-14
3.19039e-14
3.39142e-14
-9.18942e-14
-3.57798e-14
-3.9513e-14
-1.06716e-13
-3.92218e-14
4.43958e-14
-4.32791e-14
-9.20794e-15
9.03865e-14
-1.49804e-14
-4.0667e-14
8.63701e-14
-1.40553e-13
2.36169e-14
-5.6471e-14
5.55349e-14
-5.10176e-14
-1.13249e-13
1.66269e-13
-1.99452e-14
4.16875e-14
-1.83666e-13
1.20298e-13
-9.45574e-14
2.39143e-14
-3.12802e-14
-4.77871e-14
2.60301e-14
1.91315e-13
-1.44978e-13
0
-5.34442e-14
0
3.33369e-14
8.80051e-14
-4.61994e-14
-5.18263e-14
-6.78768e-14
0
-5.78712e-14
0
3.30718e-14
-6.96817e-14
2.70247e-14
3.55219e-14
8.42262e-14
0
1.14545e-13
4.76484e-15
-4.93233e-14
1.11347e-13
-1.1135e-13
0
-2.27686e-14
8.0041e-14
-7.79895e-14
2.07015e-13
-5.03558e-14
1.01168e-13
1.03125e-13
-4.68463e-14
4.54361e-14
3.77032e-14
3.21146e-14
-2.79041e-14
7.23333e-14
-4.19041e-14
-8.38444e-14
9.23839e-14
8.38076e-14
1.08176e-14
-8.12706e-14
7.50498e-14
0
-7.72279e-14
-5.18296e-14
-6.07073e-14
8.46553e-15
2.79141e-14
4.21819e-14
-1.74548e-14
-6.29198e-14
4.29424e-14
7.53396e-14
4.32211e-14
-4.87386e-14
8.7242e-14
-2.00702e-13
0
-4.038e-14
-4.42222e-14
9.48683e-14
-7.47925e-14
1.19553e-13
0
0
2.20574e-14
-9.71527e-14
0
-2.03916e-14
1.10553e-14
-2.5663e-14
5.8443e-14
-3.26417e-16
-4.75706e-14
-1.40027e-14
1.9758e-14
3.9516e-14
-1.59025e-14
0
3.32775e-14
-6.65551e-14
-3.02619e-14
1.29094e-14
0
5.83726e-14
0
-5.16077e-14
0
0
-1.27217e-14
8.2577e-15
7.18685e-14
1.17789e-15
-4.44474e-14
-8.05303e-14
2.42154e-14
-2.42162e-14
-4.8432e-14
4.84312e-14
-5.11938e-14
2.5557e-14
-1.17568e-14
-1.26192e-14
-6.44986e-14
3.87852e-14
5.94612e-14
-1.03035e-14
0
-3.14003e-14
-4.02977e-14
5.86827e-14
-4.65615e-14
0
1.79656e-14
5.21355e-14
9.16838e-14
-4.07597e-16
8.76251e-15
-5.33671e-14
4.65927e-14
-2.42738e-17
-6.50861e-15
-6.66077e-14
-1.81668e-16
-1.81668e-16
-2.44964e-14
6.57367e-15
-4.33365e-14
-2.16682e-14
5.85965e-14
1.59683e-14
3.40961e-14
0
-8.15188e-14
-7.37322e-15
-3.02218e-16
-1.84397e-14
3.76887e-14
-4.11954e-14
0
0
3.4054e-14
0
-1.33031e-15
-4.12493e-14
-3.26638e-14
-1.33247e-14
-2.04069e-14
6.12206e-14
-9.82916e-14
0
-2.38856e-14
-7.16071e-14
6.45972e-14
7.61778e-14
-4.38839e-14
0
1.97059e-14
-1.99303e-14
0
0
-5.32566e-14
4.90204e-14
4.03372e-14
-4.03372e-14
0
-4.60811e-14
0
0
3.86907e-14
2.5747e-14
-3.54377e-14
7.08755e-14
2.45537e-14
-9.00807e-14
-5.44596e-14
-1.73283e-14
7.96612e-15
0
-1.62106e-14
1.1576e-15
3.21752e-14
7.53388e-16
-3.61124e-15
-3.61124e-15
9.49966e-15
-2.32079e-14
3.51567e-14
-5.2735e-14
-1.1694e-14
2.17978e-14
0
0
3.3088e-14
5.02933e-14
3.61394e-14
-3.61394e-14
-4.26122e-14
0
2.901e-14
4.3515e-14
3.18469e-14
-4.44637e-14
3.23902e-14
0
-5.18581e-14
2.10847e-14
-5.11399e-14
0
0
6.89361e-14
3.6705e-15
3.6705e-15
1.64406e-14
-3.48543e-14
-7.56033e-14
9.07239e-14
2.80529e-14
-2.61546e-14
0
8.54262e-14
2.396e-14
-7.39804e-14
-3.74375e-14
5.03079e-14
-1.83626e-15
-6.68342e-14
-1.24507e-13
3.90795e-14
7.62047e-14
6.77728e-14
-1.71797e-14
-3.4952e-14
2.22109e-15
4.36212e-14
0
-4.33136e-14
-2.4072e-14
5.41157e-14
-9.23764e-14
-1.14017e-15
-1.14017e-15
-1.14017e-15
3.64945e-14
-5.65421e-14
-5.65421e-14
3.5772e-14
-1.15364e-15
-3.81562e-14
-1.86227e-14
-2.19043e-15
-2.19043e-15
-2.19043e-15
0
3.93219e-14
0
0
-3.93219e-14
-5.89828e-14
-2.52105e-14
5.58217e-14
1.80028e-15
2.8811e-14
0
0
0
0
0
0
2.19336e-15
8.44644e-14
2.19336e-15
-1.42608e-14
1.86476e-14
-4.92551e-19
-6.054e-14
-4.92551e-19
-4.92551e-19
0
-2.37418e-14
1.81567e-14
1.81567e-14
-2.37418e-14
0
4.69114e-14
6.25485e-14
0
-6.25485e-14
-4.69114e-14
0
0
4.01807e-14
-4.01807e-14
-2.00904e-14
8.45056e-14
6.98224e-16
6.98224e-16
-2.02536e-14
-6.28555e-14
-5.23779e-14
5.23779e-14
5.23779e-14
0
0
0
2.39145e-14
0
0
0
-7.44092e-16
-4.54005e-14
-7.44092e-16
4.39123e-14
0
7.15329e-14
4.76886e-14
0
-4.76886e-14
-7.15329e-14
5.5391e-14
1.27737e-15
1.27737e-15
1.27737e-15
0
5.20045e-16
7.18579e-14
5.20045e-16
-3.51489e-14
3.62633e-14
-1.82978e-14
-3.66052e-14
3.66243e-14
9.53277e-18
0
1.55976e-16
1.55976e-16
1.55976e-16
3.75994e-14
0
-5.1557e-14
-5.1557e-14
0
5.1557e-14
5.1557e-14
-8.84661e-14
-4.6997e-14
3.59412e-14
1.52067e-14
-5.52787e-15
1.59195e-14
0
3.1839e-14
3.1839e-14
-3.1839e-14
1.25057e-13
5.72533e-14
1.2051e-14
1.2051e-14
1.2051e-14
-4.25021e-15
4.35764e-14
-4.25021e-15
-4.25021e-15
-4.25021e-15
0.00515076
2.25902e-07
0.00528732
1.90286e-07
0.00522892
7.39423e-07
0.00509095
5.5831e-06
0.00531102
2.84613e-05
0.00522114
3.44179e-05
0.00530269
5.02167e-05
0.00512176
1.16603e-05
0.00525512
1.08767e-06
0.00539217
2.50574e-05
-8.9828e-08
3.1637e-05
3.16838e-05
2.48284e-07
4.18439e-08
5.82747e-08
4.8801e-08
1.7359e-08
0.00552161
2.59969e-05
-7.77406e-08
3.27913e-05
3.28317e-05
2.18148e-07
3.86631e-08
4.19318e-08
4.91735e-08
2.67935e-08
0.00547959
2.643e-05
-1.17416e-08
3.33166e-05
3.3324e-05
7.66931e-07
2.71669e-08
2.7545e-08
3.11325e-08
1.764e-08
0.005506
2.73655e-05
1.75791e-07
3.44926e-05
3.4403e-05
5.75129e-06
2.57662e-07
2.75841e-07
2.99902e-07
1.54912e-07
0.00583514
2.97255e-05
1.22115e-06
3.75032e-05
3.6869e-05
2.91784e-05
1.01388e-06
1.05869e-06
1.10729e-06
5.69393e-07
0.00552776
1.3537e-05
1.71611e-06
1.22435e-05
1.13675e-05
3.57106e-05
1.79834e-06
1.91321e-06
2.04348e-06
1.07421e-06
0.00576954
2.18349e-05
2.43323e-06
2.50405e-05
2.38129e-05
5.20562e-05
2.51787e-06
2.66745e-06
2.82857e-06
1.48015e-06
0.00536033
8.08306e-06
4.28864e-07
4.31526e-06
4.03439e-06
1.21752e-05
7.53887e-07
8.09704e-07
8.70464e-07
4.51803e-07
0.00539005
6.11114e-06
-3.65559e-08
8.10627e-07
7.84204e-07
1.13599e-06
1.0791e-07
8.98287e-08
9.28128e-08
6.23734e-08
9.62373e-07
0.0181106
0.0183817
8.69091e-07
-8.3513e-14
-8.80815e-12
-2.8214e-10
-1.2777e-07
4.01088e-09
1.07066e-06
9.18302e-05
0.0239205
0.000241759
0.0205526
3.33392e-08
3.11493e-06
-9.53688e-10
-1.18257e-07
-2.42616e-13
-1.44493e-11
0
1.59027e-14
-1.08574e-13
-4.86133e-14
2.24871e-14
-7.74038e-14
0
-8.1501e-14
-3.45899e-14
0
-1.23816e-13
0
9.59397e-14
0
-7.57734e-14
-2.73229e-14
4.26564e-14
-2.95033e-14
-6.10303e-14
0
2.02078e-14
5.52252e-14
9.04422e-14
-2.50076e-14
-6.51345e-14
2.23877e-14
-2.96581e-15
-7.82524e-14
0
-4.22626e-14
0
0
3.52995e-14
-3.55773e-14
1.47361e-13
0
-1.29022e-13
-2.21968e-14
9.03503e-14
-5.47392e-16
2.38133e-14
5.64662e-14
-9.44653e-14
3.10576e-14
0
-4.24072e-14
0
0
0
-9.0719e-14
-3.85948e-15
-3.85948e-15
-3.85948e-15
0
0
0
-8.64237e-14
8.64237e-14
6.48178e-14
-3.92057e-14
-1.08394e-13
-3.92057e-14
6.45771e-14
6.91886e-14
-5.16025e-14
5.16025e-14
7.74038e-14
-5.16025e-14
-7.74038e-14
-5.72217e-15
3.72046e-14
-5.72217e-15
-5.72217e-15
0
0
-4.25892e-14
2.4115e-15
1.49871e-13
-2.43006e-14
7.80975e-14
-1.58365e-14
-1.0357e-13
3.76192e-16
8.75545e-14
-2.40746e-14
2.40746e-14
-2.40746e-14
-9.62985e-14
4.81493e-14
9.75289e-15
8.27427e-14
-1.21842e-14
5.5471e-14
3.39205e-14
2.23926e-14
-2.74958e-14
-2.7416e-14
-1.09346e-13
1.3629e-13
-1.5636e-14
-7.95958e-14
5.68393e-15
5.68393e-15
0
0
0
0
0
0
-3.86916e-14
5.80414e-14
9.02857e-14
5.80414e-14
-6.44887e-14
6.55767e-14
6.55767e-14
-7.28432e-15
-7.28432e-15
-1.45722e-13
5.68752e-14
0
0
0
0
3.93378e-14
-3.93378e-14
-7.86756e-14
3.93378e-14
7.86756e-14
1.53401e-15
8.5212e-14
-1.72506e-14
6.21938e-14
-4.86765e-14
3.05471e-15
3.05471e-15
3.05471e-15
-1.34441e-13
1.37496e-13
3.4127e-14
-7.3648e-14
7.18324e-15
-1.97605e-14
1.07775e-13
7.11798e-14
-2.45386e-15
-2.45386e-15
-2.45386e-15
0
7.77139e-14
-2.67911e-15
-2.67911e-15
-2.67911e-15
-1.2059e-13
-1.33513e-13
-1.33513e-13
-6.68258e-14
-1.38897e-16
1.66717e-13
-3.85888e-15
8.29871e-14
-3.85888e-15
-3.85888e-15
0
-1.98953e-15
5.7711e-14
2.78607e-14
-1.98953e-15
-8.95508e-14
5.33991e-14
1.42395e-13
-5.93163e-15
-6.52624e-14
-1.48327e-13
1.15901e-15
1.05496e-13
1.15901e-15
-6.83987e-14
-6.95577e-14
0
0
0
7.42999e-14
-7.42999e-14
0
8.45251e-14
0
8.45251e-14
-8.45251e-14
7.07923e-14
4.53705e-16
-2.33153e-13
1.11435e-13
0
0
0
0
0
0
8.3462e-14
2.06944e-14
-1.20837e-13
2.00507e-14
-4.16105e-14
-2.37182e-14
-1.18591e-13
-7.11546e-14
7.11546e-14
1.89746e-13
2.45602e-14
-7.36805e-14
0
-7.36805e-14
7.36805e-14
0
0
6.26814e-14
0
-6.26814e-14
-1.03218e-13
1.72029e-13
6.88118e-14
-6.88118e-14
-6.88118e-14
2.95958e-14
1.18383e-13
5.91916e-14
-5.91916e-14
5.91916e-14
7.22802e-14
-2.40934e-14
0
0
0
0.00050177
-1.82155
0.000505262
1.36233
5.64949e-05
1.31948
3.05055e-05
-1.95823
-3.48617e-05
5.65686e-09
-0.000163545
0.00012849
2.47723e-05
8.74419e-09
-0.000563795
5.43014e-05
3.19444e-05
-5.64034e-05
0.637207
0.66768
7.37047e-05
-0.000147437
0.000689699
0.0635371
-0.00136889
-7.40521e-05
-0.000855123
-7.19475e-08
-0.000416678
-0.0003945
0.283065
-0.411216
-0.0054611
-0.00641463
0.270969
-0.314309
-0.000921581
-0.0012255
-0.437226
-0.391712
0.00941026
0.00790734
-0.723585
-0.792169
0.0207573
272.201
0.0037272
287.621
0.0148883
243.906
-1.0758
278.968
0.00683582
199.586
0.00945098
212.49
0.25859
204.52
0.849955
196.267
-1.09203e-08
-7.606e-11
2.93658e-08
-4.18838e-11
-2.1868e-10
0
6.06515e-09
1.69099e-12
-0.000124402
2.39684e-07
-0.000135716
-1.32226e-07
-2.93283e-05
2.88485e-10
2.57352e-05
5.42368e-10
-2.39239e-05
-6.65373e-10
-3.06761e-06
-2.92983e-11
-2.1599e-05
2.2086e-07
-3.84564e-05
1.22304e-07
0.0070818
209.765
0.01082
223.37
0.00702241
204.005
0.010855
232.703
0.00691021
206.157
0.0109162
224.729
0.00672355
198.238
0.0112702
233.457
0.0207519
0.0202996
272.057
271.989
0.0136913
0.0130882
246.723
247.335
0.00766187
0.0070623
213.545
212.242
-1.09426e-08
-5.93541e-12
-0.00014081
0.00684827
195.45
-3.33699e-12
-1.01407e-08
-0.000145158
0.00374976
188.391
3.52626e-14
-2.37366e-10
-9.66822e-07
0.01006
242.546
0.000315386
6.51217e-09
2.73183e-05
-5.94353e-07
0.000278314
5.6096e-09
-0.000106242
2.6063e-06
0.000269679
5.16299e-09
-0.000113837
1.36476e-05
8.87005e-14
2.6802e-13
-8.47599e-10
-1.38695e-13
9.26358e-09
5.5345e-10
0.00043068
1.09901e-08
-0.000117266
4.60677e-05
-8.52368e-14
-3.27141e-14
6.34154e-12
6.77012e-14
4.10182e-08
1.44456e-09
0.000630841
1.78591e-08
-0.000244145
3.46522e-05
2.83453e-11
1.22275e-13
2.23714e-11
2.77231e-14
3.74953e-14
-6.04569e-15
-1.78835e-13
-7.54209e-14
2.69173e-08
1.02111e-09
4.28856e-08
1.4292e-09
1.19586e-11
-1.20994e-13
2.89354e-12
8.04348e-14
0
-2.96462e-14
-4.78271e-14
0
1.92502e-08
8.14469e-10
1.09027e-08
7.05689e-10
0.000381731
1.07088e-08
4.431e-05
-4.05982e-06
0.000561858
1.55979e-08
7.90497e-05
-5.34355e-06
0.000301959
7.90465e-09
2.97802e-05
-3.63055e-06
0.000205323
5.94758e-09
3.43747e-05
-6.03682e-06
1.29907e-12
-1.01989e-13
-1.90984e-11
-2.27706e-14
-3.31823e-12
0
1.79422e-10
1.79524e-14
-1.41751e-11
2.18815e-14
6.57935e-10
-3.11111e-13
-7.53118e-14
1.02118e-13
4.72715e-14
7.10767e-14
-8.52098e-14
2.01423e-14
-3.88209e-11
5.25101e-15
2.46203e-09
-2.83237e-12
0
-2.63169e-14
-1.2841e-13
-3.05046e-14
2.37025e-14
2.66068e-14
4.7156e-11
-2.38666e-14
1.71204e-09
-3.63118e-12
-1.53198e-10
6.25386e-14
-2.60049e-08
-3.43263e-10
-5.74892e-08
1.21224e-09
-0.000626922
-4.5453e-08
-1.32427e-13
-7.19382e-14
1.99551e-11
-8.49428e-14
-2.38536e-13
4.86919e-14
2.28866e-11
6.40763e-14
-9.28326e-13
0
-1.07322e-13
-6.19753e-14
2.03209e-13
1.46067e-13
1.21769e-08
3.46139e-09
0.000183298
2.46546e-05
-1.79452e-09
-1.96737e-09
3.18527e-12
3.05778e-12
-3.63213e-13
-2.84278e-13
-1.17458e-13
-6.64263e-14
-3.13099e-16
2.37505e-14
1.39534e-13
-4.38431e-14
7.42665e-16
1.97949e-14
-9.22675e-15
0
7.08782e-15
8.14026e-14
-6.16106e-14
8.12297e-14
1.35672e-13
5.41032e-14
1.48598e-13
-2.69072e-14
-8.14943e-14
-2.64158e-13
1.60617e-14
4.89473e-14
-5.8173e-11
4.15993e-14
-6.00177e-14
-1.31025e-13
0
-6.02291e-14
7.3557e-11
0
9.33185e-12
4.28204e-16
8.12261e-09
-2.25372e-11
8.64395e-10
-2.70082e-12
0
1.42605e-13
0
1.91125e-13
2.14008e-14
7.98469e-14
6.54844e-14
8.15922e-14
-7.66917e-14
7.93174e-14
-3.18327e-14
-1.70287e-14
7.82599e-14
2.36172e-14
-8.42989e-14
-9.8803e-14
-5.96336e-14
0
-1.3223e-13
-4.76785e-14
0
-2.13338e-13
-5.99693e-14
-2.84074e-14
-1.45828e-13
-2.14556e-13
0
-2.25765e-14
-1.8912e-13
8.76893e-14
6.44036e-14
5.0016e-14
-4.99555e-14
-1.13943e-13
9.60404e-14
4.71283e-14
0
3.30395e-14
-7.11356e-14
-2.34522e-13
4.75e-14
-2.27653e-14
5.28939e-14
-4.849e-14
5.19201e-14
6.26855e-14
0
-4.08183e-14
4.38073e-14
7.50357e-14
7.32111e-15
-6.69593e-14
1.04231e-13
1.1416e-13
9.12704e-14
-1.17541e-13
-1.18023e-13
1.74869e-14
1.6899e-14
-6.33561e-14
-1.21819e-14
-5.98291e-14
5.54782e-14
6.45845e-14
9.14742e-14
-1.08107e-13
-1.32289e-13
3.19039e-14
-5.08699e-14
-3.15192e-14
9.71165e-15
1.29692e-13
1.0901e-13
-1.12762e-14
-4.98101e-14
4.02074e-14
-3.1716e-14
-1.50648e-14
4.494e-14
-8.13351e-14
6.50193e-14
-2.34255e-14
3.08035e-15
8.64536e-14
-7.18045e-14
1.00656e-13
4.51424e-14
-7.12583e-14
-4.61875e-14
-8.33752e-14
1.99636e-15
4.81231e-14
1.23027e-13
4.78271e-14
3.12802e-14
2.38955e-14
7.46203e-14
9.56541e-14
-5.76071e-14
-7.29137e-14
-6.60191e-14
-1.44201e-13
-6.43747e-14
1.63596e-15
-4.03e-14
-5.18265e-14
-5.09053e-14
-1.25684e-13
-1.52292e-13
0
-1.65355e-14
-1.76718e-16
-1.53138e-14
1.77613e-14
1.68452e-14
-4.37471e-14
7.42423e-15
8.46479e-14
0
0
1.65458e-13
6.83873e-14
-2.27706e-14
8.50828e-14
-3.85282e-14
0
0
-2.95932e-14
0
1.03978e-13
-5.65657e-14
-5.85716e-14
1.70193e-14
7.09073e-14
-2.84307e-14
-1.42016e-14
-6.0427e-14
2.86805e-14
-8.75168e-15
-4.79701e-14
1.22085e-13
-6.591e-14
7.89493e-14
1.54092e-13
0
4.7405e-14
5.32136e-14
-2.19739e-13
-7.15999e-14
1.33733e-13
-5.18741e-14
-2.03898e-14
6.11694e-14
4.97468e-14
-3.01503e-14
-5.81139e-14
3.98306e-14
-1.25057e-14
-3.85064e-14
-1.18538e-13
5.92692e-14
1.00714e-13
-1.22333e-14
3.32685e-15
-9.65031e-14
4.45536e-15
1.04991e-13
-5.83692e-14
5.83692e-14
9.26048e-14
-5.16077e-14
-9.15217e-14
-2.61491e-14
4.66444e-14
5.78029e-14
0
0
-3.61034e-14
-1.17277e-14
2.42136e-14
4.84273e-14
0
-9.68546e-14
3.84014e-14
-3.83481e-14
-6.27025e-14
3.78579e-14
2.5821e-14
0
7.4327e-14
-4.12147e-14
-4.70955e-14
0
2.01476e-14
-4.89036e-14
4.65558e-14
0
0
1.3034e-14
4.60697e-14
2.39763e-17
-4.26785e-14
3.55779e-14
9.40351e-14
-2.25075e-14
5.20699e-14
-4.99564e-14
0
0
2.41365e-14
-1.53874e-14
6.49933e-14
2.16644e-14
3.02764e-14
-1.59679e-14
0
5.11441e-14
-2.20163e-14
2.96055e-14
5.47171e-14
-3.59744e-14
1.42719e-14
-1.19885e-14
-5.11436e-14
8.52393e-14
1.31438e-14
1.24856e-14
5.98855e-14
-5.98855e-14
0
7.9951e-14
-1.0204e-13
2.04079e-14
4.17006e-14
-1.01393e-13
-6.99726e-14
-2.22473e-14
-5.16805e-14
0
-1.0977e-13
8.77337e-14
-1.34666e-13
-8.96792e-14
-2.406e-14
-4.81201e-14
-5.32566e-14
1.30723e-13
-2.01713e-14
-8.06853e-14
0
2.76451e-14
-3.41166e-16
-3.41166e-16
-3.43421e-14
0
-2.95252e-16
-2.95252e-16
5.12415e-15
0
-3.713e-14
0
9.55895e-14
7.66288e-14
-3.4735e-14
0
4.59897e-14
9.04233e-14
-5.53845e-14
-1.20372e-15
5.69972e-14
6.96229e-14
-5.8576e-16
5.21455e-14
1.46697e-14
-4.35926e-14
3.30037e-14
0
5.51466e-14
-2.51475e-14
-2.40875e-15
5.18013e-14
7.27885e-14
2.1701e-14
1.45054e-14
4.35162e-14
7.78486e-14
0
0
0
-2.21029e-14
-2.10842e-14
-3.40929e-14
1.02279e-13
1.54231e-14
-4.13612e-14
3.67033e-15
3.12046e-14
1.79165e-14
3.98305e-14
4.53633e-14
4.53633e-14
-2.10399e-14
1.30773e-14
3.79567e-15
3.22701e-14
2.71534e-14
2.09605e-14
-5.03079e-14
2.33931e-15
-1.28541e-14
4.45568e-14
-9.54255e-14
-4.08966e-14
5.34809e-14
1.20612e-13
-1.8363e-14
-5.92213e-16
5.15206e-14
6.54306e-14
-4.33136e-14
-4.33136e-14
7.2216e-14
9.01927e-14
-5.5959e-14
-5.5959e-14
-1.21621e-15
-1.21621e-15
0
-3.56175e-14
-5.40799e-14
1.30744e-15
1.30744e-15
1.23053e-15
3.06746e-14
4.71072e-14
-2.19047e-15
-5.14882e-14
-4.92977e-14
4.19412e-14
4.19412e-14
2.62073e-15
2.62073e-15
2.62073e-15
-5.40209e-14
0
0
0
0
3.26856e-14
-3.26856e-14
3.26856e-14
3.26856e-14
4.90284e-14
-4.38675e-15
-4.38675e-15
-4.38675e-15
-4.38675e-15
0
-6.05341e-14
0
0
0
0
-4.05023e-14
-6.14515e-14
1.39628e-15
2.23455e-14
6.28478e-14
0
4.69121e-14
0
0
0
-6.09449e-14
-6.69563e-16
-6.69563e-16
5.96058e-14
2.00918e-14
0
0
0
0
0
-2.61889e-14
-2.61889e-14
0
2.61889e-14
5.23779e-14
-2.39141e-14
0
0
0
0
7.44021e-16
7.44021e-16
-2.15821e-14
7.44021e-16
2.23261e-14
-2.38443e-14
2.38443e-14
0
-2.38443e-14
0
0
0
0
0
0
-6.68607e-16
-6.68607e-16
-6.68607e-16
-6.68607e-16
-5.94318e-16
0
-3.66155e-14
3.66155e-14
3.66155e-14
5.49232e-14
-7.22366e-14
2.65165e-15
7.75399e-14
2.65165e-15
-7.23926e-14
8.59089e-16
8.59089e-16
8.59089e-16
8.59089e-16
-2.5779e-14
1.07825e-13
6.63536e-14
-1.65897e-14
-5.80613e-14
-1.52076e-14
2.65292e-14
2.65292e-14
2.65292e-14
-6.89712e-14
-6.36669e-14
-9.0408e-14
-6.7806e-14
0
4.5204e-14
2.2602e-14
8.39401e-14
5.20637e-14
2.01873e-14
-1.1689e-14
-1.1689e-14
0.00515116
2.24594e-07
0.0052878
1.91513e-07
0.0052298
7.44322e-07
0.00509134
5.58085e-06
0.00531119
2.84856e-05
0.00522118
3.44137e-05
0.00530265
5.02101e-05
0.00512174
1.16546e-05
0.00525533
1.08801e-06
0.00576332
2.50978e-05
-8.93193e-08
3.16395e-05
3.1686e-05
2.30639e-07
4.16547e-08
5.76375e-08
4.84565e-08
1.73342e-08
0.00589847
2.60115e-05
-7.83234e-08
3.27935e-05
3.28345e-05
2.20002e-07
3.99363e-08
4.32999e-08
5.06962e-08
2.76044e-08
0.00548049
2.64458e-05
-1.12745e-08
3.33221e-05
3.33292e-05
7.71862e-07
2.70867e-08
2.7526e-08
3.10647e-08
1.76197e-08
0.00550636
2.72798e-05
1.77268e-07
3.44934e-05
3.44043e-05
5.82499e-06
2.5933e-07
2.76123e-07
3.00605e-07
1.55286e-07
0.00583528
2.96527e-05
1.22373e-06
3.75049e-05
3.68706e-05
2.92689e-05
1.00918e-06
1.05946e-06
1.10831e-06
5.69241e-07
0.00538355
1.35269e-05
1.71508e-06
1.22427e-05
1.13669e-05
3.56981e-05
1.79747e-06
1.91297e-06
2.04351e-06
1.07375e-06
0.00555575
2.18373e-05
2.43026e-06
2.5037e-05
2.38119e-05
5.20513e-05
2.51844e-06
2.66804e-06
2.82963e-06
1.47983e-06
0.00536032
8.08927e-06
4.27587e-07
4.31555e-06
4.03517e-06
1.21644e-05
7.5393e-07
8.09305e-07
8.7041e-07
4.51041e-07
0.00539027
6.11106e-06
-3.66678e-08
8.10589e-07
7.84273e-07
1.13626e-06
1.08027e-07
8.97795e-08
9.29526e-08
6.24117e-08
9.6238e-07
0.0181106
0.0183817
8.69122e-07
9.98289e-10
6.27518e-07
1.05918e-10
6.95372e-07
8.75684e-06
0.0169553
1.54693e-05
0.0170619
9.01591e-14
3.00745e-14
1.20293e-13
6.014e-14
6.02303e-14
0
0
6.08633e-14
-4.05712e-14
0
0
0
0
-1.162e-13
5.80659e-14
-4.70605e-14
5.82116e-14
4.695e-14
5.84157e-14
1.63686e-13
0
-2.78799e-14
-2.69117e-14
6.81185e-14
6.01513e-14
-3.00551e-14
-2.99729e-14
-6.03158e-14
-6.00958e-14
6.0185e-14
6.0866e-14
0
2.02162e-14
-4.06892e-14
-2.027e-14
2.02994e-14
1.18877e-13
7.88061e-14
7.88061e-14
-8.14768e-14
-8.01414e-14
8.28714e-14
-3.74267e-14
-3.74267e-14
2.67264e-15
-4.00994e-14
7.48502e-14
-5.34504e-15
-5.34504e-15
-5.34504e-15
-1.20293e-13
4.00933e-14
-8.01866e-14
-4.00933e-14
0
0
3.74773e-14
-8.29833e-14
-4.28298e-14
-2.67625e-15
0
2.00057e-15
2.00057e-15
2.00057e-15
2.00057e-15
0
8.06458e-14
1.61742e-13
8.06458e-14
-4.50425e-16
-1.62192e-13
0
-5.41007e-14
0
0
0
5.22922e-14
2.52448e-14
-2.88502e-14
7.93397e-14
-8.11424e-14
-8.1135e-14
-5.409e-14
-5.409e-14
0
1.89315e-13
-1.80542e-15
-8.30693e-14
-1.80542e-15
-5.59813e-14
1.3544e-13
8.14423e-14
8.14423e-14
4.49848e-16
-8.05426e-14
-8.09925e-14
-2.57585e-15
-2.57585e-15
-4.1223e-14
3.60713e-14
0
-2.93121e-14
6.49037e-14
2.09317e-15
2.09317e-15
0
7.74211e-14
0
0
0
0
3.13737e-14
1.56868e-13
3.13737e-14
0
-1.56868e-13
0
-7.76155e-14
0
7.76155e-14
7.76155e-14
9.38999e-14
0
0
0
0
3.82949e-14
-6.48905e-16
-6.48905e-16
-3.95927e-14
7.78876e-14
1.25232e-13
-6.18369e-14
5.1951e-16
3.16977e-14
0
1.68294e-16
1.68294e-16
1.68294e-16
1.68294e-16
0
3.68635e-14
7.40368e-14
-3.09701e-16
-3.09701e-16
0
-3.58823e-14
3.58823e-14
3.58823e-14
-7.17646e-14
-7.17646e-14
1.51374e-13
6.05497e-14
0
3.02749e-14
-3.33024e-13
3.94327e-14
-8.08699e-14
-4.0769e-14
-6.68185e-16
1.60403e-13
-8.01469e-14
8.0147e-14
4.00735e-14
-4.00735e-14
-8.0147e-14
-7.99277e-14
0
0
-7.99277e-14
7.99277e-14
-4.02105e-14
0
0
0
0
-4.1399e-14
3.87288e-14
-1.33514e-15
-1.33514e-15
8.01278e-14
8.09152e-14
6.68559e-16
4.07919e-14
6.68559e-16
-4.01233e-14
-1.08206e-13
-1.89361e-13
-5.41031e-14
1.35258e-13
1.08206e-13
-5.22648e-14
-7.9298e-14
1.80178e-15
8.29016e-14
5.40665e-14
-5.38967e-15
-8.62544e-14
-5.92995e-14
1.29385e-13
0
7.95704e-14
5.24443e-14
-1.80797e-15
-5.60602e-14
-8.13784e-14
7.92787e-14
5.2252e-14
-1.80134e-15
5.2252e-14
-1.89187e-13
-2.75168e-14
-1.08714e-13
-8.16486e-14
-4.50987e-16
1.35329e-13
9.01591e-14
-3.00745e-14
-6.01449e-14
-6.01362e-14
-6.02312e-14
-3.00162e-14
-4.05481e-14
0
-4.05706e-14
0
-8.12634e-14
-4.04963e-14
0
-9.57856e-14
0
-6.43176e-14
-2.91062e-14
-4.69487e-14
0
2.33842e-14
-3.02998e-14
0
-2.691e-14
-1.44649e-13
0
6.01093e-14
-8.99155e-14
-3.01588e-14
3.00473e-14
3.00937e-14
-2.02889e-14
6.0825e-14
2.02173e-14
-2.03443e-14
-6.08096e-14
0
8.01414e-14
4.00707e-14
1.20212e-13
-8.01414e-14
-8.01414e-14
7.75261e-14
-2.67264e-15
-8.28714e-14
-2.67264e-15
-4.00994e-14
0
4.00966e-14
-4.00966e-14
8.01932e-14
0
2.67207e-15
8.28537e-14
2.67207e-15
2.67207e-15
0
-7.89701e-14
8.16463e-14
4.14922e-14
1.33814e-15
4.01541e-14
4.00216e-14
4.00216e-14
4.00216e-14
-8.00432e-14
0
1.08579e-13
1.62643e-13
8.15466e-14
4.50425e-16
-1.62192e-13
3.60583e-15
3.60583e-15
-2.34445e-14
3.06562e-14
0
-1.8027e-15
7.93384e-14
-1.8027e-15
-8.29438e-14
8.11411e-14
0
8.11379e-14
8.11379e-14
-8.11379e-14
-8.11379e-14
0
1.08351e-13
0
-2.70878e-14
0
5.35451e-14
-4.49848e-16
-5.44448e-14
-4.49848e-16
0
-7.47185e-14
-3.60713e-14
-3.60713e-14
2.57585e-15
1.54589e-13
-3.24518e-14
6.17639e-14
-1.04659e-15
-1.04659e-15
0
-7.22628e-14
-7.22628e-14
5.16028e-15
5.16028e-15
0
8.36427e-15
1.65233e-13
1.02485e-13
-8.57568e-14
-6.27474e-14
1.16425e-13
7.76164e-14
0
-3.88082e-14
-1.16425e-13
3.12992e-14
0
0
3.12992e-14
0
4.54251e-15
4.54251e-15
4.54251e-15
4.54251e-15
0
5.19523e-16
-6.18385e-14
3.16985e-14
-3.06595e-14
9.3537e-14
-3.51826e-14
-3.51826e-14
4.56167e-14
-3.51826e-14
0
-7.58786e-14
-7.58786e-14
-3.14772e-16
-3.14772e-16
1.51128e-13
0
1.0764e-13
7.176e-14
-7.176e-14
-1.0764e-13
-2.84923e-14
1.3588e-13
1.03006e-13
-9.42414e-14
-6.57491e-14
3.87645e-14
7.88654e-14
-1.33637e-15
-1.33637e-15
-1.20303e-13
7.74748e-14
-2.67087e-15
7.74748e-14
-2.67087e-15
-8.01457e-14
-2.66351e-15
-4.2626e-14
-4.2626e-14
7.72614e-14
-7.99249e-14
0
8.04234e-14
0
0
-1.60847e-13
3.73929e-14
-2.67022e-15
-2.67022e-15
7.7456e-14
-8.01262e-14
1.18369e-13
3.81192e-14
-4.21307e-14
3.81192e-14
-8.02499e-14
5.41038e-14
8.11557e-14
0
0
-1.35259e-13
-3.60357e-15
-8.47036e-14
-3.60357e-15
7.74965e-14
8.11001e-14
8.0869e-14
0
-1.34782e-13
5.39127e-14
0
-3.61587e-15
-3.61587e-15
-3.61587e-15
2.35098e-14
-2.71257e-14
-1.35133e-13
0
5.4053e-14
-5.4053e-14
5.4053e-14
4.50987e-16
4.50987e-16
-2.66149e-14
-8.07466e-14
1.08263e-13
5.76192e-14
-1.59031e-14
0
1.62042e-14
1.18641e-13
1.42428e-13
-3.2196e-14
-4.07508e-14
0
-5.41661e-14
7.87786e-14
1.599e-13
0
0
0
-8.14537e-14
-4.06882e-14
-5.15592e-14
4.04149e-14
0
-6.02922e-14
5.00161e-14
4.34236e-14
0
3.63313e-15
5.66312e-14
1.48599e-13
6.33951e-14
4.22564e-14
6.90725e-14
3.52987e-14
3.55762e-14
-1.84206e-14
0
5.16088e-14
0
1.08413e-13
6.5703e-14
-3.56814e-14
-8.23435e-14
-1.30431e-13
1.2423e-13
-4.24084e-14
0
-4.24084e-14
-4.24084e-14
8.48168e-14
-8.49326e-14
-5.59785e-14
1.92981e-15
5.98381e-14
8.68624e-14
-8.64221e-14
-6.48166e-14
-4.32111e-14
8.64221e-14
1.51239e-13
1.22468e-13
7.65247e-15
7.65247e-15
-6.88909e-14
-7.65434e-14
1.08517e-13
0
0
0
-1.62775e-13
0
-4.29279e-14
0
1.0732e-13
-2.1464e-14
4.60391e-14
4.26448e-15
-1.59654e-13
6.42021e-14
9.72073e-14
-1.30124e-15
-2.22458e-14
-9.79216e-14
-8.53965e-14
1.31333e-13
-5.13567e-14
-9.95043e-14
-3.20906e-15
2.08648e-14
7.22214e-14
-9.24762e-14
-1.11494e-13
-2.40704e-15
1.05235e-13
3.56394e-14
-1.54924e-13
-2.40204e-13
3.6956e-14
-5.68394e-15
2.132e-13
-2.24647e-15
-6.96571e-14
-2.24647e-15
-2.24647e-15
-6.74107e-14
4.12876e-14
4.85632e-15
-3.1575e-14
4.85632e-15
0
-1.0679e-14
-1.0679e-14
2.9377e-14
-5.0735e-14
0
7.75546e-15
9.50257e-14
7.75546e-15
7.75546e-15
-1.74541e-13
1.53406e-15
2.01396e-13
2.50143e-14
-2.43936e-13
9.73547e-14
-1.14576e-13
-4.58304e-14
-2.29152e-14
-9.16608e-14
2.74982e-13
1.79578e-15
-7.9034e-14
1.79578e-15
-7.9034e-14
8.08298e-14
-2.45383e-15
3.43626e-14
-2.45383e-15
-2.45383e-15
-3.68165e-14
8.03896e-14
1.20584e-13
0
0
-1.20584e-13
2.6538e-14
-7.34942e-14
-6.80608e-15
-6.80608e-15
0
8.68472e-14
0
0
0
-1.73694e-13
2.88551e-14
2.88551e-14
2.88551e-14
-6.06945e-14
-8.95496e-14
4.36064e-14
-2.90739e-14
7.26625e-15
7.26625e-15
0
7.425e-14
-1.25816e-15
-1.25816e-15
-1.25816e-15
0
5.28343e-14
-4.62315e-14
3.30139e-15
5.28343e-14
-4.95329e-14
5.63512e-14
0
0
-5.63512e-14
5.63512e-14
7.06915e-14
8.25741e-14
6.43325e-15
-1.41667e-13
9.79735e-14
6.13978e-14
9.20967e-14
6.13978e-14
-6.13978e-14
-9.20967e-14
4.31688e-14
0
4.70788e-14
9.25367e-14
-8.32191e-14
-7.11525e-14
-1.18587e-13
4.7435e-14
2.37175e-14
7.11525e-14
0
0
0
0
0
0
0
6.26871e-14
0
-6.26871e-14
-6.88117e-14
-6.88117e-14
6.88117e-14
0
0
0
5.91953e-14
8.87929e-14
0
0
7.22754e-14
-4.81836e-14
-4.81836e-14
-2.40918e-14
7.22754e-14
-8.95277e-14
8.95277e-14
2.23819e-14
1.34292e-13
1.1191e-13
-1.67864e-14
1.14541e-09
9.28772e-09
2.5725e-09
1.3499e-09
-9.35068e-10
-2.98382e-11
-9.29578e-11
2.5439e-12
-5.34751e-09
-0.00010679
-2.41728e-08
-0.000146105
-1.4014e-07
-1.28239e-08
-0.000472283
-2.94079e-12
-4.73108e-11
5.85765e-13
1.95698e-13
-6.92895e-10
1.90433e-10
9.84806e-14
-4.81e-14
-6.6841e-09
-0.000101687
-2.814e-08
-0.000124756
-1.46842e-07
-1.71332e-08
-0.00041882
-4.60386e-14
-1.79883e-13
9.81866e-14
-6.54583e-14
-9.5892e-13
-4.24016e-13
0
0
-7.7536e-10
1.05816e-08
-1.41632e-09
-1.00134e-08
-5.81637e-09
-8.33303e-10
-8.21274e-08
5.4508e-14
-7.03423e-14
6.54589e-14
0
-6.84531e-14
8.16782e-14
0
1.05182e-13
9.20205e-15
-5.59789e-10
-1.77541e-13
-8.94238e-10
-7.95962e-13
-3.70611e-13
-2.6595e-09
-4.76647e-14
-7.38374e-15
9.02711e-14
-6.01801e-14
-5.99946e-14
1.48873e-13
-3.28826e-14
-6.65912e-14
-1.83298e-14
-1.06092e-13
-1.24817e-13
-8.42945e-14
1.42021e-13
-2.19396e-14
-2.25928e-13
-4.41624e-14
-3.22166e-14
-4.05543e-14
-2.05806e-13
1.19774e-13
2.60452e-13
0
-5.11409e-14
3.55806e-13
-2.70195e-14
3.78812e-14
5.01234e-15
-9.65182e-14
1.33111e-13
-1.0269e-13
-2.37685e-14
0
-1.12229e-09
7.97356e-10
-4.36234e-14
-1.20922e-13
-3.62836e-11
3.42448e-14
3.65063e-15
4.16949e-14
2.33689e-13
-1.18821e-13
2.35662e-13
1.01166e-13
2.1481e-13
1.02232e-13
0
-1.84807e-14
1.96802e-13
-8.60989e-14
1.08232e-13
-3.69302e-14
-1.2025e-14
1.7772e-13
1.18712e-13
1.42959e-13
1.44057e-13
-8.73421e-14
-1.24776e-13
1.76531e-13
-1.94192e-14
-1.14667e-13
7.85852e-14
4.2986e-14
-4.16922e-14
0
8.49416e-14
5.89828e-14
4.18268e-16
-4.65758e-15
4.17734e-14
-6.36367e-14
1.94874e-13
-3.00387e-14
1.49092e-13
4.36711e-14
-2.78412e-14
1.31416e-13
-1.89855e-13
7.09884e-14
1.1531e-13
-1.2294e-13
-7.66897e-14
1.60339e-13
-1.08371e-13
-4.17742e-14
-2.35918e-13
2.02609e-13
1.98542e-13
3.82662e-13
1.07841e-13
3.74747e-14
-2.7889e-14
7.72225e-15
2.87974e-14
-2.56678e-13
-6.16498e-15
1.18606e-13
-2.21753e-14
-1.10683e-13
-1.53621e-13
2.10736e-14
-1.70425e-13
-1.09698e-13
4.51856e-13
4.41582e-14
7.82017e-14
-5.43228e-15
6.78465e-14
2.99434e-14
-9.76695e-14
-2.88954e-13
-8.94937e-14
-1.61818e-13
1.61778e-14
-3.78812e-14
7.51851e-14
1.93036e-13
-4.84041e-14
1.0269e-13
-0.000445651
-13.5866
2.75406e-06
-2.29181
1.8107e-05
-0.788553
8.66199e-05
-0.224335
-7.49438e-05
-1.18772
-0.000690946
-3.07114
-0.000911232
0.792859
-0.000583481
-9.15115
-4.6354e-05
7.64174e-09
6.85851e-05
0.000169497
3.28011e-05
1.16812e-08
-0.000785017
7.08653e-05
2.78917e-05
-4.16267e-05
0.702767
0.704511
1.5594e-05
-0.00014712
0.00366533
0.0692716
-0.00111957
-7.39766e-05
-0.000855171
-7.25386e-08
-0.000416938
-0.000384745
0.28307
-0.411216
-0.00546112
-0.00641465
0.270971
-0.314309
-0.000921573
-0.0012255
-0.437226
-0.391712
0.00941033
0.00790735
-0.712423
-0.792169
0.0206747
272.49
0.0209692
287.585
0.0149036
243.906
-1.08022
278.966
0.00683582
199.586
0.00944643
212.49
0.255253
204.52
0.849955
196.267
-1.12623e-08
-7.60513e-11
3.37967e-08
-4.76161e-11
-2.87576e-10
2.20371e-14
6.70328e-09
2.12142e-12
-0.000124402
2.39676e-07
-0.000135715
-1.32226e-07
-2.93341e-05
2.88555e-10
2.57343e-05
5.42291e-10
-2.39251e-05
-6.65497e-10
-3.06777e-06
-2.94675e-11
-2.16039e-05
2.20861e-07
-3.84589e-05
1.22294e-07
0.00708181
209.765
0.0108201
223.37
0.00702241
204.005
0.010855
232.703
0.0069102
206.156
0.0109161
224.728
0.00672356
198.238
0.0112703
233.457
0.0207511
0.0202985
272.688
272.66
0.0138362
0.0132291
246.721
247.335
0.00798821
0.00736891
213.545
212.242
-1.0949e-08
-6.25668e-12
-0.000140802
0.00684826
195.45
-3.33699e-12
-1.00591e-08
-0.000145142
0.00374971
188.391
0
-2.37338e-10
-9.66822e-07
0.0100599
242.546
0.000316063
6.53203e-09
3.05211e-05
-6.63832e-07
0.000278265
5.62115e-09
-0.000106655
2.60843e-06
0.000269676
5.45709e-09
-0.000113821
1.36525e-05
0
-1.21824e-14
-8.47596e-10
0
1.0016e-08
5.53612e-10
0.00043068
1.09943e-08
-0.000117262
4.60843e-05
-5.68246e-14
1.63571e-13
6.32124e-12
3.32771e-14
4.1017e-08
1.44457e-09
0.000630823
1.78344e-08
-0.000244138
3.46424e-05
2.84263e-11
9.80155e-14
2.23011e-11
2.04337e-13
0
-8.46625e-14
8.94176e-14
2.51412e-14
2.6917e-08
1.02112e-09
4.28851e-08
1.42934e-09
1.18854e-11
9.65909e-14
2.77406e-12
1.7651e-13
-4.81191e-14
2.61592e-14
-9.56574e-14
5.8567e-14
1.92502e-08
8.14455e-10
1.0902e-08
7.05555e-10
0.000381734
1.07087e-08
4.43105e-05
-4.06e-06
0.000561847
1.5599e-08
7.90533e-05
-5.35819e-06
0.000301964
7.9048e-09
2.97804e-05
-3.63063e-06
0.000205312
5.94723e-09
3.43725e-05
-6.03654e-06
9.10336e-13
6.74343e-14
6.30938e-14
-1.81737e-11
9.90423e-14
7.23682e-14
-2.48418e-12
5.03558e-14
5.05842e-14
1.38133e-10
-2.34231e-14
0
-1.02553e-11
-6.42293e-14
2.79041e-14
5.17868e-10
-1.25712e-13
6.28833e-14
-4.61953e-14
-7.6192e-14
-4.86798e-14
0
-1.37591e-13
2.95643e-14
3.8614e-14
1.20936e-13
6.07073e-14
-2.83705e-11
-4.40749e-15
-1.24065e-14
1.97794e-09
-1.51008e-12
0
0
2.16111e-14
4.87391e-14
-8.7242e-14
5.01756e-14
-5.73927e-14
1.2114e-13
4.42222e-14
-9.48683e-14
5.42246e-11
-3.98511e-14
8.34074e-14
1.54133e-09
2.86746e-12
2.42882e-14
-2.81767e-10
-4.16919e-14
-5.34417e-08
-4.49971e-10
-8.10839e-08
1.6005e-09
-0.00082986
-5.19811e-08
1.62372e-13
1.64555e-13
-3.83657e-14
1.9688e-13
-4.77058e-14
0
-1.73602e-11
-2.55098e-13
-8.57472e-12
-2.15981e-13
-1.07322e-13
-6.19751e-14
-2.03204e-13
-2.19112e-13
1.21771e-08
3.46153e-09
0.000183309
2.4656e-05
-1.79422e-09
-1.96737e-09
3.24429e-12
2.72543e-12
-5.70831e-13
-2.84875e-13
1.33424e-13
0
4.95051e-14
-1.27386e-13
-5.13739e-14
8.76896e-14
-3.97333e-14
2.77784e-14
2.67576e-13
0
1.06319e-14
-1.35675e-14
-8.94957e-14
3.16569e-15
5.90854e-14
6.5892e-15
5.94389e-14
-1.46924e-15
-2.72234e-14
4.3273e-14
6.17822e-14
2.64656e-14
-7.73673e-11
5.7287e-14
0
0
-3.46595e-14
6.40859e-14
7.34473e-11
-5.08915e-14
9.1477e-12
7.70993e-14
8.12289e-09
-2.25503e-11
8.64429e-10
-2.49173e-12
1.06431e-13
0
-4.78337e-14
0
9.89786e-14
1.33079e-14
9.03062e-14
-5.43947e-14
-3.06767e-14
7.93215e-14
6.36652e-14
0
-3.79442e-14
-2.36172e-14
2.32365e-14
7.41014e-14
1.12878e-13
-5.89599e-15
4.42014e-14
-2.66854e-14
0
3.91715e-14
-3.66914e-14
0
-3.64566e-14
-4.29125e-14
-7.70198e-14
-9.03023e-14
0
0
0
-2.50074e-14
4.99568e-14
1.55381e-13
-9.60426e-14
1.57098e-14
0
0
7.11356e-14
5.86304e-14
-2.89131e-14
-1.13827e-13
1.01384e-13
-4.10316e-14
-1.94708e-14
1.13978e-14
4.61186e-14
-3.73799e-14
3.99532e-14
6.01717e-14
7.48041e-14
3.34792e-14
-3.47416e-14
0
-3.65071e-14
-2.93839e-14
2.95075e-14
1.74866e-14
8.44981e-14
6.33558e-14
2.43632e-14
-5.98289e-14
-5.54769e-14
-3.2292e-14
6.0984e-14
-4.5518e-14
3.84087e-14
0
0
7.85762e-14
2.1979e-14
-3.96193e-14
-1.50321e-13
-3.92218e-14
5.41412e-15
9.93883e-16
2.55776e-14
7.53221e-14
1.49804e-14
4.0667e-14
1.17424e-13
-1.40553e-13
5.54483e-14
-9.95519e-14
2.87706e-14
-8.96255e-15
-1.15195e-13
1.18764e-13
-5.77361e-14
0
-1.11797e-13
2.40596e-14
-2.74522e-14
-2.39143e-14
-3.35145e-14
2.38936e-14
0
2.39143e-13
-1.43058e-13
0
-5.44922e-14
0
7.01225e-14
7.99932e-14
-4.61994e-14
-6.91018e-14
-1.35754e-13
4.1894e-14
-4.87337e-14
-1.54721e-14
3.30718e-14
5.09311e-14
8.10742e-14
0
0
-2.18743e-14
4.5606e-14
4.76484e-15
-6.57644e-14
6.74323e-14
-2.02303e-13
-6.30938e-14
0
9.90423e-14
-7.23682e-14
1.55261e-13
-5.03558e-14
-5.05842e-14
1.44374e-13
-4.68463e-14
0
3.77032e-14
-3.21146e-14
0
9.04167e-14
4.19041e-14
0
1.03932e-13
1.75234e-13
-5.40879e-14
-8.12706e-14
3.75249e-14
5.91285e-14
-7.72279e-14
-1.03659e-13
4.55305e-14
9.31208e-15
2.64449e-14
-3.72194e-14
-1.74548e-14
-4.19466e-14
2.14712e-14
7.53396e-14
4.32211e-14
9.74771e-14
0
-2.2579e-13
0
-8.07601e-14
-4.42222e-14
0
1.12189e-13
1.19553e-13
-2.08519e-14
-3.25623e-14
0
-7.28645e-14
-7.47297e-14
-5.60473e-14
0
-2.41415e-14
2.98353e-16
-1.76072e-14
5.58351e-14
-4.71004e-14
3.9516e-14
-3.9516e-14
-7.42117e-14
1.22329e-14
0
0
-4.98002e-14
0
8.10532e-17
8.10532e-17
5.78796e-14
0
-2.61506e-14
3.92259e-14
4.24057e-14
-4.95462e-14
3.41674e-14
-3.65232e-14
-4.9421e-14
-1.3291e-14
2.42162e-14
-2.42154e-14
-2.42154e-14
2.42162e-14
-5.11405e-14
2.56102e-14
-6.66217e-14
3.78577e-14
-3.87314e-14
3.87314e-14
1.48653e-14
1.03035e-13
0
-6.28005e-14
1.00744e-14
8.8024e-14
-4.65615e-14
0
0
1.30339e-14
9.2499e-14
4.07597e-16
2.26794e-15
-3.55781e-14
6.99498e-14
-2.32842e-14
-4.55603e-14
-3.33039e-14
1.81668e-16
1.81668e-16
-2.14789e-14
-8.81569e-15
-4.33365e-14
-2.16682e-14
4.6486e-14
4.7905e-14
-3.12299e-14
0
-3.97578e-14
5.63979e-14
-6.62654e-14
-6.62654e-14
4.57689e-14
3.43722e-14
3.40957e-14
0
-5.19772e-14
0
1.33031e-15
-3.85887e-14
-2.17759e-14
5.32986e-14
-2.04069e-14
4.08138e-14
-1.19141e-14
-1.68987e-14
2.48489e-17
-4.76966e-14
0
4.57067e-14
-6.58259e-14
0
4.92649e-14
-1.09617e-13
0
0
5.32566e-14
4.90204e-14
6.05058e-14
-4.03372e-14
-4.74872e-14
-9.21622e-15
1.88299e-14
-3.76597e-14
2.17225e-14
-2.36758e-14
-3.23884e-14
5.48819e-16
-2.04723e-14
3.48538e-16
-3.83688e-14
-1.98031e-14
9.95765e-15
2.55435e-14
3.35788e-14
-1.1576e-15
1.42758e-14
-2.33606e-14
-3.251e-14
-3.251e-14
4.17985e-14
-2.32079e-14
0
-8.78916e-14
-3.98924e-14
1.08989e-13
0
3.30042e-14
3.86026e-14
0
3.61394e-14
-1.80697e-14
-4.26122e-14
-2.32513e-14
3.09435e-14
4.54485e-14
-1.06156e-14
-5.9285e-14
-1.61951e-14
0
-5.1008e-14
2.10847e-14
-7.04589e-14
-1.9319e-14
1.54233e-14
1.10298e-13
0
0
3.54424e-14
-1.86716e-14
-7.56033e-14
3.02413e-14
3.50662e-14
-3.92319e-14
-2.84754e-14
4.27131e-14
0
-3.69902e-14
-5.26472e-14
5.26472e-14
-2.57076e-14
-4.45561e-14
-1.20873e-13
5.63461e-14
8.28118e-14
7.00696e-14
-5.92553e-16
-5.92553e-16
9.57711e-15
0
1.44379e-14
0
2.4072e-14
0
-5.00136e-14
-6.935e-17
-6.935e-17
-6.935e-17
0
1.05146e-15
1.05146e-15
1.05146e-15
1.05146e-15
1.12155e-15
2.19043e-15
-3.06741e-14
3.5055e-14
2.19043e-15
-3.28645e-14
5.89828e-14
0
0
-5.89828e-14
-5.89828e-14
0
5.40215e-14
0
0
0
0
0
0
0
0
3.0715e-14
-2.19336e-15
-2.19336e-15
-2.19336e-15
-3.51018e-14
4.92551e-19
-3.02693e-14
4.92551e-19
3.02702e-14
3.02698e-14
4.46911e-14
2.79255e-15
2.79255e-15
2.79255e-15
0
6.15063e-14
-1.04222e-15
-1.04222e-15
-6.35907e-14
-4.79536e-14
1.94209e-14
-6.09406e-14
-6.69516e-16
-6.69516e-16
-2.00904e-14
8.31092e-14
-6.98224e-16
-6.98224e-16
-4.26019e-14
-6.28555e-14
-5.23779e-14
7.85668e-14
5.23779e-14
0
0
-2.39145e-14
2.39145e-14
0
0
2.39145e-14
7.44092e-16
7.44092e-16
-4.39123e-14
7.44092e-16
4.46564e-14
7.15329e-14
4.76886e-14
0
-9.53772e-14
-4.76886e-14
4.93522e-14
6.58257e-14
-6.86232e-17
-6.86232e-17
0
1.15457e-15
6.637e-14
1.15457e-15
-6.40608e-14
-4.78249e-14
-5.49317e-14
-5.49317e-14
-9.53277e-18
-9.53277e-18
0
-5.63211e-14
5.60091e-14
-1.55976e-16
-1.88777e-14
0
-7.73355e-14
-5.1557e-14
0
0
2.57785e-14
-7.74104e-14
5.52787e-15
5.52787e-15
5.52787e-15
2.62624e-14
0
0
4.77585e-14
-3.1839e-14
-1.59195e-14
1.13006e-13
6.78035e-14
0
0
0
4.25021e-15
2.01924e-14
4.25021e-15
4.25021e-15
4.25021e-15
0.00524369
2.79864e-07
0.00526321
1.89155e-07
0.00522892
7.39416e-07
0.00509095
5.5831e-06
0.00531102
2.84613e-05
0.00522114
3.44179e-05
0.00530269
5.02167e-05
0.00512176
1.16603e-05
0.00525512
1.08767e-06
0.00548504
2.5284e-05
-9.8861e-08
3.1929e-05
3.19804e-05
3.04015e-07
4.93372e-08
7.2317e-08
5.62855e-08
1.71889e-08
0.00549768
2.59966e-05
-7.69501e-08
3.27909e-05
3.2831e-05
2.1711e-07
3.87233e-08
4.20277e-08
4.93058e-08
2.70347e-08
0.00547959
2.643e-05
-1.17423e-08
3.33166e-05
3.3324e-05
7.66922e-07
2.7165e-08
2.7543e-08
3.11303e-08
1.76362e-08
0.005506
2.73655e-05
1.75791e-07
3.44926e-05
3.4403e-05
5.75129e-06
2.57662e-07
2.75841e-07
2.99902e-07
1.54913e-07
0.00583514
2.97255e-05
1.22115e-06
3.75032e-05
3.6869e-05
2.91784e-05
1.01388e-06
1.05869e-06
1.10729e-06
5.69393e-07
0.00552776
1.3537e-05
1.71611e-06
1.22435e-05
1.13675e-05
3.57106e-05
1.79834e-06
1.91321e-06
2.04348e-06
1.07421e-06
0.00576954
2.18349e-05
2.43323e-06
2.50405e-05
2.38129e-05
5.20562e-05
2.51787e-06
2.66745e-06
2.82857e-06
1.48015e-06
0.00536033
8.08306e-06
4.28864e-07
4.31526e-06
4.03439e-06
1.21752e-05
7.53887e-07
8.09704e-07
8.70464e-07
4.51803e-07
0.00539005
6.11114e-06
-3.65559e-08
8.10627e-07
7.84204e-07
1.13599e-06
1.0791e-07
8.98287e-08
9.28128e-08
6.23734e-08
9.62373e-07
0.0181106
0.0183817
8.69091e-07
-1.89249e-13
-8.52085e-12
-2.81649e-10
-1.27769e-07
4.01089e-09
1.07066e-06
9.18302e-05
0.0239205
0.000241759
0.0205526
3.33389e-08
3.11493e-06
-9.53494e-10
-1.18256e-07
-2.37672e-13
-1.34921e-11
-5.76192e-14
-3.18054e-14
-1.08574e-13
-8.10222e-14
3.45858e-15
-1.16106e-13
0
-2.03752e-14
-3.45899e-14
0
-9.9053e-14
0
6.39598e-14
0
-6.93261e-14
-2.73229e-14
6.39846e-14
5.90067e-14
-6.10303e-14
-1.7187e-14
-6.06234e-14
0
6.02948e-14
0
-6.51345e-14
0
2.52148e-14
-1.56505e-13
0
-1.47919e-13
-4.22567e-14
2.3025e-14
3.52995e-14
-3.55773e-14
1.47361e-13
0
-1.54827e-13
-2.21968e-14
7.22802e-14
-6.51556e-14
2.38133e-14
1.77252e-14
-9.5332e-14
1.2423e-13
-4.0994e-14
1.41323e-15
1.41323e-15
1.41323e-15
0
-8.49297e-14
1.92974e-15
1.92974e-15
1.92974e-15
0
1.44004e-15
4.46519e-14
-8.49837e-14
8.78637e-14
6.48178e-14
-2.99828e-14
-9.91714e-14
-2.99828e-14
7.38e-14
6.91886e-14
-2.58013e-14
2.58013e-14
0
0
0
4.86489e-14
5.72217e-15
5.72217e-15
5.72217e-15
0
0
-6.69021e-14
-1.08079e-13
7.47737e-14
7.29017e-14
5.85731e-14
-8.74776e-14
-1.27674e-13
1.2151e-13
4.37773e-14
4.81493e-14
4.81493e-14
-4.81493e-14
-7.22239e-14
0
7.87323e-15
4.85438e-14
2.19083e-14
5.77212e-14
3.39205e-14
0
5.49916e-14
-1.09664e-13
-5.46732e-14
1.09032e-13
-4.83238e-14
-1.12284e-13
-5.68393e-15
3.69559e-14
-4.26399e-14
0
0
0
0
0
-5.80414e-14
7.0936e-14
1.0318e-13
7.0936e-14
-6.44887e-14
1.16576e-13
8.01453e-14
7.28432e-15
7.28432e-15
-1.45722e-13
0
-8.53128e-14
0
0
0
1.57351e-13
0
-7.86756e-14
0
0
-2.45498e-14
3.20643e-14
7.65494e-14
1.18063e-14
0
-3.05471e-15
1.98612e-14
-3.05471e-15
-1.4055e-13
1.37496e-13
-7.18324e-15
7.3648e-14
-7.18324e-15
-7.18324e-15
0
4.17245e-14
4.90771e-15
4.90771e-15
-3.19091e-14
0
4.28756e-14
2.67911e-15
2.67911e-15
2.67911e-15
-1.60786e-13
-1.33235e-13
-1.33235e-13
-3.32045e-14
1.38897e-16
1.33374e-13
-2.12309e-14
6.56151e-14
1.8141e-13
7.71776e-15
-8.6846e-14
1.98953e-15
9.15403e-14
6.16901e-14
-5.7711e-14
-8.95508e-14
6.52624e-14
1.54259e-13
6.52624e-14
-5.33991e-14
-2.07658e-13
-7.07167e-14
6.83987e-14
6.83987e-14
-3.59378e-14
-1.04337e-13
0
0
0
7.42999e-14
-7.42999e-14
1.127e-13
1.6905e-13
-8.45251e-14
8.45251e-14
-8.45251e-14
7.3804e-14
2.67686e-14
-2.3404e-13
2.85066e-14
4.89867e-14
-2.04617e-15
-2.04617e-15
-2.04617e-15
-2.04617e-15
0
1.32386e-13
-2.06944e-14
-2.08721e-13
2.62184e-14
8.32211e-14
-2.37182e-14
-1.18591e-13
-7.11546e-14
7.11546e-14
1.89746e-13
2.45602e-14
-7.36805e-14
-2.45602e-14
-4.91203e-14
7.36805e-14
-3.13407e-14
0
3.13407e-14
0
0
-1.37624e-13
1.37624e-13
3.44059e-14
-6.88118e-14
-1.37624e-13
-2.95958e-14
1.18383e-13
5.91916e-14
-5.91916e-14
5.91916e-14
7.22802e-14
-4.81868e-14
-7.22802e-14
-2.40934e-14
2.40934e-14
0.00049569
-1.98569
0.000501986
1.36232
5.64902e-05
1.31937
2.38266e-05
-2.12546
-3.4862e-05
5.59141e-09
-0.000163546
0.000128491
2.47728e-05
8.7184e-09
-0.000563801
5.43018e-05
3.33206e-05
-4.15335e-05
0.690703
0.721201
7.34945e-05
-0.00014766
0.000668608
0.0635829
-0.00136457
-7.40516e-05
-0.000855126
-7.179e-08
-0.000416678
-0.000387845
0.283065
-0.411216
-0.0054611
-0.00641463
0.270969
-0.314309
-0.000921581
-0.0012255
-0.437226
-0.391712
0.00941026
0.00790734
-0.723585
-0.792169
0.0206745
272.495
0.00349156
287.588
0.0149035
243.906
-1.07572
278.968
0.00683582
199.586
0.00944625
212.49
0.25859
204.52
0.849955
196.267
-1.09204e-08
-7.61434e-11
2.93669e-08
-4.18839e-11
-2.18725e-10
0
6.06728e-09
1.66025e-12
-0.000124402
2.39684e-07
-0.000135716
-1.32226e-07
-2.93283e-05
2.88485e-10
2.57352e-05
5.42392e-10
-2.39239e-05
-6.65456e-10
-3.06761e-06
-2.94101e-11
-2.1599e-05
2.2086e-07
-3.84564e-05
1.22304e-07
0.0070818
209.765
0.01082
223.37
0.00702241
204.005
0.010855
232.703
0.00691021
206.157
0.0109162
224.729
0.00672355
198.238
0.0112702
233.457
0.0206751
0.0202204
272.688
272.66
0.0137104
0.01311
246.723
247.335
0.00766187
0.0070623
213.545
212.242
-1.09426e-08
-5.94577e-12
-0.00014081
0.00684827
195.45
-3.37003e-12
-1.01407e-08
-0.000145158
0.00374976
188.391
3.52626e-14
-2.37418e-10
-9.66822e-07
0.01006
242.546
0.000316083
6.57597e-09
3.05015e-05
-6.67947e-07
0.000278314
5.59769e-09
-0.000106433
2.60629e-06
0.000269679
5.16302e-09
-0.000113837
1.36476e-05
1.14043e-13
2.6802e-13
-8.4751e-10
-8.32173e-14
9.26339e-09
5.53389e-10
0.00043068
1.09901e-08
-0.000117266
4.60677e-05
-8.52368e-14
-6.54281e-14
6.20558e-12
6.99961e-14
4.10182e-08
1.4446e-09
0.000630841
1.78591e-08
-0.000244145
3.46522e-05
2.83453e-11
1.543e-13
2.23714e-11
2.77231e-14
3.74953e-14
5.13994e-14
-1.56481e-13
-2.51403e-14
2.69173e-08
1.02111e-09
4.28857e-08
1.42917e-09
1.18864e-11
-1.20994e-13
2.84571e-12
1.13949e-13
-2.40615e-14
-7.49905e-14
-4.78271e-14
-2.88036e-14
1.92502e-08
8.14397e-10
1.09027e-08
7.05651e-10
0.000381731
1.07087e-08
4.431e-05
-4.05982e-06
0.000561858
1.55979e-08
7.90497e-05
-5.34355e-06
0.000301959
7.90474e-09
2.97802e-05
-3.63055e-06
0.000205323
5.94765e-09
3.43747e-05
-6.03682e-06
1.37676e-12
-7.80064e-14
-2.32127e-11
-4.22661e-14
-3.40331e-12
3.85282e-14
1.78967e-10
-8.97622e-14
-1.41751e-11
0
6.57952e-10
-3.25253e-13
-2.51039e-14
2.55296e-14
-4.72715e-14
7.10767e-14
-4.26049e-14
6.0427e-14
-3.88571e-11
-2.1004e-14
2.462e-09
-2.85678e-12
0
0
-1.2841e-13
-3.05046e-14
2.37025e-14
0
4.72e-11
0
1.71201e-09
-3.63118e-12
-1.53159e-10
6.25386e-14
-2.60119e-08
-3.43302e-10
-5.72162e-08
1.21225e-09
-0.000626927
-4.54688e-08
-4.05922e-14
-1.71521e-13
2.02974e-11
-1.62337e-13
-9.54145e-14
-1.46076e-13
2.25957e-11
5.31992e-15
-9.65353e-13
0
-5.36612e-14
0
2.03209e-13
-7.30337e-14
1.21769e-08
3.46137e-09
0.000183298
2.46546e-05
-1.79446e-09
-1.96731e-09
3.18527e-12
2.92484e-12
-5.48614e-13
-4.03553e-14
-2.3341e-13
2.19116e-14
7.81598e-14
1.2465e-15
6.1839e-14
-8.76863e-14
9.69178e-14
4.19522e-14
-9.22675e-15
-1.91442e-14
4.89059e-14
6.78355e-14
-4.02424e-15
7.99078e-14
2.07921e-14
5.34536e-14
1.78317e-13
-7.12213e-14
-3.60625e-14
-2.64254e-13
9.483e-14
5.41983e-14
-5.81727e-11
1.07338e-14
-1.50044e-13
-1.5723e-13
-6.93192e-14
1.51249e-14
7.35202e-11
-7.63389e-14
9.36254e-12
7.66673e-14
8.12266e-09
-2.25408e-11
8.64346e-10
-2.71922e-12
0
9.50699e-14
0
1.42648e-13
4.28016e-14
6.65391e-14
1.13984e-13
5.43948e-14
-1.01233e-13
9.51809e-14
-3.18327e-14
-8.51434e-14
3.79442e-14
2.36172e-14
-4.02668e-14
-4.94015e-14
-6.17633e-14
0
-1.32966e-13
-2.38392e-14
0
3.91716e-14
1.83457e-14
-5.83666e-14
-2.55198e-13
-1.71644e-13
9.62755e-14
-4.51531e-14
-1.8912e-13
2.19223e-14
8.58715e-14
5.0016e-14
-4.99555e-14
-1.03585e-13
1.2005e-13
4.3201e-14
-2.12252e-14
0
0
-2.34522e-13
4.75e-14
-2.27653e-14
7.05252e-14
1.865e-14
0
5.12881e-14
-4.61209e-14
-1.12141e-13
0
4.01152e-14
3.74029e-14
3.34796e-14
2.43205e-13
3.80532e-14
5.47622e-14
-1.46927e-13
-8.85171e-14
-1.74869e-14
-1.6899e-14
-3.80136e-14
3.65457e-14
-5.98291e-14
1.10956e-13
-9.68768e-14
0
-3.98287e-14
-1.61449e-13
0
-3.39132e-14
8.21275e-14
-2.09567e-14
4.81168e-14
3.78667e-14
1.04918e-14
-1.19111e-14
4.21048e-14
6.13857e-14
-6.02591e-14
-1.498e-14
0
9.60733e-14
2.34255e-14
3.08035e-15
9.31486e-15
-5.97673e-14
1.03414e-13
4.51424e-14
-7.12583e-14
-7.45298e-14
-8.33752e-14
-6.18872e-14
-4.81231e-14
1.55563e-13
0
6.25604e-14
4.7791e-14
2.1171e-13
1.91308e-13
-8.64107e-14
0
-1.38326e-13
-1.44201e-13
-1.0231e-13
6.37603e-15
-4.03e-14
-5.18265e-14
3.39368e-14
-8.37896e-14
-1.8275e-13
1.54727e-14
0
2.0028e-14
7.02634e-14
1.77613e-14
-3.36904e-14
-4.37471e-14
7.42423e-15
6.77183e-14
3.28822e-14
5.61945e-14
-3.73101e-14
0
4.22661e-14
-4.25414e-14
7.70564e-14
0
-5.38573e-14
-2.95932e-14
-2.18815e-14
7.79836e-14
-5.65657e-14
-7.53063e-14
-7.65867e-14
2.36358e-14
-2.84307e-14
5.68065e-14
-2.01423e-14
-2.86805e-14
-7.00135e-15
-4.79701e-14
9.76678e-14
-6.591e-14
2.63164e-14
1.02728e-13
-3.05046e-14
4.7405e-14
7.98204e-14
-8.78957e-14
-4.77333e-14
5.7314e-14
-5.18741e-14
9.34041e-14
5.60425e-14
-1.0118e-14
2.41419e-14
-1.79047e-14
3.58095e-14
2.75135e-14
-7.18442e-14
-7.90256e-14
5.92692e-14
1.06015e-13
2.44667e-14
-1.10895e-15
-5.10239e-14
-1.63429e-14
2.40968e-14
-5.83692e-14
5.83692e-14
1.0418e-13
0
-5.23526e-14
-5.44639e-17
-8.4808e-15
3.30303e-14
-1.76728e-14
0
-3.12896e-14
0
2.42136e-14
4.84273e-14
0
-4.84273e-14
3.84014e-14
2.66426e-17
-6.0743e-14
2.52386e-14
0
0
9.66251e-14
-6.18221e-14
-4.70955e-14
-1.56985e-14
2.01476e-14
-4.89036e-14
3.31058e-14
4.86245e-14
-5.38931e-14
-3.91021e-14
6.90446e-14
-4.60697e-14
-2.28856e-14
-1.7789e-14
9.2433e-14
-2.41095e-14
1.30175e-14
-4.99564e-14
0
0
6.03411e-15
0
6.49933e-14
0
3.02764e-14
4.79036e-14
-3.12299e-14
3.12299e-14
4.95617e-14
-2.25595e-14
-1.65671e-14
0
9.1542e-15
-5.72877e-14
0
5.11436e-14
-5.37702e-14
6.24282e-14
0
1.99618e-14
-5.44445e-14
7.9951e-14
-1.22448e-13
6.12238e-14
4.46793e-14
-1.35191e-13
-4.93405e-14
-1.6153e-15
-6.46006e-14
0
-8.70024e-14
6.66116e-14
-4.26991e-14
-1.09608e-13
-2.406e-14
2.406e-14
0
1.30723e-13
-2.01713e-14
-6.0514e-14
9.49804e-14
6.45052e-14
5.64909e-14
-5.64909e-14
-1.00713e-13
-7.10276e-14
-3.29383e-14
-1.64691e-14
-4.31889e-14
-2.12655e-14
-3.713e-14
-1.8565e-14
5.7752e-14
1.02172e-13
-5.21025e-14
0
1.69737e-14
-2.26058e-14
-5.29771e-14
1.20372e-15
6.64967e-14
2.32076e-14
5.8576e-16
5.8576e-16
8.12657e-16
2.17963e-14
4.95055e-14
0
-1.83822e-14
-2.51475e-14
2.40875e-15
5.66188e-14
4.55788e-14
4.8051e-14
1.45054e-14
8.70324e-14
1.20312e-13
4.44643e-14
1.51153e-14
-1.07938e-15
-2.55033e-14
-2.10842e-14
-5.11394e-14
1.02279e-13
-3.85577e-14
-2.75741e-14
2.56991e-14
-2.93694e-14
1.4767e-14
3.73417e-14
3.02422e-14
4.53633e-14
-7.01331e-15
-2.61547e-14
-3.79567e-15
-3.79567e-15
2.07658e-14
5.30199e-14
-1.98884e-14
-5.49865e-14
1.65267e-14
6.68352e-14
-5.45289e-14
-4.08966e-14
2.99493e-14
1.20612e-13
5.92213e-16
5.92213e-16
5.88807e-14
8.72408e-14
-2.88757e-14
-4.33136e-14
7.2216e-14
1.08231e-13
-1.10962e-15
-1.10962e-15
-1.10962e-15
-3.44064e-14
-3.32968e-14
-7.00958e-17
-7.00958e-17
-7.00958e-17
-7.00958e-17
0
7.99723e-14
3.06746e-14
-2.19047e-15
-3.50556e-14
-3.28651e-14
5.50497e-14
5.50497e-14
-3.93109e-15
-6.29118e-14
-6.16015e-14
-5.40209e-14
0
0
0
0
0
1.63428e-14
3.26856e-14
3.26856e-14
1.63428e-14
3.72954e-14
4.38675e-15
4.38675e-15
4.38675e-15
0
-6.05341e-14
-6.05341e-14
0
0
0
-4.32948e-14
-6.42441e-14
-1.39628e-15
1.9553e-14
6.28478e-14
0
3.12747e-14
0
-3.12747e-14
-6.25495e-14
-5.96058e-14
6.69563e-16
6.69563e-16
6.69563e-16
0
4.05086e-14
-1.3965e-15
-1.3965e-15
-4.33016e-14
4.05086e-14
-3.49101e-15
-3.49101e-15
-3.49101e-15
2.26979e-14
5.23779e-14
-4.78281e-14
4.78281e-14
0
0
0
-7.44021e-16
2.15821e-14
-7.44021e-16
-7.44021e-16
0
-2.38443e-14
0
0
0
0
-3.29472e-14
0
6.58944e-14
0
-3.29472e-14
3.21312e-14
4.84346e-14
-4.75398e-16
-4.93854e-14
-3.315e-14
3.66155e-14
-9.15387e-14
1.83077e-14
0
0
5.35146e-14
-2.65165e-15
-2.65165e-15
-2.65165e-15
-2.49567e-15
-8.59089e-16
-8.59089e-16
-8.59089e-16
-5.2417e-14
-5.1558e-14
5.80613e-14
3.73255e-14
3.73255e-14
-4.14615e-15
-2.6264e-14
3.71377e-14
3.71377e-14
-2.65292e-14
-2.65292e-14
-3.18334e-14
-9.0408e-14
-6.7806e-14
0
4.5204e-14
2.2602e-14
7.54418e-14
-2.01873e-14
-2.01873e-14
-8.39401e-14
-6.80019e-14
0.00524409
2.7823e-07
0.00526369
1.90383e-07
0.0052298
7.44315e-07
0.00509134
5.58085e-06
0.00531119
2.84856e-05
0.00522118
3.44137e-05
0.00530265
5.02101e-05
0.00512174
1.16546e-05
0.00525533
1.08801e-06
0.00585974
2.53246e-05
-9.8405e-08
3.19315e-05
3.19826e-05
2.85685e-07
4.91539e-08
7.16976e-08
5.5972e-08
1.71802e-08
0.00587454
2.60113e-05
-7.75329e-08
3.27931e-05
3.28337e-05
2.18964e-07
3.99954e-08
4.33954e-08
5.0828e-08
2.78457e-08
0.00548049
2.64458e-05
-1.12752e-08
3.33221e-05
3.33292e-05
7.71854e-07
2.70849e-08
2.7524e-08
3.10625e-08
1.76159e-08
0.00550636
2.72798e-05
1.77268e-07
3.44934e-05
3.44043e-05
5.82499e-06
2.5933e-07
2.76123e-07
3.00605e-07
1.55286e-07
0.00583528
2.96527e-05
1.22373e-06
3.75049e-05
3.68706e-05
2.92689e-05
1.00918e-06
1.05946e-06
1.10831e-06
5.69241e-07
0.00538355
1.35269e-05
1.71508e-06
1.22427e-05
1.13669e-05
3.56981e-05
1.79747e-06
1.91297e-06
2.04351e-06
1.07375e-06
0.00555575
2.18373e-05
2.43026e-06
2.5037e-05
2.38119e-05
5.20513e-05
2.51844e-06
2.66804e-06
2.82963e-06
1.47983e-06
0.00536032
8.08927e-06
4.27587e-07
4.31555e-06
4.03517e-06
1.21644e-05
7.5393e-07
8.09305e-07
8.7041e-07
4.51041e-07
0.00539027
6.11106e-06
-3.66678e-08
8.10589e-07
7.84273e-07
1.13626e-06
1.08027e-07
8.97795e-08
9.29527e-08
6.24118e-08
9.6238e-07
0.0181106
0.0183817
8.69122e-07
8.46132e-10
6.35268e-07
1.07276e-10
6.90815e-07
8.75253e-06
0.0168416
1.18906e-05
0.0173186
6.01061e-14
-3.00745e-14
6.01464e-14
3.007e-14
6.02303e-14
3.00158e-14
-4.05481e-14
-6.08633e-14
-8.11425e-14
0
4.06319e-14
0
5.79708e-14
-7.22317e-14
5.80659e-14
-4.07873e-14
1.16423e-13
4.695e-14
2.92079e-14
1.40302e-13
-3.03004e-14
-2.78799e-14
-2.69117e-14
6.81185e-14
9.02269e-14
0
-2.99729e-14
-3.01579e-14
0
3.00925e-14
-2.02887e-14
-4.05499e-14
-2.02162e-14
0
6.081e-14
6.08982e-14
4.14061e-14
8.14768e-14
8.14768e-14
-7.88061e-14
-8.01414e-14
4.00994e-14
-1.11298e-30
-4.00994e-14
-4.00994e-14
0
4.27701e-14
-3.74251e-14
-7.75227e-14
8.28677e-14
-8.01952e-14
0
-4.00933e-14
0
0
0
4.28298e-14
-7.76308e-14
-3.74773e-14
2.67625e-15
0
3.80205e-14
-4.20217e-14
-2.00057e-15
-2.00057e-15
0
8.15466e-14
1.35611e-13
5.45146e-14
2.74825e-14
-1.08128e-13
0
0
0
0
0
2.88502e-14
8.29452e-14
-2.52448e-14
5.58977e-14
-5.4095e-14
-1.0818e-13
-8.1135e-14
5.409e-14
-5.409e-14
1.89315e-13
1.80542e-15
-1.06546e-13
-2.52825e-14
-5.23705e-14
1.3544e-13
8.05426e-14
8.05426e-14
-4.49848e-16
-8.14423e-14
-8.09925e-14
7.85823e-14
1.28792e-15
1.28792e-15
1.28792e-15
0
-1.04659e-15
-1.04659e-15
-6.38571e-14
6.17639e-14
6.28105e-14
7.74211e-14
0
3.87106e-14
0
-3.87106e-14
8.36427e-15
1.65233e-13
7.11116e-14
8.36427e-15
-1.56868e-13
-3.88077e-14
0
7.76155e-14
0
0
1.252e-13
0
0
-3.13e-14
0
7.85365e-14
6.48905e-16
6.48905e-16
6.48905e-16
0
6.18369e-14
-3.16977e-14
-5.1951e-16
-5.1951e-16
0
-1.2137e-13
-1.68294e-16
4.02322e-14
-1.68294e-16
0
3.74829e-14
3.09701e-16
3.09701e-16
3.09701e-16
0
-7.17645e-14
3.58823e-14
7.17646e-14
-7.17646e-14
-7.17646e-14
9.08246e-14
6.05497e-14
0
6.05497e-14
-3.02749e-13
4.0769e-14
-7.95335e-14
-3.94327e-14
6.68185e-16
1.60403e-13
4.00735e-14
4.00735e-14
8.0147e-14
-8.0147e-14
-8.0147e-14
-7.72641e-14
2.66361e-15
2.66361e-15
-7.72641e-14
7.99277e-14
-8.0421e-14
0
0
4.02105e-14
-4.02105e-14
-7.87926e-14
-7.87927e-14
4.1399e-14
-3.87288e-14
1.60256e-13
1.19701e-13
3.94548e-14
-6.68559e-16
-8.09152e-14
0
-8.11547e-14
-8.11547e-14
-2.70516e-14
2.70516e-14
1.62309e-13
-1.80178e-15
-1.80178e-15
-1.80178e-15
7.9298e-14
-8.10998e-14
5.92995e-14
-7.54751e-14
-1.0243e-13
1.94074e-13
-5.39098e-14
1.80797e-15
8.31863e-14
1.10312e-13
-1.06697e-13
-8.13784e-14
5.58547e-14
1.80134e-15
1.80134e-15
1.80134e-15
-1.35133e-13
-2.66149e-14
-1.07812e-13
-8.07466e-14
4.50987e-16
1.35329e-13
9.01591e-14
-9.02236e-14
-6.01449e-14
-6.01362e-14
0
-6.00324e-14
0
8.11511e-14
-8.11411e-14
0
-4.06317e-14
-2.02481e-14
2.89854e-14
-4.5538e-14
-2.90337e-14
-9.41211e-14
2.91062e-14
-1.72161e-14
0
2.33842e-14
-6.05995e-14
2.83364e-14
-1.0764e-13
-1.75878e-13
0
6.01093e-14
-1.19887e-13
-3.01588e-14
3.00473e-14
9.02812e-14
0
6.0825e-14
2.02173e-14
2.03443e-14
-6.08096e-14
2.02994e-14
8.01414e-14
1.20212e-13
8.01414e-14
-8.01414e-14
-8.01414e-14
2.67264e-15
2.67264e-15
-7.75261e-14
2.67264e-15
0
-2.67245e-15
7.75207e-14
-4.2769e-14
-2.67245e-15
4.00966e-14
-5.34414e-15
7.48375e-14
-5.34414e-15
-5.34414e-15
0
-8.43226e-14
-4.01443e-15
3.61397e-14
-4.01443e-15
4.01541e-14
4.00216e-14
8.00432e-14
4.00216e-14
-4.00216e-14
0
5.36137e-14
8.06458e-14
2.65816e-14
-4.50425e-16
0
-3.60583e-15
-8.47569e-14
-3.60583e-15
-3.60583e-15
0
0
0
0
0
8.11411e-14
0
5.40919e-14
2.7046e-14
0
-8.11379e-14
0
5.41756e-14
2.70878e-14
-2.70878e-14
-5.41756e-14
4.49848e-16
4.49848e-16
-5.35451e-14
4.49848e-16
0
-4.1223e-14
-1.57165e-13
-2.57585e-15
-2.57585e-15
1.54589e-13
2.09317e-15
6.49037e-14
2.09317e-15
2.09317e-15
0
-8.25834e-14
-8.25834e-14
-5.16028e-15
-4.38718e-14
3.87115e-14
0
1.56868e-13
9.41211e-14
-9.41211e-14
-6.27474e-14
7.76164e-14
7.76164e-14
0
-3.88082e-14
-1.16425e-13
8.3444e-15
8.34441e-15
8.34441e-15
3.96436e-14
0
6.4893e-16
6.4893e-16
6.4893e-16
6.4893e-16
0
-3.16985e-14
-6.28775e-14
-3.16985e-14
-5.19523e-16
1.24716e-13
-4.56167e-14
-5.21702e-15
-5.21702e-15
-5.21702e-15
0
-7.5249e-14
-7.5249e-14
3.14772e-16
3.14772e-16
1.51128e-13
0
1.4352e-13
7.176e-14
-7.176e-14
-1.0764e-13
-7.01313e-14
1.27116e-13
9.42414e-14
-1.03006e-13
-6.57491e-14
4.14372e-14
8.15381e-14
1.33637e-15
1.33637e-15
-1.20303e-13
8.28166e-14
4.27437e-14
8.28166e-14
-3.7402e-14
-8.01457e-14
-3.46354e-14
-3.46354e-14
-3.46354e-14
8.52519e-14
-7.99249e-14
0
4.02117e-14
0
0
-1.20635e-13
4.27333e-14
-3.73929e-14
2.67022e-15
4.27333e-14
-4.00631e-14
1.61168e-13
6.68586e-16
-7.95813e-14
8.09185e-14
-8.02499e-14
5.41038e-14
5.41038e-14
-5.41038e-14
5.41038e-14
-1.08208e-13
3.60357e-15
-7.74965e-14
-2.34298e-14
8.47036e-14
1.08133e-13
0
-5.39127e-14
-8.0869e-14
8.0869e-14
5.39127e-14
3.61587e-15
-7.77611e-14
-7.77611e-14
8.49929e-14
8.1377e-14
-1.35133e-13
0
5.4053e-14
-5.4053e-14
5.4053e-14
-4.50987e-16
-4.50987e-16
-2.75168e-14
-8.16486e-14
1.08263e-13
5.76192e-14
-1.59031e-14
-6.51468e-14
0
1.14815e-13
6.10407e-14
0
-2.03754e-14
-5.18822e-14
-1.80554e-14
7.87786e-14
9.59399e-14
0
1.36617e-13
-6.0084e-14
-6.54527e-14
-4.06882e-14
-3.43728e-14
6.06223e-14
2.76123e-14
-6.02922e-14
7.50241e-14
4.34236e-14
4.47748e-14
2.3622e-14
0
7.42994e-14
6.33951e-14
2.11282e-14
6.90725e-14
5.29481e-14
1.77881e-14
0
0
0
-2.21982e-14
3.61377e-14
0
-3.62979e-14
3.201e-14
-1.30143e-13
9.31729e-14
-4.24084e-14
0
-4.24084e-14
0
4.24084e-14
-5.79083e-14
0
0
0
1.44771e-13
-1.08028e-13
-1.08028e-13
0
6.48166e-14
1.51239e-13
7.39926e-14
3.57209e-14
-2.55082e-15
-7.90942e-14
-7.65434e-14
1.08517e-13
2.71292e-14
5.42584e-14
-1.08517e-13
-1.62775e-13
0
0
0
2.1464e-14
-2.1464e-14
6.90587e-14
-5.07307e-14
-1.33347e-13
9.57097e-14
4.86036e-14
2.60248e-15
3.1295e-14
-6.81685e-14
-1.29788e-13
1.75111e-13
3.20906e-15
-9.30862e-14
3.20906e-15
2.72829e-14
7.22214e-14
-8.84564e-14
-1.06647e-13
2.40704e-15
7.41418e-14
3.56394e-14
-1.43556e-13
-2.28836e-13
4.83239e-14
2.70039e-14
1.9188e-13
2.24647e-15
-6.51642e-14
2.24647e-15
2.24647e-15
-6.74107e-14
3.1575e-14
-7.77189e-14
-4.85632e-15
-4.85632e-15
0
1.0679e-14
5.0735e-14
-2.9377e-14
1.0679e-14
0
-8.72703e-14
8.72703e-14
8.72703e-14
0
-1.74541e-13
-1.53406e-15
1.93709e-13
-3.75214e-14
-2.74718e-13
9.73547e-14
-1.08467e-13
-3.97212e-14
-1.6806e-14
-8.55515e-14
2.74982e-13
-1.79578e-15
-8.26256e-14
-1.79578e-15
-8.26256e-14
8.08298e-14
-3.19088e-14
4.90766e-15
4.17241e-14
4.90766e-15
0
4.01948e-14
1.60779e-13
4.01948e-14
0
-1.60779e-13
4.00112e-14
-6.00209e-14
6.66718e-15
6.66718e-15
0
8.68472e-14
0
0
0
-1.73694e-13
3.08446e-14
9.94753e-16
-5.8705e-14
-8.85549e-14
0
-1.21104e-14
-1.21104e-14
-1.21104e-14
-1.21104e-14
0
0
0
0
0
0
2.14651e-14
-3.30139e-15
-3.30139e-15
4.62315e-14
-4.95329e-14
5.63512e-14
0
0
-5.63512e-14
5.63512e-14
7.39039e-14
8.34815e-14
3.50501e-14
-1.41667e-13
0
6.13978e-14
0
9.20967e-14
0
-9.20967e-14
2.15844e-14
2.38767e-14
2.35394e-14
6.94025e-14
-4.16096e-14
-7.11525e-14
-7.11525e-14
2.37175e-14
4.7435e-14
2.37175e-14
0
0
0
0
0
0
0
6.26871e-14
0
-6.26871e-14
-1.72029e-13
-1.37623e-13
0
0
1.37623e-13
-2.95976e-14
0
0
5.91953e-14
8.87929e-14
0
-7.22754e-14
-4.81836e-14
-7.22754e-14
2.40918e-14
-1.34292e-13
4.47638e-14
-2.23819e-14
8.95277e-14
6.71458e-14
-3.35729e-14
1.11798e-09
9.28885e-09
2.58924e-09
1.05709e-09
-9.35025e-10
-2.98382e-11
-9.29578e-11
2.46562e-12
-4.35942e-09
-8.98732e-05
-2.42662e-08
-0.0001461
-1.40141e-07
-1.28241e-08
-0.000472283
-2.10764e-12
-4.72657e-11
6.30824e-13
2.90706e-13
-6.92953e-10
1.90352e-10
1.47721e-13
-9.62e-14
-5.576e-09
-8.51389e-05
-2.82658e-08
-0.000124752
-1.46842e-07
-1.71332e-08
-0.00041882
4.93654e-14
-2.12611e-13
3.27289e-14
-3.01657e-14
-9.5892e-13
-2.12008e-13
3.57658e-14
-1.08894e-13
-6.5083e-10
1.17961e-08
-1.41623e-09
-1.00403e-08
-5.81634e-09
-8.33183e-10
-8.21271e-08
-1.14886e-14
-3.76135e-14
0
-3.01654e-14
-1.09018e-13
2.88276e-14
7.15337e-14
1.05182e-13
-3.27607e-14
-4.57488e-10
-2.08871e-14
-8.94109e-10
-7.8149e-13
-1.98542e-13
-2.65938e-09
-1.31635e-13
-3.74733e-14
1.50452e-13
0
1.31988e-13
1.74541e-13
-9.86478e-14
0
1.20475e-13
0
5.76077e-14
4.21472e-14
1.70425e-13
-7.31319e-15
-5.6482e-13
5.54683e-14
-1.70173e-13
5.43295e-15
2.71087e-14
1.19774e-13
1.62782e-13
5.02546e-14
5.11409e-14
-7.37216e-14
1.96929e-14
6.96195e-14
1.5037e-14
-9.65182e-14
2.4202e-13
-1.0269e-13
1.71427e-13
0
-1.10732e-09
5.34599e-10
-4.36234e-14
-1.20922e-13
-3.62883e-11
1.19857e-13
7.4541e-14
0
2.33689e-13
-1.78232e-13
2.57086e-13
-2.89044e-14
2.1481e-13
-1.34851e-13
1.35174e-13
-1.98712e-13
1.29615e-13
-2.00897e-13
1.35289e-13
-8.3093e-14
3.30688e-14
0
4.23048e-14
2.2465e-13
8.64341e-14
0
-1.87164e-13
3.53061e-13
-1.91981e-14
1.62439e-14
7.85822e-14
-3.91828e-14
0
2.54409e-13
1.20706e-13
9.528e-14
6.55204e-14
-3.40579e-14
8.35469e-14
2.12122e-14
1.34913e-13
9.01161e-14
-2.98183e-14
4.16536e-14
4.88665e-15
6.59624e-14
8.17375e-14
-1.01412e-14
3.84368e-14
-1.20704e-13
-8.1072e-14
-8.19018e-14
1.79042e-13
-1.35766e-13
-1.93024e-13
2.74969e-13
2.64722e-13
3.82662e-13
-6.2495e-14
7.38511e-15
-2.789e-14
1.29713e-13
1.43987e-13
-1.33473e-13
-4.31549e-14
5.61817e-14
-1.05415e-13
-1.18285e-13
-9.60128e-15
8.42945e-14
-1.42021e-13
2.19396e-14
1.12964e-13
-1.40234e-13
1.24187e-13
4.0552e-14
5.76627e-14
5.98868e-14
-9.76695e-14
-3.39207e-13
-1.40633e-13
7.37216e-14
-8.86183e-14
-6.96195e-14
-1.5037e-14
1.93036e-13
-3.6303e-14
1.0269e-13
)
;

boundaryField
{
    patch1
    {
        type            calculated;
        value           nonuniform List<scalar> 
2440
(
-0.000416938
-1.01602e-13
0
0
0
0
0
0
0
0
-0.000416938
-2.03204e-13
0
0
0
0
0
0
0
0
-0.00039094
4.1641e-06
1.81145e-05
8.662e-05
-7.4943e-05
-0.000690928
-0.000924911
-0.000526717
0.0181106
-8.3513e-14
-2.8214e-10
4.01088e-09
9.18302e-05
0.000241759
3.33392e-08
-9.53688e-10
-2.42616e-13
0
0
0
0
0
0
0
0
0
0
0
0
0
0
0
0
0
0
0
0
0
0
0
0
0
0
0
0
0
0
0
0
0
0
0
0.0181106
0
0
0
0
0
0
0
0
0
0
0
0
0
0
0
0
0
0
0
0
0
0
0
0
0
0
0
0
0
0
0
0
0
0
0
0
0
0
0
0
0
0
0
0
0
0
0
0
0
0
0
0
0
0
0
0
0
-0.000445651
2.75406e-06
1.8107e-05
8.66199e-05
-7.49438e-05
-0.000690946
-0.000911232
-0.000583481
0.0181106
-1.89249e-13
-2.81649e-10
4.01089e-09
9.18302e-05
0.000241759
3.33389e-08
-9.53494e-10
-2.37672e-13
0
0
0
0
0
0
0
0
0
0
0
0
0
0
0
0
0
0
0
0
0
0
0
0
0
0
0
0
0
0
0
0
0
0
0
0.0181106
0
0
0
0
0
0
0
0
0
0
0
0
0
0
0
0
0
0
0
0
0
0
0
0
0
0
0
0
0
0
0
0
0
0
0
0
0
0
0
0
0
0
0
0
0
0
0
0
0
0
0
0
0
0
0
0
0
-7.26962e-08
-2.479e-13
0
0
0
0
0
1.33111e-13
-1.0269e-13
-4.84041e-14
1.0269e-13
-7.25386e-08
-6.19751e-14
0
0
0
0
0
2.4202e-13
-1.0269e-13
-3.6303e-14
1.0269e-13
-7.39774e-05
3.95618e-14
1.73858e-13
1.03224e-09
1.43987e-09
-1.33922e-15
1.76051e-13
8.27424e-10
7.16976e-10
1.15367e-08
3.71637e-06
1.67343e-08
5.22057e-06
8.50273e-09
3.40625e-06
6.28051e-09
-5.12885e-07
6.92405e-14
1.03986e-13
-5.05842e-14
-4.54361e-14
0
-4.19222e-14
-3.24532e-14
-2.95643e-14
-3.03537e-14
3.22568e-14
-2.14712e-14
2.43696e-14
-1.14785e-13
0
1.25111e-13
0
-2.15981e-13
0
-7.79895e-14
1.01168e-13
4.54361e-14
-2.79041e-14
-8.38444e-14
1.08176e-14
0
-6.07073e-14
4.21819e-14
4.29424e-14
-4.87386e-14
0
9.48683e-14
0
-9.71527e-14
0
0
0
0
0
0
0
0
0
0
0
0
0
0
0
0
0
0
0
0
0
0
0
0
0
0
0
0
0
0
0
0
0
0
0
0
0
0
0
0
0
6.12561
-0.000422838
6.34962
-0.000449982
6.4394
-0.000450197
6.62911
-0.000446845
6.98975
-0.000474185
2.02623
-0.000183431
4.34534
-0.000371349
0.724922
-6.71534e-05
0.150485
-1.21829e-05
9.62566e-07
0.0183817
8.68982e-07
-8.91432e-12
-1.28405e-07
1.07253e-06
0.0239205
0.020552
3.12451e-06
-1.18132e-07
-1.45275e-11
1.23805e-13
2.63246e-14
1.03219e-09
1.43975e-09
-1.21946e-13
7.96759e-14
8.27364e-10
7.17148e-10
1.15366e-08
3.71638e-06
1.67316e-08
5.23175e-06
8.50284e-09
3.40618e-06
6.28084e-09
-5.12909e-07
-1.01989e-13
-2.27725e-14
0
1.79524e-14
2.18815e-14
-3.11111e-13
1.02118e-13
7.10767e-14
2.01423e-14
5.25101e-15
-2.83237e-12
-2.63169e-14
-3.05046e-14
2.66068e-14
-2.38666e-14
-3.63118e-12
1.65455e-13
-2.27702e-14
-3.85282e-14
0
0
-5.65657e-14
1.70193e-14
-2.84307e-14
-6.0427e-14
-8.75168e-15
1.22085e-13
7.89493e-14
0
5.32136e-14
-7.15999e-14
-5.18741e-14
0
0
0
0
0
0
0
0
0
0
0
0
0
0
0
0
0
0
0
0
0
0
0
0
0
0
0
0
0
0
0
0
0
0
0
0
0
0
0
0
0
6.12605
-0.000422861
6.35025
-0.000450014
6.44037
-0.000450192
6.62945
-0.000446806
6.98995
-0.000474193
2.02623
-0.000183426
4.34529
-0.000371333
0.724943
-6.7154e-05
0.150499
-1.21834e-05
9.62572e-07
0.0183817
8.69012e-07
6.27491e-07
6.95348e-07
0.0169548
0.0170611
-4.41564e-14
-3.2216e-14
-4.05535e-14
-2.05806e-13
1.19774e-13
2.60452e-13
0
-5.11409e-14
3.55806e-13
-2.70195e-14
3.78812e-14
5.01234e-15
-9.65182e-14
4.41572e-14
7.82017e-14
-5.43189e-15
6.78443e-14
2.99434e-14
-9.76695e-14
-2.88954e-13
-8.94937e-14
-1.61818e-13
1.61778e-14
-3.78812e-14
7.51851e-14
1.93036e-13
-7.39766e-05
1.00573e-13
2.08174e-13
1.0322e-09
1.43988e-09
9.75519e-14
1.73904e-13
8.27355e-10
7.17012e-10
1.15367e-08
3.71637e-06
1.67344e-08
5.22057e-06
8.50273e-09
3.40625e-06
6.28047e-09
-5.12885e-07
6.30938e-14
7.23682e-14
5.05842e-14
0
2.79041e-14
6.28833e-14
-4.86798e-14
2.95643e-14
6.07073e-14
-1.24065e-14
0
4.87391e-14
-5.73927e-14
-9.48683e-14
8.34074e-14
2.42882e-14
-2.15981e-13
-6.30938e-14
-7.23682e-14
-5.05842e-14
0
0
0
-5.40879e-14
5.91285e-14
4.55305e-14
-3.72194e-14
2.14712e-14
9.74771e-14
0
0
-2.08519e-14
-7.28645e-14
0
0
0
0
0
0
0
0
0
0
0
0
0
0
0
0
0
0
0
0
0
0
0
0
0
0
0
0
0
0
0
0
0
0
0
0
0
0
0
0
0
6.18214
-0.000431964
6.34962
-0.000448043
6.4394
-0.000450197
6.62911
-0.000446845
6.98975
-0.000474185
2.02623
-0.000183431
4.34534
-0.000371349
0.724922
-6.71534e-05
0.150485
-1.21829e-05
9.62566e-07
0.0183817
8.68982e-07
-8.61723e-12
-1.28404e-07
1.07253e-06
0.0239205
0.020552
3.12451e-06
-1.1813e-07
-1.35565e-11
1.54267e-13
2.65234e-14
1.03219e-09
1.43971e-09
-1.22758e-13
1.14918e-13
8.27294e-10
7.17111e-10
1.15365e-08
3.71638e-06
1.67316e-08
5.23175e-06
8.50293e-09
3.40618e-06
6.2809e-09
-5.12909e-07
-7.8009e-14
-4.22696e-14
3.85282e-14
-8.97622e-14
0
-3.25253e-13
2.55296e-14
7.10767e-14
6.0427e-14
-2.1004e-14
-2.85678e-12
0
-3.05046e-14
0
0
-3.63118e-12
-3.73076e-14
4.22668e-14
7.70564e-14
-5.38573e-14
-2.18815e-14
-5.65657e-14
-7.65867e-14
-2.84307e-14
-2.01423e-14
-7.00135e-15
9.76678e-14
2.63164e-14
-3.05046e-14
7.98204e-14
-4.77333e-14
-5.18741e-14
0
0
0
0
0
0
0
0
0
0
0
0
0
0
0
0
0
0
0
0
0
0
0
0
0
0
0
0
0
0
0
0
0
0
0
0
0
0
0
0
0
6.18258
-0.000431987
6.35025
-0.000448075
6.44037
-0.000450192
6.62945
-0.000446806
6.98995
-0.000474193
2.02623
-0.000183426
4.34529
-0.000371333
0.724943
-6.7154e-05
0.150499
-1.21834e-05
9.62572e-07
0.0183817
8.69012e-07
6.35236e-07
6.90791e-07
0.0168411
0.0173176
5.54664e-14
-1.70173e-13
5.43295e-15
2.71117e-14
1.19774e-13
1.62782e-13
5.02546e-14
5.11409e-14
-7.37216e-14
1.96929e-14
6.96195e-14
1.5037e-14
-9.65182e-14
-1.40236e-13
1.24188e-13
4.05528e-14
5.76647e-14
5.98868e-14
-9.76695e-14
-3.39207e-13
-1.40633e-13
7.37216e-14
-8.86183e-14
-6.96195e-14
-1.5037e-14
1.93036e-13
-0.000130494
1.3996e-13
-1.67864e-14
-0.000130494
9.36654e-14
-3.35729e-14
-4.63544e-05
7.64176e-09
3.28011e-05
1.16813e-08
2.70563e-05
-5.64955e-05
1.57972e-05
-0.000146893
4.87022e-06
3.45616e-06
0.00135816
0.00124875
0.00175827
0.00149071
-1.13204e-08
-6.55025e-12
-0.000126381
-6.61809e-07
-9.39319e-11
1.62761e-05
8.73962e-10
-5.67984e-06
-1.60453e-09
2.70858e-13
2.6656e-15
-2.05158e-14
-1.31814e-12
-1.97956e-14
-1.36078e-14
-3.31609e-11
7.67545e-15
1.04512e-17
-2.81767e-10
-8.33839e-14
-8.10839e-08
1.6005e-09
1.76572e-13
-4.47803e-14
0
4.86906e-14
-1.24855e-15
2.8068e-15
-1.46053e-14
5.81774e-15
7.29734e-14
-5.29885e-14
1.82523e-13
1.4274e-13
-3.48066e-14
-1.98159e-15
-3.16992e-16
6.91945e-15
1.44623e-14
6.67053e-14
-6.62247e-17
2.69565e-14
1.18928e-15
2.57719e-14
3.9315e-14
-1.35224e-14
-9.35021e-16
-8.57556e-14
3.59959e-15
-1.65957e-14
0.00515076
0.00528732
0.00522892
0.00509095
0.00531102
0.00522114
0.00530269
0.00512176
0.00525512
0.00515116
0.0052878
0.0052298
0.00509134
0.00531119
0.00522118
0.00530265
0.00512174
0.00525533
-4.6354e-05
7.64174e-09
3.28011e-05
1.16812e-08
2.78917e-05
-4.16267e-05
1.5594e-05
-0.00014712
2.99893e-06
1.53676e-06
0.0013633
0.0012549
0.00175828
0.00149071
-1.13205e-08
-6.57076e-12
-0.000126381
-4.66049e-07
-1.25476e-10
1.62764e-05
8.75815e-10
-5.67983e-06
-1.60455e-09
2.20974e-13
-1.30214e-15
-1.17694e-14
-1.28559e-12
1.35224e-14
1.40843e-14
-3.31699e-11
-1.4953e-14
-2.34515e-14
-2.81767e-10
-4.16919e-14
-8.10839e-08
1.6005e-09
1.62372e-13
1.64555e-13
-4.77058e-14
0
-1.12541e-14
-2.20322e-14
4.59538e-14
3.98272e-14
2.74073e-14
1.52219e-16
7.77612e-14
1.32309e-13
-8.35692e-14
4.57499e-15
1.08602e-14
1.02266e-14
2.26298e-14
3.61836e-15
-1.05564e-14
2.13146e-14
3.16366e-16
7.90121e-15
4.98314e-14
2.31411e-15
3.84664e-14
-1.21753e-13
-1.90451e-14
-1.04512e-17
0.00524369
0.00526321
0.00522892
0.00509095
0.00531102
0.00522114
0.00530269
0.00512176
0.00525512
0.00524409
0.00526369
0.0052298
0.00509134
0.00531119
0.00522118
0.00530265
0.00512174
0.00525533
6.50392e-14
-8.81725e-14
1.25057e-13
5.72533e-14
1.2051e-14
1.2051e-14
1.2051e-14
-4.25021e-15
4.35764e-14
-4.25021e-15
-4.25021e-15
-4.25021e-15
-3.63265e-13
-2.84439e-13
-3.54764e-12
-1.03752e-08
-5.70972e-13
-2.85052e-13
-9.0408e-14
-6.7806e-14
0
4.5204e-14
2.2602e-14
7.54418e-14
-2.01873e-14
-2.01873e-14
-8.39401e-14
-6.80019e-14
-1.34292e-13
4.47638e-14
-2.23819e-14
8.95277e-14
6.71458e-14
-1.26162e-14
-3.26893e-16
-8.74639e-10
8.63347e-14
6.3215e-09
3.72655e-10
-6.86045e-14
-1.34862e-13
-2.08398e-14
-8.84623e-15
-1.31505e-13
-2.5331e-14
3.39504e-14
7.42884e-14
2.45913e-14
-1.2841e-13
-3.05046e-14
2.37025e-14
2.66068e-14
4.7156e-11
-2.38666e-14
1.71204e-09
-3.63118e-12
-6.16732e-14
8.12194e-14
1.36039e-13
5.40986e-14
0
0
-3.61034e-14
-1.17277e-14
2.42136e-14
4.84273e-14
0
-9.68546e-14
-4.38675e-15
-4.38675e-15
-4.38675e-15
-4.38675e-15
0
-6.05341e-14
0
0
0
0
-9.57856e-14
-6.43176e-14
-4.69487e-14
2.33842e-14
0
-1.44649e-13
-3.24518e-14
6.17639e-14
-1.04659e-15
-1.04659e-15
-5.17808e-31
8.36427e-15
1.65233e-13
1.02485e-13
-8.57568e-14
-6.27474e-14
3.12992e-14
0
0
3.12992e-14
0
5.19523e-16
-6.18385e-14
3.16985e-14
-3.06595e-14
9.3537e-14
-7.58786e-14
-7.58786e-14
-3.14772e-16
-3.14772e-16
1.51128e-13
-2.84923e-14
1.3588e-13
1.03006e-13
-9.42414e-14
-6.57491e-14
3.63313e-15
4.36064e-14
-2.90739e-14
7.26625e-15
7.26625e-15
2.06592e-31
-8.7242e-14
5.01756e-14
-5.73927e-14
1.2114e-13
4.42222e-14
-9.48683e-14
5.42246e-11
-3.98511e-14
8.34074e-14
1.54133e-09
2.86746e-12
2.42882e-14
-8.97209e-14
2.95006e-15
5.92417e-14
6.47897e-15
8.759e-14
-1.29029e-14
1.14258e-14
-1.058e-13
1.04919e-14
3.89395e-14
1.02202e-13
1.48921e-13
-4.76511e-14
-6.96337e-14
4.96766e-14
9.24081e-15
-6.78776e-14
-2.44299e-14
2.889e-14
3.41674e-14
-3.65232e-14
-4.9421e-14
-1.3291e-14
2.42162e-14
-2.42154e-14
-2.42154e-14
2.42162e-14
3.0715e-14
-2.19336e-15
-2.19336e-15
-2.19336e-15
-3.51018e-14
4.92551e-19
-3.02693e-14
4.92551e-19
3.02702e-14
3.02698e-14
2.52148e-14
6.52624e-14
1.54259e-13
6.52624e-14
-5.33991e-14
-2.07658e-13
-7.22317e-14
-4.07873e-14
4.695e-14
1.40302e-13
-2.78799e-14
6.81185e-14
-1.04659e-15
-1.04659e-15
-6.38571e-14
6.17639e-14
6.28105e-14
8.36427e-15
1.65233e-13
7.11116e-14
8.36427e-15
-1.56868e-13
1.252e-13
0
0
-3.13e-14
0
6.18369e-14
-3.16977e-14
-5.1951e-16
-5.1951e-16
0
3.74829e-14
3.09701e-16
3.09701e-16
3.09701e-16
0
9.08246e-14
6.05497e-14
0
6.05497e-14
-3.02749e-13
-3.51437e-12
-1.03754e-08
-2.93657e-13
-1.62671e-13
-9.0408e-14
-6.7806e-14
0
4.5204e-14
2.2602e-14
8.39401e-14
5.20637e-14
2.01873e-14
-1.1689e-14
-1.1689e-14
-8.95277e-14
8.95277e-14
2.23819e-14
1.34292e-13
1.1191e-13
-3.28953e-14
1.10728e-13
1.13006e-13
6.78035e-14
0
0
0
4.25021e-15
2.01924e-14
4.25021e-15
4.25021e-15
4.25021e-15
-5.48521e-13
-4.03633e-14
0.000664313
20.849
0.000820168
46.5276
0.000687236
42.7989
0.00013618
6.83329
0
0
0
0
0
0
0
0
0
0
0
0
0
0
0
-5.40049e-14
6.54211e-14
-1.74764e-11
-1.37349e-13
-1.79494e-09
-1.96797e-09
0
-4.7802e-14
-8.59469e-14
7.10862e-14
5.8443e-14
-3.26417e-16
-4.75706e-14
-1.40027e-14
3.32775e-14
-6.65551e-14
-3.02619e-14
1.29094e-14
-3.54377e-14
7.08755e-14
2.45537e-14
-9.00807e-14
-1.62106e-14
1.1576e-15
3.21752e-14
7.53388e-16
3.51567e-14
-5.2735e-14
-1.1694e-14
2.17978e-14
3.61394e-14
-3.61394e-14
-4.26122e-14
0
3.23902e-14
0
-5.18581e-14
2.10847e-14
3.6705e-15
3.6705e-15
1.64406e-14
-3.48543e-14
0
8.54262e-14
2.396e-14
-7.39804e-14
-1.24507e-13
3.90795e-14
7.62047e-14
6.77728e-14
0
-4.33136e-14
-2.4072e-14
5.41157e-14
-5.65421e-14
-5.65421e-14
3.5772e-14
-1.15364e-15
-3.81562e-14
3.93219e-14
0
0
-3.93219e-14
-5.89828e-14
4.69114e-14
6.25485e-14
0
-6.25485e-14
-4.69114e-14
8.45056e-14
6.98224e-16
6.98224e-16
-2.02536e-14
-6.28555e-14
0
2.39145e-14
0
0
0
7.15329e-14
4.76886e-14
0
-4.76886e-14
-7.15329e-14
5.20045e-16
7.18579e-14
5.20045e-16
-3.51489e-14
3.62633e-14
1.55976e-16
1.55976e-16
1.55976e-16
3.75994e-14
0
-8.84661e-14
-4.6997e-14
3.59412e-14
1.52067e-14
-5.52787e-15
-3.42034e-07
-4.03644e-07
1.34249e-07
5.26582e-06
2.81047e-05
3.45206e-05
4.99106e-05
1.19924e-05
1.55312e-06
0.000224498
0.000230071
0.000237198
0.000246142
0.000251261
0.000231126
0.000239862
0.00024771
0.000255985
0.00026669
0.000231524
0.000239333
0.000247927
0.000256196
0.000267299
0.000249652
0.00025213
0.000259851
0.000267604
0.000277727
0.000291796
0.000272196
0.000280084
0.000288284
0.000298086
0.000258476
0.000231952
0.000239951
0.000248157
0.000256485
0.000285438
0.000244202
0.000252487
0.000261221
0.000269561
0.000225867
0.000222484
0.000230861
0.000239379
0.000248521
0.000221428
0.000227938
0.00023646
0.000242955
0.000251926
0.000232431
0.019709
4.04113e-08
3.10913e-06
-7.63767e-10
-1.01797e-07
-6.22928e-14
-5.83291e-12
2.24871e-14
0
-7.57734e-14
-2.95033e-14
-3.92057e-14
-1.08394e-13
-3.92057e-14
6.45771e-14
6.91886e-14
2.23926e-14
-2.74958e-14
-2.7416e-14
-1.09346e-13
1.3629e-13
-3.86916e-14
5.80414e-14
9.02857e-14
5.80414e-14
-6.44887e-14
3.93378e-14
-3.93378e-14
-7.86756e-14
3.93378e-14
7.86756e-14
0
0
0
0
0
0
0
0
0
0
1.9955e-11
-8.50692e-14
2.28866e-11
6.40539e-14
-1.7951e-09
-1.9679e-09
-3.12678e-16
2.37314e-14
7.08783e-16
1.95649e-14
-5.81139e-14
3.98306e-14
-1.25057e-14
-3.85064e-14
3.32685e-15
-9.65031e-14
4.45536e-15
1.04991e-13
-2.95252e-16
-2.95252e-16
5.12415e-15
0
-3.4735e-14
0
4.59897e-14
9.04233e-14
-5.8576e-16
5.21455e-14
1.46697e-14
-4.35926e-14
-2.40875e-15
5.18013e-14
7.27885e-14
2.1701e-14
0
0
-2.21029e-14
-2.10842e-14
3.67033e-15
3.12046e-14
1.79165e-14
3.98305e-14
3.79567e-15
3.22701e-14
2.71534e-14
2.09605e-14
-9.54255e-14
-4.08966e-14
5.34809e-14
1.20612e-13
-4.33136e-14
-4.33136e-14
7.2216e-14
9.01927e-14
-3.56175e-14
-5.40799e-14
1.30744e-15
1.30744e-15
1.23053e-15
4.19412e-14
4.19412e-14
2.62073e-15
2.62073e-15
2.62073e-15
0
4.69121e-14
0
0
0
0
0
0
0
0
-2.39141e-14
0
0
0
0
-2.38443e-14
2.38443e-14
0
-2.38443e-14
0
-6.68607e-16
-6.68607e-16
-6.68607e-16
-6.68607e-16
-5.94318e-16
-7.22366e-14
2.65165e-15
7.75399e-14
2.65165e-15
-7.23926e-14
1.07825e-13
6.63536e-14
-1.65897e-14
-5.80613e-14
-1.52076e-14
-3.41189e-07
-4.00965e-07
1.39893e-07
5.26413e-06
2.81281e-05
3.45164e-05
4.99033e-05
1.19867e-05
1.55348e-06
0.000224736
0.00022978
0.000237515
0.000246122
0.000251381
0.000231319
0.000239895
0.000247741
0.00025602
0.000266727
0.000231525
0.000239642
0.000247753
0.000256177
0.000267114
0.000249635
0.000252331
0.000259741
0.000267482
0.000277626
0.000291691
0.000272266
0.000280024
0.000288053
0.000298386
0.000258464
0.000231961
0.000239876
0.000248231
0.000256425
0.000285426
0.000244217
0.000252479
0.000260963
0.000269687
0.000225837
0.000222543
0.000230754
0.000239441
0.000248523
0.000221436
0.000227962
0.000236457
0.000242963
0.000251935
-1.47119e-32
6.08633e-14
-4.05712e-14
0
0
-3.37661e-33
6.0866e-14
-6.70569e-31
2.02162e-14
-4.06892e-14
-2.027e-14
2.02994e-14
8.06458e-14
1.61742e-13
8.06458e-14
-4.50425e-16
-1.62192e-13
0
-5.41007e-14
0
0
0
5.22922e-14
2.52448e-14
-2.88502e-14
7.93397e-14
-8.11424e-14
-8.1135e-14
-5.409e-14
-5.409e-14
0
1.89315e-13
-1.80542e-15
-8.30693e-14
-1.80542e-15
-5.59813e-14
1.3544e-13
8.14423e-14
8.14423e-14
4.49848e-16
-8.05426e-14
-8.09925e-14
-1.08206e-13
-1.89361e-13
-5.41031e-14
1.35258e-13
1.08206e-13
-5.22648e-14
-7.9298e-14
1.80178e-15
8.29016e-14
5.40665e-14
-5.38967e-15
-8.62544e-14
-5.92995e-14
1.29385e-13
-1.78631e-30
7.95704e-14
5.24443e-14
-1.80797e-15
-5.60602e-14
-8.13784e-14
7.92787e-14
5.2252e-14
-1.80134e-15
5.2252e-14
-1.89187e-13
-2.75168e-14
-1.08714e-13
-8.16486e-14
-4.50987e-16
1.35329e-13
-4.05481e-14
0
-4.05706e-14
0
-8.12634e-14
-4.04963e-14
-2.02889e-14
6.0825e-14
2.02173e-14
-2.03443e-14
-6.08096e-14
3.22034e-31
1.08579e-13
1.62643e-13
8.15466e-14
4.50425e-16
-1.62192e-13
3.60583e-15
3.60583e-15
-2.34445e-14
3.06562e-14
0
-1.8027e-15
7.93384e-14
-1.8027e-15
-8.29438e-14
8.11411e-14
0
8.11379e-14
8.11379e-14
-8.11379e-14
-8.11379e-14
0
1.08351e-13
0
-2.70878e-14
0
5.35451e-14
-4.49848e-16
-5.44448e-14
-4.49848e-16
-4.80229e-32
5.41038e-14
8.11557e-14
0
0
-1.35259e-13
-3.60357e-15
-8.47036e-14
-3.60357e-15
7.74965e-14
8.11001e-14
8.0869e-14
0
-1.34782e-13
5.39127e-14
0
-3.61587e-15
-3.61587e-15
-3.61587e-15
2.35098e-14
-2.71257e-14
-1.35133e-13
0
5.4053e-14
-5.4053e-14
5.4053e-14
4.50987e-16
4.50987e-16
-2.66149e-14
-8.07466e-14
1.08263e-13
1.18641e-13
7.87786e-14
-8.14537e-14
1.22468e-13
7.65247e-15
7.65247e-15
-6.88909e-14
-7.65434e-14
-9.24762e-14
-1.11494e-13
-2.40704e-15
1.05235e-13
3.56394e-14
7.75546e-15
9.50257e-14
7.75546e-15
7.75546e-15
-1.74541e-13
0.000664312
20.849
0.000820139
46.527
0.000674931
42.7992
9.72424e-05
4.75082
0
0
0
0
0
0
0
0
0
0
0
0
0
0
0
-3.81202e-14
1.96775e-13
-1.73602e-11
-2.55088e-13
-1.79481e-09
-1.9679e-09
4.95051e-14
-1.27378e-13
-3.93002e-14
2.78458e-14
2.98353e-16
-1.76072e-14
5.58351e-14
-4.71004e-14
0
0
-4.98002e-14
0
-3.23884e-14
5.48819e-16
-2.04723e-14
3.48538e-16
3.35788e-14
-1.1576e-15
1.42758e-14
-2.33606e-14
0
-8.78916e-14
-3.98924e-14
1.08989e-13
3.61394e-14
-1.80697e-14
-4.26122e-14
-2.32513e-14
-1.61951e-14
0
-5.1008e-14
2.10847e-14
0
0
3.54424e-14
-1.86716e-14
-2.84754e-14
4.27131e-14
0
-3.69902e-14
-1.20873e-13
5.63461e-14
8.28118e-14
7.00696e-14
1.44379e-14
0
2.4072e-14
0
1.05146e-15
1.05146e-15
1.05146e-15
1.05146e-15
1.12155e-15
5.89828e-14
0
0
-5.89828e-14
-5.89828e-14
6.15063e-14
-1.04222e-15
-1.04222e-15
-6.35907e-14
-4.79536e-14
8.31092e-14
-6.98224e-16
-6.98224e-16
-4.26019e-14
-6.28555e-14
-2.39145e-14
2.39145e-14
0
0
2.39145e-14
7.15329e-14
4.76886e-14
0
-9.53772e-14
-4.76886e-14
1.15457e-15
6.637e-14
1.15457e-15
-6.40608e-14
-4.78249e-14
-5.63211e-14
5.60091e-14
-1.55976e-16
-1.88777e-14
0
-7.74104e-14
5.52787e-15
5.52787e-15
5.52787e-15
2.62624e-14
-2.9536e-07
-4.04786e-07
1.34242e-07
5.26582e-06
2.81047e-05
3.45206e-05
4.99106e-05
1.19924e-05
1.55312e-06
0.000229455
0.000235102
0.000242387
0.000251514
0.000256733
0.000230117
0.000238821
0.000246636
0.000254875
0.000265541
0.000231524
0.000239333
0.000247927
0.000256196
0.000267299
0.000249652
0.00025213
0.000259851
0.000267604
0.000277727
0.000291796
0.000272196
0.000280084
0.000288284
0.000298086
0.000258476
0.000231952
0.000239951
0.000248157
0.000256485
0.000285438
0.000244202
0.000252487
0.000261221
0.000269561
0.000225867
0.000222484
0.000230861
0.000239379
0.000248521
0.000221428
0.000227938
0.00023646
0.000242955
0.000251926
0.000232431
0.019709
4.04111e-08
3.10913e-06
-7.63675e-10
-1.01796e-07
-3.10637e-14
-4.25246e-12
3.45858e-15
0
-6.93261e-14
5.90067e-14
-2.99828e-14
-9.91714e-14
-2.99828e-14
7.38e-14
6.91886e-14
0
5.49916e-14
-1.09664e-13
-5.46732e-14
1.09032e-13
-5.80414e-14
7.0936e-14
1.0318e-13
7.0936e-14
-6.44887e-14
1.57351e-13
0
-7.86756e-14
0
0
0
0
0
0
0
0
0
0
0
0
2.0297e-11
-1.62401e-13
2.25957e-11
5.34461e-15
-1.79505e-09
-1.96784e-09
7.81722e-14
1.22846e-15
9.70144e-14
4.18956e-14
-1.79047e-14
3.58095e-14
2.75135e-14
-7.18442e-14
-1.10895e-15
-5.10239e-14
-1.63429e-14
2.40968e-14
-3.29383e-14
-1.64691e-14
-4.31889e-14
-2.12655e-14
-5.21025e-14
0
1.69737e-14
-2.26058e-14
5.8576e-16
5.8576e-16
8.12657e-16
2.17963e-14
2.40875e-15
5.66188e-14
4.55788e-14
4.8051e-14
1.51153e-14
-1.07938e-15
-2.55033e-14
-2.10842e-14
2.56991e-14
-2.93694e-14
1.4767e-14
3.73417e-14
-3.79567e-15
-3.79567e-15
2.07658e-14
5.30199e-14
-5.45289e-14
-4.08966e-14
2.99493e-14
1.20612e-13
-2.88757e-14
-4.33136e-14
7.2216e-14
1.08231e-13
-7.00958e-17
-7.00958e-17
-7.00958e-17
-7.00958e-17
0
5.50497e-14
5.50497e-14
-3.93109e-15
-6.29118e-14
-6.16015e-14
0
3.12747e-14
0
-3.12747e-14
-6.25495e-14
4.05086e-14
-1.3965e-15
-1.3965e-15
-4.33016e-14
4.05086e-14
-4.78281e-14
4.78281e-14
0
0
0
-2.38443e-14
0
0
0
0
3.21312e-14
4.84346e-14
-4.75398e-16
-4.93854e-14
-3.315e-14
5.35146e-14
-2.65165e-15
-2.65165e-15
-2.65165e-15
-2.49567e-15
5.80613e-14
3.73255e-14
3.73255e-14
-4.14615e-15
-2.6264e-14
-2.94812e-07
-4.02107e-07
1.39886e-07
5.26413e-06
2.81281e-05
3.45164e-05
4.99033e-05
1.19867e-05
1.55348e-06
0.000229697
0.000234804
0.000242711
0.000251493
0.000256855
0.00023031
0.000238855
0.000246667
0.00025491
0.000265578
0.000231525
0.000239642
0.000247753
0.000256177
0.000267114
0.000249635
0.000252331
0.000259741
0.000267482
0.000277626
0.000291691
0.000272266
0.000280024
0.000288053
0.000298386
0.000258464
0.000231961
0.000239876
0.000248231
0.000256425
0.000285426
0.000244217
0.000252479
0.000260963
0.000269687
0.000225837
0.000222543
0.000230754
0.000239441
0.000248523
0.000221436
0.000227962
0.000236457
0.000242963
0.000251935
-4.05481e-14
-6.08633e-14
-8.11425e-14
0
4.06319e-14
2.27403e-32
-2.02887e-14
-4.05499e-14
-2.02162e-14
-5.29845e-31
6.081e-14
6.08982e-14
8.15466e-14
1.35611e-13
5.45146e-14
2.74825e-14
-1.08128e-13
0
0
0
0
0
2.88502e-14
8.29452e-14
-2.52448e-14
5.58977e-14
-5.4095e-14
-1.0818e-13
-8.1135e-14
5.409e-14
-5.409e-14
1.89315e-13
1.80542e-15
-1.06546e-13
-2.52825e-14
-5.23705e-14
1.3544e-13
8.05426e-14
8.05426e-14
-4.49848e-16
-8.14423e-14
-8.09925e-14
-8.11547e-14
-8.11547e-14
-2.70516e-14
2.70516e-14
1.62309e-13
-1.80178e-15
-1.80178e-15
-1.80178e-15
7.9298e-14
-8.10998e-14
5.92995e-14
-7.54751e-14
-1.0243e-13
1.94074e-13
-5.39098e-14
1.80797e-15
8.31863e-14
1.10312e-13
-1.06697e-13
-8.13784e-14
5.58547e-14
1.80134e-15
1.80134e-15
1.80134e-15
-1.35133e-13
-2.66149e-14
-1.07812e-13
-8.07466e-14
4.50987e-16
1.35329e-13
-3.8934e-33
8.11511e-14
-8.11411e-14
0
-4.06317e-14
-2.02481e-14
0
6.0825e-14
2.02173e-14
2.03443e-14
-6.08096e-14
2.02994e-14
5.36137e-14
8.06458e-14
2.65816e-14
-4.50425e-16
-4.32741e-32
-3.60583e-15
-8.47569e-14
-3.60583e-15
-3.60583e-15
0
0
0
0
0
8.11411e-14
0
5.40919e-14
2.7046e-14
0
-8.11379e-14
0
5.41756e-14
2.70878e-14
-2.70878e-14
-5.41756e-14
4.49848e-16
4.49848e-16
-5.35451e-14
4.49848e-16
4.80229e-32
5.41038e-14
5.41038e-14
-5.41038e-14
5.41038e-14
-1.08208e-13
3.60357e-15
-7.74965e-14
-2.34298e-14
8.47036e-14
1.08133e-13
0
-5.39127e-14
-8.0869e-14
8.0869e-14
5.39127e-14
3.61587e-15
-7.77611e-14
-7.77611e-14
8.49929e-14
8.1377e-14
-1.35133e-13
0
5.4053e-14
-5.4053e-14
5.4053e-14
-4.50987e-16
-4.50987e-16
-2.75168e-14
-8.16486e-14
1.08263e-13
1.14815e-13
7.87786e-14
-6.54527e-14
7.39926e-14
3.57209e-14
-2.55082e-15
-7.90942e-14
-7.65434e-14
-8.84564e-14
-1.06647e-13
2.40704e-15
7.41418e-14
3.56394e-14
-8.72703e-14
8.72703e-14
8.72703e-14
0
-1.74541e-13
-4.3621e-14
5.01756e-14
-1.14785e-13
4.038e-14
4.42222e-14
0
5.41872e-11
-7.97023e-14
1.25111e-13
1.54133e-09
2.86746e-12
0
-6.06738e-14
-4.90239e-14
5.89732e-14
3.1092e-14
1.25149e-13
5.93214e-14
-6.07912e-14
-8.64341e-14
-3.58842e-14
2.71766e-17
9.0846e-14
6.68155e-14
1.06375e-14
-9.24066e-14
4.67787e-14
0
-1.32791e-13
3.34759e-14
-3.8514e-14
7.18685e-14
1.17789e-15
-4.44474e-14
-8.05303e-14
2.42154e-14
-2.42162e-14
-4.8432e-14
4.84312e-14
2.19336e-15
8.44644e-14
2.19336e-15
-1.42608e-14
1.86476e-14
-4.92551e-19
-6.054e-14
-4.92551e-19
-4.92551e-19
0
-2.96581e-15
5.33991e-14
1.42395e-13
-5.93163e-15
-6.52624e-14
-1.48327e-13
-1.162e-13
-4.70605e-14
4.695e-14
1.63686e-13
-2.78799e-14
6.81185e-14
-2.93121e-14
6.49037e-14
2.09317e-15
2.09317e-15
7.046e-32
3.13737e-14
1.56868e-13
3.13737e-14
0
-1.56868e-13
9.38999e-14
0
0
0
0
1.25232e-13
-6.18369e-14
5.1951e-16
3.16977e-14
0
3.68635e-14
7.40368e-14
-3.09701e-16
-3.09701e-16
0
1.51374e-13
6.05497e-14
0
3.02749e-14
-3.33024e-13
-1.26162e-14
-1.19952e-14
-8.74655e-10
5.3362e-17
6.32156e-09
3.72636e-10
-5.7248e-14
-5.15259e-14
-4.78693e-14
2.2773e-14
-1.1789e-13
-2.28313e-15
6.17597e-14
7.69887e-14
8.23645e-14
-1.2841e-13
-3.05046e-14
2.37025e-14
0
4.72e-11
0
1.71201e-09
-3.63118e-12
-3.99705e-15
7.99159e-14
2.06097e-14
5.34512e-14
-1.76728e-14
0
-3.12896e-14
0
2.42136e-14
4.84273e-14
0
-4.84273e-14
3.72954e-14
4.38675e-15
4.38675e-15
4.38675e-15
0
-6.05341e-14
-6.05341e-14
0
0
0
-4.5538e-14
-9.41211e-14
-1.72161e-14
2.33842e-14
2.83364e-14
-1.75878e-13
2.09317e-15
6.49037e-14
2.09317e-15
2.09317e-15
5.17808e-31
0
1.56868e-13
9.41211e-14
-9.41211e-14
-6.27474e-14
8.3444e-15
8.34441e-15
8.34441e-15
3.96436e-14
-5.60971e-31
-3.16985e-14
-6.28775e-14
-3.16985e-14
-5.19523e-16
1.24716e-13
-7.5249e-14
-7.5249e-14
3.14772e-16
3.14772e-16
1.51128e-13
-7.01313e-14
1.27116e-13
9.42414e-14
-1.03006e-13
-6.57491e-14
2.3622e-14
-1.21104e-14
-1.21104e-14
-1.21104e-14
-1.21104e-14
-2.06592e-31
)
;
    }
    patch2
    {
        type            calculated;
        value           nonuniform List<scalar> 
348
(
-3.03165e-13
-3.03165e-13
0
0
3.03165e-13
0
0
0
0
1.51582e-13
0
-1.51582e-13
3.03165e-13
7.57912e-14
0
3.03165e-13
0
1.51582e-13
3.48633e-13
0
0
0
0
0
-7.57912e-14
-1.66843e-13
0
0
0
3.16631e-13
-7.57912e-14
0
-3.03165e-13
-3.03165e-13
0
0
-8.41364e-14
6.0633e-13
3.03165e-13
7.57912e-14
-3.03165e-13
3.03165e-13
0
0
-3.03165e-13
-7.57912e-14
-3.78956e-13
-3.03165e-13
-4.25587e-13
0
0
3.03165e-13
3.03165e-13
0
-7.57912e-14
-3.03165e-13
0
0
7.57912e-14
-3.03165e-13
0
-3.03165e-13
3.78956e-13
3.03165e-13
0
7.57912e-14
0
0
-3.03165e-13
7.57912e-14
0
1.51582e-13
0
0
0
0
-6.82121e-13
3.03165e-13
0
3.03165e-13
-7.57912e-14
3.03165e-13
0
0
0
-3.03165e-13
0
-4.54747e-13
3.03165e-13
0
0
0
0
7.57912e-14
0
-3.03165e-13
0
3.03165e-13
0
0
0
3.03165e-13
0
0
0
-7.57912e-14
0
0
3.03165e-13
1.51582e-13
3.03165e-13
0
0
-3.03165e-13
0
-3.03165e-13
-3.03165e-13
-3.03165e-13
-3.03165e-13
-3.03165e-13
0
-2.27374e-13
-1.51582e-13
3.03165e-13
3.03165e-13
3.48633e-13
3.03165e-13
0
2.27374e-13
0
-3.03165e-13
-7.57912e-14
8.34219e-14
3.29086e-13
3.78956e-13
-2.37118e-13
3.03165e-13
0
0
0
-3.03165e-13
5.04819e-13
6.0633e-13
3.03165e-13
-7.57912e-14
-3.03165e-13
0
-3.03165e-13
0
0
0
-7.57912e-14
3.03165e-13
1.70235e-13
0
-3.26869e-13
0
0
3.48633e-13
7.57912e-14
0
0
0
0
-7.57912e-14
0
-1.64544e-13
0
0
3.16631e-13
-7.57912e-14
0
-3.03165e-13
-3.03165e-13
0
-7.57912e-14
0
6.0633e-13
0
0
-3.03165e-13
3.03165e-13
0
0
-3.03165e-13
-7.57912e-14
-3.03165e-13
-3.03165e-13
-3.4047e-13
0
0
3.03165e-13
3.03165e-13
0
0
-3.03165e-13
0
0
0
-3.03165e-13
0
-3.03165e-13
4.54747e-13
3.03165e-13
0
0
0
-7.57912e-14
-3.03165e-13
7.57912e-14
7.57912e-14
7.57912e-14
0
7.57912e-14
0
0
-6.82121e-13
3.03165e-13
-7.57912e-14
3.03165e-13
-7.57912e-14
3.03165e-13
1.51582e-13
3.03165e-13
-3.03165e-13
-3.03165e-13
0
-3.78956e-13
3.03165e-13
0
0
0
7.57912e-14
7.57912e-14
0
0
0
3.78956e-13
0
0
0
3.03165e-13
0
7.57912e-14
0
-7.57912e-14
0
0
3.03165e-13
7.57912e-14
3.03165e-13
0
0
-3.03165e-13
0
-3.03165e-13
-3.03165e-13
-1.51582e-13
-3.03165e-13
-3.03165e-13
0
0
0
3.03165e-13
3.03165e-13
3.48633e-13
7.57912e-14
3.03165e-13
2.27374e-13
0
0
-7.57912e-14
0
3.29086e-13
3.03165e-13
-2.37118e-13
3.03165e-13
0
-7.57912e-14
0
-3.03165e-13
5.04819e-13
6.0633e-13
3.03165e-13
0
-3.03165e-13
0
-3.03165e-13
0
0
0
-1.51582e-13
3.03165e-13
8.51174e-14
0
-3.26869e-13
0
0
-6.06179e-14
4.03547e-13
-5.77112e-14
0
0
-1.06384e-13
0
0
-2.07597e-13
0
-2.0875e-13
0
0
-1.24516e-13
0
6.24301e-14
-1.15638e-13
-1.15437e-13
0
4.17126e-13
-2.00634e-13
0
0
6.21094e-14
3.11383e-13
0
5.74379e-13
0
0
0
0
0
4.9844e-14
-1.03799e-13
0
-2.0875e-13
0
0
-1.24516e-13
0
0
-2.30425e-13
0
0
4.17126e-13
-2.00634e-13
0
0
0
3.11383e-13
)
;
    }
    patch3
    {
        type            calculated;
        value           uniform 0;
    }
    patch4
    {
        type            calculated;
        value           nonuniform List<scalar> 
384
(
-24.9617
-4.93983
-1.78937
-0.539319
-2.62674
-6.53532
1.64799
-15.5343
-3.68442
3.00292
2.82165
-4.01314
-27.467
-4.93977
-1.78957
-0.539319
-2.62674
-6.53577
1.64821
-18.4094
-4.01221
3.00292
2.82155
-4.34637
0.588826
-0.854808
0.55409
-0.704698
0.58882
-0.854808
0.554089
-0.704698
0.588826
-0.854808
0.55409
-0.704698
0.58882
-0.854808
0.554089
-0.704698
-1.08695
-1.20651
-1.10393
-1.20651
0.635839
205.126
1.95246
197.423
0.643803
205.127
1.95246
197.423
-1.10393
-1.20651
-1.08695
-1.20651
1.31959
1.32452
0.00512546
0.150074
-0.931326
-0.851668
0.0211481
287.605
-2.41801
277.869
1.29463
1.35825
0.00219139
0.138203
-0.931325
-0.851668
-0.0143829
287.625
-2.40802
277.874
1.42605
1.43094
0.00516706
0.15012
-0.931326
-0.851668
0.0209692
287.572
-2.41794
277.869
1.40114
1.4647
0.0021703
0.138249
-0.931325
-0.851668
-0.0146134
287.592
-2.40795
277.874
0.643803
205.127
1.95246
197.423
0.635839
205.126
1.95246
197.423
389.186
468.99
389.186
468.99
389.186
468.99
389.186
468.99
554.625
567.887
494.789
531.622
407.913
421.573
408.095
392.509
409.105
455.866
407.735
462.394
404.436
456.639
397.102
462.749
554.628
567.879
494.789
531.621
407.913
421.573
408.095
392.509
409.105
455.866
407.735
462.394
404.437
456.639
397.102
462.749
554.826
567.875
494.789
531.622
407.913
421.573
408.095
392.509
409.105
455.866
407.735
462.394
404.436
456.639
397.102
462.749
554.83
567.867
494.789
531.621
407.913
421.573
408.095
392.509
409.105
455.866
407.735
462.394
404.437
456.639
397.102
462.749
553.572
553.791
490.694
491.936
416.4
413.912
404
553.573
553.791
490.695
491.935
416.4
413.913
404
553.983
554.226
490.694
491.936
416.4
413.912
404
553.983
554.226
490.695
491.935
416.4
413.913
404
0.00539217
0.00552161
0.00547959
0.005506
0.00583514
0.00552776
0.00576954
0.00536033
0.00539005
0.00619032
0.00630951
0.00548049
0.00550636
0.00583528
0.00520383
0.00530494
0.00536032
0.00539027
0.00548504
0.00549768
0.00547959
0.005506
0.00583514
0.00552776
0.00576954
0.00536033
0.00539005
0.00628573
0.00628558
0.00548049
0.00550636
0.00583528
0.00520383
0.00530494
0.00536032
0.00539027
2.50574e-05
2.59969e-05
2.643e-05
2.73655e-05
2.97255e-05
1.3537e-05
2.18349e-05
8.08306e-06
6.11114e-06
2.50978e-05
2.60115e-05
2.64458e-05
2.72798e-05
2.96527e-05
1.35269e-05
2.18373e-05
8.08927e-06
6.11106e-06
2.5284e-05
2.59966e-05
2.643e-05
2.73655e-05
2.97255e-05
1.3537e-05
2.18349e-05
8.08306e-06
6.11114e-06
2.53246e-05
2.60113e-05
2.64458e-05
2.72798e-05
2.96527e-05
1.35269e-05
2.18373e-05
8.08927e-06
6.11106e-06
-8.9828e-08
-7.77406e-08
-1.17416e-08
1.75791e-07
1.22115e-06
1.71611e-06
2.43323e-06
4.28864e-07
-3.65559e-08
-8.93193e-08
-7.83234e-08
-1.12745e-08
1.77268e-07
1.22373e-06
1.71508e-06
2.43026e-06
4.27587e-07
-3.66678e-08
-9.8861e-08
-7.69501e-08
-1.17423e-08
1.75791e-07
1.22115e-06
1.71611e-06
2.43323e-06
4.28864e-07
-3.65559e-08
-9.8405e-08
-7.75329e-08
-1.12752e-08
1.77268e-07
1.22373e-06
1.71508e-06
2.43026e-06
4.27587e-07
-3.66678e-08
3.1637e-05
3.27913e-05
3.33166e-05
3.44926e-05
3.75032e-05
1.22435e-05
2.50405e-05
4.31526e-06
8.10627e-07
3.16395e-05
3.27935e-05
3.33221e-05
3.44934e-05
3.75049e-05
1.22427e-05
2.5037e-05
4.31555e-06
8.10589e-07
3.1929e-05
3.27909e-05
3.33166e-05
3.44926e-05
3.75032e-05
1.22435e-05
2.50405e-05
4.31526e-06
8.10627e-07
3.19315e-05
3.27931e-05
3.33221e-05
3.44934e-05
3.75049e-05
1.22427e-05
2.5037e-05
4.31555e-06
8.10589e-07
3.16838e-05
3.28317e-05
3.3324e-05
3.4403e-05
3.6869e-05
1.13675e-05
2.38129e-05
4.03439e-06
7.84204e-07
3.1686e-05
3.28345e-05
3.33292e-05
3.44043e-05
3.68706e-05
1.13669e-05
2.38119e-05
4.03517e-06
7.84273e-07
3.19804e-05
3.2831e-05
3.3324e-05
3.4403e-05
3.6869e-05
1.13675e-05
2.38129e-05
4.03439e-06
7.84204e-07
3.19826e-05
3.28337e-05
3.33292e-05
3.44043e-05
3.68706e-05
1.13669e-05
2.38119e-05
4.03517e-06
7.84273e-07
)
;
    }
}


// ************************************************************************* //
