/*--------------------------------*- C++ -*----------------------------------*\
  =========                 |
  \\      /  F ield         | OpenFOAM: The Open Source CFD Toolbox
   \\    /   O peration     | Website:  https://openfoam.org
    \\  /    A nd           | Version:  dev
     \\/     M anipulation  |
\*---------------------------------------------------------------------------*/
FoamFile
{
    format      ascii;
    class       volScalarField;
    location    "1";
    object      gradTy;
}
// * * * * * * * * * * * * * * * * * * * * * * * * * * * * * * * * * * * * * //

dimensions      [0 -1 0 1 0 0 0];

internalField   nonuniform List<scalar> 
5712
(
-0.000195501
-12.3332
2.09914e-06
-2.2908
9.09802e-06
-0.78467
4.32037e-05
-0.23437
-3.76175e-05
-1.19893
-0.000345575
-3.07479
-0.000462541
0.790948
-0.000263395
-7.7158
-2.32065e-05
1.4938e-09
3.44955e-05
8.48733e-05
1.64388e-05
2.27816e-09
-0.000392979
3.54937e-05
1.35494e-05
-2.847e-05
0.649953
0.650956
7.89773e-06
-7.35875e-05
0.00245311
0.0693764
-0.000562835
-3.69428e-05
-0.000427924
-1.74838e-08
-0.00020852
-0.000195905
0.285658
-0.413563
-0.00273134
-0.00320875
0.258693
-0.327222
-0.000461021
-0.000613058
-0.455619
-0.411004
0.00470527
0.00395376
-0.715611
-0.795561
0.0103794
272.204
0.0105753
287.646
0.00744447
243.912
-1.0889
278.99
0.00341789
199.589
0.00472632
212.493
0.265031
204.533
0.859038
196.288
-2.72759e-09
-1.4388e-11
6.92855e-09
-8.05546e-12
-4.79894e-11
4.40742e-14
1.43386e-09
3.68942e-13
-6.22752e-05
5.34395e-08
-6.78958e-05
-1.31727e-07
-1.45783e-05
1.74558e-11
1.29794e-05
1.11897e-10
-1.19486e-05
-2.12972e-10
-1.51569e-06
-1.46499e-11
-1.05585e-05
4.32418e-08
-1.87143e-05
-8.81832e-09
0.00354099
209.769
0.00541027
223.375
0.00351129
204.008
0.0054278
232.708
0.00345513
206.16
0.00545831
224.733
0.00336177
198.241
0.0056354
233.463
0.0104219
0.0101973
272.066
271.998
0.006909
0.00660412
246.728
247.342
0.00399423
0.00368466
213.549
212.246
-2.74422e-09
-1.16018e-12
-7.04445e-05
0.00342424
195.453
-5.28632e-13
-2.66054e-09
-7.25885e-05
0.00187482
188.393
-3.52639e-14
-4.48476e-11
-5.50655e-07
0.00503038
242.551
0.000157614
1.94543e-09
1.36391e-05
-2.95798e-07
0.000139079
1.72968e-09
-5.3261e-05
1.30288e-06
0.000134799
1.74021e-09
-5.69374e-05
6.82425e-06
0
1.21824e-14
-1.41226e-10
5.54769e-14
2.30699e-09
9.22077e-11
0.000215323
3.42617e-09
-5.86489e-05
2.30411e-05
-8.5237e-14
6.54283e-14
1.04603e-12
4.0162e-14
9.5453e-09
2.40605e-10
0.000315364
5.16918e-09
-0.000122102
1.73174e-05
4.71738e-12
-2.42613e-14
3.72465e-12
4.20997e-14
0
-5.13999e-14
0
0
5.93635e-09
1.70169e-10
9.54447e-09
2.38176e-10
2.021e-12
-3.55861e-14
4.06544e-13
6.92633e-14
-4.81191e-14
2.61592e-14
-7.1743e-14
2.78437e-14
4.22418e-09
1.35767e-10
2.55312e-09
1.17534e-10
0.000190829
3.02216e-09
2.21418e-05
-2.03073e-06
0.000280879
4.44851e-09
3.95139e-05
-2.6796e-06
0.000150949
2.29088e-09
1.48771e-05
-1.8161e-06
0.000102623
1.73877e-09
1.71701e-05
-3.01859e-06
1.11347e-13
7.42334e-14
3.46203e-14
-4.48215e-12
1.06721e-13
7.79895e-14
-4.1403e-13
0
0
4.25968e-11
-2.34231e-14
0
-1.73435e-12
0
0
1.66907e-10
-6.28561e-14
-4.19222e-14
-5.77441e-14
-5.33344e-14
-3.24532e-14
1.62541e-14
-8.75581e-14
-2.95643e-14
3.8614e-14
6.91061e-14
-3.03537e-14
-4.72292e-12
-2.93833e-15
3.22568e-14
6.28545e-10
-2.51679e-13
-2.14712e-14
3.76709e-14
0
2.43696e-14
0
5.01756e-14
-5.73927e-14
4.038e-14
0
-4.74342e-14
8.90031e-12
-3.98511e-14
8.34074e-14
4.37072e-10
4.41147e-13
0
-4.66823e-11
-8.33839e-14
-1.33867e-08
-7.48926e-11
-1.63822e-08
2.67204e-10
-0.000415376
-1.1349e-08
8.8286e-14
-4.47803e-14
-7.85493e-15
6.54126e-14
4.77058e-14
0
-1.76966e-12
-1.95836e-14
-1.01299e-12
-1.61986e-13
1.60983e-13
-1.2395e-13
-1.01602e-13
0
3.06303e-09
7.19359e-10
9.1549e-05
1.21857e-05
-2.97657e-10
-3.26811e-10
5.30883e-13
1.99421e-13
-1.56305e-14
8.19046e-14
1.59629e-15
-2.78017e-15
0
-4.78042e-14
-1.39534e-14
4.38448e-14
-8.61506e-14
5.00989e-14
1.21793e-13
-1.91448e-14
-6.16648e-14
2.7135e-14
-2.15379e-15
-4.88073e-14
2.06425e-14
3.10899e-14
5.94389e-14
-4.05709e-14
1.80311e-14
-5.51073e-15
3.9604e-14
9.0985e-15
-1.2796e-11
3.07302e-14
6.00174e-14
0
6.93191e-14
5.46688e-14
1.22657e-11
-5.08915e-14
1.44276e-12
2.56998e-14
2.51078e-09
-3.68936e-12
2.65216e-10
-3.91409e-13
5.32153e-14
0
0
-4.76841e-14
1.33755e-14
1.33079e-14
-2.99801e-15
0
-4.90827e-14
1.58643e-14
0
1.70297e-14
-3.79442e-14
0
2.33226e-14
0
4.25954e-14
1.57112e-14
4.42014e-14
-2.66839e-14
4.01795e-14
0
-6.73452e-15
1.40854e-14
-3.64566e-14
4.29125e-14
-3.85099e-14
0
0
0
-2.14673e-14
0
0
1.34664e-13
0
1.3746e-14
0
0
7.11356e-14
5.86304e-14
-3.30435e-14
-4.55306e-14
1.7632e-14
-2.6111e-14
7.78831e-14
2.84945e-15
4.61186e-14
4.08178e-14
4.38062e-14
-3.41425e-14
-6.2283e-15
0
3.47416e-14
-3.80535e-14
-5.47607e-14
2.93839e-14
5.9015e-14
0
-1.68996e-14
5.06846e-14
1.21816e-14
-8.97434e-14
-2.77385e-14
-4.8438e-14
0
-1.99141e-14
3.20072e-14
3.19039e-14
0
-3.50707e-14
-4.60027e-15
-6.6811e-14
-6.99967e-14
-1.41198e-14
4.43958e-14
-4.34598e-14
-9.20794e-15
6.02577e-14
-1.49804e-14
-4.0667e-14
5.43452e-14
-4.6851e-14
-1.02682e-14
-1.89207e-14
5.58877e-14
-4.82599e-14
-4.12523e-14
7.12582e-14
1.2597e-14
4.16875e-14
-1.19782e-13
9.62383e-14
-6.4055e-14
2.39143e-14
5.58575e-15
-4.77871e-14
2.60301e-14
9.56574e-14
-8.73706e-14
0
-1.99106e-14
0
-2.2991e-15
4.49673e-14
-1.57274e-14
0
-3.39384e-14
0
-2.43668e-14
1.54721e-14
3.30718e-14
-4.95763e-14
2.88264e-14
3.55219e-14
3.36905e-14
0
8.06059e-14
4.76484e-15
-3.28822e-14
7.42312e-14
-3.71167e-14
3.46203e-14
-2.27686e-14
2.66803e-14
-7.79895e-14
5.17537e-14
-5.03558e-14
0
6.18748e-14
0
0
7.54064e-14
3.21146e-14
-2.79041e-14
3.61667e-14
-2.0952e-14
0
4.61919e-14
2.28566e-14
1.08176e-14
-4.87624e-14
7.50498e-14
0
-3.8614e-14
-5.18296e-14
-6.07073e-14
8.46553e-15
4.40749e-15
4.71445e-14
-1.74548e-14
-4.19466e-14
2.14712e-14
3.76698e-14
4.32211e-14
-4.87386e-14
4.3621e-14
-1.25439e-13
0
-8.07601e-14
0
4.74342e-14
0
7.97023e-14
0
0
2.20574e-14
-4.85763e-14
0
-2.03916e-14
1.10553e-14
1.39849e-14
3.88532e-14
-3.26417e-16
-2.61504e-14
-1.40027e-14
1.9758e-14
3.9516e-14
-1.59025e-14
0
1.66388e-14
-3.32775e-14
-1.13537e-14
1.29094e-14
0
5.83726e-14
-2.31519e-14
-3.44051e-14
0
0
-1.27217e-14
8.2577e-15
5.41959e-14
1.17789e-15
-2.75992e-14
-3.36196e-14
-3.94041e-19
-2.42162e-14
-2.42162e-14
2.42154e-14
-5.11938e-14
2.5557e-14
-7.83785e-15
-1.26192e-14
-2.57672e-14
2.58747e-14
2.97306e-14
-2.06071e-14
0
-1.57001e-14
-3.02232e-14
5.86827e-14
-3.1041e-14
0
1.79656e-14
0
4.56381e-14
-4.07597e-16
8.76251e-15
-3.55781e-14
2.32842e-14
-2.42738e-17
2.60345e-14
-6.66077e-14
-1.81668e-16
-1.81668e-16
-2.44964e-14
6.57367e-15
-2.16682e-14
-2.16682e-14
4.64845e-14
1.59683e-14
1.7048e-14
0
-4.3437e-14
-7.37321e-15
-3.02218e-16
-1.84397e-14
3.76887e-14
-1.61077e-14
0
0
1.43385e-14
0
-1.33031e-15
-2.12898e-14
-2.17759e-14
-1.33247e-14
-2.04069e-14
4.08138e-14
-1.78712e-14
1.68987e-14
-2.38856e-14
-2.38856e-14
2.58389e-14
3.04711e-14
-2.1942e-14
0
-1.97059e-14
1.99303e-14
0
0
5.32566e-14
-3.26803e-14
2.01686e-14
-2.01686e-14
4.74872e-14
-3.68649e-14
0
0
3.00986e-14
2.5747e-14
-1.77189e-14
5.31566e-14
9.92277e-15
-9.00807e-14
-1.73283e-14
-1.73283e-14
7.96612e-15
0
-1.62106e-14
1.1576e-15
3.22899e-14
7.53388e-16
-3.61124e-15
-3.61124e-15
-1.32995e-14
-2.32079e-14
3.51567e-14
-3.51567e-14
-2.62775e-14
2.17978e-14
0
0
4.59555e-15
5.02933e-14
3.61394e-14
-3.61394e-14
-1.23102e-14
0
2.901e-14
1.4505e-14
-1.06156e-14
-1.48212e-14
3.23902e-14
0
-5.27082e-14
2.10847e-14
-3.40933e-14
0
-3.08465e-14
4.13616e-14
3.6705e-15
3.6705e-15
1.79173e-14
-3.48543e-14
-4.5362e-14
4.5362e-14
1.40265e-14
0
0
4.27131e-14
0
-5.54853e-14
-3.74375e-14
3.27588e-14
-9.18129e-15
-6.68342e-14
-5.63461e-14
-1.81719e-15
3.12808e-14
5.05425e-14
-1.71797e-14
-3.4952e-14
3.90227e-14
2.18106e-14
0
-1.44379e-14
-4.8144e-14
1.80386e-14
-3.76347e-14
-1.14017e-15
-1.14017e-15
-1.93874e-14
1.82472e-14
-1.96165e-14
-3.80793e-14
-1.15364e-15
-1.15364e-15
-1.23055e-15
-1.86227e-14
-2.19043e-15
-2.19043e-15
-2.19043e-15
0
0
0
0
0
-3.93219e-14
-2.52105e-14
2.8811e-14
1.80028e-15
2.8811e-14
0
0
0
0
0
0
2.19336e-15
5.1556e-14
2.19336e-15
-1.42608e-14
1.86476e-14
-4.92551e-19
-3.02702e-14
-4.92551e-19
-4.92551e-19
0
-2.37418e-14
1.81567e-14
1.81567e-14
-2.37418e-14
0
3.12743e-14
1.56371e-14
0
-1.56371e-14
-3.12743e-14
0
0
4.01807e-14
-4.01807e-14
-2.00904e-14
6.35538e-14
6.98224e-16
6.98224e-16
6.98224e-16
-4.19037e-14
-2.61889e-14
2.61889e-14
2.61889e-14
0
0
0
2.39145e-14
0
0
0
-7.44092e-16
-4.54005e-14
-7.44092e-16
4.39123e-14
0
0
7.15329e-14
0
-4.76886e-14
-2.38443e-14
3.73531e-14
1.27737e-15
1.27737e-15
1.27737e-15
0
5.20045e-16
3.6189e-14
5.20045e-16
-3.51489e-14
3.62633e-14
-1.82978e-14
-3.66052e-14
3.66243e-14
9.53277e-18
0
1.55976e-16
1.55976e-16
1.55976e-16
3.75994e-14
0
-2.57785e-14
-2.57785e-14
0
2.57785e-14
2.57785e-14
-6.77315e-14
-4.6997e-14
3.59412e-14
1.52067e-14
-5.52787e-15
1.59195e-14
0
3.1839e-14
0
0
5.72533e-14
5.72533e-14
1.2051e-14
1.2051e-14
1.2051e-14
-4.25021e-15
2.76342e-14
-4.25021e-15
-4.25021e-15
-4.25021e-15
0.00257552
7.83996e-08
0.0026438
5.97957e-08
0.00261459
3.34823e-07
0.00254559
2.7588e-06
0.00265566
1.41979e-05
0.00261071
1.71745e-05
0.00265149
2.50739e-05
0.002561
5.79514e-06
0.00262768
5.08266e-07
0.00269619
1.25242e-05
-4.31079e-08
1.58211e-05
1.58435e-05
8.61177e-08
1.52748e-08
2.31077e-08
1.7519e-08
4.94252e-09
0.00276091
1.29939e-05
-3.71041e-08
1.63983e-05
1.64177e-05
7.01145e-08
1.35268e-08
1.49481e-08
1.74931e-08
9.42089e-09
0.0027399
1.32105e-05
-4.11289e-09
1.6661e-05
1.66638e-05
3.45013e-07
7.87967e-09
7.84051e-09
8.62193e-09
4.94592e-09
0.00275311
1.36782e-05
8.96469e-08
1.7249e-05
1.72034e-05
2.83817e-06
1.23048e-07
1.31872e-07
1.42824e-07
7.34728e-08
0.00291769
1.48579e-05
6.12372e-07
1.87546e-05
1.84366e-05
1.45503e-05
5.01063e-07
5.23282e-07
5.46513e-07
2.80715e-07
0.00276399
6.76356e-06
8.59977e-07
6.12402e-06
5.68502e-06
1.78168e-05
8.93576e-07
9.50567e-07
1.01468e-06
5.33176e-07
0.00288489
1.09125e-05
1.21858e-06
1.25229e-05
1.19081e-05
2.59881e-05
1.25311e-06
1.32762e-06
1.40717e-06
7.36122e-07
0.00268027
4.03667e-06
2.16338e-07
2.15973e-06
2.01831e-06
6.04919e-06
3.71444e-07
3.98793e-07
4.28147e-07
2.21959e-07
0.00269513
3.05063e-06
-1.64213e-08
4.07289e-07
3.93148e-07
5.29573e-07
4.83805e-08
3.88407e-08
3.92921e-08
2.71738e-08
2.87007e-07
0.00905583
0.0091916
2.72997e-07
-4.17565e-14
-8.26611e-13
-4.68889e-11
-2.12951e-08
1.25629e-09
3.09881e-07
4.57719e-05
0.0119623
0.000120747
0.0102764
9.28861e-09
9.09088e-07
-1.58348e-10
-1.97044e-08
-6.93188e-14
-1.36777e-12
0
1.59027e-14
-4.34297e-14
-1.62044e-14
2.24871e-14
-5.80529e-14
0
-8.1501e-14
-3.45899e-14
0
-7.42897e-14
0
4.79699e-14
0
-5.15902e-14
-2.73229e-14
0
-2.95033e-14
-4.06869e-14
0
2.02078e-14
2.76126e-14
6.02948e-14
-2.50076e-14
-2.17115e-14
2.23877e-14
-2.96581e-15
-5.21683e-14
0
0
0
0
3.52995e-14
-3.55773e-14
5.52603e-14
0
-5.16088e-14
-4.43937e-14
7.22802e-14
-5.47392e-16
2.37362e-14
1.81739e-14
-2.05108e-14
0
0
-4.24072e-14
0
0
0
-6.17658e-14
-3.85948e-15
-3.85948e-15
-3.85948e-15
0
0
0
-4.32119e-14
4.32119e-14
2.16059e-14
-3.92057e-14
-7.38e-14
-4.61144e-15
2.99828e-14
3.45943e-14
0
5.16025e-14
2.58013e-14
-2.58013e-14
-5.16025e-14
-5.72217e-15
3.72046e-14
-5.72217e-15
-5.72217e-15
0
0
1.41225e-14
3.39803e-15
9.46271e-14
-2.43006e-14
7.80975e-14
-1.62135e-14
-7.90901e-14
2.48287e-14
4.37773e-14
-2.40746e-14
0
-4.81493e-14
-4.81493e-14
4.81493e-14
8.87158e-15
4.85521e-14
-1.2051e-14
2.1593e-14
3.39205e-14
2.23926e-14
-2.74958e-14
0
-8.20099e-14
8.1774e-14
5.68393e-15
-3.69559e-14
5.68393e-15
5.68393e-15
0
0
0
0
0
0
-6.44729e-15
5.80414e-14
2.5797e-14
-6.44729e-15
0
2.91462e-14
2.91462e-14
-7.28432e-15
-7.28432e-15
-7.2861e-14
2.84376e-14
0
0
0
0
3.93378e-14
-3.93378e-14
-3.93378e-14
3.93378e-14
3.93378e-14
1.53401e-15
5.6442e-14
-1.72506e-14
6.21938e-14
-4.86765e-14
3.05471e-15
3.05471e-15
3.05471e-15
-6.56932e-14
6.87479e-14
3.4127e-14
-1.97605e-14
-4.67042e-14
7.18324e-15
8.08312e-14
3.4363e-14
-2.45386e-15
-2.45386e-15
-2.45386e-15
0
3.75174e-14
-2.67911e-15
-2.67911e-15
-2.67911e-15
-4.01965e-14
-6.68258e-14
-6.68258e-14
-1.38897e-16
-1.38897e-16
6.66869e-14
-3.85888e-15
2.50898e-14
-3.85888e-15
-3.85888e-15
0
-1.98953e-15
5.7711e-14
-1.98953e-15
-1.98953e-15
-5.97005e-14
2.37337e-14
5.33991e-14
-5.93163e-15
-3.5597e-14
-5.93308e-14
3.59378e-14
3.59378e-14
1.15901e-15
-3.36198e-14
-3.47788e-14
0
0
0
2.47666e-14
-2.47666e-14
0
2.8175e-14
0
2.8175e-14
-2.8175e-14
4.66929e-14
-2.94908e-14
-1.19571e-13
2.89385e-14
0
0
0
0
0
0
6.18772e-14
-3.18286e-15
-7.37574e-14
2.00507e-14
-4.16105e-14
-2.37182e-14
-4.74364e-14
-2.37182e-14
7.11546e-14
7.11546e-14
4.91203e-14
-4.91203e-14
0
-2.45602e-14
2.45602e-14
0
0
3.13407e-14
0
-3.13407e-14
-6.88118e-14
1.03218e-13
3.44059e-14
-3.44059e-14
-3.44059e-14
2.95958e-14
8.87874e-14
2.95958e-14
-2.95958e-14
2.95958e-14
2.40934e-14
-2.40934e-14
0
0
0
0.000250907
-1.82128
0.000252657
1.36278
2.81548e-05
1.31154
1.51152e-05
-1.96665
-1.74477e-05
1.1524e-09
-8.16983e-05
6.43592e-05
1.24151e-05
1.74036e-09
-0.000282296
2.72006e-05
1.59781e-05
-2.84258e-05
0.637657
0.667536
3.68622e-05
-7.38572e-05
0.000985409
0.0638742
-0.000685408
-3.69753e-05
-0.000427901
-1.73589e-08
-0.000208391
-0.000197441
0.285655
-0.413563
-0.00273133
-0.00320874
0.258693
-0.327222
-0.000461025
-0.000613057
-0.455619
-0.411004
0.00470524
0.00395375
-0.726773
-0.795561
0.0103792
272.209
-0.00684681
287.65
0.00744446
243.912
-1.08441
278.991
0.00341789
199.589
0.00472623
212.492
0.268368
204.534
0.859038
196.288
-2.6706e-09
-1.43182e-11
5.63689e-09
-7.01437e-12
-3.64992e-11
2.20371e-14
1.21499e-09
3.38199e-13
-6.22752e-05
5.34434e-08
-6.78959e-05
-1.31727e-07
-1.45754e-05
1.74562e-11
1.29798e-05
1.11917e-10
-1.1948e-05
-2.12839e-10
-1.51561e-06
-1.45094e-11
-1.05561e-05
4.32411e-08
-1.8713e-05
-8.81299e-09
0.00354099
209.769
0.00541027
223.375
0.00351129
204.008
0.00542779
232.709
0.00345513
206.161
0.00545832
224.734
0.00336177
198.241
0.00563538
233.462
0.0103766
0.0101505
272.066
271.998
0.00684593
0.00654443
246.73
247.341
0.003831
0.0035313
213.549
212.246
-2.74316e-09
-9.42622e-13
-7.04465e-05
0.00342425
195.453
-5.61672e-13
-2.67399e-09
-7.25928e-05
0.00187485
188.393
3.52626e-14
-4.48085e-11
-5.50655e-07
0.0050304
242.551
0.000157621
1.95245e-09
1.36287e-05
-2.97883e-07
0.000139102
1.72586e-09
-5.31501e-05
1.3018e-06
0.000134804
1.6913e-09
-5.69452e-05
6.82182e-06
3.80145e-14
1.21827e-13
-1.41257e-10
-1.10956e-13
2.18162e-09
9.21755e-11
0.000215323
3.42543e-09
-5.86513e-05
2.30327e-05
-2.84123e-14
0
1.06632e-12
-5.73739e-15
9.54546e-09
2.40694e-10
0.000315373
5.17334e-09
-0.000122106
1.73223e-05
4.67677e-12
-1.94088e-15
3.70123e-12
-3.08035e-15
3.74953e-14
-6.04569e-15
-1.11772e-13
-5.02806e-14
5.93651e-09
1.70149e-10
9.54463e-09
2.38123e-10
2.02117e-12
-1.86066e-13
4.30444e-13
4.4686e-14
0
-2.96462e-14
-4.78271e-14
0
4.22409e-09
1.35782e-10
2.55329e-09
1.17633e-10
0.000190827
3.02218e-09
2.21416e-05
-2.03064e-06
0.000280885
4.44832e-09
3.95121e-05
-2.67228e-06
0.000150946
2.29087e-09
1.4877e-05
-1.81607e-06
0.000102629
1.73888e-09
1.71712e-05
-3.01873e-06
1.85581e-13
-3.85197e-14
-5.82511e-12
-2.27706e-14
-4.67955e-13
3.85282e-14
5.51597e-11
3.59049e-14
-2.36745e-12
2.18815e-14
2.11926e-10
-4.24243e-14
-4.18399e-14
6.80789e-14
2.36358e-14
1.42153e-14
-7.10081e-14
2.01423e-14
-6.44065e-12
7.00135e-15
7.81172e-10
-4.88339e-13
0
0
-5.1364e-14
-3.05046e-14
0
2.66068e-14
7.91061e-12
-2.38666e-14
4.86237e-10
-6.22489e-13
-2.54423e-11
8.33847e-14
-7.71809e-09
-5.71464e-11
-1.2175e-08
2.02218e-10
-0.000313795
-9.34738e-09
-8.82846e-14
-2.71589e-14
4.00699e-12
-8.49428e-14
-9.54145e-14
4.86919e-14
4.79509e-12
6.40763e-14
-9.25681e-14
0
-1.07322e-13
-1.23951e-13
1.01604e-13
7.30337e-14
3.063e-09
7.19328e-10
9.15434e-05
1.2185e-05
-2.97791e-10
-3.26774e-10
3.53919e-13
3.98841e-13
6.86671e-15
8.22628e-14
-1.17458e-13
-1.86473e-14
-3.13099e-16
-4.36926e-16
9.89424e-14
-2.19216e-14
7.42665e-16
-2.19129e-14
-7.3814e-15
1.91442e-14
2.76425e-14
4.07013e-14
-3.29308e-14
4.55026e-14
5.90854e-14
3.03461e-14
8.91587e-14
-2.69075e-14
-3.62393e-14
-1.51298e-13
-2.89991e-14
4.90334e-14
-9.59969e-12
1.0884e-14
0
-5.24098e-14
3.46596e-14
-6.02291e-14
1.22656e-11
0
1.47345e-12
2.61267e-14
2.51069e-09
-3.76882e-12
2.65287e-10
-5.09738e-13
-5.32151e-14
4.75349e-14
0
1.43443e-13
2.94261e-14
3.99234e-14
4.13468e-14
2.71974e-14
0
0
-3.18327e-14
1.70287e-14
3.79442e-14
2.36172e-14
-4.02561e-14
-4.94015e-14
-2.55572e-14
0
-8.80304e-14
-4.76785e-14
0
-8.53352e-14
-3.99877e-14
-2.84074e-14
-3.64569e-14
-1.71644e-13
1.92551e-14
0
-1.13472e-13
4.38447e-14
4.29357e-14
5.0016e-14
-2.49778e-14
-2.0717e-14
7.20303e-14
1.57094e-14
-2.12252e-14
3.30395e-14
-7.11356e-14
-1.75891e-13
4.75e-14
-2.27653e-14
-1.76313e-14
-4.849e-14
5.19201e-14
6.26855e-14
0
4.08183e-14
4.38073e-14
9.46773e-15
7.32111e-15
-3.34796e-14
3.47436e-14
7.61064e-14
5.47622e-14
-2.93853e-14
-5.90114e-14
1.74869e-14
1.6899e-14
0
0
-2.99146e-14
5.54782e-14
3.22923e-14
6.09828e-14
-8.53473e-14
-8.67699e-14
1.59519e-14
-3.39132e-14
-2.21966e-15
1.07339e-14
4.83292e-14
7.34385e-14
-1.12762e-14
-5.19757e-14
4.00267e-14
-3.06929e-14
-1.50648e-14
4.494e-14
-8.13351e-14
3.29949e-14
-2.34255e-14
2.05356e-15
4.91941e-14
-4.92292e-14
5.65331e-14
2.02363e-14
-2.37528e-14
-1.4696e-14
0
1.99636e-15
7.21846e-14
5.69382e-14
4.78271e-14
3.01631e-14
-2.38955e-14
4.85903e-14
4.78271e-14
-5.76071e-14
-4.86092e-14
-2.09585e-15
-4.8067e-14
-2.75892e-14
1.6779e-15
-4.03e-14
-3.4551e-14
-3.39368e-14
-8.37896e-14
-5.27946e-14
0
-4.96064e-14
-1.57082e-16
-1.53138e-14
0
0
-4.37471e-14
9.54543e-15
5.07888e-14
-1.64411e-14
0
1.01989e-13
3.41937e-14
-2.27706e-14
4.25414e-14
-3.85282e-14
-3.07099e-14
3.59049e-14
0
0
7.79836e-14
0
-1.67347e-14
1.70193e-14
4.72715e-14
-2.84307e-14
-5.68065e-14
-2.01423e-14
2.99275e-14
-1.22524e-14
-4.79701e-14
4.88339e-14
-2.197e-14
5.26329e-14
2.5682e-14
0
4.7405e-14
5.32136e-14
-1.31844e-13
-4.77333e-14
9.55233e-14
-5.18741e-14
0
2.03898e-14
2.76371e-14
-3.01503e-14
-3.8525e-14
3.98306e-14
-1.23384e-14
-3.85064e-14
-5.92692e-14
1.97564e-14
9.54136e-14
-1.22333e-14
3.32685e-15
-2.99498e-14
4.45507e-15
7.91735e-14
-1.94564e-14
1.94564e-14
4.63024e-14
-5.16077e-14
-3.92236e-14
-2.61491e-14
1.27212e-14
4.12878e-14
0
0
-1.68483e-14
-1.17277e-14
0
4.84273e-14
-2.42136e-14
-4.84273e-14
2.56098e-14
-2.55565e-14
-5.68241e-14
3.78579e-14
0
0
6.68943e-14
-2.06074e-14
-1.56985e-14
0
1.00738e-14
-1.95615e-14
1.55186e-14
0
1.79644e-14
1.3034e-14
2.30468e-14
2.39763e-17
-1.62879e-14
3.55779e-14
4.74181e-14
-2.25075e-14
5.20699e-14
-4.99564e-14
0
0
2.41365e-14
-1.53874e-14
4.33289e-14
2.16644e-14
3.02764e-14
-4.79036e-14
0
3.40961e-14
-2.26114e-14
2.96055e-14
5.47171e-14
-3.59744e-14
1.42719e-14
-1.19885e-14
-1.70479e-14
3.40957e-14
-7.16936e-15
-1.24856e-14
3.99236e-14
-3.99236e-14
0
1.33252e-14
-6.12238e-14
4.08159e-14
-1.19145e-14
-6.75954e-14
-4.61099e-14
-2.22473e-14
-3.87604e-14
0
-8.78251e-14
6.57888e-14
-3.94145e-14
-6.97505e-14
-2.406e-14
0
-5.32566e-14
6.53617e-14
-2.01713e-14
-4.03427e-14
0
2.76451e-14
-3.41166e-16
-3.41166e-16
-3.43421e-14
0
-2.95252e-16
-2.95252e-16
5.12415e-15
0
-3.713e-14
0
4.77947e-14
2.55429e-14
-1.73675e-14
0
1.6515e-14
4.52117e-14
-3.73243e-14
-1.20372e-15
4.93976e-14
4.64153e-14
-5.8576e-16
3.45684e-14
2.92521e-14
-2.17963e-14
3.30037e-14
0
2.66542e-14
-2.51475e-14
-2.40875e-15
1.56613e-14
4.24865e-14
2.1701e-14
1.45054e-14
1.45054e-14
3.18472e-14
2.96429e-14
0
0
5.10066e-15
-2.10842e-14
0
5.11394e-14
1.92788e-14
-1.37871e-14
3.67033e-15
3.12046e-14
1.93932e-14
2.11597e-14
1.51211e-14
3.02422e-14
-4.90932e-14
1.30773e-14
3.79567e-15
3.79567e-15
3.19383e-15
2.09605e-14
-3.27588e-14
2.33931e-15
-3.48898e-14
2.22784e-14
-4.08966e-14
-2.72644e-14
3.20885e-14
5.16909e-14
-1.8363e-14
-5.92213e-16
0
6.54306e-14
-1.44379e-14
-2.88757e-14
2.4072e-14
5.41156e-14
-3.77114e-14
-1.94638e-14
-1.21621e-15
-1.21621e-15
0
1.30744e-15
-3.56175e-14
1.30744e-15
1.30744e-15
1.23053e-15
-2.19047e-15
3.06746e-14
-2.19047e-15
-3.50556e-14
-1.64326e-14
2.2281e-14
2.62073e-15
2.62073e-15
2.62073e-15
2.62073e-15
-2.70105e-14
0
0
0
0
3.26856e-14
-3.26856e-14
3.26856e-14
3.26856e-14
0
-4.38675e-15
-4.38675e-15
-4.38675e-15
-4.38675e-15
0
-3.02671e-14
0
0
0
0
-1.9553e-14
-1.9553e-14
1.39628e-15
1.39628e-15
2.09493e-14
0
1.56374e-14
0
0
0
-2.07614e-14
-6.69563e-16
-6.69563e-16
1.94222e-14
0
0
0
0
0
0
-2.61889e-14
-2.61889e-14
0
2.61889e-14
2.61889e-14
-2.39141e-14
0
0
0
0
7.44021e-16
7.44021e-16
-2.15821e-14
7.44021e-16
2.23261e-14
-2.38443e-14
2.38443e-14
0
-2.38443e-14
0
0
0
0
0
0
-6.68607e-16
-6.68607e-16
-6.68607e-16
-6.68607e-16
-5.94318e-16
0
-3.66155e-14
3.66155e-14
0
3.66155e-14
-3.47925e-14
2.65165e-15
4.00958e-14
2.65165e-15
-3.49485e-14
8.59089e-16
8.59089e-16
8.59089e-16
8.59089e-16
-2.5779e-14
6.63536e-14
2.4882e-14
4.14615e-15
-1.65897e-14
-1.52076e-14
-5.30428e-15
2.65292e-14
2.65292e-14
-3.71377e-14
-3.18334e-14
-2.2602e-14
-4.5204e-14
0
4.5204e-14
0
5.20637e-14
2.01873e-14
2.01873e-14
2.01873e-14
2.01873e-14
0.00257573
7.77443e-08
0.00264404
6.04072e-08
0.00261503
3.3727e-07
0.00254578
2.75767e-06
0.00265574
1.421e-05
0.00261072
1.71724e-05
0.00265147
2.50707e-05
0.002561
5.79229e-06
0.00262779
5.08433e-07
0.00306713
1.25444e-05
-4.28529e-08
1.58223e-05
1.58446e-05
7.72951e-08
1.5181e-08
2.27874e-08
1.73442e-08
4.92952e-09
0.00313752
1.30012e-05
-3.73953e-08
1.63995e-05
1.6419e-05
7.10381e-08
1.4162e-08
1.56321e-08
1.82541e-08
9.82603e-09
0.00274035
1.32184e-05
-3.87932e-09
1.66638e-05
1.66664e-05
3.47475e-07
7.83718e-09
7.83195e-09
8.59204e-09
4.93817e-09
0.00275329
1.36354e-05
9.03857e-08
1.72495e-05
1.7204e-05
2.87503e-06
1.23882e-07
1.32014e-07
1.43179e-07
7.36619e-08
0.00291776
1.48216e-05
6.13663e-07
1.87554e-05
1.84374e-05
1.45956e-05
4.98713e-07
5.23673e-07
5.47022e-07
2.80638e-07
0.00261977
6.75854e-06
8.59462e-07
6.12363e-06
5.68476e-06
1.78105e-05
8.9314e-07
9.50445e-07
1.01469e-06
5.32945e-07
0.0026711
1.09137e-05
1.21709e-06
1.25211e-05
1.19076e-05
2.59856e-05
1.25339e-06
1.32791e-06
1.4077e-06
7.35963e-07
0.00268026
4.03977e-06
2.15699e-07
2.15987e-06
2.0187e-06
6.04379e-06
3.71465e-07
3.98594e-07
4.2812e-07
2.21578e-07
0.00269524
3.05059e-06
-1.64773e-08
4.0727e-07
3.93182e-07
5.29704e-07
4.84386e-08
3.8816e-08
3.93619e-08
2.71929e-08
2.87011e-07
0.00905583
0.00919161
2.73002e-07
2.40098e-10
1.90925e-07
6.03934e-11
2.18357e-07
4.27807e-06
0.00847835
7.5941e-06
0.00853153
6.01061e-14
3.00745e-14
9.02196e-14
3.007e-14
3.01152e-14
0
0
6.08633e-14
-4.05712e-14
0
0
0
0
-6.90919e-14
2.90329e-14
-2.35303e-14
2.91058e-14
2.3475e-14
2.92079e-14
9.35346e-14
0
0
0
2.27062e-14
0
-3.00551e-14
0
0
-6.00958e-14
3.00925e-14
4.05773e-14
0
2.02162e-14
-4.06892e-14
-2.027e-14
2.02994e-14
7.88061e-14
3.87353e-14
3.87353e-14
-4.14061e-14
-4.00707e-14
4.2772e-14
-3.74267e-14
2.67264e-15
2.67264e-15
-4.00994e-14
7.48502e-14
-5.34504e-15
-5.34504e-15
-5.34504e-15
-8.01952e-14
4.00933e-14
-4.00933e-14
-4.00933e-14
0
0
3.74773e-14
-4.28298e-14
-4.28298e-14
-2.67625e-15
0
2.00057e-15
2.00057e-15
2.00057e-15
2.00057e-15
0
5.36137e-14
5.36137e-14
5.36137e-14
-4.50425e-16
-8.10962e-14
0
-5.41007e-14
0
0
0
5.22922e-14
2.52448e-14
-2.88502e-14
2.52448e-14
-2.70475e-14
-2.7045e-14
-5.409e-14
-2.7045e-14
2.7045e-14
8.1135e-14
-1.80542e-15
-5.59813e-14
-1.80542e-15
-2.88934e-14
8.12639e-14
2.74473e-14
5.44448e-14
4.49848e-16
-5.35451e-14
-2.69975e-14
-2.57585e-15
-2.57585e-15
-4.1223e-14
3.60713e-14
0
-2.93121e-14
3.34984e-14
2.09317e-15
2.09317e-15
0
3.87106e-14
0
0
0
0
3.13737e-14
9.4121e-14
0
0
-9.4121e-14
0
-3.88077e-14
0
3.88077e-14
3.88077e-14
6.26e-14
0
0
0
0
-6.48905e-16
-6.48905e-16
-6.48905e-16
-3.95927e-14
7.78876e-14
6.28759e-14
-6.18369e-14
5.1951e-16
3.16977e-14
0
1.68294e-16
1.68294e-16
1.68294e-16
1.68294e-16
0
3.68635e-14
3.68635e-14
-3.09701e-16
-3.09701e-16
0
0
0
0
-3.58823e-14
-3.58823e-14
9.08246e-14
3.02749e-14
0
3.02749e-14
-1.81649e-13
-6.68184e-16
-4.0769e-14
-6.68185e-16
-6.68185e-16
8.02017e-14
-4.00735e-14
4.00735e-14
4.00735e-14
-4.00735e-14
-4.00735e-14
-3.99639e-14
0
0
-3.99639e-14
3.99639e-14
-4.02105e-14
0
0
0
0
-1.33514e-15
-1.33514e-15
3.87288e-14
-4.1399e-14
8.01278e-14
4.07919e-14
6.68559e-16
4.07919e-14
6.68559e-16
-4.01233e-14
-8.11547e-14
-8.11547e-14
-2.70516e-14
2.70516e-14
8.11547e-14
-2.52315e-14
-2.52315e-14
1.80178e-15
2.8835e-14
2.70333e-14
-5.38967e-15
-3.23446e-14
-5.92995e-14
7.54751e-14
0
2.53182e-14
5.24443e-14
-1.80797e-15
-5.60602e-14
-2.71261e-14
2.52253e-14
5.2252e-14
-1.80134e-15
2.52253e-14
-1.08107e-13
-2.75168e-14
-8.16486e-14
-2.75168e-14
-4.50987e-16
5.41317e-14
6.01061e-14
-3.00745e-14
-3.00724e-14
-3.00681e-14
-3.01156e-14
-3.00162e-14
-4.05481e-14
0
-2.02853e-14
0
-4.06317e-14
-4.04963e-14
0
-4.86777e-14
0
-1.72571e-14
-2.91062e-14
-2.34744e-14
0
2.33842e-14
0
0
-2.691e-14
-4.60252e-14
0
3.00546e-14
-5.99437e-14
-3.01588e-14
3.00473e-14
3.00937e-14
-2.02889e-14
4.055e-14
2.02173e-14
-2.03443e-14
-2.02699e-14
0
4.00707e-14
0
8.01414e-14
-4.00707e-14
-4.00707e-14
3.74267e-14
-2.67264e-15
-4.2772e-14
-2.67264e-15
-4.00994e-14
0
0
-4.00966e-14
8.01932e-14
0
2.67207e-15
4.27629e-14
2.67207e-15
2.67207e-15
0
-3.8816e-14
4.14922e-14
1.33814e-15
1.33814e-15
4.01541e-14
4.00216e-14
4.00216e-14
4.00216e-14
-8.00432e-14
0
8.15466e-14
5.45146e-14
5.45146e-14
4.50425e-16
-8.10962e-14
3.60583e-15
3.60583e-15
-2.34445e-14
3.06562e-14
0
-1.8027e-15
5.22914e-14
-1.8027e-15
-5.58968e-14
5.40941e-14
0
5.40919e-14
2.7046e-14
-2.7046e-14
-5.40919e-14
0
5.41756e-14
0
-2.70878e-14
0
5.35451e-14
-4.49848e-16
-5.44448e-14
-4.49848e-16
0
-3.60713e-14
-3.60713e-14
2.57585e-15
2.57585e-15
7.72944e-14
-3.24518e-14
3.03587e-14
-1.04659e-15
-1.04659e-15
0
-3.35513e-14
-3.35513e-14
5.16028e-15
5.16028e-15
0
8.36427e-15
7.11116e-14
3.9738e-14
-2.30094e-14
-3.13737e-14
7.76164e-14
3.88082e-14
0
0
-7.76164e-14
0
0
0
3.12992e-14
0
4.54251e-15
4.54251e-15
4.54251e-15
4.54251e-15
0
5.19523e-16
-3.06595e-14
3.16985e-14
-3.06595e-14
6.2358e-14
5.21702e-15
-3.51826e-14
4.56167e-14
-3.51826e-14
0
-3.80967e-14
-3.80967e-14
-3.14772e-16
-3.14772e-16
7.55638e-14
0
3.588e-14
7.176e-14
-7.176e-14
-3.588e-14
-2.84923e-14
7.01313e-14
3.72567e-14
-2.84923e-14
-3.28745e-14
3.87645e-14
-1.33637e-15
-1.33637e-15
-1.33637e-15
-4.01009e-14
3.7402e-14
-2.67087e-15
7.74748e-14
-4.27437e-14
-4.00729e-14
-2.66351e-15
-2.66351e-15
-4.2626e-14
3.72989e-14
-3.99624e-14
0
4.02117e-14
0
0
-8.04234e-14
3.73929e-14
-2.67022e-15
-2.67022e-15
3.73929e-14
-4.00631e-14
7.82442e-14
3.81192e-14
-4.21307e-14
-2.00576e-15
-4.0125e-14
2.70519e-14
2.70519e-14
0
0
-5.41038e-14
-3.60357e-15
-5.76703e-14
-3.60357e-15
5.04631e-14
2.70334e-14
5.39127e-14
0
-1.07825e-13
5.39127e-14
0
-3.61587e-15
-3.61587e-15
-3.61587e-15
2.35098e-14
-2.71257e-14
-8.10795e-14
0
2.70265e-14
-2.70265e-14
2.70265e-14
4.50987e-16
4.50987e-16
-2.66149e-14
-2.66149e-14
5.41317e-14
2.88096e-14
-1.59031e-14
0
1.62042e-14
8.99376e-14
6.10407e-14
-3.2196e-14
-2.03754e-14
0
-5.41661e-14
7.87786e-14
9.59399e-14
0
0
0
-1.6001e-14
-4.06882e-14
-5.15592e-14
0
0
-3.01461e-14
2.5008e-14
4.34236e-14
0
3.63313e-15
2.83156e-14
9.28742e-14
2.11317e-14
4.22564e-14
2.30242e-14
0
3.55762e-14
-1.84206e-14
0
2.58044e-14
0
7.22754e-14
3.28515e-14
3.69915e-15
-4.42007e-14
-9.34542e-14
6.21152e-14
-4.24084e-14
0
-4.24084e-14
-4.24084e-14
8.48168e-14
-2.70243e-14
-5.59785e-14
1.92981e-15
5.98381e-14
2.89541e-14
-4.32111e-14
-4.32111e-14
0
4.32111e-14
8.64221e-14
8.41959e-14
7.65247e-15
7.65247e-15
-3.06192e-14
-3.82717e-14
8.13875e-14
0
0
0
-8.13876e-14
0
0
0
6.43919e-14
-2.1464e-14
2.30196e-14
3.71065e-15
-7.50864e-14
3.73343e-14
7.29055e-14
-1.30124e-15
-2.18688e-14
-4.93374e-14
-6.05675e-14
8.75555e-14
-5.13567e-14
-7.54305e-14
-3.20906e-15
4.49386e-14
2.40738e-14
-6.23207e-14
-7.51368e-14
-3.85215e-14
1.05235e-13
-3.56394e-14
-6.96438e-14
-1.33604e-13
-5.68394e-15
3.6956e-14
1.066e-13
-2.24647e-15
-3.59518e-14
-2.24647e-15
-2.24647e-15
-3.37053e-14
4.12876e-14
4.85632e-15
-3.1575e-14
4.85632e-15
0
-1.0679e-14
-1.0679e-14
2.9377e-14
-5.0735e-14
0
7.75546e-15
3.68456e-14
7.75546e-15
7.75546e-15
-8.72703e-14
1.53406e-15
1.45172e-13
2.41517e-14
-1.62975e-13
9.73547e-14
-6.87456e-14
0
0
-9.16608e-14
1.60406e-13
1.79578e-15
-2.51475e-14
1.79578e-15
-2.51475e-14
2.69433e-14
-2.45383e-15
3.43626e-14
-2.45383e-15
-2.45383e-15
-3.68165e-14
4.01948e-14
4.01948e-14
0
0
-4.01948e-14
2.6538e-14
-4.01501e-14
-6.80608e-15
-6.80608e-15
0
0
0
0
0
-8.68472e-14
2.88551e-14
-9.94753e-16
-9.94753e-16
-3.08446e-14
-5.96997e-14
4.36064e-14
-2.90739e-14
7.26625e-15
7.26625e-15
0
3.64959e-14
-1.25816e-15
-1.25816e-15
-1.25816e-15
0
5.28343e-14
-4.62315e-14
3.30139e-15
5.28343e-14
-4.95329e-14
2.81756e-14
0
0
-2.81756e-14
2.81756e-14
2.2493e-14
2.45e-14
6.21142e-15
-8.63826e-14
4.89867e-14
3.06989e-14
3.06989e-14
6.13978e-14
-6.13978e-14
-3.06989e-14
0
0
4.70788e-14
4.62683e-14
-4.16096e-14
-4.7435e-14
-7.11525e-14
0
4.7435e-14
2.37175e-14
0
0
0
0
0
0
0
3.13436e-14
0
-3.13436e-14
-3.44059e-14
-3.44059e-14
3.44059e-14
0
0
0
5.91953e-14
2.95976e-14
0
0
4.81836e-14
-2.40918e-14
0
-2.40918e-14
7.22754e-14
-4.47638e-14
4.47638e-14
2.23819e-14
1.1191e-13
4.47638e-14
1.67864e-14
-1.03541e-10
2.71404e-09
9.17998e-10
1.94531e-10
-1.56172e-10
-4.92831e-12
-1.53059e-11
3.91369e-13
-1.71203e-09
-5.36735e-05
-5.57013e-09
-7.32117e-05
-3.99954e-08
-3.18671e-09
-0.000236206
-5.97847e-13
-7.93019e-12
9.01176e-14
-2.95938e-14
-1.15573e-10
3.18201e-11
4.92403e-14
0
-1.89177e-09
-5.10869e-05
-6.1506e-09
-6.25031e-05
-4.05877e-08
-4.50004e-09
-0.00020944
5.21451e-14
-4.89715e-14
3.27289e-14
-6.54583e-14
-1.25077e-13
-1.69606e-13
3.57658e-14
3.6298e-14
-1.2967e-10
2.87897e-09
-2.36271e-10
-1.46596e-09
-9.70127e-10
-1.38899e-10
-2.11508e-08
2.17796e-14
-7.03428e-14
3.27295e-14
-3.27288e-14
-6.84531e-14
1.1531e-13
0
3.50608e-14
-2.64908e-14
-9.35489e-11
-5.22178e-14
-1.49122e-10
-1.01304e-13
-2.64722e-13
-4.43535e-10
-4.76629e-14
2.27054e-14
3.00904e-14
-3.00901e-14
-2.15981e-14
5.13357e-14
0
0
-1.83298e-14
-8.43298e-14
-8.64115e-14
-2.10736e-14
8.52126e-14
-2.19396e-14
0
1.82718e-15
-3.22166e-14
-4.05543e-14
-1.13833e-13
5.98868e-14
1.62782e-13
0
-1.02282e-13
1.33982e-13
-3.77765e-14
3.78812e-14
2.50617e-14
-4.82591e-14
1.33111e-13
-1.0269e-13
-5.80121e-14
6.8488e-14
-9.43559e-11
3.15354e-10
-4.36234e-14
-2.65439e-14
-5.78414e-12
-4.89211e-15
4.23194e-15
9.19897e-14
1.02495e-13
-1.78232e-13
1.78532e-13
0
8.5924e-14
5.71746e-14
0
7.16348e-14
6.16345e-14
-8.60989e-14
2.70579e-14
9.23256e-15
-9.01875e-15
3.82143e-14
-1.9455e-14
6.12681e-14
1.44057e-13
-8.73421e-14
6.23879e-14
4.41326e-14
-1.94182e-14
-4.9212e-14
7.85842e-14
4.2986e-14
-4.16922e-14
4.24016e-14
1.34118e-14
-1.36114e-14
4.18268e-16
-4.51203e-15
4.17734e-14
-6.36367e-14
1.34913e-13
-1.50193e-13
0
4.36731e-14
3.76155e-14
6.59634e-14
-5.89465e-14
1.09018e-13
3.84368e-14
-8.71753e-14
-6.5734e-15
8.89532e-14
-1.08371e-13
-4.17742e-14
-1.07236e-13
7.23602e-14
1.85306e-13
1.47178e-13
4.7661e-14
3.74747e-14
-2.7889e-14
3.78124e-14
-1.19989e-14
-2.10476e-13
-4.10999e-15
8.32322e-14
-2.21753e-14
-2.38028e-14
-7.68103e-14
-1.05368e-14
-7.10105e-14
2.19396e-14
1.12964e-13
4.41554e-14
7.82017e-14
-5.43228e-15
2.18605e-14
5.98868e-14
-9.76695e-14
-1.38195e-13
-3.83545e-14
-5.09067e-14
-1.64319e-14
-3.78812e-14
5.51357e-14
4.82591e-14
-4.84041e-14
1.0269e-13
-0.000222855
-13.5882
1.39336e-06
-2.29077
9.09587e-06
-0.784769
4.32037e-05
-0.23437
-3.76177e-05
-1.19893
-0.00034558
-3.07501
-0.000455701
0.791056
-0.000291782
-9.15268
-2.32064e-05
1.49384e-09
3.44935e-05
8.48733e-05
1.64388e-05
2.27816e-09
-0.000392979
3.54937e-05
1.39675e-05
-2.10314e-05
0.703432
0.704453
7.79565e-06
-7.37028e-05
0.00247392
0.0693993
-0.000560677
-3.69427e-05
-0.000427925
-1.74575e-08
-0.00020852
-0.000192573
0.285658
-0.413563
-0.00273134
-0.00320875
0.258693
-0.327222
-0.000461021
-0.000613058
-0.455619
-0.411004
0.00470527
0.00395376
-0.715611
-0.795561
0.0103379
272.498
0.0104859
287.613
0.00745209
243.912
-1.08887
278.99
0.00341789
199.589
0.00472396
212.493
0.265031
204.533
0.859038
196.288
-2.72762e-09
-1.43489e-11
6.9286e-09
-8.03489e-12
-4.80345e-11
4.40742e-14
1.43386e-09
3.07452e-13
-6.22752e-05
5.34395e-08
-6.78958e-05
-1.31727e-07
-1.45783e-05
1.75067e-11
1.29794e-05
1.11923e-10
-1.19486e-05
-2.12917e-10
-1.51569e-06
-1.46499e-11
-1.05585e-05
4.32417e-08
-1.87143e-05
-8.81832e-09
0.00354099
209.769
0.00541027
223.375
0.00351129
204.008
0.0054278
232.708
0.00345513
206.16
0.00545831
224.733
0.00336177
198.241
0.0056354
233.463
0.0103763
0.0101502
272.697
272.669
0.00691851
0.00661502
246.728
247.342
0.00399423
0.00368466
213.549
212.246
-2.74427e-09
-1.08767e-12
-7.04445e-05
0.00342424
195.453
-5.61672e-13
-2.66047e-09
-7.25885e-05
0.00187482
188.393
3.52639e-14
-4.48028e-11
-5.50655e-07
0.00503038
242.551
0.000157962
1.95922e-09
1.52295e-05
-3.32643e-07
0.000139079
1.7277e-09
-5.33564e-05
1.30288e-06
0.000134799
1.74018e-09
-5.69374e-05
6.82425e-06
0
-1.21824e-14
-1.41226e-10
0
2.30702e-09
9.22687e-11
0.000215323
3.42618e-09
-5.86489e-05
2.30411e-05
-5.68246e-14
1.30857e-13
1.01884e-12
-3.44246e-15
9.54528e-09
2.40674e-10
0.000315364
5.16919e-09
-0.000122102
1.73174e-05
4.71738e-12
3.78476e-14
3.6778e-12
7.49579e-14
0
-6.19855e-14
4.47088e-14
2.51412e-14
5.93635e-09
1.70132e-10
9.54447e-09
2.38184e-10
1.94883e-12
3.15191e-14
3.58715e-13
6.7029e-14
-4.81191e-14
0
-7.1743e-14
2.97635e-14
4.22418e-09
1.35731e-10
2.55312e-09
1.17571e-10
0.000190829
3.02216e-09
2.21418e-05
-2.03073e-06
0.000280879
4.44852e-09
3.95139e-05
-2.6796e-06
0.000150949
2.29094e-09
1.48771e-05
-1.8161e-06
0.000102623
1.73877e-09
1.71701e-05
-3.01859e-06
1.68581e-13
6.74343e-14
9.46407e-14
-5.47191e-12
4.95212e-14
2.41227e-14
-4.1403e-13
5.03558e-14
5.05842e-14
4.25247e-11
0
0
-1.77205e-12
-6.42293e-14
2.79041e-14
1.66928e-10
-2.0952e-14
2.09611e-14
-4.61953e-14
7.6192e-15
-4.86798e-14
0
-1.12575e-13
1.97095e-14
3.8614e-14
8.63826e-14
7.58841e-14
-4.72207e-12
-4.40749e-15
-1.24065e-14
6.28485e-10
-2.51679e-13
0
0
0
2.43696e-14
-4.3621e-14
5.01756e-14
-2.86963e-14
8.07601e-14
4.42222e-14
-4.74342e-14
9.04989e-12
-3.98511e-14
4.17037e-14
4.37012e-10
4.1909e-13
2.42882e-14
-4.67212e-11
-4.16919e-14
-1.33866e-08
-7.48156e-11
-1.63821e-08
2.67173e-10
-0.000415376
-1.1349e-08
4.05929e-14
8.22773e-14
3.96886e-15
1.10613e-13
-4.77058e-14
0
-1.76978e-12
-7.84136e-14
-1.02093e-12
-1.61986e-13
1.60983e-13
0
-2.03204e-13
-2.19112e-13
3.06303e-09
7.19359e-10
9.1549e-05
1.21857e-05
-2.97606e-10
-3.26774e-10
5.89871e-13
2.65895e-13
-2.00486e-13
-4.03553e-14
1.33424e-13
-2.19125e-14
3.09336e-15
-6.10758e-14
-5.13739e-14
6.57672e-14
-3.97333e-14
2.77784e-14
1.49473e-13
0
1.13407e-14
0
-6.01078e-14
-1.46457e-14
2.07921e-14
6.49639e-15
0
-1.46924e-15
-2.70466e-14
1.50581e-14
-5.54455e-15
1.5361e-14
-1.29147e-11
1.88104e-14
-3.00087e-14
0
0
6.40859e-14
1.21923e-11
-2.54457e-14
1.41206e-12
2.56998e-14
2.51075e-09
-3.77888e-12
2.65252e-10
-3.91409e-13
1.06431e-13
0
4.78337e-14
-4.76841e-14
7.75778e-14
1.33079e-14
4.19603e-14
-2.71973e-14
-2.45413e-14
3.17286e-14
6.36652e-14
-1.70297e-14
0
-2.36172e-14
-2.08268e-14
4.94009e-14
4.25954e-14
1.57099e-14
4.42014e-14
-2.66839e-14
0
0
-1.83457e-14
0
-3.64566e-14
0
-1.92549e-14
-4.51512e-14
0
0
0
-2.50074e-14
0
1.45022e-13
-7.20319e-14
1.57098e-14
0
3.30395e-14
0
0
-3.30435e-14
-6.8296e-14
6.61199e-14
-4.10316e-14
-1.94708e-14
1.13978e-14
2.30593e-14
-3.73799e-14
3.99532e-14
4.01145e-14
7.48041e-14
-3.34792e-14
-3.47416e-14
0
-3.65071e-14
-2.93839e-14
5.9015e-14
1.74866e-14
1.68996e-14
1.26712e-14
2.43632e-14
2.99145e-14
-5.54769e-14
-1.6146e-14
6.0984e-14
-4.26732e-14
3.20072e-14
0
-3.39142e-14
5.01644e-14
-1.32897e-14
-3.96193e-14
-7.57341e-14
1.09821e-14
6.49694e-15
9.0353e-16
2.55776e-14
4.51933e-14
1.49804e-14
4.0667e-14
8.53996e-14
-9.37019e-14
2.15632e-14
-6.20016e-14
6.37142e-15
-6.89427e-15
-6.73268e-14
7.12582e-14
-2.51939e-14
0
-1.11797e-13
-2.40596e-14
5.08373e-15
-2.39143e-14
3.35145e-15
2.38936e-14
0
1.43486e-13
-8.54508e-14
0
-5.55401e-14
0
3.44865e-14
3.68715e-14
-1.67104e-14
-1.72754e-14
-1.01815e-13
4.1894e-14
1.72598e-14
-1.54721e-14
3.30718e-14
5.09311e-14
5.40495e-14
1.7761e-14
5.05357e-14
-2.18743e-14
1.16666e-14
4.76484e-15
-4.93233e-14
3.37162e-14
-1.34869e-13
-9.46407e-14
0
4.95212e-14
-2.41227e-14
5.17537e-14
-5.03558e-14
-5.05842e-14
8.24997e-14
0
0
3.77032e-14
-3.21146e-14
0
5.425e-14
6.28561e-14
0
5.77399e-14
8.38076e-14
-5.40879e-14
-4.87624e-14
3.75249e-14
4.92738e-14
-3.8614e-14
-6.91061e-14
4.55305e-14
9.31208e-15
2.93833e-15
-3.22568e-14
-1.74548e-14
-4.19466e-14
2.14712e-14
3.76698e-14
0
7.31079e-14
0
-1.00351e-13
0
-8.07601e-14
0
0
1.12189e-13
7.97023e-14
-2.08519e-14
-3.25623e-14
0
-2.42882e-14
-5.60473e-14
-1.86824e-14
0
0
2.98353e-16
-1.76072e-14
5.58351e-14
-4.71004e-14
1.9758e-14
-1.9758e-14
-5.30084e-14
1.22329e-14
0
0
-3.0892e-14
1.29094e-14
8.10532e-17
8.10532e-17
4.63037e-14
1.72026e-14
-1.30753e-14
1.30753e-14
4.24057e-14
-3.30308e-14
3.41674e-14
-3.65232e-14
-1.09109e-14
-1.3291e-14
3.94041e-19
-2.42154e-14
3.94041e-19
3.94041e-19
-5.11405e-14
2.56102e-14
-4.70271e-14
1.26192e-14
-2.5821e-14
2.5821e-14
0
4.12141e-14
0
-3.14003e-14
2.01488e-14
8.8024e-14
-3.1041e-14
0
0
2.60678e-14
4.64533e-14
4.07597e-16
-4.32971e-15
0
4.66413e-14
-2.32842e-14
-2.60345e-14
-3.33039e-14
1.81668e-16
1.81668e-16
-2.14789e-14
-8.81569e-15
-4.33365e-14
0
2.22605e-14
4.7905e-14
0
0
-1.36157e-14
3.38387e-14
-4.9699e-14
-1.65663e-14
2.74614e-14
-1.14574e-14
3.40957e-14
0
-3.34566e-14
-1.24853e-14
1.33031e-15
-1.86292e-14
-2.17759e-14
2.66493e-14
-2.04069e-14
2.04069e-14
8.9356e-15
0
2.48489e-17
-2.38359e-14
2.58389e-14
0
-4.38839e-14
0
3.61276e-14
-6.97561e-14
0
0
1.06513e-13
-3.26803e-14
4.03372e-14
-2.01686e-14
0
0
0
-1.88299e-14
1.97477e-14
0
-3.23884e-14
5.48819e-16
-2.04723e-14
3.48538e-16
-1.23741e-15
-1.98031e-14
0
2.55435e-14
3.35788e-14
-1.1576e-15
-2.32972e-16
-2.33606e-14
-1.44494e-14
-1.44494e-14
-1.89993e-15
-2.32079e-14
0
-5.2735e-14
-2.53054e-14
6.53933e-14
0
1.65021e-14
1.28675e-14
2.51466e-14
3.61394e-14
0
-1.23102e-14
-2.32513e-14
1.93353e-15
3.09435e-14
-2.12313e-14
-2.96425e-14
-1.61951e-14
0
-5.35584e-14
2.10847e-14
-5.34122e-14
-2.27233e-15
1.92791e-14
2.75744e-14
0
0
3.83959e-14
-1.86716e-14
-4.5362e-14
1.51207e-14
-7.01323e-15
-3.92319e-14
-2.84754e-14
2.84754e-14
-2.396e-14
-1.84951e-14
-3.50982e-14
3.50982e-14
-2.01988e-14
-4.45561e-14
-6.63439e-14
1.54494e-14
5.99933e-14
5.28393e-14
-5.92553e-16
-5.92553e-16
9.57711e-15
0
1.44379e-14
0
2.4072e-14
0
-3.33655e-14
-6.935e-17
-6.935e-17
-6.935e-17
0
1.05146e-15
1.05146e-15
1.05146e-15
1.05146e-15
1.12155e-15
2.19043e-15
-3.06741e-14
3.5055e-14
2.19043e-15
-3.28645e-14
1.96609e-14
0
0
-1.96609e-14
-3.93219e-14
0
2.70107e-14
0
0
0
0
0
0
0
0
3.0715e-14
-2.19336e-15
-2.19336e-15
-2.19336e-15
-3.51018e-14
3.02702e-14
-3.02693e-14
4.92551e-19
4.92551e-19
3.02698e-14
2.37418e-14
2.79255e-15
2.79255e-15
2.79255e-15
0
1.45949e-14
-1.04222e-15
-1.04222e-15
-1.66794e-14
-3.23165e-14
1.94209e-14
-6.09406e-14
-6.69516e-16
-6.69516e-16
-2.00904e-14
6.21573e-14
-6.98224e-16
-6.98224e-16
-4.26019e-14
-2.09518e-14
-2.61889e-14
2.61889e-14
2.61889e-14
0
0
-2.39145e-14
2.39145e-14
0
0
2.39145e-14
7.44092e-16
7.44092e-16
-4.39123e-14
7.44092e-16
4.46564e-14
2.38443e-14
4.76886e-14
0
-7.15329e-14
-2.38443e-14
1.6405e-14
3.28786e-14
-6.86232e-17
-6.86232e-17
0
1.15457e-15
3.37623e-14
1.15457e-15
-3.14531e-14
-1.52172e-14
-3.66243e-14
-1.83169e-14
-9.53277e-18
-9.53277e-18
0
-3.75994e-14
3.72874e-14
-1.55976e-16
-1.55976e-16
0
-5.1557e-14
-2.57785e-14
0
0
0
-5.66758e-14
5.52787e-15
5.52787e-15
5.52787e-15
2.62624e-14
0
0
4.77585e-14
-3.1839e-14
-1.59195e-14
4.52023e-14
4.52023e-14
0
0
0
4.25021e-15
4.25021e-15
4.25021e-15
4.25021e-15
4.25021e-15
0.002622
1.04463e-07
0.00263175
5.9499e-08
0.00261459
3.34822e-07
0.00254559
2.7588e-06
0.00265566
1.41979e-05
0.00261071
1.71745e-05
0.00265149
2.50739e-05
0.002561
5.79514e-06
0.00262768
5.08266e-07
0.00274263
1.26374e-05
-4.76196e-08
1.59671e-05
1.59919e-05
1.13e-07
1.89059e-08
3.00106e-08
2.11239e-08
4.77715e-09
0.00274895
1.29937e-05
-3.67102e-08
1.63982e-05
1.64173e-05
6.98808e-08
1.35884e-08
1.50292e-08
1.75976e-08
9.55906e-09
0.0027399
1.32105e-05
-4.11299e-09
1.6661e-05
1.66638e-05
3.45011e-07
7.87904e-09
7.83979e-09
8.62122e-09
4.9448e-09
0.00275311
1.36782e-05
8.96469e-08
1.7249e-05
1.72034e-05
2.83817e-06
1.23048e-07
1.31872e-07
1.42824e-07
7.34729e-08
0.00291769
1.48579e-05
6.12372e-07
1.87546e-05
1.84366e-05
1.45503e-05
5.01063e-07
5.23282e-07
5.46513e-07
2.80715e-07
0.00276399
6.76356e-06
8.59977e-07
6.12402e-06
5.68502e-06
1.78168e-05
8.93576e-07
9.50567e-07
1.01468e-06
5.33176e-07
0.00288489
1.09125e-05
1.21858e-06
1.25229e-05
1.19081e-05
2.59881e-05
1.25311e-06
1.32762e-06
1.40717e-06
7.36122e-07
0.00268027
4.03667e-06
2.16338e-07
2.15973e-06
2.01831e-06
6.04919e-06
3.71444e-07
3.98793e-07
4.28147e-07
2.21959e-07
0.00269513
3.05063e-06
-1.64213e-08
4.07289e-07
3.93148e-07
5.29573e-07
4.83805e-08
3.88407e-08
3.9292e-08
2.71738e-08
2.87007e-07
0.00905583
0.0091916
2.72997e-07
-3.78498e-14
-8.81214e-13
-4.65382e-11
-2.1295e-08
1.2563e-09
3.09881e-07
4.57719e-05
0.0119623
0.000120747
0.0102764
9.28847e-09
9.09088e-07
-1.5832e-10
-1.97041e-08
-1.18836e-13
-1.43916e-12
-2.88096e-14
-3.18054e-14
-4.34297e-14
-4.86133e-14
3.45858e-15
-5.80529e-14
0
-2.03752e-14
-3.45899e-14
0
-4.95265e-14
0
1.599e-14
0
-2.09596e-14
-2.73229e-14
4.26564e-14
2.95033e-14
-4.06869e-14
-1.7187e-14
-2.02078e-14
0
3.01474e-14
0
-4.3423e-14
0
2.52148e-14
-7.82524e-14
0
-6.33938e-14
-4.22567e-14
2.3025e-14
3.52995e-14
-3.55773e-14
5.52603e-14
0
-7.74133e-14
-4.43937e-14
5.42102e-14
-3.23041e-14
2.38133e-14
1.75756e-14
-5.79214e-14
6.21152e-14
-4.0994e-14
1.41323e-15
1.41323e-15
1.41323e-15
0
-5.59766e-14
1.92974e-15
1.92974e-15
1.92974e-15
0
4.46519e-14
1.44004e-15
-4.17718e-14
4.46519e-14
2.16059e-14
-2.99828e-14
-6.45771e-14
4.61144e-15
3.92057e-14
3.45943e-14
-2.58013e-14
2.58013e-14
0
0
0
4.86489e-14
5.72217e-15
5.72217e-15
5.72217e-15
0
0
-1.05227e-14
-7.90316e-14
4.7907e-14
2.43006e-14
3.90487e-14
-6.37229e-14
-3.05062e-14
4.96574e-14
0
4.81493e-14
0
-4.81493e-14
-2.40746e-14
0
6.99192e-15
1.43532e-14
2.20415e-14
2.38433e-14
3.39205e-14
0
5.49916e-14
-8.22479e-14
0
2.7258e-14
-4.83238e-14
-4.83238e-14
-5.68393e-15
3.69559e-14
-4.26399e-14
0
0
0
0
0
-5.80414e-14
7.0936e-14
3.86916e-14
3.86916e-14
-3.22443e-14
8.01453e-14
4.37148e-14
7.28432e-15
7.28432e-15
-7.2861e-14
0
-5.68752e-14
0
0
0
7.86756e-14
0
-3.93378e-14
0
0
-2.45498e-14
5.97363e-14
2.13476e-14
1.18063e-14
0
-3.05471e-15
1.98612e-14
-3.05471e-15
-7.18026e-14
6.87479e-14
-7.18324e-15
1.97605e-14
-7.18324e-15
-7.18324e-15
0
4.17245e-14
4.90771e-15
4.90771e-15
-3.19091e-14
0
2.67911e-15
2.67911e-15
2.67911e-15
2.67911e-15
-8.0393e-14
-6.6548e-14
-6.6548e-14
1.38897e-16
1.38897e-16
6.66869e-14
7.71776e-15
6.56151e-14
6.56151e-14
7.71776e-15
-2.89487e-14
1.98953e-15
6.16901e-14
3.18398e-14
-2.78607e-14
-5.97005e-14
3.5597e-14
6.52624e-14
5.93163e-15
5.93163e-15
-8.89961e-14
-3.59378e-14
3.36198e-14
3.36198e-14
-1.15901e-15
-6.95577e-14
0
0
0
2.47666e-14
-2.47666e-14
5.63501e-14
5.63501e-14
-2.8175e-14
2.8175e-14
-2.8175e-14
4.97046e-14
2.63149e-14
-1.77693e-13
2.98023e-14
4.89867e-14
-2.04617e-15
-2.04617e-15
-2.04617e-15
-2.04617e-15
0
6.76317e-14
-4.45717e-14
-6.74816e-14
2.62184e-14
4.16105e-14
-2.37182e-14
-4.74364e-14
0
4.74364e-14
7.11546e-14
4.91203e-14
-4.91203e-14
-2.45602e-14
0
2.45602e-14
-3.13407e-14
0
3.13407e-14
0
0
-1.03218e-13
6.88118e-14
0
-3.44059e-14
-1.03218e-13
-2.95958e-14
8.87874e-14
2.95958e-14
-2.95958e-14
2.95958e-14
2.40934e-14
-4.81868e-14
-7.22802e-14
-2.40934e-14
2.40934e-14
0.000247868
-1.98543
0.000251019
1.36277
2.81534e-05
1.31149
1.17735e-05
-2.134
-1.74478e-05
1.14147e-09
-8.16985e-05
6.43595e-05
1.24152e-05
1.73605e-09
-0.000282298
2.72007e-05
1.66659e-05
-2.09867e-05
0.691145
0.721073
3.67572e-05
-7.39698e-05
0.00097486
0.063897
-0.000683247
-3.69752e-05
-0.000427902
-1.73325e-08
-0.000208391
-0.000194112
0.285655
-0.413563
-0.00273133
-0.00320874
0.258693
-0.327222
-0.000461025
-0.000613057
-0.455619
-0.411004
0.00470524
0.00395375
-0.726773
-0.795561
0.0103378
272.503
-0.00699306
287.616
0.00745208
243.912
-1.08437
278.991
0.00341789
199.589
0.00472387
212.492
0.268368
204.534
0.859038
196.288
-2.67063e-09
-1.43626e-11
5.63698e-09
-7.01447e-12
-3.64541e-11
2.20371e-14
1.21531e-09
3.07453e-13
-6.22752e-05
5.34434e-08
-6.78959e-05
-1.31727e-07
-1.45754e-05
1.74053e-11
1.29798e-05
1.11917e-10
-1.1948e-05
-2.12922e-10
-1.51561e-06
-1.45653e-11
-1.05561e-05
4.32412e-08
-1.8713e-05
-8.81299e-09
0.00354099
209.769
0.00541027
223.375
0.00351129
204.008
0.00542779
232.709
0.00345513
206.161
0.00545832
224.734
0.00336177
198.241
0.00563538
233.462
0.0103381
0.0101109
272.697
272.669
0.00685545
0.00655533
246.73
247.341
0.003831
0.0035313
213.549
212.246
-2.74313e-09
-9.5298e-13
-7.04465e-05
0.00342425
195.453
-5.94711e-13
-2.67413e-09
-7.25928e-05
0.00187485
188.393
0
-4.48608e-11
-5.50655e-07
0.0050304
242.551
0.000157969
1.96646e-09
1.52198e-05
-3.34698e-07
0.000139102
1.72384e-09
-5.32453e-05
1.3018e-06
0.000134804
1.69133e-09
-5.69452e-05
6.82181e-06
6.33575e-14
1.70558e-13
-1.41257e-10
-8.32173e-14
2.18152e-09
9.2206e-11
0.000215323
3.42535e-09
-5.86513e-05
2.30327e-05
-5.68245e-14
-3.27141e-14
9.84748e-13
-4.01617e-14
9.5455e-09
2.40735e-10
0.000315373
5.17343e-09
-0.000122106
1.73223e-05
4.71744e-12
3.00836e-14
3.65438e-12
-3.08035e-15
3.74953e-14
2.87226e-14
-6.70632e-14
0
5.93651e-09
1.70154e-10
9.54463e-09
2.38123e-10
1.90086e-12
-8.84575e-14
3.82617e-13
7.82005e-14
-2.40615e-14
-2.26721e-14
0
-2.88036e-14
4.22414e-09
1.35679e-10
2.55329e-09
1.17595e-10
0.000190827
3.02215e-09
2.21416e-05
-2.03064e-06
0.000280885
4.44828e-09
3.95121e-05
-2.67228e-06
0.000150946
2.29093e-09
1.4877e-05
-1.81607e-06
0.000102629
1.73891e-09
1.71712e-05
-3.01873e-06
1.96681e-13
-7.80064e-14
-6.99475e-12
0
-5.53038e-13
3.85282e-14
5.50608e-11
-1.79524e-14
-2.36745e-12
0
2.11942e-10
-4.24243e-14
8.36797e-15
2.55296e-14
-4.72715e-14
4.2646e-14
0
2.01423e-14
-6.49676e-12
-1.92537e-14
7.81157e-10
-5.37173e-13
0
0
-5.1364e-14
-3.05046e-14
0
0
7.91061e-12
0
4.86214e-10
-6.22489e-13
-2.54034e-11
6.25386e-14
-7.71931e-09
-5.72234e-11
-1.21295e-08
2.0225e-10
-0.000313797
-9.34999e-09
-4.05922e-14
-1.30383e-13
4.08311e-12
-7.60716e-14
-4.77072e-14
-9.73837e-14
4.73692e-12
5.34149e-15
-1.3224e-13
-5.39964e-14
-5.36612e-14
0
1.01604e-13
0
3.06299e-09
7.19245e-10
9.15434e-05
1.2185e-05
-2.97737e-10
-3.26713e-10
4.71892e-13
3.98841e-13
-1.78535e-13
8.19046e-14
-5.74673e-14
0
7.81598e-14
1.2465e-15
6.1839e-14
-6.57647e-14
4.93872e-14
4.19522e-14
-7.3814e-15
0
2.48074e-14
2.71342e-14
2.46556e-14
4.41806e-14
2.07921e-14
2.96965e-14
5.94392e-14
-7.12216e-14
-3.60625e-14
-1.51394e-13
-2.89991e-14
4.86891e-14
-9.5994e-12
-1.99965e-14
-9.00265e-14
-5.24098e-14
0
1.51249e-14
1.22656e-11
-7.63389e-14
1.53484e-12
-4.28204e-16
2.51073e-09
-3.76895e-12
2.65211e-10
-4.79219e-13
0
9.50699e-14
0
1.42648e-13
5.08269e-14
2.66156e-14
8.98228e-14
0
-2.45413e-14
1.58635e-14
-3.18327e-14
-3.40574e-14
0
2.36172e-14
4.78619e-14
-4.94015e-14
-2.7687e-14
0
-8.87669e-14
-2.38392e-14
0
0
1.83457e-14
-1.94555e-14
-3.64569e-14
-8.58222e-14
3.85102e-14
-4.51531e-14
-1.13472e-13
2.19223e-14
6.44036e-14
2.5008e-14
-2.49778e-14
-1.03585e-14
9.60404e-14
1.17821e-14
-2.12252e-14
0
0
-1.75891e-13
4.75e-14
-2.27653e-14
4.40782e-14
1.865e-14
0
5.12881e-14
-4.61209e-14
-7.47607e-14
0
2.00576e-14
3.74029e-14
3.34796e-14
1.38975e-13
1.90266e-14
5.47622e-14
-1.17541e-13
-2.95057e-14
-1.74869e-14
-1.6899e-14
-2.53424e-14
6.09095e-14
-2.99146e-14
5.54782e-14
-3.22923e-14
-3.04914e-14
-3.98287e-14
-9.3171e-14
0
1.69566e-14
5.46037e-14
-1.99344e-14
-6.05443e-15
2.29495e-15
1.04918e-14
-1.29939e-14
4.19241e-14
6.24088e-14
-4.51944e-14
-1.498e-14
0
3.29949e-14
2.34255e-14
2.05356e-15
-2.79446e-14
-1.46166e-14
5.92908e-14
2.02363e-14
-2.37528e-14
-4.4088e-14
0
-2.99454e-14
-4.81231e-14
1.2201e-13
0
2.68116e-14
4.7791e-14
1.0759e-13
9.56541e-14
-5.76071e-14
0
-1.06888e-13
-4.8067e-14
-6.55243e-14
6.41798e-15
-4.03e-14
-3.4551e-14
0
-4.18948e-14
-8.42683e-14
1.54727e-14
-3.3071e-14
2.00476e-14
4.14374e-14
1.77613e-14
-1.68452e-14
-4.37471e-14
9.54543e-15
3.38592e-14
1.64411e-14
2.80972e-14
-8.4799e-15
0
2.1133e-14
-8.50828e-14
7.70564e-14
0
-3.59049e-14
0
-2.18815e-14
2.59945e-14
0
-5.02042e-14
-4.25482e-14
2.36358e-14
-1.42153e-14
4.26049e-14
-2.01423e-14
-2.74335e-14
-1.0502e-14
-2.3985e-14
2.44169e-14
-2.197e-14
2.63164e-14
2.5682e-14
-3.05046e-14
4.7405e-14
7.98204e-14
-4.39478e-14
-2.38666e-14
1.91047e-14
-5.18741e-14
5.60425e-14
1.86808e-14
0
1.20709e-14
-1.79047e-14
1.79047e-14
2.72078e-14
-4.78962e-14
-3.95128e-14
1.97564e-14
7.42106e-14
1.22333e-14
-1.10895e-15
-5.10239e-14
-1.63429e-14
2.40968e-14
-1.94564e-14
1.94564e-14
5.7878e-14
3.44052e-14
-2.62035e-14
-5.44639e-17
-8.4808e-15
3.30303e-14
-1.76728e-14
0
-1.20345e-14
0
0
4.84273e-14
-2.42136e-14
-2.42136e-14
2.56098e-14
2.66426e-17
-6.0743e-14
2.52386e-14
0
0
5.94616e-14
-3.0911e-14
-1.56985e-14
-1.56985e-14
1.00738e-14
-1.95615e-14
2.06864e-15
4.86245e-14
-3.59287e-14
-3.91021e-14
2.29989e-14
-2.30468e-14
3.505e-15
-1.7789e-14
4.5816e-14
-2.41095e-14
2.6035e-14
-4.99564e-14
0
0
6.03411e-15
0
4.33289e-14
0
3.02764e-14
1.59679e-14
0
1.5615e-14
3.15888e-14
-2.25595e-14
-1.65671e-14
0
9.1542e-15
-5.72877e-14
0
3.40957e-14
-3.58468e-14
3.74569e-14
0
1.99618e-14
-1.08889e-14
2.66503e-14
-8.16317e-14
4.08159e-14
1.19145e-14
-6.75954e-14
-2.54779e-14
-1.6153e-15
-3.87604e-14
1.52362e-14
-6.50575e-14
4.46667e-14
-3.28454e-15
-4.98218e-14
-2.406e-14
2.406e-14
0
0
-2.01713e-14
-4.03427e-14
0
5.52901e-14
1.88303e-14
-1.88303e-14
-6.12175e-14
-4.73518e-14
-3.29383e-14
1.14278e-31
-4.34047e-14
-3.4853e-16
-3.713e-14
-1.8565e-14
2.58888e-14
5.10859e-14
-3.4735e-14
0
1.69737e-14
0
-3.49168e-14
1.20372e-15
3.60982e-14
0
5.8576e-16
5.8576e-16
8.12657e-16
2.17963e-14
4.95055e-14
0
-1.74631e-14
-2.51475e-14
2.40875e-15
2.04788e-14
1.52768e-14
4.8051e-14
1.45054e-14
4.35162e-14
6.01558e-14
2.96429e-14
1.51153e-14
-1.07938e-15
3.40044e-15
-2.10842e-14
-1.70465e-14
5.11394e-14
-4.24134e-14
-1.37871e-14
1.19319e-14
-1.83517e-15
-8.8602e-15
0
0
3.02422e-14
2.80532e-14
0
-3.79567e-15
-3.79567e-15
-3.19383e-15
3.45248e-14
-2.33931e-15
-1.98884e-14
3.67261e-15
0
-2.72644e-14
-1.36322e-14
3.13755e-14
5.16909e-14
5.92213e-16
5.92213e-16
7.36008e-15
6.54306e-14
0
-2.88757e-14
2.4072e-14
7.21542e-14
-1.10962e-15
-1.10962e-15
-1.10962e-15
-3.44064e-14
-3.32968e-14
-7.00958e-17
-7.00958e-17
-7.00958e-17
-7.00958e-17
0
3.06746e-14
3.06746e-14
-2.19047e-15
-2.19047e-15
-3.28651e-14
3.53894e-14
1.57292e-14
-3.93109e-15
-2.35913e-14
-4.19412e-14
-2.70105e-14
0
0
0
0
0
1.63428e-14
3.26856e-14
0
0
3.72954e-14
4.38675e-15
4.38675e-15
4.38675e-15
0
-3.02671e-14
-3.02671e-14
0
0
0
-2.23455e-14
-2.23455e-14
-1.39628e-15
-1.39628e-15
2.09493e-14
0
0
0
0
-3.12747e-14
-1.94222e-14
6.69563e-16
6.69563e-16
6.69563e-16
0
4.05086e-14
-1.3965e-15
-1.3965e-15
-4.33016e-14
4.05086e-14
-3.49101e-15
-3.49101e-15
-3.49101e-15
2.26979e-14
2.61889e-14
-4.78281e-14
4.78281e-14
0
0
0
-7.44021e-16
2.15821e-14
-7.44021e-16
-7.44021e-16
0
-2.38443e-14
0
0
0
0
-3.29472e-14
0
3.29472e-14
0
0
3.21312e-14
3.21312e-14
-4.75398e-16
-3.3082e-14
-3.315e-14
3.66155e-14
-5.49232e-14
1.83077e-14
0
0
3.47925e-14
-2.65165e-15
-2.65165e-15
-2.65165e-15
-2.49567e-15
-8.59089e-16
-8.59089e-16
-8.59089e-16
-2.66381e-14
-2.5779e-14
1.65897e-14
-4.14615e-15
3.73255e-14
-4.14615e-15
-5.5282e-15
3.71377e-14
5.30428e-15
-2.65292e-14
5.30428e-15
0
-2.2602e-14
-4.5204e-14
0
4.5204e-14
0
2.76272e-14
-2.01873e-14
-2.01873e-14
-5.20637e-14
-3.61255e-14
0.0026222
1.03645e-07
0.00263199
6.01106e-08
0.00261503
3.37269e-07
0.00254578
2.75767e-06
0.00265574
1.421e-05
0.00261072
1.71724e-05
0.00265147
2.50707e-05
0.002561
5.79229e-06
0.00262779
5.08433e-07
0.00311712
1.26577e-05
-4.73909e-08
1.59683e-05
1.5993e-05
1.03835e-07
1.88149e-08
2.96992e-08
2.09647e-08
4.77226e-09
0.00312556
1.30011e-05
-3.70013e-08
1.63993e-05
1.64187e-05
7.08042e-08
1.42231e-08
1.57129e-08
1.83583e-08
9.96418e-09
0.00274035
1.32184e-05
-3.87942e-09
1.66638e-05
1.66664e-05
3.47473e-07
7.83661e-09
7.83127e-09
8.59127e-09
4.93707e-09
0.00275329
1.36354e-05
9.03857e-08
1.72495e-05
1.7204e-05
2.87503e-06
1.23882e-07
1.32014e-07
1.43179e-07
7.36619e-08
0.00291776
1.48216e-05
6.13663e-07
1.87554e-05
1.84374e-05
1.45956e-05
4.98713e-07
5.23673e-07
5.47022e-07
2.80638e-07
0.00261977
6.75854e-06
8.59462e-07
6.12363e-06
5.68476e-06
1.78105e-05
8.9314e-07
9.50445e-07
1.01469e-06
5.32945e-07
0.0026711
1.09137e-05
1.21709e-06
1.25211e-05
1.19076e-05
2.59856e-05
1.25339e-06
1.32791e-06
1.4077e-06
7.35963e-07
0.00268026
4.03977e-06
2.15699e-07
2.15987e-06
2.0187e-06
6.04379e-06
3.71465e-07
3.98594e-07
4.2812e-07
2.21578e-07
0.00269524
3.05059e-06
-1.64772e-08
4.0727e-07
3.93182e-07
5.29704e-07
4.84386e-08
3.8816e-08
3.9362e-08
2.71929e-08
2.87011e-07
0.00905583
0.00919161
2.73002e-07
1.96774e-10
1.92585e-07
6.06504e-11
2.17011e-07
4.2769e-06
0.00842153
5.80216e-06
0.00865989
6.01061e-14
0
3.00732e-14
0
3.01152e-14
3.00158e-14
-2.02741e-14
-6.08633e-14
-6.08568e-14
0
2.0316e-14
0
2.89854e-14
-4.86777e-14
2.90329e-14
-1.7257e-14
8.73174e-14
2.3475e-14
0
9.35346e-14
0
-2.78799e-14
0
2.27062e-14
6.01513e-14
0
-2.99729e-14
0
0
0
-2.02887e-14
-4.05499e-14
-2.02162e-14
0
2.027e-14
4.05988e-14
1.33536e-15
4.14061e-14
4.14061e-14
-3.87353e-14
-4.00707e-14
-5.56491e-31
-5.56491e-31
0
-4.00994e-14
0
4.27701e-14
-3.74251e-14
-3.74251e-14
4.27701e-14
-4.00976e-14
0
0
0
0
0
4.28298e-14
-3.74773e-14
-3.74773e-14
2.67625e-15
0
3.80205e-14
-4.20217e-14
-2.00057e-15
-2.00057e-15
0
5.45146e-14
5.45146e-14
5.45146e-14
4.50425e-16
-8.10962e-14
0
0
0
0
0
5.58977e-14
2.88502e-14
-2.52448e-14
2.88502e-14
-2.70475e-14
-2.7045e-14
-5.409e-14
0
0
8.1135e-14
1.80542e-15
-7.94585e-14
-2.52825e-14
1.80542e-15
8.12639e-14
2.65476e-14
5.35451e-14
-4.49848e-16
-5.44448e-14
-2.69975e-14
3.99351e-14
1.28792e-15
1.28792e-15
1.28792e-15
0
-1.04659e-15
-1.04659e-15
-3.24518e-14
3.03587e-14
3.14052e-14
3.87106e-14
0
3.87106e-14
0
-3.87106e-14
8.36427e-15
7.11116e-14
7.11116e-14
8.36427e-15
-9.4121e-14
-3.88077e-14
0
3.88077e-14
0
0
9.38999e-14
0
0
-3.13e-14
0
3.95927e-14
6.48905e-16
6.48905e-16
6.48905e-16
0
3.06587e-14
-3.16977e-14
-5.1951e-16
-5.1951e-16
0
-8.09693e-14
-1.68294e-16
4.02322e-14
-1.68294e-16
0
3.74829e-14
3.09701e-16
3.09701e-16
3.09701e-16
0
-3.58823e-14
0
3.58823e-14
-3.58823e-14
-3.58823e-14
9.08246e-14
3.02749e-14
0
3.02749e-14
-1.81649e-13
6.68184e-16
-3.94327e-14
6.68185e-16
6.68185e-16
8.02017e-14
4.00735e-14
4.00735e-14
0
-4.00735e-14
-4.00735e-14
-3.73003e-14
2.66361e-15
2.66361e-15
-3.73003e-14
3.99639e-14
-4.02105e-14
0
0
4.02105e-14
-4.02105e-14
-3.87288e-14
-3.87288e-14
1.33514e-15
1.33514e-15
8.01278e-14
7.95781e-14
-6.68559e-16
3.94548e-14
-8.09152e-14
0
-5.41031e-14
-2.70516e-14
-2.70516e-14
2.70516e-14
8.11547e-14
-1.80178e-15
-1.80178e-15
-1.80178e-15
5.22648e-14
-5.40665e-14
5.92995e-14
-4.85202e-14
-7.54751e-14
8.62544e-14
0
1.80797e-15
2.89341e-14
5.60602e-14
-5.24443e-14
-2.71261e-14
5.58547e-14
1.80134e-15
1.80134e-15
1.80134e-15
-8.108e-14
4.50987e-16
-8.07466e-14
-2.66149e-14
4.50987e-16
5.41317e-14
6.01061e-14
-6.01491e-14
-3.00724e-14
-3.00681e-14
0
-3.00162e-14
0
6.08633e-14
-6.08559e-14
0
-4.06317e-14
0
0
-2.19841e-14
-2.90337e-14
-4.70605e-14
2.91062e-14
-1.72161e-14
0
2.33842e-14
0
2.83364e-14
-1.0764e-13
-7.72544e-14
0
3.00546e-14
-5.99437e-14
-3.01588e-14
3.00473e-14
3.00937e-14
0
4.055e-14
2.02173e-14
2.03443e-14
-2.02699e-14
2.02994e-14
0
8.01414e-14
4.00707e-14
-4.00707e-14
-4.00707e-14
2.67264e-15
2.67264e-15
-3.74267e-14
2.67264e-15
0
-2.67245e-15
3.74241e-14
-4.2769e-14
-2.67245e-15
4.00966e-14
-5.34414e-15
3.47467e-14
-5.34414e-15
-5.34414e-15
0
-4.41685e-14
-4.41685e-14
3.61397e-14
-4.01443e-15
4.01541e-14
4.00216e-14
4.00216e-14
4.00216e-14
-4.00216e-14
0
-4.50425e-16
5.36137e-14
2.65816e-14
-4.50425e-16
0
-3.60583e-15
-5.77065e-14
-3.60583e-15
-3.60583e-15
0
0
0
0
0
5.40941e-14
0
5.40919e-14
0
0
-5.40919e-14
0
5.41756e-14
2.70878e-14
-2.70878e-14
-5.41756e-14
4.49848e-16
4.49848e-16
-5.35451e-14
4.49848e-16
0
-2.57585e-15
-7.98702e-14
-2.57585e-15
-2.57585e-15
7.72944e-14
2.09317e-15
3.34984e-14
2.09317e-15
2.09317e-15
0
-4.38718e-14
-4.38718e-14
-5.16028e-15
-4.38718e-14
3.87115e-14
0
6.27474e-14
3.13737e-14
-3.13737e-14
-3.13737e-14
3.88082e-14
3.88082e-14
0
0
-7.76164e-14
8.3444e-15
8.34441e-15
8.34441e-15
3.96436e-14
0
6.4893e-16
6.4893e-16
6.4893e-16
6.4893e-16
0
-3.16985e-14
-3.16985e-14
-5.19523e-16
-5.19523e-16
6.2358e-14
-4.56167e-14
-5.21702e-15
-5.21702e-15
-5.21702e-15
0
-3.74671e-14
-3.74671e-14
3.14772e-16
3.14772e-16
7.55638e-14
0
7.176e-14
7.176e-14
-7.176e-14
-3.588e-14
-3.72567e-14
6.13669e-14
2.84923e-14
-3.72567e-14
-3.28745e-14
4.14372e-14
1.33637e-15
1.33637e-15
1.33637e-15
-4.01009e-14
4.27437e-14
4.27437e-14
4.27437e-14
-3.7402e-14
-4.00729e-14
-3.46354e-14
5.32702e-15
-3.46354e-14
4.52895e-14
-3.99624e-14
0
4.02117e-14
0
0
-8.04234e-14
4.27333e-14
-3.73929e-14
2.67022e-15
4.27333e-14
-4.00631e-14
8.09185e-14
6.68586e-16
-3.94564e-14
4.07935e-14
-4.0125e-14
2.70519e-14
2.70519e-14
0
0
-5.41038e-14
3.60357e-15
-5.04631e-14
-2.34298e-14
3.06369e-14
8.11001e-14
0
-2.69563e-14
-2.69563e-14
2.69563e-14
2.69563e-14
3.61587e-15
-5.06355e-14
-2.35098e-14
3.07415e-14
5.42513e-14
-8.10795e-14
0
2.70265e-14
-2.70265e-14
2.70265e-14
-4.50987e-16
-4.50987e-16
-2.75168e-14
-2.75168e-14
5.41317e-14
2.88096e-14
-1.59031e-14
-2.17156e-14
0
2.87038e-14
2.03469e-14
0
-2.03754e-14
-5.18822e-14
-1.80554e-14
7.87786e-14
3.198e-14
0
5.46469e-14
-3.0042e-14
-2.18176e-14
-4.06882e-14
-3.43728e-14
2.02074e-14
2.76123e-14
-3.01461e-14
5.00161e-14
2.17118e-14
2.23874e-14
2.3622e-14
0
3.71497e-14
2.11317e-14
2.11282e-14
2.30242e-14
0
1.77881e-14
0
0
0
0
0
0
3.15969e-15
3.19352e-14
-9.31653e-14
6.21152e-14
-4.24084e-14
0
-4.24084e-14
0
4.24084e-14
-5.79083e-14
0
0
0
8.68624e-14
-6.48166e-14
-4.32111e-14
0
4.32111e-14
6.48166e-14
7.39926e-14
-2.55082e-15
-2.55082e-15
-4.08225e-14
-3.82717e-14
8.13875e-14
0
0
-2.71292e-14
-8.13876e-14
0
0
0
2.1464e-14
-2.1464e-14
2.30196e-14
5.42752e-15
-4.87787e-14
4.12188e-14
2.43018e-14
2.60248e-15
3.1672e-14
-1.95843e-14
-1.04959e-13
1.31333e-13
3.20906e-15
-6.90124e-14
3.20906e-15
5.13567e-14
2.40738e-14
-5.8301e-14
-7.02904e-14
2.40704e-15
7.41418e-14
-3.56394e-14
-5.8276e-14
-1.22236e-13
4.83239e-14
5.68394e-15
1.066e-13
2.24647e-15
-3.14589e-14
2.24647e-15
2.24647e-15
-3.37053e-14
3.1575e-14
-4.12876e-14
-4.85632e-15
-4.85632e-15
0
1.0679e-14
5.0735e-14
-2.9377e-14
1.0679e-14
0
-5.81802e-14
5.81802e-14
2.90901e-14
0
-8.72703e-14
-1.53406e-15
1.09373e-13
1.682e-14
-1.93757e-13
9.73547e-14
-6.26363e-14
6.10923e-15
-3.97212e-14
-3.97212e-14
1.60406e-13
-1.79578e-15
-2.8739e-14
-1.79578e-15
-2.8739e-14
2.69433e-14
-3.19088e-14
4.90766e-15
4.17241e-14
4.90766e-15
0
4.01948e-14
8.03896e-14
0
0
-8.03896e-14
4.00112e-14
-2.66769e-14
6.66718e-15
6.66718e-15
0
2.89491e-14
0
0
0
-8.68472e-14
9.94753e-16
9.94753e-16
-2.88551e-14
-5.8705e-14
0
-1.21104e-14
-1.21104e-14
-1.21104e-14
-1.21104e-14
0
0
0
0
0
0
-3.30139e-15
-3.30139e-15
-3.30139e-15
4.62315e-14
-4.95329e-14
2.81756e-14
0
0
-2.81756e-14
2.81756e-14
2.57055e-14
2.54074e-14
3.48283e-14
-8.63826e-14
0
3.06989e-14
0
3.06989e-14
0
-3.06989e-14
0
2.38767e-14
2.35394e-14
2.31342e-14
0
-4.7435e-14
-7.11525e-14
0
4.7435e-14
2.37175e-14
0
0
0
0
0
0
0
3.13436e-14
0
-3.13436e-14
-6.88117e-14
-6.88117e-14
0
0
6.88117e-14
0
0
0
5.91953e-14
2.95976e-14
4.81836e-14
-7.22754e-14
-4.81836e-14
-7.22754e-14
2.40918e-14
-8.95277e-14
0
-2.23819e-14
6.71458e-14
0
0
-2.31991e-11
2.71425e-09
9.2084e-10
1.60116e-10
-1.56172e-10
-4.9755e-12
-1.53059e-11
3.13095e-13
-1.4006e-09
-4.52102e-05
-5.58511e-09
-7.32107e-05
-3.99955e-08
-3.1867e-09
-0.000236206
-3.63485e-13
-7.79501e-12
1.35176e-13
4.15294e-14
-1.15602e-10
3.1766e-11
9.84806e-14
-4.81e-14
-1.58109e-09
-4.28082e-05
-6.17164e-09
-6.25021e-05
-4.05875e-08
-4.49998e-09
-0.00020944
-1.09637e-14
-8.16994e-14
3.27289e-14
0
-1.25077e-13
-4.24016e-14
7.15315e-14
-1.08894e-13
-1.08911e-10
3.22412e-09
-2.3625e-10
-1.47041e-09
-9.70217e-10
-1.38779e-10
-2.11506e-08
-1.14849e-14
-3.7614e-14
0
-3.01654e-14
-1.49583e-13
3.84368e-14
7.15337e-14
3.50608e-14
-9.82822e-14
-7.65225e-11
2.08871e-14
-1.49165e-10
-7.23602e-14
-1.85306e-13
-4.43535e-10
-7.61683e-14
-7.38419e-15
9.02711e-14
0
9.35916e-14
1.28339e-13
-6.57652e-14
0
6.02373e-14
-1.97141e-14
0
8.42945e-14
7.10105e-14
-2.19396e-14
-1.12964e-13
5.54683e-14
-1.24187e-13
5.43295e-15
2.71087e-14
8.98303e-14
1.62782e-13
5.02546e-14
-5.11409e-14
-7.35223e-14
1.96929e-14
1.03405e-13
-1.35333e-13
-4.82591e-14
2.4202e-13
-1.0269e-13
4.51849e-14
6.8488e-14
-9.18904e-11
2.26575e-10
-4.36234e-14
-2.65439e-14
-5.78881e-12
8.07199e-14
4.01291e-14
0
1.02495e-13
-1.78232e-13
1.92814e-13
-1.3007e-13
8.5924e-14
-5.17939e-14
4.50579e-14
-1.08596e-13
4.65442e-14
-1.72198e-13
5.41158e-14
-3.69302e-14
3.6075e-14
0
0
1.42959e-13
2.88114e-14
2.9114e-14
0
1.76531e-13
-1.91999e-14
1.62439e-14
4.58549e-14
-9.01713e-15
0
2.12008e-13
4.91767e-14
5.89828e-14
3.27602e-14
-6.81158e-14
4.17734e-14
-2.12122e-14
1.04932e-13
0
2.68365e-13
4.16499e-14
4.88665e-15
6.59624e-14
5.15718e-14
-1.26765e-14
-3.84368e-14
-8.494e-14
-1.09557e-14
-4.91411e-14
7.16167e-14
-5.22178e-14
-1.5013e-13
1.59192e-13
2.64722e-13
2.6492e-13
-7.02965e-15
7.38511e-15
-2.789e-14
7.42481e-14
1.03191e-13
-4.62021e-14
-3.90449e-14
1.87272e-14
-4.5178e-14
-1.18285e-13
9.60128e-15
6.32209e-14
-8.52126e-14
2.19396e-14
0
-1.40234e-13
7.82017e-14
4.0552e-14
5.76627e-14
8.98303e-14
-9.76695e-14
-1.88448e-13
-8.94937e-14
7.35223e-14
-4.92324e-14
-1.03405e-13
5.51357e-14
4.82591e-14
-3.6303e-14
1.0269e-13
)
;

boundaryField
{
    patch1
    {
        type            calculated;
        value           nonuniform List<scalar> 
2440
(
-0.00020852
-1.01602e-13
0
0
0
0
0
0
0
0
-0.00020852
-2.03204e-13
0
0
0
0
0
0
0
0
-0.000195501
2.09914e-06
9.09802e-06
4.32037e-05
-3.76175e-05
-0.000345575
-0.000462541
-0.000263395
0.00905582
-4.17565e-14
-4.68889e-11
1.25629e-09
4.57719e-05
0.000120747
9.28861e-09
-1.58348e-10
-6.93188e-14
0
0
0
0
0
0
0
0
0
0
0
0
0
0
0
0
0
0
0
0
0
0
0
0
0
0
0
0
0
0
0
0
0
0
0
0.00905582
0
0
0
0
0
0
0
0
0
0
0
0
0
0
0
0
0
0
0
0
0
0
0
0
0
0
0
0
0
0
0
0
0
0
0
0
0
0
0
0
0
0
0
0
0
0
0
0
0
0
0
0
0
0
0
0
0
-0.000222855
1.39336e-06
9.09587e-06
4.32037e-05
-3.76177e-05
-0.00034558
-0.000455701
-0.000291782
0.00905582
-3.78498e-14
-4.65382e-11
1.2563e-09
4.57719e-05
0.000120747
9.28847e-09
-1.5832e-10
-1.18836e-13
0
0
0
0
0
0
0
0
0
0
0
0
0
0
0
0
0
0
0
0
0
0
0
0
0
0
0
0
0
0
0
0
0
0
0
0.00905582
0
0
0
0
0
0
0
0
0
0
0
0
0
0
0
0
0
0
0
0
0
0
0
0
0
0
0
0
0
0
0
0
0
0
0
0
0
0
0
0
0
0
0
0
0
0
0
0
0
0
0
0
0
0
0
0
0
-1.74838e-08
-1.2395e-13
0
0
0
0
0
1.33111e-13
-1.0269e-13
-4.84041e-14
1.0269e-13
-1.74575e-08
0
0
0
0
0
0
2.4202e-13
-1.0269e-13
-3.6303e-14
1.0269e-13
-3.69428e-05
-2.26026e-14
4.21791e-14
1.72017e-10
2.39931e-10
-3.42751e-14
6.75188e-14
1.37915e-10
1.19443e-10
3.21227e-09
1.85672e-06
4.71176e-09
2.60901e-06
2.42799e-09
1.7016e-06
1.82253e-09
-2.57629e-07
3.46203e-14
7.79895e-14
0
0
0
-4.19222e-14
-3.24532e-14
-2.95643e-14
-3.03537e-14
3.22568e-14
-2.14712e-14
2.43696e-14
-5.73927e-14
-4.74342e-14
8.34074e-14
0
-1.61986e-13
3.46203e-14
-7.79895e-14
0
0
-2.79041e-14
0
1.08176e-14
0
-6.07073e-14
4.71445e-14
2.14712e-14
-4.87386e-14
0
4.74342e-14
0
-4.85763e-14
0
0
0
0
0
0
0
0
0
0
0
0
0
0
0
0
0
0
0
0
0
0
0
0
0
0
0
0
0
0
0
0
0
0
0
0
0
0
0
0
0
6.12569
-0.00021143
6.34972
-0.000225003
6.4395
-0.00022511
6.62922
-0.000223434
6.9899
-0.000237105
2.02625
-9.17202e-05
4.3454
-0.000185685
0.724928
-3.35785e-05
0.150487
-6.09179e-06
2.87065e-07
0.00919159
2.72963e-07
-8.34798e-13
-2.14009e-08
3.10382e-07
0.0119623
0.0102761
9.11863e-07
-1.96834e-08
-1.3784e-12
-1.93984e-15
-3.96849e-15
1.71996e-10
2.3988e-10
-1.87971e-13
4.29991e-14
1.37931e-10
1.19543e-10
3.21226e-09
1.85673e-06
4.71118e-09
2.6146e-06
2.42804e-09
1.70156e-06
1.82264e-09
-2.57642e-07
-3.85197e-14
-2.27706e-14
3.85282e-14
3.59049e-14
2.18815e-14
-4.24243e-14
6.80789e-14
1.42153e-14
2.01423e-14
7.00135e-15
-4.88339e-13
0
-3.05046e-14
2.66068e-14
-2.38666e-14
-6.22489e-13
1.01988e-13
-2.27702e-14
-3.85282e-14
3.59049e-14
0
0
1.70193e-14
-2.84307e-14
-2.01423e-14
-1.22524e-14
4.88339e-14
5.26329e-14
0
5.32136e-14
-4.77333e-14
-5.18741e-14
0
0
0
0
0
0
0
0
0
0
0
0
0
0
0
0
0
0
0
0
0
0
0
0
0
0
0
0
0
0
0
0
0
0
0
0
0
0
0
0
0
6.12613
-0.000211441
6.35035
-0.000225019
6.44047
-0.000225108
6.62956
-0.000223415
6.9901
-0.000237109
2.02626
-9.1718e-05
4.34535
-0.000185676
0.724949
-3.35788e-05
0.150501
-6.09201e-06
2.87068e-07
0.0091916
2.72968e-07
1.90917e-07
2.1835e-07
0.0084781
0.00853112
1.82917e-15
-3.22163e-14
-4.05535e-14
-1.13833e-13
5.98868e-14
1.62782e-13
0
-1.02282e-13
1.33982e-13
-3.77765e-14
3.78812e-14
2.50617e-14
-4.82591e-14
4.41554e-14
7.82017e-14
-5.43189e-15
2.18594e-14
5.98868e-14
-9.76695e-14
-1.38195e-13
-3.83545e-14
-5.09067e-14
-1.64319e-14
-3.78812e-14
5.51357e-14
4.82591e-14
-3.69427e-05
3.88913e-14
7.71855e-14
1.71978e-10
2.39939e-10
3.12881e-14
6.5329e-14
1.37881e-10
1.1948e-10
3.21227e-09
1.85672e-06
4.71177e-09
2.60901e-06
2.42804e-09
1.7016e-06
1.82253e-09
-2.57629e-07
9.46407e-14
2.41227e-14
5.05842e-14
0
2.79041e-14
2.09611e-14
-4.86798e-14
1.97095e-14
7.58841e-14
-1.24065e-14
0
2.43696e-14
-2.86963e-14
-4.74342e-14
4.17037e-14
2.42882e-14
-1.61986e-13
-9.46407e-14
-2.41227e-14
-5.05842e-14
0
0
0
-5.40879e-14
4.92738e-14
4.55305e-14
-3.22568e-14
2.14712e-14
7.31079e-14
0
0
-2.08519e-14
-2.42882e-14
0
0
0
0
0
0
0
0
0
0
0
0
0
0
0
0
0
0
0
0
0
0
0
0
0
0
0
0
0
0
0
0
0
0
0
0
0
0
0
0
0
6.18222
-0.000215993
6.34972
-0.000224033
6.4395
-0.00022511
6.62922
-0.000223434
6.9899
-0.000237105
2.02625
-9.17202e-05
4.3454
-0.000185685
0.724928
-3.35785e-05
0.150487
-6.09179e-06
2.87065e-07
0.00919159
2.72963e-07
-8.90132e-13
-2.14008e-08
3.10382e-07
0.0119623
0.0102761
9.11863e-07
-1.96831e-08
-1.44682e-12
2.91031e-14
-3.07853e-15
1.72002e-10
2.39877e-10
-8.9609e-14
7.73674e-14
1.37827e-10
1.19506e-10
3.21223e-09
1.85673e-06
4.71114e-09
2.6146e-06
2.4281e-09
1.70156e-06
1.82268e-09
-2.57642e-07
-7.80077e-14
-1.04546e-18
3.85282e-14
-1.79524e-14
0
-4.24243e-14
2.55296e-14
4.2646e-14
2.01423e-14
-1.92537e-14
-5.37173e-13
0
-3.05046e-14
0
0
-6.22489e-13
-8.4786e-15
2.11337e-14
7.70564e-14
-3.59049e-14
-2.18815e-14
0
-4.25482e-14
-1.42153e-14
-2.01423e-14
-1.0502e-14
2.44169e-14
2.63164e-14
-3.05046e-14
7.98204e-14
-2.38666e-14
-5.18741e-14
0
0
0
0
0
0
0
0
0
0
0
0
0
0
0
0
0
0
0
0
0
0
0
0
0
0
0
0
0
0
0
0
0
0
0
0
0
0
0
0
0
6.18267
-0.000216005
6.35035
-0.00022405
6.44047
-0.000225108
6.62956
-0.000223415
6.9901
-0.000237109
2.02626
-9.1718e-05
4.34535
-0.000185676
0.724949
-3.35788e-05
0.150501
-6.09201e-06
2.87068e-07
0.0091916
2.72968e-07
1.92576e-07
2.17003e-07
0.00842128
0.0086594
5.54683e-14
-1.24187e-13
5.43295e-15
2.71107e-14
8.98303e-14
1.62782e-13
5.02546e-14
-5.11409e-14
-7.35223e-14
1.96929e-14
1.03405e-13
-1.35333e-13
-4.82591e-14
-1.40236e-13
7.8202e-14
4.05528e-14
5.76637e-14
8.98303e-14
-9.76695e-14
-1.88448e-13
-8.94937e-14
7.35223e-14
-4.92324e-14
-1.03405e-13
5.51357e-14
4.82591e-14
-6.52623e-05
3.73545e-14
1.67864e-14
-6.52623e-05
2.84379e-14
0
-2.32065e-05
1.4938e-09
1.64388e-05
2.27816e-09
1.35494e-05
-2.847e-05
7.89773e-06
-7.35875e-05
2.42426e-06
1.7144e-06
0.000679056
0.000624349
0.000879124
0.000745344
-2.83692e-09
-1.22443e-12
-6.32275e-05
-3.3278e-07
-2.71568e-11
8.12319e-06
2.61129e-10
-2.854e-06
-1.70814e-10
4.49874e-14
1.99248e-15
-8.91139e-15
-2.53598e-13
-1.18774e-14
-1.20669e-14
-5.52066e-12
7.67545e-15
1.04512e-17
-4.66823e-11
-8.33839e-14
-1.63822e-08
2.67204e-10
8.8286e-14
-4.47803e-14
4.77058e-14
0
-1.24855e-15
2.8068e-15
1.14916e-15
5.81774e-15
3.64508e-14
-1.07923e-14
1.22222e-13
1.63485e-13
-3.48066e-14
3.46001e-15
-3.16992e-16
1.14319e-14
1.53511e-14
3.85754e-14
-7.24744e-15
1.25471e-14
1.8624e-15
1.46171e-14
5.75971e-15
-5.60414e-15
-2.03668e-14
-3.65019e-14
3.63217e-15
3.44203e-15
0.00257552
0.0026438
0.00261459
0.00254559
0.00265566
0.00261071
0.00265149
0.002561
0.00262768
0.00257573
0.00264404
0.00261503
0.00254578
0.00265574
0.00261072
0.00265147
0.002561
0.00262779
-2.32064e-05
1.49384e-09
1.64388e-05
2.27816e-09
1.39675e-05
-2.10314e-05
7.79565e-06
-7.37028e-05
1.4896e-06
7.5608e-07
0.00068163
0.000627428
0.000879124
0.000745345
-2.83706e-09
-1.15306e-12
-6.32275e-05
-2.34573e-07
-3.57206e-11
8.12326e-06
2.61442e-10
-2.854e-06
-1.70824e-10
2.88748e-14
-1.30214e-15
-4.95777e-15
-2.21046e-13
1.35224e-14
5.98029e-15
-5.54289e-12
-1.49693e-14
-1.67911e-14
-4.67212e-11
-4.16919e-14
-1.63821e-08
2.67173e-10
4.05929e-14
8.22773e-14
-4.77058e-14
0
-4.28729e-15
-8.8488e-15
3.31524e-14
3.03006e-14
-9.11532e-15
1.52219e-16
3.49206e-14
1.53054e-13
-8.00633e-14
4.57499e-15
1.08602e-14
1.20297e-15
-1.05184e-14
-1.04457e-14
-2.83995e-14
6.70835e-15
-2.06279e-15
7.18286e-16
3.8312e-14
1.02323e-14
3.03624e-14
-4.9739e-14
-1.90289e-14
-1.04512e-17
0.002622
0.00263175
0.00261459
0.00254559
0.00265566
0.00261071
0.00265149
0.002561
0.00262768
0.0026222
0.00263199
0.00261503
0.00254578
0.00265574
0.00261072
0.00265147
0.002561
0.00262779
-3.28953e-14
-3.84475e-14
5.72533e-14
5.72533e-14
1.2051e-14
1.2051e-14
1.2051e-14
-4.25021e-15
2.76342e-14
-4.25021e-15
-4.25021e-15
-4.25021e-15
6.8563e-15
8.19596e-14
-6.18624e-13
-2.74429e-09
-2.00401e-13
-4.05168e-14
-2.2602e-14
-4.5204e-14
0
4.5204e-14
0
2.76272e-14
-2.01873e-14
-2.01873e-14
-5.20637e-14
-3.61255e-14
-8.95277e-14
0
-2.23819e-14
6.71458e-14
0
-1.26162e-14
-3.26893e-16
-1.45679e-10
8.63347e-14
1.39949e-09
6.20792e-11
-6.86045e-14
-5.24464e-14
-2.08398e-14
-8.84623e-15
-1.10071e-13
-2.5331e-14
2.46603e-14
4.39854e-14
-4.64241e-15
-5.1364e-14
-3.05046e-14
0
2.66068e-14
7.91061e-12
-2.38666e-14
4.86237e-10
-6.22489e-13
-3.29459e-14
4.55046e-14
5.92656e-14
3.03236e-14
0
0
-1.68483e-14
-1.17277e-14
0
4.84273e-14
-2.42136e-14
-4.84273e-14
-4.38675e-15
-4.38675e-15
-4.38675e-15
-4.38675e-15
0
-3.02671e-14
0
0
0
0
-4.86777e-14
-1.72571e-14
-2.34744e-14
2.33842e-14
0
-4.60252e-14
-3.24518e-14
3.03587e-14
-1.04659e-15
-1.04659e-15
-3.523e-32
8.36427e-15
7.11116e-14
3.9738e-14
-2.30094e-14
-3.13737e-14
0
0
0
3.12992e-14
0
5.19523e-16
-3.06595e-14
3.16985e-14
-3.06595e-14
6.2358e-14
-3.80967e-14
-3.80967e-14
-3.14772e-16
-3.14772e-16
7.55638e-14
-2.84923e-14
7.01313e-14
3.72567e-14
-2.84923e-14
-3.28745e-14
3.63313e-15
4.36064e-14
-2.90739e-14
7.26625e-15
7.26625e-15
-8.58132e-31
-4.3621e-14
5.01756e-14
-2.86963e-14
8.07601e-14
4.42222e-14
-4.74342e-14
9.04989e-12
-3.98511e-14
4.17037e-14
4.37012e-10
4.1909e-13
2.42882e-14
-6.02291e-14
-1.46847e-14
2.09234e-14
6.46058e-15
2.50873e-14
-1.29029e-14
4.65639e-14
-8.63595e-14
2.07751e-14
6.824e-14
5.67787e-14
6.68155e-14
-4.76511e-14
-1.90072e-14
6.72015e-14
2.84113e-14
-2.46603e-14
-1.07456e-14
2.889e-14
3.41674e-14
-3.65232e-14
-1.09109e-14
-1.3291e-14
3.94041e-19
-2.42154e-14
3.94041e-19
3.94041e-19
3.0715e-14
-2.19336e-15
-2.19336e-15
-2.19336e-15
-3.51018e-14
3.02702e-14
-3.02693e-14
4.92551e-19
4.92551e-19
3.02698e-14
2.52148e-14
3.5597e-14
6.52624e-14
5.93163e-15
5.93163e-15
-8.89961e-14
-4.86777e-14
-1.7257e-14
2.3475e-14
9.35346e-14
-2.78799e-14
2.27062e-14
-1.04659e-15
-1.04659e-15
-3.24518e-14
3.03587e-14
3.14052e-14
8.36427e-15
7.11116e-14
7.11116e-14
8.36427e-15
-9.4121e-14
9.38999e-14
0
0
-3.13e-14
0
3.06587e-14
-3.16977e-14
-5.1951e-16
-5.1951e-16
0
3.74829e-14
3.09701e-16
3.09701e-16
3.09701e-16
0
9.08246e-14
3.02749e-14
0
3.02749e-14
-1.81649e-13
-5.53209e-13
-2.7444e-09
-1.57047e-14
8.18722e-14
-2.2602e-14
-4.5204e-14
0
4.5204e-14
0
5.20637e-14
2.01873e-14
2.01873e-14
2.01873e-14
2.01873e-14
-4.47638e-14
4.47638e-14
2.23819e-14
1.1191e-13
4.47638e-14
-3.32711e-14
4.9725e-14
4.52023e-14
4.52023e-14
0
0
0
4.25021e-15
4.25021e-15
4.25021e-15
4.25021e-15
4.25021e-15
-1.78443e-13
8.18964e-14
0.000332052
20.8415
0.000409957
46.5269
0.000343568
42.7979
6.80835e-05
6.8333
0
0
0
0
0
0
0
0
0
0
0
0
0
0
0
-7.87254e-15
6.54211e-14
-1.76966e-12
-1.95596e-14
-2.97754e-10
-3.269e-10
0
-4.7802e-14
-8.61484e-14
5.02321e-14
3.88532e-14
-3.26417e-16
-2.61504e-14
-1.40027e-14
1.66388e-14
-3.32775e-14
-1.13537e-14
1.29094e-14
-1.77189e-14
5.31566e-14
9.92277e-15
-9.00807e-14
-1.62106e-14
1.1576e-15
3.22899e-14
7.53388e-16
3.51567e-14
-3.51567e-14
-2.62775e-14
2.17978e-14
3.61394e-14
-3.61394e-14
-1.23102e-14
0
3.23902e-14
0
-5.27082e-14
2.10847e-14
3.6705e-15
3.6705e-15
1.79173e-14
-3.48543e-14
0
4.27131e-14
0
-5.54853e-14
-5.63461e-14
-1.81719e-15
3.12808e-14
5.05425e-14
0
-1.44379e-14
-4.8144e-14
1.80386e-14
-1.96165e-14
-3.80793e-14
-1.15364e-15
-1.15364e-15
-1.23055e-15
0
0
0
0
-3.93219e-14
3.12743e-14
1.56371e-14
0
-1.56371e-14
-3.12743e-14
6.35538e-14
6.98224e-16
6.98224e-16
6.98224e-16
-4.19037e-14
0
2.39145e-14
0
0
0
0
7.15329e-14
0
-4.76886e-14
-2.38443e-14
5.20045e-16
3.6189e-14
5.20045e-16
-3.51489e-14
3.62633e-14
1.55976e-16
1.55976e-16
1.55976e-16
3.75994e-14
0
-6.77315e-14
-4.6997e-14
3.59412e-14
1.52067e-14
-5.52787e-15
-2.05981e-07
-2.37627e-07
3.17388e-08
2.59988e-06
1.40193e-05
1.72254e-05
2.49204e-05
5.96078e-06
7.40548e-07
0.000112216
0.000115035
0.000118599
0.00012307
0.000125634
0.00011553
0.000119931
0.000123855
0.000127992
0.000133348
0.000115729
0.000119666
0.000123964
0.000128098
0.000133653
0.000124794
0.000126065
0.000129926
0.000133801
0.000138867
0.000145866
0.000136099
0.000140043
0.000144142
0.000149047
0.000129205
0.000115976
0.000119976
0.000124078
0.000128246
0.000142685
0.000122101
0.000126244
0.00013061
0.000134784
0.0001129
0.000111242
0.00011543
0.000119688
0.000124263
0.000110681
0.000113969
0.00011823
0.000121476
0.000125966
0.000116115
0.00985465
1.03685e-08
9.15109e-07
-1.26892e-10
-1.69615e-08
-1.59034e-14
-6.04126e-13
2.24871e-14
0
-5.15902e-14
-2.95033e-14
-3.92057e-14
-7.38e-14
-4.61144e-15
2.99828e-14
3.45943e-14
2.23926e-14
-2.74958e-14
0
-8.20099e-14
8.1774e-14
-6.44729e-15
5.80414e-14
2.5797e-14
-6.44729e-15
-1.04585e-30
3.93378e-14
-3.93378e-14
-3.93378e-14
3.93378e-14
3.93378e-14
0
0
0
0
0
0
0
0
0
0
4.00684e-12
-8.50692e-14
4.79509e-12
6.40539e-14
-2.97889e-10
-3.26862e-10
-3.12678e-16
-4.48392e-16
7.08783e-16
-2.20478e-14
-3.8525e-14
3.98306e-14
-1.23384e-14
-3.85064e-14
3.32685e-15
-2.99498e-14
4.45507e-15
7.91735e-14
-2.95252e-16
-2.95252e-16
5.12415e-15
0
-1.73675e-14
0
1.6515e-14
4.52117e-14
-5.8576e-16
3.45684e-14
2.92521e-14
-2.17963e-14
-2.40875e-15
1.56613e-14
4.24865e-14
2.1701e-14
0
0
5.10066e-15
-2.10842e-14
3.67033e-15
3.12046e-14
1.93932e-14
2.11597e-14
3.79567e-15
3.79567e-15
3.19383e-15
2.09605e-14
-4.08966e-14
-2.72644e-14
3.20885e-14
5.16909e-14
-1.44379e-14
-2.88757e-14
2.4072e-14
5.41156e-14
1.30744e-15
-3.56175e-14
1.30744e-15
1.30744e-15
1.23053e-15
2.2281e-14
2.62073e-15
2.62073e-15
2.62073e-15
2.62073e-15
0
1.56374e-14
0
0
0
0
0
0
0
0
-2.39141e-14
0
0
0
0
-2.38443e-14
2.38443e-14
0
-2.38443e-14
0
-6.68607e-16
-6.68607e-16
-6.68607e-16
-6.68607e-16
-5.94318e-16
-3.47925e-14
2.65165e-15
4.00958e-14
2.65165e-15
-3.49485e-14
6.63536e-14
2.4882e-14
4.14615e-15
-1.65897e-14
-1.52076e-14
-2.05558e-07
-2.36289e-07
3.45582e-08
2.59903e-06
1.4031e-05
1.72233e-05
2.49168e-05
5.95792e-06
7.40724e-07
0.000112335
0.00011489
0.000118757
0.00012306
0.000125693
0.000115626
0.000119948
0.000123871
0.00012801
0.000133366
0.00011573
0.000119821
0.000123876
0.000128088
0.00013356
0.000124786
0.000126166
0.000129871
0.000133741
0.000138816
0.000145813
0.000136134
0.000140013
0.000144027
0.000149197
0.000129199
0.00011598
0.000119938
0.000124115
0.000128216
0.000142679
0.000122109
0.00012624
0.000130481
0.000134847
0.000112885
0.000111271
0.000115376
0.00011972
0.000124264
0.000110685
0.000113981
0.000118228
0.000121481
0.00012597
-6.86409e-32
6.08633e-14
-4.05712e-14
0
0
-3.37661e-33
4.05773e-14
-3.00841e-31
2.02162e-14
-4.06892e-14
-2.027e-14
2.02994e-14
5.36137e-14
5.36137e-14
5.36137e-14
-4.50425e-16
-8.10962e-14
0
-5.41007e-14
0
0
0
5.22922e-14
2.52448e-14
-2.88502e-14
2.52448e-14
-2.70475e-14
-2.7045e-14
-5.409e-14
-2.7045e-14
2.7045e-14
8.1135e-14
-1.80542e-15
-5.59813e-14
-1.80542e-15
-2.88934e-14
8.12639e-14
2.74473e-14
5.44448e-14
4.49848e-16
-5.35451e-14
-2.69975e-14
-8.11547e-14
-8.11547e-14
-2.70516e-14
2.70516e-14
8.11547e-14
-2.52315e-14
-2.52315e-14
1.80178e-15
2.8835e-14
2.70333e-14
-5.38967e-15
-3.23446e-14
-5.92995e-14
7.54751e-14
-7.32367e-31
2.53182e-14
5.24443e-14
-1.80797e-15
-5.60602e-14
-2.71261e-14
2.52253e-14
5.2252e-14
-1.80134e-15
2.52253e-14
-1.08107e-13
-2.75168e-14
-8.16486e-14
-2.75168e-14
-4.50987e-16
5.41317e-14
-4.05481e-14
0
-2.02853e-14
0
-4.06317e-14
-4.04963e-14
-2.02889e-14
4.055e-14
2.02173e-14
-2.03443e-14
-2.02699e-14
2.50511e-31
8.15466e-14
5.45146e-14
5.45146e-14
4.50425e-16
-8.10962e-14
3.60583e-15
3.60583e-15
-2.34445e-14
3.06562e-14
0
-1.8027e-15
5.22914e-14
-1.8027e-15
-5.58968e-14
5.40941e-14
0
5.40919e-14
2.7046e-14
-2.7046e-14
-5.40919e-14
0
5.41756e-14
0
-2.70878e-14
0
5.35451e-14
-4.49848e-16
-5.44448e-14
-4.49848e-16
-2.88137e-32
2.70519e-14
2.70519e-14
0
0
-5.41038e-14
-3.60357e-15
-5.76703e-14
-3.60357e-15
5.04631e-14
2.70334e-14
5.39127e-14
0
-1.07825e-13
5.39127e-14
0
-3.61587e-15
-3.61587e-15
-3.61587e-15
2.35098e-14
-2.71257e-14
-8.10795e-14
0
2.70265e-14
-2.70265e-14
2.70265e-14
4.50987e-16
4.50987e-16
-2.66149e-14
-2.66149e-14
5.41317e-14
8.99376e-14
7.87786e-14
-1.6001e-14
8.41959e-14
7.65247e-15
7.65247e-15
-3.06192e-14
-3.82717e-14
-6.23207e-14
-7.51368e-14
-3.85215e-14
1.05235e-13
-3.56394e-14
7.75546e-15
3.68456e-14
7.75546e-15
7.75546e-15
-8.72703e-14
0.000332052
20.8415
0.000409948
46.5267
0.000337411
42.7981
4.86171e-05
4.75083
0
0
0
0
0
0
0
0
0
0
0
0
0
0
0
4.10704e-15
1.10504e-13
-1.76978e-12
-7.83945e-14
-2.97703e-10
-3.26863e-10
3.09336e-15
-6.10738e-14
-3.93657e-14
2.78458e-14
2.98353e-16
-1.76072e-14
5.58351e-14
-4.71004e-14
0
0
-3.0892e-14
1.29094e-14
-3.23884e-14
5.48819e-16
-2.04723e-14
3.48538e-16
3.35788e-14
-1.1576e-15
-2.32972e-16
-2.33606e-14
0
-5.2735e-14
-2.53054e-14
6.53933e-14
3.61394e-14
0
-1.23102e-14
-2.32513e-14
-1.61951e-14
0
-5.35584e-14
2.10847e-14
0
0
3.83959e-14
-1.86716e-14
-2.84754e-14
2.84754e-14
-2.396e-14
-1.84951e-14
-6.63439e-14
1.54494e-14
5.99933e-14
5.28393e-14
1.44379e-14
0
2.4072e-14
0
1.05146e-15
1.05146e-15
1.05146e-15
1.05146e-15
1.12155e-15
1.96609e-14
0
0
-1.96609e-14
-3.93219e-14
1.45949e-14
-1.04222e-15
-1.04222e-15
-1.66794e-14
-3.23165e-14
6.21573e-14
-6.98224e-16
-6.98224e-16
-4.26019e-14
-2.09518e-14
-2.39145e-14
2.39145e-14
0
0
2.39145e-14
2.38443e-14
4.76886e-14
0
-7.15329e-14
-2.38443e-14
1.15457e-15
3.37623e-14
1.15457e-15
-3.14531e-14
-1.52172e-14
-3.75994e-14
3.72874e-14
-1.55976e-16
-1.55976e-16
0
-5.66758e-14
5.52787e-15
5.52787e-15
5.52787e-15
2.62624e-14
-1.83571e-07
-2.37928e-07
3.17376e-08
2.59988e-06
1.40193e-05
1.72254e-05
2.49204e-05
5.96078e-06
7.40548e-07
0.000114694
0.000117551
0.000121194
0.000125756
0.00012837
0.000115026
0.000119411
0.000123318
0.000127437
0.000132774
0.000115729
0.000119666
0.000123964
0.000128098
0.000133653
0.000124794
0.000126065
0.000129926
0.000133801
0.000138867
0.000145866
0.000136099
0.000140043
0.000144142
0.000149047
0.000129205
0.000115976
0.000119976
0.000124078
0.000128246
0.000142685
0.000122101
0.000126244
0.00013061
0.000134784
0.0001129
0.000111242
0.00011543
0.000119688
0.000124263
0.000110681
0.000113969
0.00011823
0.000121476
0.000125966
0.000116115
0.00985465
1.03684e-08
9.15108e-07
-1.26902e-10
-1.69613e-08
-9.7946e-15
-4.59546e-13
3.45858e-15
0
-2.09596e-14
2.95033e-14
-2.99828e-14
-6.45771e-14
4.61144e-15
3.92057e-14
3.45943e-14
0
5.49916e-14
-8.22479e-14
0
2.7258e-14
-5.80414e-14
7.0936e-14
3.86916e-14
3.86916e-14
-3.22443e-14
7.86756e-14
0
-3.93378e-14
0
0
0
0
0
0
0
0
0
0
0
0
4.08308e-12
-7.61147e-14
4.73692e-12
5.35051e-15
-2.97834e-10
-3.26802e-10
7.81664e-14
1.23839e-15
4.94851e-14
4.19101e-14
-1.79047e-14
1.79047e-14
2.72078e-14
-4.78962e-14
-1.10895e-15
-5.10239e-14
-1.63429e-14
2.40968e-14
-3.29383e-14
2.39345e-31
-4.34047e-14
-3.4853e-16
-3.4735e-14
0
1.69737e-14
0
5.8576e-16
5.8576e-16
8.12657e-16
2.17963e-14
2.40875e-15
2.04788e-14
1.52768e-14
4.8051e-14
1.51153e-14
-1.07938e-15
3.40044e-15
-2.10842e-14
1.19319e-14
-1.83517e-15
-8.8602e-15
0
-3.79567e-15
-3.79567e-15
-3.19383e-15
3.45248e-14
-2.72644e-14
-1.36322e-14
3.13755e-14
5.16909e-14
0
-2.88757e-14
2.4072e-14
7.21542e-14
-7.00958e-17
-7.00958e-17
-7.00958e-17
-7.00958e-17
0
3.53894e-14
1.57292e-14
-3.93109e-15
-2.35913e-14
-4.19412e-14
0
0
0
0
-3.12747e-14
4.05086e-14
-1.3965e-15
-1.3965e-15
-4.33016e-14
4.05086e-14
-4.78281e-14
4.78281e-14
0
0
0
-2.38443e-14
0
0
0
0
3.21312e-14
3.21312e-14
-4.75398e-16
-3.3082e-14
-3.315e-14
3.47925e-14
-2.65165e-15
-2.65165e-15
-2.65165e-15
-2.49567e-15
1.65897e-14
-4.14615e-15
3.73255e-14
-4.14615e-15
-5.5282e-15
-1.83296e-07
-2.36589e-07
3.4557e-08
2.59903e-06
1.4031e-05
1.72233e-05
2.49168e-05
5.95792e-06
7.40724e-07
0.000114815
0.000117402
0.000121355
0.000125746
0.00012843
0.000115122
0.000119427
0.000123333
0.000127454
0.000132792
0.00011573
0.000119821
0.000123876
0.000128088
0.00013356
0.000124786
0.000126166
0.000129871
0.000133741
0.000138816
0.000145813
0.000136134
0.000140013
0.000144027
0.000149197
0.000129199
0.00011598
0.000119938
0.000124115
0.000128216
0.000142679
0.000122109
0.00012624
0.000130481
0.000134847
0.000112885
0.000111271
0.000115376
0.00011972
0.000124264
0.000110685
0.000113981
0.000118228
0.000121481
0.00012597
-2.02741e-14
-6.08633e-14
-6.08568e-14
0
2.0316e-14
2.27403e-32
-2.02887e-14
-4.05499e-14
-2.02162e-14
-6.181e-32
2.027e-14
4.05988e-14
5.45146e-14
5.45146e-14
5.45146e-14
4.50425e-16
-8.10962e-14
0
0
0
0
0
5.58977e-14
2.88502e-14
-2.52448e-14
2.88502e-14
-2.70475e-14
-2.7045e-14
-5.409e-14
0
0
8.1135e-14
1.80542e-15
-7.94585e-14
-2.52825e-14
1.80542e-15
8.12639e-14
2.65476e-14
5.35451e-14
-4.49848e-16
-5.44448e-14
-2.69975e-14
-5.41031e-14
-2.70516e-14
-2.70516e-14
2.70516e-14
8.11547e-14
-1.80178e-15
-1.80178e-15
-1.80178e-15
5.22648e-14
-5.40665e-14
5.92995e-14
-4.85202e-14
-7.54751e-14
8.62544e-14
1.08927e-30
1.80797e-15
2.89341e-14
5.60602e-14
-5.24443e-14
-2.71261e-14
5.58547e-14
1.80134e-15
1.80134e-15
1.80134e-15
-8.108e-14
4.50987e-16
-8.07466e-14
-2.66149e-14
4.50987e-16
5.41317e-14
3.51602e-32
6.08633e-14
-6.08559e-14
0
-4.06317e-14
1.11441e-31
0
4.055e-14
2.02173e-14
2.03443e-14
-2.02699e-14
2.02994e-14
-4.50425e-16
5.36137e-14
2.65816e-14
-4.50425e-16
-2.40411e-32
-3.60583e-15
-5.77065e-14
-3.60583e-15
-3.60583e-15
0
0
0
0
0
5.40941e-14
0
5.40919e-14
0
0
-5.40919e-14
0
5.41756e-14
2.70878e-14
-2.70878e-14
-5.41756e-14
4.49848e-16
4.49848e-16
-5.35451e-14
4.49848e-16
2.88137e-32
2.70519e-14
2.70519e-14
0
0
-5.41038e-14
3.60357e-15
-5.04631e-14
-2.34298e-14
3.06369e-14
8.11001e-14
0
-2.69563e-14
-2.69563e-14
2.69563e-14
2.69563e-14
3.61587e-15
-5.06355e-14
-2.35098e-14
3.07415e-14
5.42513e-14
-8.10795e-14
0
2.70265e-14
-2.70265e-14
2.70265e-14
-4.50987e-16
-4.50987e-16
-2.75168e-14
-2.75168e-14
5.41317e-14
2.87038e-14
7.87786e-14
-2.18176e-14
7.39926e-14
-2.55082e-15
-2.55082e-15
-4.08225e-14
-3.82717e-14
-5.8301e-14
-7.02904e-14
2.40704e-15
7.41418e-14
-3.56394e-14
-5.81802e-14
5.81802e-14
2.90901e-14
0
-8.72703e-14
0
5.01756e-14
-5.73927e-14
4.038e-14
0
-4.74342e-14
8.90031e-12
-3.98511e-14
8.34074e-14
4.37072e-10
4.41147e-13
0
-2.22565e-15
-4.89715e-14
2.0655e-14
3.1092e-14
7.51182e-14
-1.25913e-14
-5.60488e-14
-2.38028e-14
2.1054e-16
2.71766e-17
4.5423e-14
1.46776e-14
1.06375e-14
-4.17802e-14
6.43036e-14
0
-9.88634e-14
1.68572e-14
-3.8514e-14
5.41959e-14
1.17789e-15
-2.75992e-14
-3.36196e-14
-3.94041e-19
-2.42162e-14
-2.42162e-14
2.42154e-14
2.19336e-15
5.1556e-14
2.19336e-15
-1.42608e-14
1.86476e-14
-4.92551e-19
-3.02702e-14
-4.92551e-19
-4.92551e-19
0
-2.96581e-15
2.37337e-14
5.33991e-14
-5.93163e-15
-3.5597e-14
-5.93308e-14
-6.90919e-14
-2.35303e-14
2.3475e-14
9.35346e-14
0
2.27062e-14
-2.93121e-14
3.34984e-14
2.09317e-15
2.09317e-15
3.523e-32
3.13737e-14
9.4121e-14
0
0
-9.4121e-14
6.26e-14
0
0
0
0
6.28759e-14
-6.18369e-14
5.1951e-16
3.16977e-14
0
3.68635e-14
3.68635e-14
-3.09701e-16
-3.09701e-16
0
9.08246e-14
3.02749e-14
0
3.02749e-14
-1.81649e-13
-1.26162e-14
-1.19952e-14
-1.45742e-10
5.3362e-17
1.39953e-09
6.21181e-11
-3.36043e-14
1.52915e-14
-4.78693e-14
2.2773e-14
-9.64554e-14
3.08027e-15
6.17597e-14
4.66857e-14
6.27616e-14
-5.1364e-14
-3.05046e-14
0
0
7.91061e-12
0
4.86214e-10
-6.22489e-13
2.47329e-14
4.42402e-14
2.0635e-14
2.96762e-14
-1.76728e-14
0
-1.20345e-14
0
0
4.84273e-14
-2.42136e-14
-2.42136e-14
3.72954e-14
4.38675e-15
4.38675e-15
4.38675e-15
0
-3.02671e-14
-3.02671e-14
0
0
0
-2.19841e-14
-4.70605e-14
-1.72161e-14
2.33842e-14
2.83364e-14
-7.72544e-14
2.09317e-15
3.34984e-14
2.09317e-15
2.09317e-15
3.523e-32
0
6.27474e-14
3.13737e-14
-3.13737e-14
-3.13737e-14
8.3444e-15
8.34441e-15
8.34441e-15
3.96436e-14
-2.01683e-30
-3.16985e-14
-3.16985e-14
-5.19523e-16
-5.19523e-16
6.2358e-14
-3.74671e-14
-3.74671e-14
3.14772e-16
3.14772e-16
7.55638e-14
-3.72567e-14
6.13669e-14
2.84923e-14
-3.72567e-14
-3.28745e-14
2.3622e-14
-1.21104e-14
-1.21104e-14
-1.21104e-14
-1.21104e-14
8.58132e-31
)
;
    }
    patch2
    {
        type            calculated;
        value           nonuniform List<scalar> 
348
(
-1.51582e-13
-1.51582e-13
0
0
1.51582e-13
0
0
0
0
1.51582e-13
0
-1.51582e-13
1.51582e-13
7.57912e-14
0
1.51582e-13
0
1.51582e-13
1.74316e-13
0
0
0
0
0
-7.57912e-14
-1.66843e-13
0
0
0
1.58315e-13
-7.57912e-14
0
-1.51582e-13
-1.51582e-13
0
0
-8.41364e-14
3.03165e-13
1.51582e-13
7.57912e-14
-1.51582e-13
1.51582e-13
0
0
-1.51582e-13
-7.57912e-14
-1.51582e-13
-1.51582e-13
-2.55352e-13
0
0
1.51582e-13
1.51582e-13
0
-7.57912e-14
-1.51582e-13
0
0
7.57912e-14
-1.51582e-13
0
-1.51582e-13
1.51582e-13
1.51582e-13
0
7.57912e-14
0
0
-1.51582e-13
7.57912e-14
0
1.51582e-13
0
0
0
0
-3.78956e-13
1.51582e-13
0
1.51582e-13
-7.57912e-14
1.51582e-13
0
0
0
-1.51582e-13
0
-3.03165e-13
1.51582e-13
0
0
0
0
7.57912e-14
0
-1.51582e-13
0
1.51582e-13
0
0
0
1.51582e-13
0
0
0
-7.57912e-14
0
0
1.51582e-13
1.51582e-13
1.51582e-13
0
0
-1.51582e-13
0
-1.51582e-13
-1.51582e-13
-1.51582e-13
-1.51582e-13
-1.51582e-13
0
-1.51582e-13
-1.51582e-13
1.51582e-13
1.51582e-13
1.74316e-13
1.51582e-13
0
1.51582e-13
0
-1.51582e-13
-7.57912e-14
8.34219e-14
1.64543e-13
2.27374e-13
-1.58079e-13
1.51582e-13
0
0
0
-1.51582e-13
2.5241e-13
3.03165e-13
1.51582e-13
-7.57912e-14
-1.51582e-13
0
-1.51582e-13
0
0
0
-7.57912e-14
1.51582e-13
1.70235e-13
0
-1.63434e-13
0
0
1.74316e-13
7.57912e-14
0
0
0
0
-7.57912e-14
0
-1.64544e-13
0
0
1.58315e-13
-7.57912e-14
0
-1.51582e-13
-1.51582e-13
0
-7.57912e-14
0
3.03165e-13
0
0
-1.51582e-13
1.51582e-13
0
0
-1.51582e-13
-7.57912e-14
-1.51582e-13
-1.51582e-13
-1.70235e-13
0
0
1.51582e-13
1.51582e-13
0
0
-1.51582e-13
0
0
0
-1.51582e-13
0
-1.51582e-13
1.51582e-13
1.51582e-13
0
0
0
-7.57912e-14
-1.51582e-13
7.57912e-14
7.57912e-14
7.57912e-14
0
7.57912e-14
0
0
-3.78956e-13
1.51582e-13
-7.57912e-14
1.51582e-13
-7.57912e-14
1.51582e-13
1.51582e-13
1.51582e-13
-1.51582e-13
-1.51582e-13
0
-2.27374e-13
1.51582e-13
0
0
0
7.57912e-14
7.57912e-14
0
0
0
2.27374e-13
0
0
0
1.51582e-13
0
7.57912e-14
0
-7.57912e-14
0
0
1.51582e-13
7.57912e-14
1.51582e-13
0
0
-1.51582e-13
0
-1.51582e-13
-1.51582e-13
-1.51582e-13
-1.51582e-13
-1.51582e-13
0
0
0
1.51582e-13
1.51582e-13
1.74316e-13
7.57912e-14
1.51582e-13
1.51582e-13
0
0
-7.57912e-14
0
1.64543e-13
1.51582e-13
-1.58079e-13
1.51582e-13
0
-7.57912e-14
0
-1.51582e-13
3.36546e-13
3.03165e-13
1.51582e-13
0
-1.51582e-13
0
-1.51582e-13
0
0
0
-1.51582e-13
1.51582e-13
8.51174e-14
0
-1.63434e-13
0
0
-6.06179e-14
2.30598e-13
-5.77112e-14
0
0
-1.06384e-13
0
0
-1.03799e-13
0
-1.04375e-13
0
0
-1.24516e-13
0
6.24301e-14
-1.15638e-13
-1.15437e-13
0
2.08563e-13
-1.00317e-13
0
0
6.21094e-14
1.24553e-13
0
2.8719e-13
0
0
0
0
0
4.9844e-14
-1.03799e-13
0
-1.04375e-13
0
0
-1.24516e-13
0
0
-1.15212e-13
0
0
2.08563e-13
-1.00317e-13
0
0
0
1.24553e-13
)
;
    }
    patch3
    {
        type            calculated;
        value           uniform 0;
    }
    patch4
    {
        type            calculated;
        value           nonuniform List<scalar> 
384
(
-24.9646
-4.93895
-1.78579
-0.549392
-2.63801
-6.53965
1.64637
-15.5364
-3.68434
3.00354
2.81388
-4.02176
-27.47
-4.93892
-1.78588
-0.549392
-2.63801
-6.53987
1.64648
-18.4119
-4.01214
3.00354
2.81382
-4.35513
0.59146
-0.857216
0.541845
-0.717648
0.591457
-0.857216
0.541844
-0.717648
0.59146
-0.857216
0.541845
-0.717648
0.591457
-0.857216
0.541844
-0.717648
-1.09022
-1.20999
-1.10721
-1.20999
0.645658
205.14
1.9617
197.443
0.653623
205.141
1.9617
197.443
-1.10721
-1.20999
-1.09022
-1.20999
1.32027
1.3245
0.00395499
0.150233
-0.94978
-0.871041
0.0105753
287.633
-2.42675
277.893
1.29514
1.35817
0.00248725
0.138548
-0.949779
-0.871041
-0.0249586
287.653
-2.41676
277.898
1.42679
1.43095
0.0039758
0.150256
-0.94978
-0.871041
0.0104859
287.6
-2.42672
277.893
1.40165
1.46464
0.0024767
0.138571
-0.949779
-0.871041
-0.0250998
287.62
-2.41673
277.898
0.653623
205.141
1.9617
197.443
0.645658
205.14
1.9617
197.443
389.194
469.01
389.194
469.01
389.194
469.01
389.194
469.01
554.664
567.963
494.817
531.683
407.928
421.588
408.13
392.556
409.12
455.887
407.75
462.415
404.451
456.66
397.115
462.771
554.667
567.955
494.817
531.682
407.928
421.587
408.13
392.556
409.12
455.886
407.75
462.415
404.451
456.66
397.115
462.771
554.866
567.951
494.817
531.683
407.928
421.588
408.13
392.556
409.12
455.887
407.75
462.415
404.451
456.66
397.115
462.771
554.869
567.943
494.817
531.682
407.928
421.587
408.13
392.556
409.12
455.886
407.75
462.415
404.451
456.66
397.115
462.771
553.612
553.83
490.721
491.961
416.415
413.927
404.014
553.612
553.83
490.722
491.961
416.415
413.927
404.014
554.022
554.264
490.721
491.961
416.415
413.927
404.014
554.022
554.264
490.722
491.961
416.415
413.927
404.014
0.00269619
0.00276091
0.0027399
0.00275311
0.00291769
0.00276399
0.00288489
0.00268027
0.00269513
0.00349416
0.00354859
0.00274035
0.00275329
0.00291776
0.00244003
0.00242028
0.00268026
0.00269524
0.00274263
0.00274895
0.0027399
0.00275311
0.00291769
0.00276399
0.00288489
0.00268027
0.00269513
0.00354314
0.00353662
0.00274035
0.00275329
0.00291776
0.00244003
0.00242028
0.00268026
0.00269524
1.25242e-05
1.29939e-05
1.32105e-05
1.36782e-05
1.48579e-05
6.76356e-06
1.09125e-05
4.03667e-06
3.05063e-06
1.25444e-05
1.30012e-05
1.32184e-05
1.36354e-05
1.48216e-05
6.75854e-06
1.09137e-05
4.03977e-06
3.05059e-06
1.26374e-05
1.29937e-05
1.32105e-05
1.36782e-05
1.48579e-05
6.76356e-06
1.09125e-05
4.03667e-06
3.05063e-06
1.26577e-05
1.30011e-05
1.32184e-05
1.36354e-05
1.48216e-05
6.75854e-06
1.09137e-05
4.03977e-06
3.05059e-06
-4.31079e-08
-3.71041e-08
-4.11289e-09
8.96469e-08
6.12372e-07
8.59977e-07
1.21858e-06
2.16338e-07
-1.64213e-08
-4.28529e-08
-3.73953e-08
-3.87932e-09
9.03857e-08
6.13663e-07
8.59462e-07
1.21709e-06
2.15699e-07
-1.64773e-08
-4.76196e-08
-3.67102e-08
-4.11299e-09
8.96469e-08
6.12372e-07
8.59977e-07
1.21858e-06
2.16338e-07
-1.64213e-08
-4.73909e-08
-3.70013e-08
-3.87942e-09
9.03857e-08
6.13663e-07
8.59462e-07
1.21709e-06
2.15699e-07
-1.64772e-08
1.58211e-05
1.63983e-05
1.6661e-05
1.7249e-05
1.87546e-05
6.12402e-06
1.25229e-05
2.15973e-06
4.07289e-07
1.58223e-05
1.63995e-05
1.66638e-05
1.72495e-05
1.87554e-05
6.12363e-06
1.25211e-05
2.15987e-06
4.0727e-07
1.59671e-05
1.63982e-05
1.6661e-05
1.7249e-05
1.87546e-05
6.12402e-06
1.25229e-05
2.15973e-06
4.07289e-07
1.59683e-05
1.63993e-05
1.66638e-05
1.72495e-05
1.87554e-05
6.12363e-06
1.25211e-05
2.15987e-06
4.0727e-07
1.58435e-05
1.64177e-05
1.66638e-05
1.72034e-05
1.84366e-05
5.68502e-06
1.19081e-05
2.01831e-06
3.93148e-07
1.58446e-05
1.6419e-05
1.66664e-05
1.7204e-05
1.84374e-05
5.68476e-06
1.19076e-05
2.0187e-06
3.93182e-07
1.59919e-05
1.64173e-05
1.66638e-05
1.72034e-05
1.84366e-05
5.68502e-06
1.19081e-05
2.01831e-06
3.93148e-07
1.5993e-05
1.64187e-05
1.66664e-05
1.7204e-05
1.84374e-05
5.68476e-06
1.19076e-05
2.0187e-06
3.93182e-07
)
;
    }
}


// ************************************************************************* //
