/*--------------------------------*- C++ -*----------------------------------*\
  =========                 |
  \\      /  F ield         | OpenFOAM: The Open Source CFD Toolbox
   \\    /   O peration     | Website:  https://openfoam.org
    \\  /    A nd           | Version:  dev
     \\/     M anipulation  |
\*---------------------------------------------------------------------------*/
FoamFile
{
    format      ascii;
    class       volScalarField;
    location    "1";
    object      gradTx;
}
// * * * * * * * * * * * * * * * * * * * * * * * * * * * * * * * * * * * * * //

dimensions      [0 -1 0 1 0 0 0];

internalField   nonuniform List<scalar> 
5712
(
-0.000797239
-53.507
-0.00128494
-120.519
-0.00177967
-131.706
-0.0021602
-132.861
-0.00192447
-111.378
-0.00140455
-104.039
-0.00105247
-91.952
-0.000407085
-36.7958
-8.47682e-05
1.57096e-08
-0.0109741
0.000498953
-7.3298e-05
1.50856e-08
-0.0137839
0.000370286
-0.000848682
-0.000824494
-59.4663
-58.0163
-0.00154142
-0.00162882
-130.331
-129.076
-0.0067484
-0.000164268
0.00102461
2.95282e-08
-0.000426368
-0.00966951
-237.667
-315.713
-0.0113921
-0.0137871
-200.52
-257.662
-0.0075275
-0.008417
-218.912
-329.996
-0.0136824
-0.0295046
-374.231
-624.25
0.000416868
-0.00150347
-57.2009
-55.8468
-0.000211481
-0.00463074
-119.171
-112.081
0.00097005
-0.00127733
-0.00408807
-0.00692193
-152.144
-155.519
-267.539
-264.771
5.27921e-10
2.03329e-12
2.2428e-08
-4.07423e-11
-3.65332e-10
-3.116e-14
1.07744e-08
4.12545e-12
2.92362e-05
2.04065e-09
3.53125e-05
1.00843e-09
-3.54069e-05
6.71004e-11
3.15591e-05
1.19373e-09
-9.14182e-05
-2.32893e-09
-1.15859e-05
-1.70704e-10
0.000127349
5.32636e-09
3.52919e-05
3.39807e-09
-0.000202019
0.00025835
6.64077e-05
-0.00338404
-0.000757465
0.000243475
8.77493e-05
-0.00349718
-0.00574163
-0.00570577
7.23862e-05
-0.00325332
-0.0110646
-0.0100871
3.18524e-05
-0.00329025
0.00131168
0.00132905
-0.000966385
-0.00164551
0.000900411
0.000873259
-0.00391945
-0.00545264
0.00123995
0.00123841
-0.00194198
-0.00578029
1.38365e-09
6.62959e-13
3.88257e-05
-0.000732626
0.000298573
2.64316e-13
1.32426e-09
3.99188e-05
-0.000292783
-0.00530775
-1.37758e-13
3.70031e-12
-2.92882e-09
0.00013938
-0.00482319
2.39094e-05
1.3109e-11
-0.000432434
-8.90615e-06
3.11093e-05
-1.89845e-10
-0.00120654
-2.9271e-05
0.000106079
1.63489e-09
-0.0014221
-5.93437e-05
1.01372e-13
9.74595e-14
7.0299e-11
-1.10954e-13
1.45056e-10
-6.8302e-12
-1.34825e-05
-1.9404e-09
-0.00141152
-0.000143721
-1.21454e-13
4.5564e-14
-2.9911e-13
5.50794e-14
-2.42957e-09
-1.02063e-10
-8.76852e-05
-7.10245e-09
-0.0044496
-0.000186833
-1.07768e-12
-1.24218e-13
-2.10829e-13
3.28583e-14
-6.53234e-14
-2.26771e-14
-7.50968e-14
-2.51412e-14
-2.67465e-10
-6.12381e-11
-2.54273e-09
-6.31174e-11
1.3136e-12
-3.25359e-14
-1.0044e-12
7.14976e-14
4.21728e-12
-5.23183e-14
4.63015e-13
-5.76071e-14
-2.04784e-11
-8.73216e-11
-3.91055e-12
-8.12225e-11
-6.53429e-05
-6.30894e-09
-0.00400703
-0.000163088
-8.38357e-05
-8.00473e-09
-0.00441934
-0.000206396
-5.59281e-05
-5.25606e-09
-0.00377758
-0.000145373
-1.64736e-05
-3.45336e-09
-0.00368353
-0.000113183
-4.63945e-13
-1.39188e-14
9.08782e-14
-1.37639e-10
0
2.59965e-14
6.5986e-13
3.77668e-14
3.79381e-14
-4.42709e-10
-9.36926e-14
-9.08721e-14
1.02553e-11
-1.60573e-14
0
-8.65412e-10
4.19041e-14
-4.19222e-14
9.23906e-14
0
-8.65418e-14
6.50165e-14
1.00066e-13
0
0
0
-3.03537e-14
-3.86028e-11
-7.05198e-14
-1.98503e-14
-2.29255e-09
1.1745e-12
1.28827e-13
-3.76709e-14
0
4.87391e-14
8.7242e-14
-5.01756e-14
8.6089e-14
4.038e-14
4.42222e-14
-4.74342e-14
-8.84421e-11
3.98511e-14
-8.34074e-14
-2.55058e-09
-4.23501e-12
-2.42882e-14
5.41126e-11
0
2.68639e-08
1.30884e-12
-2.22358e-09
3.59821e-11
-3.84392e-07
1.20863e-08
8.8286e-14
0
3.46701e-14
-1.76891e-14
1.60104e-14
1.70417e-13
2.90866e-14
-1.03066e-13
-2.11591e-14
-3.3747e-14
-1.07322e-13
0
1.01602e-13
0
3.01205e-10
4.03499e-10
-2.07255e-07
-2.47845e-07
-3.11521e-12
-6.58026e-11
1.17974e-13
1.32948e-13
-9.25183e-14
0
9.58006e-14
1.43343e-13
1.33327e-13
0
0
0
0
-2.08542e-14
0
-7.65791e-14
4.53626e-14
0
2.90195e-14
8.90568e-14
0
0
2.08036e-13
-3.91017e-14
8.13166e-14
-5.64298e-14
4.08361e-14
-1.32222e-13
7.52562e-11
-9.22356e-14
1.20035e-13
0
-1.73298e-14
0
1.76274e-12
-7.63372e-14
3.83712e-14
-7.70993e-14
-2.87313e-09
-1.51493e-11
-7.10989e-10
-1.42585e-12
-3.99115e-14
-4.75339e-14
7.17506e-14
-4.76841e-14
-6.42024e-14
-4.31468e-14
-4.83459e-14
0
-2.45413e-14
-6.34572e-14
0
-6.81189e-14
1.89721e-14
-5.35077e-15
2.20317e-14
-2.47005e-14
-1.70382e-14
1.45159e-14
0
0
-1.50673e-14
2.13337e-14
7.99262e-14
0
1.82283e-14
0
3.85099e-14
6.77268e-14
7.56479e-14
-2.1923e-14
-1.28804e-13
-7.50223e-14
3.49697e-13
2.4861e-13
-7.20319e-14
3.14195e-14
0
-2.64316e-13
-2.84543e-13
0
-6.6087e-14
0
-2.82112e-13
1.19365e-13
1.03844e-13
9.11824e-14
0
2.04089e-14
0
0
-4.05164e-14
3.34792e-14
3.47416e-14
-1.14161e-13
3.65071e-14
5.87679e-14
-5.9015e-14
0
-1.68996e-14
2.02739e-13
-1.94906e-13
5.98289e-14
0
6.4584e-14
0
0
9.10428e-14
1.5952e-13
0
0
3.2713e-14
8.15753e-14
-5.50794e-14
0
-6.93007e-14
2.31304e-14
0
0
1.49804e-14
-8.13341e-14
0
-7.02764e-14
0
0
4.51511e-14
-1.76493e-13
7.47211e-14
-1.11341e-13
3.35919e-14
0
-3.1942e-14
-6.30624e-14
0
4.78287e-14
7.14976e-14
1.19468e-14
5.20601e-14
-4.78287e-14
-5.76071e-14
-6.93004e-15
0
1.16698e-13
0
2.14769e-14
0
-8.63772e-14
0
-1.04735e-13
-3.24891e-14
6.18886e-14
-3.30718e-14
8.04216e-14
8.64792e-14
-7.99243e-14
0
4.92171e-14
-3.39393e-14
-1.95223e-14
3.28822e-14
1.25265e-13
2.31979e-14
1.38481e-13
0
-2.66803e-14
0
0
0
-6.32302e-14
4.12499e-14
-9.36926e-14
-9.08721e-14
-1.31961e-13
-1.60573e-14
2.79041e-14
-7.23333e-14
-8.38081e-14
0
0
-6.0951e-14
0
0
0
0
-1.54456e-13
1.03659e-13
0
-2.70897e-14
-2.35066e-14
0
3.49096e-14
-4.19466e-14
1.28827e-13
0
8.64423e-14
4.87386e-14
-2.18105e-14
-7.52634e-14
2.86963e-14
6.057e-14
6.63333e-14
4.74342e-14
3.73962e-14
3.98511e-14
4.17037e-14
-3.25623e-14
6.61721e-14
0
8.15663e-14
4.07831e-14
-8.84424e-14
-5.28638e-14
-8.81541e-14
-2.93847e-14
3.21304e-14
3.93833e-14
-3.9516e-14
-7.90319e-14
-8.74638e-14
-4.89316e-14
4.99163e-14
3.32775e-14
-3.78164e-14
-2.58189e-14
3.89151e-14
0
9.26074e-14
8.60128e-14
2.61506e-14
2.61506e-14
3.39245e-14
-1.32123e-13
3.53453e-14
3.53453e-14
3.85101e-14
0
0
0
-4.84316e-14
-4.84316e-14
3.65765e-14
6.19603e-14
3.91893e-15
2.83933e-14
-2.5821e-14
-5.16419e-14
5.94612e-14
-6.18212e-14
0
6.28005e-14
5.16314e-14
9.78045e-15
3.1041e-14
3.1041e-14
-7.18625e-14
0
1.25906e-15
2.42819e-14
-4.12354e-15
-2.00127e-14
-2.33085e-14
-4.6617e-14
0
0
4.3611e-14
6.54164e-14
4.46979e-14
-3.99149e-14
2.16682e-14
4.33365e-14
0
0
0
1.02288e-13
0
0
-7.25501e-14
7.25501e-14
-4.01019e-14
-5.01753e-14
6.81914e-14
6.81914e-14
-3.82361e-14
-9.98826e-14
9.97976e-15
-1.99595e-14
8.71036e-14
-2.66493e-14
-4.08138e-14
-4.08138e-14
0
6.75949e-14
1.19304e-13
2.38607e-14
2.58389e-14
1.52356e-13
-1.31652e-13
-8.77679e-14
5.25492e-14
0
0
0
-5.32566e-14
1.96082e-13
0
-8.06744e-14
-9.49745e-14
0
4.09489e-14
4.09489e-14
6.8737e-14
-5.1494e-14
-8.85943e-15
6.2016e-14
7.43158e-15
-3.09652e-14
0
3.71314e-14
3.18645e-14
5.1087e-14
0
-7.81569e-14
5.87233e-14
-4.52143e-14
0
-3.61212e-14
-6.07978e-14
4.64159e-14
-7.03133e-14
-8.78916e-14
1.45843e-14
2.17978e-14
-9.90125e-14
-3.30042e-14
-8.82346e-14
0
-3.61394e-14
0
-4.5453e-14
-5.81282e-14
5.802e-14
2.901e-14
0
-2.96425e-14
6.47803e-14
9.71705e-14
2.72043e-14
2.10847e-14
-5.11399e-14
-8.52332e-14
-1.54233e-14
2.75744e-14
5.50709e-14
1.10142e-13
0
0
6.04826e-14
0
0
-7.84639e-14
0
0
-4.792e-14
3.69902e-14
1.40393e-13
1.40393e-13
-7.34504e-15
-4.45561e-14
5.45289e-14
1.63587e-13
1.36911e-13
-3.44606e-14
2.49922e-14
-4.60968e-14
2.50699e-14
4.36212e-14
0
0
0
3.60771e-14
-7.2989e-14
-7.2989e-14
-7.2989e-14
-3.64945e-14
-7.2989e-14
7.38512e-14
-2.76942e-14
-2.76942e-14
-2.76942e-14
4.6157e-14
0
3.28645e-14
-4.92968e-14
-1.80755e-13
-4.92968e-14
-1.17966e-13
-7.86437e-14
-1.17966e-13
-7.86437e-14
-1.17966e-13
5.40215e-14
-2.70107e-14
8.10322e-14
5.40215e-14
1.35054e-13
1.30746e-13
1.30746e-13
6.53729e-14
6.53729e-14
-6.53729e-14
0
3.29084e-14
0
-3.29084e-14
0
6.05395e-14
0
6.05395e-14
0
0
8.37971e-14
-5.23732e-14
-3.14239e-14
0
6.28478e-14
-3.12743e-14
-6.25485e-14
-6.25485e-14
-6.25485e-14
-3.12743e-14
-1.90859e-13
3.01356e-14
-5.02259e-14
-1.00452e-14
-5.02259e-14
-8.38074e-14
-8.38074e-14
-8.38074e-14
-8.38074e-14
-8.38074e-14
-9.82085e-15
-9.82085e-15
4.2557e-14
-1.14577e-14
-1.14577e-14
4.78291e-14
0
4.78291e-14
4.78291e-14
4.78291e-14
6.97756e-14
-6.41936e-14
-6.42017e-14
-6.4199e-14
-1.95372e-14
0
-4.76886e-14
-9.53772e-14
-4.76886e-14
0
-3.60757e-14
1.08227e-13
3.60757e-14
3.60757e-14
3.60757e-14
-1.78345e-14
7.13378e-14
7.13378e-14
8.91723e-15
-7.13378e-14
3.66148e-14
0
1.09844e-13
1.09844e-13
0
-3.74434e-14
3.74434e-14
3.74434e-14
-3.74434e-14
1.87217e-14
-5.1557e-14
-1.54671e-13
-5.1557e-14
-1.03114e-13
-1.03114e-13
0
-8.29382e-14
-8.29382e-14
-4.14691e-14
-4.14691e-14
0
0
0
-6.3678e-14
0
0
-1.80809e-13
-1.80809e-13
-9.04046e-14
-9.04046e-14
1.91306e-13
-6.37688e-14
-6.37688e-14
6.37688e-14
1.27538e-13
9.90647e-06
8.62117e-07
3.07137e-05
2.73249e-06
5.29768e-05
4.64196e-06
9.03315e-05
6.72617e-06
0.000141474
9.55929e-06
8.82592e-05
-2.32332e-06
0.000133863
4.23969e-06
5.87983e-05
-6.70206e-06
2.85343e-05
-9.53986e-06
-14.8239
-14.8242
-14.8239
-14.8237
-14.8242
-0.000339241
-0.00034722
-0.000358899
-0.000371915
-0.000379998
-47.948
-47.949
-47.9482
-47.9473
-47.9491
-0.00106568
-0.00110624
-0.00114267
-0.00118118
-0.00123081
-82.995
-82.9966
-82.9951
-82.9937
-82.9968
-0.00177229
-0.00184107
-0.00190276
-0.00196802
-0.00205224
-120.634
-120.637
-120.635
-120.633
-120.637
-0.00246761
-0.00255329
-0.0026282
-0.00270767
-0.00281331
-163.662
-163.665
-163.662
-163.659
-163.665
-0.00339889
-0.00351142
-0.00360852
-0.00371133
-0.00384934
-184.007
-184.007
-184.006
-184.006
-184.004
-0.0040912
-0.00423656
-0.00437908
-0.00453002
-0.00470086
-174.696
-174.697
-174.698
-174.695
-174.696
-0.00376747
-0.00390714
-0.00403815
-0.0041769
-0.00434417
-186.512
-186.516
-186.507
-186.509
-186.511
-0.00429291
-0.00445558
-0.00462023
-0.00479474
-0.00498428
-197.64
-197.644
-197.639
-197.639
-197.641
-0.0045247
-0.00467558
-0.00485241
-0.00498651
-0.00517666
4.0211e-08
-2.3798e-07
-1.88756e-08
1.65289e-08
-4.17565e-14
-1.82667e-12
-5.22371e-11
-3.18469e-08
4.28869e-09
2.71633e-07
-6.50126e-08
-7.27613e-07
-1.93278e-07
-9.06164e-07
8.5438e-09
6.36986e-07
-1.68892e-10
-2.39036e-08
-6.93188e-14
-2.90214e-12
6.29018e-14
3.18054e-14
0
3.646e-14
1.29729e-14
0
-1.2878e-13
-3.14208e-14
-8.89343e-14
1.8056e-14
1.43707e-14
3.93145e-14
0
6.66913e-15
4.83665e-14
-2.73229e-14
-1.27969e-13
0
2.5037e-14
4.72642e-14
2.02078e-14
0
0
-2.50076e-14
-6.51345e-14
-4.47754e-14
-3.33736e-14
2.60841e-14
-1.8575e-14
-8.45251e-14
6.18635e-14
2.3025e-14
2.84977e-14
-5.33659e-14
0
4.70111e-14
5.16088e-14
0
1.4456e-13
-6.15966e-14
-1.08508e-13
-4.78654e-14
5.54659e-14
2.42638e-14
-4.24072e-14
0
0
0
-8.48145e-14
-2.17149e-14
0
2.17149e-14
2.17149e-14
0
-3.24089e-14
-4.86133e-14
-7.56207e-14
-7.56207e-14
0
-6.91886e-14
6.91886e-14
5.18914e-14
5.18914e-14
5.18914e-14
0
-1.54808e-13
-2.0641e-13
-2.0641e-13
-1.54808e-13
-8.58534e-14
-8.58534e-14
-4.29267e-14
-4.29267e-14
-8.58534e-14
-2.30194e-14
-2.83558e-14
-2.80611e-14
2.7622e-14
0
4.39298e-14
-1.20659e-14
3.01296e-14
-1.80572e-14
1.36804e-14
-2.40746e-14
4.81493e-14
-2.40746e-14
0
9.62985e-14
5.64036e-14
3.41906e-14
-1.70504e-14
1.70054e-14
5.08808e-14
-1.11963e-14
1.37479e-14
-2.7416e-14
4.10049e-14
0
-2.13199e-14
0
2.13199e-14
2.13199e-14
2.13199e-14
-4.44608e-14
-1.77843e-14
-2.66765e-14
-2.66765e-14
-5.3353e-14
4.03054e-14
0
-1.61222e-14
0
-2.41833e-14
1.09292e-13
-3.64305e-14
0
0
0
-5.68752e-14
-1.1375e-13
5.68752e-14
5.68752e-14
0
5.90067e-14
-1.96689e-14
-3.93378e-14
-1.96689e-14
-1.96689e-14
-4.60316e-14
0
0
-2.69858e-14
7.30148e-14
-1.1458e-14
-4.58319e-14
0
-5.72899e-14
-8.59348e-14
8.08312e-14
0
0
-2.69437e-14
-2.69437e-14
9.2042e-14
5.52252e-14
-1.84084e-14
5.52252e-14
-1.84084e-14
-2.00983e-14
2.00983e-14
2.00983e-14
2.00983e-14
2.00983e-14
8.33586e-14
6.66869e-14
3.33434e-14
3.33434e-14
0
1.44743e-14
-1.44743e-14
2.89487e-14
2.89487e-14
-1.44743e-14
1.49251e-13
5.97005e-14
-2.98503e-14
-2.98503e-14
5.97005e-14
-2.96654e-14
-4.44981e-14
-8.89961e-14
-5.93308e-14
0
-6.52103e-14
7.82524e-14
8.25997e-14
6.52103e-14
4.34735e-14
-3.71499e-14
1.23833e-14
-1.23833e-14
1.23833e-14
-4.95333e-14
2.8175e-14
-2.8175e-14
-4.22626e-14
-4.22626e-14
-5.63501e-14
4.21739e-14
3.62964e-14
2.12966e-14
0
-1.837e-14
3.07e-14
9.21e-14
6.14e-14
-3.07e-14
9.21e-14
-7.55469e-14
4.77545e-14
2.35398e-14
0
8.32211e-14
1.18591e-14
5.92955e-14
0
-1.18591e-14
-2.37182e-14
7.36805e-14
0
0
2.45602e-14
-2.45602e-14
-1.25363e-13
6.26814e-14
0
6.26814e-14
6.26814e-14
6.88118e-14
-1.03218e-13
-1.37624e-13
-1.37624e-13
-1.03218e-13
-1.47979e-14
1.47979e-13
7.39895e-14
1.33181e-13
2.95958e-14
9.63736e-14
0
0
-9.63736e-14
0
-0.0011554
-59.6049
-0.00136824
-127.985
-0.00122152
-129.931
-0.0014753
-55.9058
-5.13684e-05
1.18688e-08
-0.00740544
0.000376993
-1.76594e-05
1.11577e-08
-0.00784497
0.000283693
-0.000841889
-0.000824379
-59.453
-57.9966
-0.00157257
-0.00162851
-130.329
-129.09
-0.00694334
-0.00016419
0.00102453
2.99131e-08
-0.000426235
-0.0096695
-237.667
-315.713
-0.0113921
-0.0137871
-200.52
-257.662
-0.00752745
-0.00841697
-218.912
-329.996
-0.0136823
-0.0295045
-374.225
-624.25
0.000416977
-0.00150327
-57.1845
-55.8289
-0.000211543
-0.00463085
-119.183
-112.084
0.000970039
-0.00127731
-0.00408843
-0.00692193
-152.138
-155.52
-267.539
-264.771
6.67576e-10
1.95509e-12
1.92826e-08
-3.02465e-11
-2.75469e-10
1.01061e-13
9.16153e-09
2.92668e-12
2.92361e-05
2.04073e-09
3.53125e-05
1.00846e-09
-3.53999e-05
6.73055e-11
3.15601e-05
1.19377e-09
-9.14136e-05
-2.3289e-09
-1.15853e-05
-1.70695e-10
0.000127361
5.32676e-09
3.52935e-05
3.39802e-09
-0.000201982
0.000258344
6.64077e-05
-0.00338399
-0.000757465
0.00024347
8.77494e-05
-0.00349717
-0.00574149
-0.00570574
7.23909e-05
-0.00325315
-0.0110646
-0.0100872
3.18511e-05
-0.00329046
0.00130588
0.00132289
-0.000966305
-0.00164572
0.000874548
0.000849107
-0.00391946
-0.0054522
0.00111487
0.00112233
-0.00194202
-0.00578058
1.38147e-09
6.62943e-13
3.88231e-05
-0.000732634
0.000298729
-2.64316e-13
1.32952e-09
3.99131e-05
-0.000292802
-0.00530754
2.85426e-13
3.70016e-12
-2.93182e-09
0.00013938
-0.00482343
2.39134e-05
1.16965e-11
-0.000432653
-8.89658e-06
3.11091e-05
-2.04588e-10
-0.00120616
-2.92854e-05
0.000106087
1.55229e-09
-0.00142236
-5.93443e-05
-3.04116e-13
-1.94924e-13
7.05984e-11
5.54782e-14
-1.09794e-11
-6.70811e-12
-1.34848e-05
-1.95025e-09
-0.00141149
-0.000143713
5.1486e-14
4.09185e-14
-3.53494e-13
-1.46877e-13
-2.42971e-09
-1.02011e-10
-8.7691e-05
-7.11295e-09
-0.00444981
-0.000186848
-1.20986e-12
0
-1.63979e-13
3.2857e-14
-1.02819e-13
0
3.49288e-14
-2.51403e-14
-2.67569e-10
-6.12698e-11
-2.54274e-09
-6.31489e-11
1.3137e-12
9.76083e-14
-1.14785e-12
7.14976e-14
4.26077e-12
5.23183e-14
4.70955e-13
5.76071e-14
-2.05166e-11
-8.73884e-11
-3.92013e-12
-8.12593e-11
-6.53424e-05
-6.30897e-09
-0.00400701
-0.000163081
-8.38374e-05
-8.00453e-09
-0.00441938
-0.000206399
-5.59277e-05
-5.25593e-09
-0.00377745
-0.00014537
-1.64754e-05
-3.45356e-09
-0.00368371
-0.000113188
-6.80463e-13
-4.281e-14
-1.78444e-10
3.30594e-14
7.44475e-13
7.70564e-14
-5.70939e-10
3.59049e-14
1.30358e-11
6.56445e-14
-1.09941e-09
1.41414e-13
-6.69438e-14
2.04237e-13
4.72715e-14
2.84307e-14
-2.84033e-14
-2.01423e-14
-4.80037e-11
5.60108e-14
-2.84923e-09
2.19752e-12
4.39412e-14
5.26338e-14
2.5682e-14
-3.05046e-14
-4.7405e-14
5.32136e-14
-9.72786e-11
-4.77333e-14
-2.84679e-09
5.18741e-13
1.94513e-13
8.33847e-14
-7.94895e-11
3.84954e-13
-3.89122e-10
1.74028e-11
-2.02653e-07
7.18952e-09
0
4.47793e-14
4.62265e-14
2.94812e-14
6.63627e-14
2.43459e-14
1.59973e-13
1.47232e-14
3.17376e-14
1.85613e-14
1.07322e-13
-2.47901e-13
-1.01604e-13
1.46067e-13
3.01295e-10
4.03443e-10
-2.0726e-07
-2.47847e-07
-3.3065e-12
-6.55415e-11
0
0
9.25199e-14
-2.4452e-13
-9.57986e-14
-1.43337e-13
3.17439e-14
9.06917e-14
4.05918e-14
-1.25248e-13
2.37653e-14
-4.17078e-14
5.90512e-14
2.98848e-14
9.0724e-14
-5.42684e-14
-2.90199e-14
7.12456e-14
-7.65867e-14
0
0
-1.56407e-13
7.7782e-15
-8.46451e-14
1.31662e-13
0
5.74842e-11
-3.07453e-14
1.50044e-14
-2.62049e-14
0
7.06455e-14
1.61583e-12
-7.63389e-14
6.90679e-14
-2.56985e-14
-2.87299e-09
-1.51497e-11
-7.10987e-10
-1.48169e-12
0
-4.75349e-14
-7.17505e-14
2.38409e-14
2.14008e-14
8.66048e-14
-2.41731e-14
2.71974e-14
4.90827e-14
5.00565e-14
0
6.81148e-14
-7.58883e-14
8.90257e-14
2.20322e-14
-4.94015e-14
-5.11145e-14
8.64158e-14
4.41993e-14
-2.38392e-14
0
4.26676e-14
0
4.24931e-14
1.82285e-13
0
-1.15531e-13
-1.24171e-13
0
-2.19223e-14
-1.28807e-13
-2.5008e-14
1.49867e-13
-8.28678e-14
-1.68071e-13
-6.28378e-14
4.24503e-14
-2.64316e-13
0
1.17261e-13
0
2.27653e-13
5.64201e-13
0
1.0384e-13
0
-9.22418e-14
4.08183e-14
1.31422e-13
4.3712e-14
-8.10347e-14
-3.34796e-14
-8.68591e-14
-7.61064e-14
0
2.93853e-14
-2.95057e-14
1.39895e-13
1.85889e-13
-1.0137e-13
0
-1.19658e-13
0
3.22923e-14
0
-2.27593e-14
-6.8278e-14
-6.38078e-14
-1.69566e-14
1.13647e-13
3.27129e-14
-1.08767e-13
-3.67193e-14
-2.51019e-14
0
9.25222e-14
0
6.02591e-14
-4.494e-14
-7.11682e-14
3.1054e-14
-2.34255e-14
3.2857e-14
-9.31486e-14
-2.25753e-14
4.41234e-14
7.47185e-14
-1.03918e-14
-1.34364e-13
-1.04219e-14
9.58253e-14
9.02307e-15
3.25361e-14
-4.78271e-14
0
8.36343e-14
5.20601e-14
0
-1.72821e-13
-7.97494e-14
0
1.04677e-14
-7.35711e-14
-1.5034e-13
0
-6.9102e-14
0
0
0
0
-3.3071e-14
3.01598e-14
0
-6.21644e-14
3.36904e-14
1.64052e-14
0
3.38592e-14
3.28822e-14
0
-7.45466e-14
0
1.02901e-14
-9.57182e-14
-3.85282e-14
6.14198e-14
0
-5.91863e-14
8.75259e-14
5.1989e-14
-5.65657e-14
-6.6939e-14
1.36154e-13
2.36358e-13
8.5292e-14
-5.68065e-14
-2.01423e-14
3.99033e-14
-5.60108e-14
-1.4391e-13
1.46502e-13
-8.788e-14
-5.26329e-14
7.7046e-14
-3.05046e-14
0
1.06427e-13
-4.39478e-14
-2.38666e-14
7.64186e-14
-7.78111e-14
0
4.07796e-14
0
0
-3.91778e-14
3.91778e-14
1.60643e-13
-5.25085e-14
0
0
-4.77068e-14
-1.468e-13
-3.32767e-14
-1.66383e-14
9.45369e-14
2.58176e-14
-3.89128e-14
-3.89128e-14
2.02573e-14
1.37621e-13
1.04596e-13
0
-3.39232e-14
-6.60605e-14
0
-7.0691e-14
-3.85103e-14
-4.6911e-14
4.84273e-14
9.68546e-14
4.84273e-14
4.84273e-14
-9.99343e-15
-9.99343e-15
-3.03715e-14
-1.26193e-14
7.74629e-14
1.03284e-13
-5.94616e-14
2.06074e-14
-3.1397e-14
-3.1397e-14
0
3.91229e-14
3.10372e-14
0
-3.59287e-14
0
1.25906e-15
2.41021e-14
-1.402e-14
-7.0044e-14
-2.33085e-14
6.99255e-14
5.20699e-14
6.66085e-14
4.36032e-14
6.54048e-14
7.24094e-14
0
2.16644e-14
0
4.84423e-14
-6.38715e-14
3.40961e-14
0
-1.14247e-13
4.93661e-14
3.62766e-14
3.62766e-14
1.20311e-13
0
-3.40957e-14
3.40957e-14
0
4.99426e-14
4.99045e-14
3.99236e-14
2.17778e-14
2.66503e-14
-8.16317e-14
-4.08159e-14
9.53158e-14
1.01393e-13
4.77252e-14
2.38626e-14
0
-3.04724e-14
-4.38897e-14
-4.38897e-14
1.57658e-13
-7.97148e-14
-4.81201e-14
0
0
-1.30723e-13
0
0
9.49804e-14
-7.37202e-14
8.18998e-14
8.18998e-14
0
-1.02988e-13
3.1009e-14
3.1009e-14
-3.34424e-14
-9.57088e-14
-7.42599e-14
0
-3.18632e-14
-5.10859e-14
-4.34187e-14
-4.34187e-14
-3.67e-14
6.21661e-14
0
3.61205e-14
-6.0797e-14
4.64153e-14
8.78854e-14
1.75771e-14
0
-3.26945e-14
-6.60073e-14
-6.60073e-14
-8.82346e-14
-5.0295e-14
-1.807e-14
-1.807e-14
-3.0302e-14
1.16253e-14
5.80216e-14
-8.70324e-14
-2.83086e-14
5.92857e-14
0
0
1.08814e-13
8.43368e-14
-6.81859e-14
-5.11394e-14
-4.62692e-14
-5.51483e-14
-1.10137e-13
-5.50685e-14
0
-1.12025e-13
1.20969e-13
6.04843e-14
5.61065e-14
7.8464e-14
2.84744e-14
5.69489e-14
2.39596e-14
-3.69902e-14
-6.14218e-14
8.77454e-15
2.20356e-14
-1.11392e-14
0
5.45289e-14
4.5637e-14
-3.44606e-14
3.55415e-14
7.1083e-14
2.94403e-14
-6.54306e-14
-5.77515e-14
5.77515e-14
9.6288e-14
7.21542e-14
0
-7.29904e-14
-7.29904e-14
-7.29904e-14
-7.29904e-14
-5.53873e-14
-6.46186e-14
-6.46186e-14
-6.46186e-14
-6.46186e-14
1.64326e-14
-4.92977e-14
-4.92977e-14
-4.92977e-14
1.64326e-14
0
-3.93205e-14
-3.93205e-14
-3.93205e-14
-7.8641e-14
1.35052e-13
2.43094e-13
2.43094e-13
2.43094e-13
1.62063e-13
0
1.30742e-13
1.96114e-13
1.30742e-13
6.53712e-14
-6.58174e-14
3.29087e-14
0
3.29087e-14
-3.29087e-14
0
0
6.05341e-14
6.05341e-14
0
4.18985e-14
4.18985e-14
0
4.18985e-14
9.42717e-14
6.25495e-14
-3.12747e-14
-3.12747e-14
-3.12747e-14
-3.12747e-14
-3.01377e-14
1.10505e-13
3.01377e-14
3.01377e-14
-3.01377e-14
-4.19051e-14
-4.19051e-14
-4.19051e-14
-4.19051e-14
-4.19051e-14
-1.30945e-14
-1.14577e-14
-9.82085e-15
-9.82085e-15
-1.30945e-14
9.56562e-14
4.78281e-14
0
4.78281e-14
9.56562e-14
-4.46521e-14
-4.46521e-14
-8.93043e-14
-4.46521e-14
-4.46521e-14
0
0
-9.53772e-14
-4.76886e-14
0
-7.21515e-14
0
-7.21515e-14
7.21515e-14
-7.21515e-14
-3.12093e-14
4.01262e-14
4.01262e-14
4.01262e-14
-3.12093e-14
0
0
7.3231e-14
0
7.3231e-14
5.61662e-14
-5.61662e-14
-5.61662e-14
-1.12332e-13
5.61662e-14
2.06232e-13
1.03116e-13
0
0
2.06232e-13
4.14716e-14
4.14716e-14
4.14716e-14
1.24415e-13
4.14716e-14
-6.36669e-14
-1.27334e-13
0
0
-1.27334e-13
0
1.80816e-13
1.80816e-13
1.80816e-13
9.0408e-14
-2.55011e-13
-1.27506e-13
-1.27506e-13
-1.27506e-13
-2.55011e-13
9.90202e-06
8.61548e-07
3.07184e-05
2.73368e-06
5.29899e-05
4.64308e-06
9.034e-05
6.72634e-06
0.000141479
9.55853e-06
8.82592e-05
-2.32305e-06
0.000133865
4.23987e-06
5.87975e-05
-6.70163e-06
2.85364e-05
-9.54026e-06
-14.8234
-14.8227
-14.8224
-14.8221
-14.8227
-0.00033898
-0.000346933
-0.000358602
-0.000371614
-0.000379691
-47.9401
-47.9421
-47.9413
-47.9404
-47.9422
-0.00106606
-0.00110665
-0.0011431
-0.00118162
-0.00123127
-83.0114
-83.013
-83.0116
-83.0101
-83.0132
-0.00177247
-0.00184128
-0.00190298
-0.00196823
-0.00205245
-120.633
-120.635
-120.633
-120.631
-120.635
-0.00246769
-0.00255328
-0.00262821
-0.0027076
-0.00281317
-163.671
-163.672
-163.669
-163.666
-163.672
-0.00339888
-0.0035114
-0.0036085
-0.0037113
-0.00384933
-184.005
-184.005
-184.003
-184.003
-184.002
-0.00409122
-0.00423658
-0.00437911
-0.00453005
-0.00470081
-174.694
-174.696
-174.696
-174.693
-174.695
-0.00376755
-0.00390721
-0.00403823
-0.00417686
-0.00434413
-186.507
-186.511
-186.502
-186.504
-186.506
-0.00429292
-0.00445556
-0.00462016
-0.0047947
-0.00498432
-197.651
-197.655
-197.65
-197.65
-197.652
-0.00452486
-0.0046758
-0.00485263
-0.00498669
-0.00517684
4.02114e-08
-2.37982e-07
-1.99559e-08
1.65291e-08
-4.89761e-13
1.47392e-12
-7.00656e-13
-2.53838e-12
-3.13821e-08
-5.42111e-07
-3.44946e-08
-2.6632e-07
-3.0053e-14
3.00745e-14
6.01464e-14
1.2028e-13
1.50576e-14
-9.00475e-14
4.05481e-14
-2.02878e-14
4.05712e-14
0
1.0158e-14
-1.26551e-14
-1.5942e-13
-4.71079e-14
-7.25823e-14
-9.4121e-14
0
-7.0425e-14
5.84157e-14
2.33836e-14
1.21202e-13
8.36398e-14
-4.03676e-14
9.08246e-14
6.39108e-14
1.05193e-13
-2.99729e-14
-3.01579e-14
-9.01438e-14
3.00925e-14
6.34021e-14
-5.06874e-14
8.08648e-14
2.03446e-14
2.027e-14
-1.01497e-13
0
0
8.01414e-14
4.00707e-14
1.20212e-13
8.01988e-14
4.00994e-14
0
0
0
-2.00488e-14
8.01952e-14
2.00488e-14
2.00488e-14
6.01464e-14
-4.00933e-14
2.00466e-14
-6.01399e-14
-4.00933e-14
-2.00466e-14
-3.01151e-14
-5.01919e-14
-5.01919e-14
-4.01535e-14
-4.01535e-14
-4.00211e-14
-8.00422e-14
0
-4.00211e-14
-4.00211e-14
-8.10962e-14
0
0
0
2.70321e-14
-5.41007e-14
-5.41007e-14
-2.70504e-14
-2.70504e-14
0
-1.35237e-13
-5.4095e-14
-5.4095e-14
-5.4095e-14
-5.4095e-14
4.05675e-14
-1.35225e-13
-8.1135e-14
-5.409e-14
-8.1135e-14
-5.41759e-14
9.48079e-14
1.21896e-13
8.12639e-14
1.3544e-14
6.74937e-14
-7.08684e-14
-1.68734e-14
-7.08684e-14
8.09925e-14
1.0628e-13
-9.6618e-15
1.93236e-14
2.89854e-14
-1.93236e-14
0
0
0
3.14052e-14
0
7.74211e-14
0
-5.80659e-14
-7.74211e-14
-3.87106e-14
9.4121e-14
-3.13737e-14
-6.27473e-14
-3.13737e-14
-6.27473e-14
9.70194e-14
0
0
0
1.94039e-14
0
-3.13e-14
-6.26e-14
-3.13e-14
-3.13e-14
0
9.73595e-14
7.78876e-14
7.78876e-14
0
-3.11782e-14
-3.11782e-14
3.11782e-14
-3.11782e-14
-3.11782e-14
6.06008e-14
6.06008e-14
4.04005e-14
4.04005e-14
4.04005e-14
-1.85866e-14
5.57599e-14
9.29331e-14
5.57599e-14
5.57599e-14
-4.48528e-14
-1.79411e-14
-5.38234e-14
-5.38234e-14
-8.97057e-15
0
0
3.02749e-14
3.02749e-14
-3.02749e-14
-5.01261e-15
1.00252e-14
5.01261e-14
5.51387e-14
4.51135e-14
4.00735e-14
6.01102e-14
6.01102e-14
6.01102e-14
0
-1.99819e-14
0
-1.99819e-14
-1.99819e-14
0
-6.03158e-14
-8.0421e-14
-1.00526e-13
-8.0421e-14
0
-4.00639e-14
-6.00958e-14
-8.01278e-14
-4.00639e-14
-8.01278e-14
4.01233e-14
2.00617e-14
6.0185e-14
6.0185e-14
6.0185e-14
-4.05773e-14
-1.11588e-13
-1.11588e-13
-1.31876e-13
-1.35258e-14
-1.35166e-14
8.10998e-14
5.40665e-14
1.08133e-13
5.40665e-14
1.34775e-14
8.08648e-14
1.21297e-13
1.21297e-13
-4.04324e-14
0
0
2.71261e-14
2.71261e-14
2.71261e-14
-2.70267e-14
-8.108e-14
-8.108e-14
-1.08107e-13
-1.35133e-13
-2.70659e-14
0
2.70659e-14
8.11976e-14
2.70659e-14
0
-3.00745e-14
0
-3.00681e-14
-1.50578e-14
0
4.05481e-14
0
0
0
-3.04738e-14
7.33995e-14
-1.5942e-13
-4.71079e-14
7.25842e-14
0
0
0
8.76269e-14
7.01527e-14
-3.02998e-14
8.50093e-14
-8.073e-14
-7.39677e-14
-7.51891e-14
9.01639e-14
5.99437e-14
-3.01588e-14
-1.50237e-13
9.02812e-14
-4.81862e-14
-4.055e-14
1.01086e-13
2.03443e-14
-6.08096e-14
-1.21796e-13
-8.01414e-14
8.01414e-14
8.01414e-14
8.01414e-14
8.01414e-14
-1.20298e-13
0
0
0
0
-1.00241e-13
-6.01449e-14
-6.01449e-14
-8.01932e-14
-6.01449e-14
-2.00454e-14
-4.00908e-14
2.00454e-14
2.00454e-14
-4.00908e-14
-2.0077e-14
-1.00385e-14
5.01926e-14
1.00385e-14
2.00771e-14
8.00432e-14
8.00432e-14
8.00432e-14
8.00432e-14
8.00432e-14
-1.08128e-13
0
0
-2.70321e-14
2.70321e-14
-5.41007e-14
-5.41007e-14
0
-5.41007e-14
-2.70504e-14
2.7047e-14
0
8.11411e-14
8.11411e-14
2.7047e-14
9.46608e-14
-1.3523e-14
8.11379e-14
2.7046e-14
4.05689e-14
2.70878e-14
9.48073e-14
-4.06317e-14
-6.77195e-14
-1.35439e-14
6.74937e-14
9.11166e-14
2.69975e-14
8.09925e-14
8.09925e-14
1.64251e-13
-4.8309e-14
2.89854e-14
2.89854e-14
-9.6618e-15
3.14052e-14
0
0
0
0
7.74231e-14
5.80673e-14
-1.93558e-14
-1.93558e-14
0
1.25495e-13
-3.13737e-14
-6.27474e-14
-6.27474e-14
-3.13737e-14
-7.76164e-14
-1.94041e-14
-5.82123e-14
-1.94041e-14
0
9.38975e-14
3.12992e-14
3.12992e-14
3.12992e-14
3.12992e-14
7.78906e-14
-1.94727e-14
1.94727e-14
1.94727e-14
-1.94727e-14
0
0
0
0
0
0
0
6.05995e-14
6.05995e-14
2.01998e-14
-3.77819e-14
3.77819e-14
7.55638e-14
9.44548e-14
1.8891e-14
-1.0764e-13
0
-7.176e-14
-1.0764e-13
3.588e-14
4.93118e-14
6.57491e-14
6.57491e-14
6.57491e-14
6.57491e-14
-2.00504e-14
-1.00252e-14
-1.50378e-14
-1.50378e-14
-1.00252e-14
2.00364e-14
-1.00182e-14
-3.00546e-14
-4.00729e-14
0
1.99812e-14
3.99624e-14
3.99624e-14
3.99624e-14
3.99624e-14
4.02117e-14
-4.02117e-14
-2.01058e-14
-2.01058e-14
-6.03175e-14
-4.00631e-14
8.01262e-14
4.00631e-14
4.00631e-14
4.00631e-14
4.0125e-14
4.0125e-14
0
0
0
-1.69074e-14
-9.80631e-14
-4.39593e-14
-4.39593e-14
1.01445e-14
1.35167e-14
0
-8.11001e-14
-5.40667e-14
0
-1.34782e-14
6.73909e-14
6.73909e-14
4.04345e-14
6.73909e-14
0
-2.71257e-14
2.71257e-14
8.1377e-14
-5.42513e-14
0
0
0
0
2.70265e-14
0
5.41317e-14
0
-2.70659e-14
1.08263e-13
-4.51343e-14
7.95157e-14
8.68625e-14
-5.67145e-14
4.30557e-14
-8.13876e-14
3.2196e-14
-8.98122e-15
-3.29547e-14
1.80554e-14
-5.32886e-14
3.198e-14
5.0558e-14
-1.09294e-13
-1.20168e-13
-4.36351e-14
-4.75224e-14
8.5932e-15
0
8.2837e-14
4.52191e-14
-2.5008e-14
-6.51354e-14
0
2.72551e-14
-2.83156e-14
3.71497e-14
0
-1.52145e-15
3.45363e-14
2.67321e-14
-8.89406e-14
-5.52618e-14
4.70154e-14
0
-8.87929e-14
-1.44551e-13
2.87451e-14
3.94576e-14
7.17981e-14
4.15994e-14
6.01741e-14
-1.06021e-14
-4.77094e-14
-4.77094e-14
-4.77094e-14
-1.27225e-13
5.79083e-14
5.79083e-14
8.68624e-14
8.68624e-14
8.68624e-14
1.08028e-14
-7.56194e-14
-1.1883e-13
-1.1883e-13
-3.24083e-14
-9.56793e-14
-1.91359e-14
-1.91359e-14
-1.91359e-14
0
8.13875e-14
2.71292e-14
-8.13876e-14
-2.71292e-14
2.71292e-14
-8.58559e-14
-4.29279e-14
0
0
0
4.60391e-14
0
-2.80615e-14
-2.76231e-14
4.86036e-14
3.90467e-14
-7.23932e-14
1.32571e-13
6.01913e-15
4.925e-14
-2.40738e-14
2.40738e-14
2.40738e-14
-2.40738e-14
2.40738e-14
1.50777e-14
-1.81784e-14
-1.80572e-14
-1.79377e-14
-3.56394e-14
1.4924e-13
-6.39599e-14
-8.52799e-14
-4.26399e-14
2.132e-14
-1.68527e-14
6.74107e-14
0
6.74107e-14
0
-3.64313e-14
-1.45725e-13
-7.28626e-14
-1.45725e-13
-1.45725e-13
0
-4.0056e-14
0
0
0
2.90901e-14
-8.72703e-14
-5.81802e-14
-5.81802e-14
-5.81802e-14
6.90496e-14
1.12448e-13
0
0
-2.43387e-14
4.01016e-14
-4.01016e-14
-6.30168e-14
-5.15592e-14
-1.31762e-13
-2.69433e-14
-5.38865e-14
-5.38865e-14
-5.38865e-14
-5.38865e-14
-1.28858e-13
1.84082e-14
7.36329e-14
7.36329e-14
7.36329e-14
-6.02922e-14
-8.03896e-14
0
-8.03896e-14
-4.01948e-14
-1.00032e-13
8.33601e-14
3.3344e-14
3.3344e-14
6.66881e-14
4.34236e-14
-1.44745e-14
7.23726e-14
7.23726e-14
-4.34236e-14
8.95496e-14
1.19399e-13
0
0
-8.95496e-14
0
-1.81701e-14
0
0
3.63401e-14
-1.41578e-14
-5.19119e-14
-6.13504e-14
-6.13504e-14
-2.35963e-14
4.95329e-14
8.66826e-14
8.66826e-14
8.66826e-14
4.95329e-14
4.22634e-14
-4.22634e-14
-1.40878e-14
-1.40878e-14
4.22634e-14
-1.20496e-14
2.17778e-14
0
0
3.36784e-14
7.67473e-15
-3.06989e-14
2.30242e-14
-7.67473e-15
-9.97714e-14
-3.23766e-14
0
4.70788e-14
1.15671e-14
-3.12072e-14
-4.7435e-14
-3.55762e-14
0
0
0
0
-7.36823e-14
-7.36823e-14
-4.91216e-14
-4.91216e-14
-6.26871e-14
-6.26871e-14
0
0
0
-3.44059e-14
3.44059e-14
3.44059e-14
3.44059e-14
0
1.03592e-13
4.43965e-14
1.33189e-13
1.47988e-14
-4.43965e-14
0
-9.63672e-14
-9.63672e-14
-9.63672e-14
0
0
-4.47638e-14
-4.47638e-14
0
-4.47638e-14
0
-4.02842e-10
-9.65167e-10
-5.45187e-10
-9.45933e-10
-1.29522e-09
1.89287e-11
9.87536e-11
6.26084e-12
1.43203e-09
-6.85808e-06
-2.55215e-09
-3.00572e-05
1.12436e-09
-3.70345e-09
-0.000181003
0
-1.80232e-13
-7.46974e-14
-9.01168e-14
-4.43678e-12
9.30115e-14
-9.52825e-14
9.78524e-14
-1.26741e-10
-6.73196e-06
-1.3618e-09
-2.52832e-05
3.60955e-09
-5.5957e-09
-0.00015849
-6.54558e-14
8.19404e-14
1.05341e-13
6.54583e-14
-3.64807e-14
1.06004e-14
-2.76783e-14
-3.78032e-14
-8.2449e-12
4.09905e-10
-4.74442e-11
-1.74211e-10
6.01973e-11
-2.13216e-10
-6.18028e-09
0
6.05735e-14
1.05026e-14
3.27288e-14
1.26765e-14
1.20115e-13
2.91e-19
8.10783e-14
-3.56928e-14
-5.5486e-12
3.26361e-14
-2.71815e-11
6.51242e-14
-1.05889e-13
-1.28582e-10
1.20357e-13
1.33809e-14
-6.08823e-16
3.00901e-14
-1.65585e-13
-7.70035e-15
-3.28829e-14
1.87285e-14
-3.28143e-14
0
3.48046e-14
6.71722e-14
2.84042e-14
-4.75357e-14
1.23996e-13
-1.01828e-14
1.05741e-13
-1.11974e-13
-4.57366e-14
-2.62005e-14
8.95304e-14
-1.50763e-13
1.31959e-13
-2.77279e-14
0
-3.27621e-14
-4.00987e-14
6.03239e-14
0
-1.28363e-13
-3.42436e-14
-3.4244e-14
-1.30337e-14
-3.42452e-14
-2.99911e-14
-5.89864e-15
-3.74226e-14
-3.91369e-14
0
-5.02948e-14
-8.74624e-14
-8.16898e-14
1.28543e-13
1.15618e-13
5.37025e-14
0
0
-1.52328e-13
9.0119e-14
-3.22871e-14
3.04401e-14
-4.92403e-14
9.62e-14
0
0
-5.10568e-15
1.36854e-13
-2.9114e-14
-9.74811e-14
-5.51658e-14
-6.54558e-14
1.14668e-13
2.81879e-14
-6.54583e-14
-3.2572e-14
5.69771e-14
7.15297e-14
-7.25943e-14
0
3.72607e-14
-3.39409e-14
-7.95459e-14
8.99418e-14
-3.03203e-13
1.41637e-13
-3.27284e-14
2.78422e-14
6.95613e-14
-3.27272e-14
1.36906e-13
-1.10506e-13
3.57642e-14
-9.20276e-14
0
3.93518e-14
-6.52723e-15
2.68089e-14
5.78882e-14
-6.61806e-15
-1.47178e-14
-3.00893e-14
1.33804e-14
-5.40078e-15
9.0265e-14
-5.27953e-14
-5.13357e-15
-3.28799e-14
1.08202e-13
6.56285e-14
-4.3525e-14
7.32098e-14
2.96348e-14
7.45611e-14
-5.48489e-14
2.77997e-14
3.58029e-14
1.05741e-13
-8.78315e-14
3.96511e-14
-2.99434e-14
-3.45913e-14
-5.02529e-14
-1.02279e-13
-2.77279e-14
-4.33667e-14
-3.27621e-14
-4.00987e-14
1.05567e-13
-9.68081e-14
-1.92544e-14
0.000735076
48.3269
0.00126718
120.519
0.00177966
131.706
0.0021602
132.861
0.00192447
111.378
0.00140454
104.039
0.00103458
91.9523
0.000359419
31.4569
8.47682e-05
-1.57096e-08
0.0109741
-0.000498953
7.3298e-05
-1.50855e-08
0.0137839
-0.000370286
0.000792048
0.000767676
54.4593
53.0504
0.00152568
0.00161315
130.331
129.076
0.00666695
0.000164267
-0.00102461
-2.93911e-08
0.000426366
0.00954422
237.667
315.713
0.0113921
0.0137871
200.52
257.662
0.0075275
0.008417
218.912
329.996
0.0136824
0.0295046
374.231
624.25
-0.000372147
0.00149325
52.269
51.0395
0.000206458
0.0045045
119.171
112.081
-0.000970051
0.00128762
0.00404386
0.00689424
152.144
155.519
267.539
264.771
-5.27936e-10
-2.03329e-12
-2.24281e-08
4.07423e-11
3.65242e-10
3.116e-14
-1.07743e-08
-4.18694e-12
-2.92362e-05
-2.04065e-09
-3.53125e-05
-1.00853e-09
3.54069e-05
-6.70495e-11
-3.15591e-05
-1.19373e-09
9.14182e-05
2.32896e-09
1.15859e-05
1.70648e-10
-0.000127349
-5.32636e-09
-3.52919e-05
-3.39807e-09
0.000202018
-0.00025835
-6.64077e-05
0.00338404
0.000757465
-0.000243474
-8.77493e-05
0.00349718
0.00574163
0.00570577
-7.23862e-05
0.00325332
0.0110646
0.0100871
-3.18524e-05
0.00329025
-0.00120677
-0.00122034
0.00099511
0.00162467
-0.000896985
-0.000868821
0.00379945
0.00530893
-0.00123995
-0.00123841
0.00195363
0.0057917
-1.38395e-09
-6.62959e-13
-3.88257e-05
0.000732626
-0.000298573
-5.28632e-13
-1.32412e-09
-3.99188e-05
0.000292783
0.00530775
-3.29762e-15
-3.70031e-12
2.92893e-09
-0.00013938
0.00482319
-2.15687e-05
-6.83699e-12
0.000395116
8.24158e-06
-3.1109e-05
1.91687e-10
0.00120893
2.9271e-05
-0.000106079
-1.63489e-09
0.0014221
5.93437e-05
-1.01372e-13
0
-7.04785e-11
0
-1.45023e-10
6.8302e-12
1.34825e-05
1.94035e-09
0.00141152
0.000143721
7.80368e-15
-1.28488e-14
4.07877e-13
-1.83598e-14
2.42954e-09
1.02028e-10
8.76852e-05
7.10255e-09
0.0044496
0.000186833
1.12851e-12
6.21088e-14
2.10829e-13
9.85748e-14
1.40313e-13
4.53541e-14
9.74512e-14
-2.51412e-14
2.67469e-10
6.12045e-11
2.54279e-09
6.31174e-11
-1.26548e-12
-3.25359e-14
1.0044e-12
-7.14976e-14
-4.21747e-12
-5.23183e-14
-3.67358e-13
1.15214e-13
2.04783e-11
8.73887e-11
3.91074e-12
8.12225e-11
6.53429e-05
6.30891e-09
0.00400703
0.000163088
8.38357e-05
8.00473e-09
0.00441934
0.000206396
5.59281e-05
5.25594e-09
0.00377758
0.000145373
1.64736e-05
3.45336e-09
0.00368353
0.000113183
3.24518e-13
-2.10732e-14
-6.30938e-14
1.28751e-10
4.95212e-14
2.41227e-14
-5.56352e-13
2.51779e-14
0
4.4218e-10
4.68463e-14
4.54361e-14
-1.02741e-11
1.60573e-14
-5.58082e-14
8.65454e-10
0
0
9.23906e-14
6.09536e-14
0
6.50165e-14
0
-3.9419e-14
7.72279e-14
-1.72765e-14
3.03537e-14
3.86028e-11
2.35066e-14
-3.97006e-14
2.29251e-09
-1.1745e-12
-8.58849e-14
0
4.32221e-14
0
0
5.01756e-14
-1.43482e-13
-6.057e-14
0
2.37171e-14
8.84608e-11
-3.98511e-14
2.08519e-14
2.55054e-09
4.23501e-12
4.85763e-14
-5.41126e-11
0
-2.68639e-08
-1.38583e-12
2.22358e-09
-3.60534e-11
3.84392e-07
-1.20863e-08
-8.1418e-15
3.59963e-14
6.35018e-14
0
-1.60109e-14
-1.46072e-13
0
1.6196e-13
3.17386e-14
-1.26551e-13
-1.07322e-13
1.2395e-13
-1.01602e-13
-1.46075e-13
-3.01205e-10
-4.03554e-10
2.07255e-07
2.47845e-07
3.11521e-12
6.55415e-11
-1.17974e-13
-1.32948e-13
0
1.2226e-13
-4.3986e-14
0
-7.54191e-14
0
-4.05917e-14
-4.38448e-14
-1.6636e-13
-2.08542e-14
5.90512e-14
0
0
0
-2.90195e-14
-3.56227e-14
3.82934e-14
0
-1.93176e-13
3.91017e-14
4.31332e-14
5.64298e-14
-4.08361e-14
8.81483e-14
-7.51367e-11
1.22981e-13
-1.35039e-13
5.24096e-14
6.93191e-14
0
-1.75355e-12
7.63372e-14
-1.53485e-14
7.70993e-14
2.87313e-09
1.50667e-11
7.10989e-10
1.42585e-12
-2.66076e-14
9.50677e-14
-5.97922e-14
4.76841e-14
2.14008e-14
1.66349e-14
4.83459e-14
2.71973e-14
-7.3624e-14
3.17286e-14
3.18326e-14
3.40594e-14
-1.89721e-14
-4.19759e-14
-2.20317e-14
7.41014e-14
1.70382e-14
-5.77274e-14
-4.42014e-14
2.38419e-14
3.69797e-14
7.34466e-14
0
3.40464e-14
-1.0937e-13
-8.58249e-14
-3.85099e-14
-1.58029e-13
1.8912e-14
0
4.29346e-14
1.25037e-13
-9.99135e-14
-8.28699e-14
7.20319e-14
-3.14195e-14
-1.27344e-13
5.28632e-13
-1.42271e-13
-5.86304e-14
6.6087e-14
4.55306e-14
1.41056e-13
-2.38729e-13
-1.03844e-13
-9.11824e-14
0
-4.20523e-14
-9.48888e-14
0
-7.01289e-15
-1.67396e-14
1.73708e-14
1.14161e-13
-3.65071e-14
0
1.03276e-13
-3.49731e-14
-3.37992e-14
-1.01369e-13
2.92359e-13
-5.98289e-14
1.10954e-13
-6.4584e-14
-6.0984e-14
-2.2759e-14
-4.55214e-14
-1.27616e-13
3.39142e-14
5.68234e-14
8.17825e-14
-1.08767e-13
5.50794e-14
-7.53058e-14
1.03951e-13
-4.62607e-14
0
9.03865e-14
5.99214e-14
-4.0667e-14
6.21088e-14
7.02764e-14
-9.85748e-14
1.11778e-13
-9.03021e-14
8.82467e-14
0
1.05403e-13
0
6.25312e-14
0
1.51312e-14
9.76077e-14
-4.78287e-14
-7.14976e-14
0
0
0
1.72821e-13
7.02497e-15
-3.35336e-14
-1.16886e-13
3.67856e-14
2.14769e-14
6.29098e-14
6.91018e-14
0
7.33145e-14
-3.24891e-14
6.18886e-14
-9.92153e-14
-1.00527e-14
-8.64792e-14
6.21634e-14
0
5.46856e-15
1.01818e-13
-1.15923e-13
0
-7.58613e-14
1.26439e-14
-1.97168e-14
0
4.95212e-14
-2.41227e-14
-1.03507e-13
-5.03558e-14
-1.13814e-13
-8.24997e-14
9.36926e-14
4.54361e-14
1.31961e-13
1.60573e-14
0
7.23333e-14
8.38081e-14
4.19222e-14
0
1.21902e-13
-4.32703e-14
-6.50165e-14
-1.00066e-13
3.9419e-14
0
-6.91061e-14
0
2.70897e-14
7.05198e-14
1.98503e-14
-3.49096e-14
4.19466e-14
-1.28827e-13
0
-8.64423e-14
0
2.18105e-14
0
-2.86963e-14
-2.019e-14
-2.21111e-14
4.74342e-14
-3.73962e-14
-5.97767e-14
0
6.51246e-14
-6.61721e-14
-2.42882e-14
3.73649e-14
3.73649e-14
7.96829e-14
-1.20708e-14
8.95278e-15
-2.68583e-14
-1.95663e-14
-3.59239e-14
-3.9516e-14
0
0
3.66987e-14
-6.65551e-14
-6.65551e-14
0
0
-7.78301e-14
-7.78301e-14
-5.20917e-14
-1.72026e-14
2.61506e-14
-2.61506e-14
3.39245e-14
6.60616e-14
-3.53453e-14
-3.53453e-14
0
0
0
0
9.68632e-14
4.84316e-14
-1.0993e-14
1.43908e-14
-3.91893e-15
-2.20837e-14
0
5.16419e-14
-5.94612e-14
1.03035e-13
0
-3.14003e-14
-1.13337e-14
-5.86827e-14
3.1041e-14
0
7.18625e-14
-5.21355e-14
2.17638e-14
-1.25906e-15
4.12354e-15
2.00127e-14
0
2.33085e-14
0
3.33039e-14
-6.54164e-14
-6.54164e-14
-4.46979e-14
-2.16406e-14
0
-4.33365e-14
4.8448e-14
3.19367e-14
6.24598e-14
0
0
4.51183e-14
6.0053e-14
-7.24778e-14
-7.32303e-14
7.73374e-14
-6.81914e-14
-3.40957e-14
3.82361e-14
4.99413e-14
-4.98988e-14
1.99595e-14
-2.17759e-14
-2.66493e-14
0
-1.22441e-13
0
0
-7.15822e-14
-4.77215e-14
2.58389e-14
-1.52356e-13
8.77679e-14
8.77679e-14
-5.25492e-14
-7.97213e-14
0
0
5.32566e-14
-1.96082e-13
0
1.61349e-13
9.49745e-14
0
3.76597e-14
0
-6.31926e-14
-4.73516e-14
2.05857e-14
1.64686e-14
-6.90558e-14
5.22934e-14
-7.42627e-14
-1.11394e-13
3.18645e-14
-5.1087e-14
6.94728e-14
6.94728e-14
-5.87233e-14
4.52143e-14
7.22424e-14
3.61212e-14
9.11967e-14
0
1.75783e-14
5.2735e-14
1.45843e-14
2.17978e-14
3.30042e-14
1.32017e-13
1.17646e-13
0
-3.61394e-14
-3.61394e-14
-1.5151e-14
1.16256e-14
-2.901e-14
-5.802e-14
-2.83083e-14
-2.96425e-14
-3.23902e-14
-9.71705e-14
0
-6.32541e-14
1.70466e-14
5.11399e-14
-4.62698e-14
-2.75744e-14
-5.50709e-14
-1.10142e-13
0
-3.73433e-14
0
0
0
1.04618e-13
-2.84754e-14
2.84754e-14
0
3.69902e-14
-1.40393e-13
-2.10589e-13
2.20351e-14
0
-5.45289e-14
-1.09058e-13
-4.5637e-14
3.44606e-14
-2.49922e-14
4.60968e-14
-2.50717e-14
-6.54318e-14
0
0
0
3.60771e-14
5.82682e-14
6.65923e-14
6.65923e-14
9.98884e-14
6.65923e-14
-6.73097e-14
3.36548e-14
3.36548e-14
3.36548e-14
0
-1.64323e-14
1.64323e-14
3.28645e-14
3.28645e-14
8.21613e-14
7.86437e-14
3.93219e-14
3.93219e-14
3.93219e-14
0
5.40215e-14
0
-5.40215e-14
0
-1.62064e-13
-6.53729e-14
0
-6.53729e-14
0
6.53729e-14
-3.29084e-14
-6.58168e-14
3.29084e-14
-6.58168e-14
3.29084e-14
-6.05395e-14
-3.02698e-14
0
-6.05395e-14
-6.05395e-14
2.09493e-14
2.09493e-14
5.23732e-14
3.14239e-14
3.14239e-14
6.25485e-14
6.25485e-14
6.25485e-14
6.25485e-14
-3.12743e-14
1.30587e-13
-1.00452e-14
1.00452e-14
-4.01807e-14
-1.00452e-14
4.19037e-14
8.38074e-14
8.38074e-14
8.38074e-14
8.38074e-14
-4.2557e-14
-4.2557e-14
1.14577e-14
-4.2557e-14
1.14577e-14
0
0
0
-4.78291e-14
0
-2.51192e-14
1.95372e-14
6.41936e-14
6.4199e-14
-6.97756e-14
0
4.76886e-14
4.76886e-14
9.53772e-14
0
0
-3.29472e-14
-3.29472e-14
-3.29472e-14
-3.29472e-14
9.78231e-14
-2.03798e-14
4.48356e-14
4.48356e-14
3.26077e-14
0
-1.09844e-13
-1.46459e-13
-1.46459e-13
-7.32295e-14
-1.87217e-14
-1.1233e-13
-7.48868e-14
-1.87217e-14
-1.87217e-14
5.1557e-14
-5.1557e-14
5.1557e-14
5.1557e-14
0
0
1.65876e-13
8.29382e-14
8.29382e-14
4.14691e-14
0
1.27356e-13
0
0
1.27356e-13
0
9.04046e-14
9.04046e-14
9.04046e-14
9.04046e-14
-1.91306e-13
-6.37688e-14
-6.37688e-14
-6.37688e-14
-6.37688e-14
-9.08957e-06
-8.08814e-07
-3.07552e-05
-2.73252e-06
-5.2977e-05
-4.64197e-06
-9.03315e-05
-6.72617e-06
-0.000141474
-9.55929e-06
-8.82592e-05
2.32332e-06
-0.000133863
-4.23969e-06
-5.87983e-05
6.70206e-06
-2.85343e-05
9.53986e-06
13.631
13.6312
13.631
13.6307
13.6312
0.00032093
0.00032847
0.000339507
0.000351804
0.000359441
47.9481
47.9491
47.9483
47.9474
47.9492
0.00106106
0.00110147
0.00113776
0.00117611
0.00122555
82.995
82.9966
82.9951
82.9937
82.9967
0.00177229
0.00184107
0.00190276
0.00196802
0.00205224
120.634
120.637
120.635
120.633
120.637
0.00246761
0.00255329
0.0026282
0.00270767
0.00281331
163.662
163.665
163.662
163.659
163.665
0.00339889
0.00351142
0.00360852
0.00371133
0.00384934
184.007
184.007
184.006
184.006
184.004
0.0040912
0.00423656
0.00437908
0.00453002
0.00470086
174.696
174.697
174.698
174.695
174.696
0.00376747
0.00390714
0.00403815
0.0041769
0.00434417
186.512
186.516
186.507
186.509
186.511
0.00429291
0.00445558
0.00462023
0.00479474
0.00498428
197.64
197.644
197.639
197.639
197.641
0.0045247
0.00467558
0.00485241
0.00498651
0.00517666
-4.02109e-08
2.3798e-07
1.88756e-08
-1.6529e-08
7.56996e-14
1.75264e-12
5.22108e-11
3.18469e-08
-4.28869e-09
-2.71633e-07
6.50126e-08
7.27613e-07
1.93278e-07
9.06164e-07
-8.54385e-09
-6.36986e-07
1.68934e-10
2.39032e-08
4.45635e-14
2.76589e-12
5.52106e-15
-1.27222e-13
4.34297e-14
-4.05111e-15
-3.89186e-14
0
1.2878e-13
3.14208e-14
9.32581e-14
-7.22239e-14
-1.43706e-14
-9.82863e-15
-6.39598e-14
2.00074e-14
-1.20916e-14
-5.46458e-14
-4.26564e-14
-2.95033e-14
-6.57239e-14
2.14837e-14
0
0
0
-2.50076e-14
0
4.47754e-14
4.44981e-14
-1.95631e-14
5.57249e-14
4.22626e-14
-1.96069e-14
-2.3025e-14
-1.08479e-14
5.33659e-14
0
-9.40221e-14
-1.54827e-13
-1.10984e-13
0
-6.15966e-14
1.13441e-13
4.78654e-14
-5.08437e-14
6.79385e-15
4.24072e-14
0
4.24072e-14
0
0
-2.17149e-14
3.61915e-14
-2.17149e-14
-5.0668e-14
7.23829e-15
2.16059e-14
5.40148e-15
7.56207e-14
7.56207e-14
0
6.91886e-14
-3.45943e-14
-6.91886e-14
-6.91886e-14
-5.18914e-14
0
1.54808e-13
1.54808e-13
1.54808e-13
1.54808e-13
4.29267e-14
4.29267e-14
0
0
8.58534e-14
0
0
0
2.7622e-14
-2.43006e-14
-4.39298e-14
1.20659e-14
1.20518e-14
-6.01908e-15
1.09443e-14
4.81493e-14
-4.81493e-14
2.40746e-14
2.40746e-14
-9.62985e-14
-5.64036e-14
0
1.70504e-14
-1.70054e-14
-5.08808e-14
1.11963e-14
-4.12437e-14
0
-4.10049e-14
2.7258e-14
-6.39598e-14
0
0
0
0
8.00295e-14
-1.77843e-14
2.66765e-14
2.66765e-14
5.3353e-14
8.06108e-15
0
1.61222e-14
1.61222e-14
2.41833e-14
-1.09292e-13
7.2861e-14
3.64305e-14
3.64305e-14
3.64305e-14
-5.68752e-14
1.70626e-13
0
0
0
-1.37682e-13
1.96689e-14
3.93378e-14
1.96689e-14
5.90067e-14
-1.38095e-13
5.62224e-14
0
-2.69858e-14
-9.7353e-14
4.58319e-14
1.7187e-14
-5.72899e-15
4.58319e-14
8.59348e-14
-8.08312e-14
2.69437e-14
2.69437e-14
2.69437e-14
2.69437e-14
-5.52252e-14
-1.84084e-14
-1.84084e-14
-1.84084e-14
-5.52252e-14
2.00983e-14
-2.00983e-14
-2.00983e-14
-2.00983e-14
2.00983e-14
-8.33586e-14
-6.66869e-14
-3.33434e-14
3.33434e-14
3.33434e-14
-1.44743e-14
-1.44743e-14
-2.89487e-14
-4.3423e-14
-2.89487e-14
-1.49251e-13
-5.97005e-14
5.97005e-14
5.97005e-14
0
2.96654e-14
0
7.41634e-14
7.41634e-14
0
9.99891e-14
-7.82524e-14
-8.25997e-14
-6.52103e-14
-4.34735e-14
2.47666e-14
0
1.23833e-14
-1.23833e-14
0
-5.63501e-14
0
1.40875e-14
1.40875e-14
2.8175e-14
-8.43479e-14
-7.25928e-15
-7.09885e-15
-3.45534e-14
-1.53084e-14
-3.07e-14
-9.21e-14
-1.228e-13
3.07e-14
-9.21e-14
7.55469e-14
2.38773e-14
-1.29469e-13
-3.47018e-14
-4.16105e-14
-4.74364e-14
-5.92955e-14
0
2.37182e-14
2.37182e-14
-2.45602e-14
0
2.45602e-14
4.91203e-14
2.45602e-14
1.88044e-13
-6.26814e-14
0
0
-6.26814e-14
-6.88118e-14
1.03218e-13
1.37624e-13
1.37624e-13
2.06435e-13
1.47979e-14
-2.95958e-14
-1.33181e-13
-1.33181e-13
-2.95958e-14
-9.63736e-14
0
0
0
0
0.00107353
54.4339
0.00135547
127.985
0.00121151
129.931
0.00137062
50.7881
5.13671e-05
-1.18057e-08
0.00733127
-0.000376995
1.76582e-05
-1.11097e-08
0.00778183
-0.000283694
0.000785174
0.000767568
54.4471
53.0324
0.00155685
0.00161284
130.329
129.09
0.0068619
0.000164189
-0.00102453
-2.97759e-08
0.000426233
0.00954422
237.667
315.713
0.0113921
0.0137871
200.52
257.662
0.00752745
0.00841697
218.912
329.996
0.0136823
0.0295045
374.225
624.25
-0.000372248
0.00149307
52.2539
51.0232
0.000206522
0.00450461
119.183
112.084
-0.000970039
0.0012876
0.00404422
0.00689424
152.138
155.52
267.539
264.771
-6.67546e-10
-1.91599e-12
-1.92831e-08
3.02465e-11
2.75289e-10
3.11619e-14
-9.1642e-09
-2.98817e-12
-2.92361e-05
-2.04073e-09
-3.53125e-05
-1.00846e-09
3.53999e-05
-6.73055e-11
-3.15601e-05
-1.19377e-09
9.14136e-05
2.3289e-09
1.15853e-05
1.70667e-10
-0.000127361
-5.32676e-09
-3.52935e-05
-3.39802e-09
0.000201981
-0.000258344
-6.64077e-05
0.00338399
0.000757465
-0.00024347
-8.77494e-05
0.00349717
0.00574149
0.00570574
-7.23909e-05
0.00325315
0.0110646
0.0100872
-3.18511e-05
0.00329046
-0.00120228
-0.0012156
0.000995033
0.00162486
-0.000871123
-0.000844669
0.00379946
0.00530849
-0.00111487
-0.00112233
0.00195367
0.00579199
-1.38152e-09
-6.62943e-13
-3.88231e-05
0.000732634
-0.000298728
2.64316e-13
-1.32938e-09
-3.99131e-05
0.000292802
0.00530754
-4.26476e-13
-3.81952e-12
2.93182e-09
-0.00013938
0.00482343
-2.15719e-05
-6.01809e-12
0.000395315
8.23272e-06
-3.11089e-05
2.06534e-10
0.00120856
2.92855e-05
-0.000106087
-1.55237e-09
0.00142236
5.93443e-05
-1.01372e-13
9.74619e-14
-7.04787e-11
-5.54782e-14
1.09794e-11
6.83008e-12
1.34848e-05
1.95031e-09
0.00141149
0.000143713
6.21622e-14
8.15256e-15
3.80686e-13
1.46877e-13
2.42979e-09
1.01976e-10
8.7691e-05
7.11295e-09
0.00444981
0.000186848
1.22003e-12
0
1.63979e-13
0
2.81215e-14
2.26769e-14
-3.52781e-14
-5.02806e-14
2.67496e-10
6.1337e-11
2.54278e-09
6.30211e-11
-1.36192e-12
-6.50722e-14
1.14785e-12
-3.57488e-14
-4.23642e-12
-5.23183e-14
-5.18782e-13
0
2.05166e-11
8.73884e-11
3.96811e-12
8.12961e-11
6.53424e-05
6.30897e-09
0.00400701
0.000163081
8.38374e-05
8.00453e-09
0.00441938
0.000206399
5.59277e-05
5.2559e-09
0.00377745
0.00014537
1.64754e-05
3.45356e-09
0.00368371
0.000113188
6.18139e-13
-2.59719e-14
1.66842e-10
3.2716e-14
-6.91298e-13
1.15585e-13
5.70346e-10
-1.07715e-13
-1.3021e-11
-1.31289e-13
1.09947e-09
-1.13131e-13
0
-2.72316e-13
4.72715e-14
-1.13723e-13
2.84033e-14
2.01423e-14
4.80037e-11
-2.80054e-14
2.84932e-09
-2.24636e-12
0
-5.26338e-14
-2.5682e-14
6.10093e-14
7.11075e-14
0
9.73225e-11
7.15999e-14
2.84667e-09
-5.18741e-13
-1.5561e-13
0
7.93823e-11
-3.84954e-13
3.89423e-10
-1.74385e-11
2.01161e-07
-7.19053e-09
-1.34074e-14
-5.55776e-15
0
-8.6265e-14
-6.63626e-14
2.43459e-14
-2.03602e-13
-2.94465e-14
-1.16371e-13
-1.68739e-14
-1.07322e-13
3.71852e-13
0
0
-3.01295e-10
-4.03388e-10
2.0726e-07
2.47847e-07
3.3065e-12
6.56068e-11
0
0
-1.3878e-13
0
2.50262e-14
1.67863e-13
-5.80137e-14
-1.3814e-13
0
8.14019e-14
-7.12958e-14
6.25617e-14
-1.18102e-13
8.49782e-14
0
0
1.1608e-13
1.78114e-14
-3.82934e-14
0
-1.48598e-13
1.17305e-13
1.48493e-14
8.46451e-14
-1.32366e-13
8.81485e-14
-5.74842e-11
3.07453e-14
-1.50044e-14
5.24098e-14
1.73298e-14
-7.06455e-14
-1.65255e-12
2.54463e-14
-6.13937e-14
2.56985e-14
2.87304e-09
1.51772e-11
7.10987e-10
1.50964e-12
-7.98226e-14
9.50699e-14
4.78336e-14
2.38409e-14
0
-5.99891e-14
4.83461e-14
-2.71974e-14
0
-8.17845e-14
0
-6.81148e-14
5.69163e-14
-1.12551e-13
-2.20322e-14
4.94015e-14
0
-8.64158e-14
0
2.38392e-14
-1.84898e-14
0
3.66914e-14
3.40472e-14
-5.46854e-14
-4.29111e-14
3.85102e-14
0
-1.13472e-13
2.19223e-14
1.28807e-13
2.5008e-14
-9.9911e-14
8.28678e-14
1.92081e-13
6.28378e-14
-8.49006e-14
2.64316e-13
0
-1.75891e-13
0
-2.27653e-13
-4.23151e-13
0
-1.0384e-13
9.11789e-14
0
6.07431e-14
-6.49254e-14
8.02304e-14
3.74029e-14
-3.34796e-14
3.47436e-14
-3.80532e-14
1.82541e-14
-1.32234e-13
4.42585e-14
-1.04921e-13
-1.01394e-13
0
9.74552e-14
-5.98291e-14
5.54782e-14
0
-6.09828e-14
-2.27593e-14
4.55186e-14
-3.19039e-14
5.08699e-14
-1.13647e-13
-1.63565e-14
5.43837e-14
0
2.51019e-14
3.46505e-14
-9.25222e-14
0
-3.01296e-14
1.498e-14
7.11682e-14
0
0
3.2857e-14
1.86297e-14
2.25753e-14
-4.41234e-14
-9.96247e-14
8.90729e-15
1.00773e-13
3.12657e-14
-3.19418e-14
7.53803e-14
-3.25361e-14
4.78271e-14
-7.14976e-14
-5.97388e-14
-1.0412e-13
-4.78271e-14
5.76071e-14
7.97494e-14
0
-5.84408e-14
3.67856e-14
8.59087e-14
0
1.03653e-13
-3.39368e-14
0
3.2489e-14
3.09455e-14
0
-3.01598e-14
0
6.21644e-14
0
-1.09368e-14
0
-3.38592e-14
-3.28822e-14
1.22925e-13
3.88911e-14
0
3.2716e-14
0
0
-9.21297e-14
0
1.47966e-14
-8.75259e-14
-5.1989e-14
2.82829e-14
-6.6939e-14
-1.36154e-13
-2.36358e-13
-5.68613e-14
5.68065e-14
2.01423e-14
-3.99033e-14
2.80054e-14
9.59401e-14
-9.76678e-14
8.788e-14
1.05266e-13
-7.7046e-14
0
-2.37025e-14
-1.33034e-13
-2.19739e-14
2.38666e-14
-3.82093e-14
7.78111e-14
0
0
4.55312e-14
1.20709e-14
3.58095e-14
-3.58095e-14
-1.46738e-13
-2.39481e-14
0
-3.95128e-14
-7.95114e-14
1.22333e-13
3.32767e-14
8.31916e-14
-7.56295e-14
2.58176e-14
3.89128e-14
3.89128e-14
2.60451e-14
0
-7.84472e-14
2.61491e-14
1.0177e-13
6.60605e-14
0
3.53455e-14
0
0
-4.84273e-14
-9.68546e-14
-4.84273e-14
-4.84273e-14
9.79356e-15
-4.11729e-14
3.13512e-14
-6.30965e-15
-5.16419e-14
-7.74629e-14
0
-2.06074e-14
0
0
4.02952e-14
-1.17369e-13
-3.10372e-14
0
3.59287e-14
-5.21361e-14
2.19437e-14
-1.0792e-15
4.04106e-14
3.44661e-14
-2.33085e-14
-9.3234e-14
-1.0414e-13
0
-4.36032e-14
-6.54048e-14
-1.20682e-13
0
-2.16644e-14
-2.16644e-14
0
6.38715e-14
1.2492e-13
0
6.97132e-14
-4.51191e-14
-7.041e-14
-1.36678e-13
-5.72138e-14
-2.00507e-14
-6.81914e-14
0
3.82366e-14
-4.99426e-14
0
6.98664e-14
3.26667e-14
0
0
-4.08159e-14
-1.42974e-13
-1.01393e-13
-4.77252e-14
-2.38626e-14
-7.75208e-14
3.04724e-14
4.38897e-14
4.38897e-14
-1.57658e-13
0
4.81201e-14
0
0
1.30723e-13
-1.61371e-13
0
-9.49804e-14
2.21161e-13
3.76606e-14
0
-6.31922e-14
4.73518e-14
-2.8821e-14
8.23457e-15
-6.90564e-15
-4.70631e-14
-7.42599e-14
-1.1139e-13
0
5.10859e-14
2.60512e-14
-8.68374e-15
3.67e-14
5.08631e-14
0
3.61205e-14
1.51993e-13
-4.64153e-14
-8.78854e-14
-1.75771e-14
1.45833e-14
3.26945e-14
3.30037e-14
6.60073e-14
2.94115e-14
5.0295e-14
1.807e-14
1.807e-14
0
1.16253e-14
-2.90108e-14
8.70324e-14
8.49258e-14
-5.92857e-14
6.47786e-14
0
-1.08814e-13
-6.32526e-14
1.02279e-13
8.52323e-14
1.54231e-14
2.75741e-14
1.10137e-13
1.10137e-13
0
7.46833e-14
0
-6.04843e-14
-5.61065e-14
0
0
-2.84744e-14
-2.39596e-14
1.84951e-14
6.14218e-14
6.14218e-14
-3.67261e-14
1.11392e-14
0
5.45289e-14
-4.5637e-14
3.44606e-14
-3.55415e-14
-3.55415e-14
-5.88807e-14
6.54306e-14
5.77515e-14
-5.77515e-14
-4.8144e-14
-7.21542e-14
4.99452e-14
1.49836e-13
1.16539e-13
1.5816e-13
1.08215e-13
6.73084e-14
1.34617e-13
1.34617e-13
1.34617e-13
3.36542e-14
0
-8.21628e-14
-1.64326e-14
-8.21628e-14
4.92977e-14
3.93205e-14
-3.93205e-14
-3.93205e-14
3.93205e-14
1.17961e-13
-2.43094e-13
-2.43094e-13
-2.43094e-13
-2.43094e-13
-2.70105e-13
0
-1.96114e-13
-1.30742e-13
-1.30742e-13
0
0
0
0
-3.29087e-14
-3.29087e-14
-6.05341e-14
0
0
0
0
-5.23732e-14
0
-8.37971e-14
-4.18985e-14
-7.33224e-14
-6.25495e-14
3.12747e-14
-3.12747e-14
3.12747e-14
-6.25495e-14
3.01377e-14
-3.01377e-14
-1.00459e-14
-9.04131e-14
-1.00459e-14
4.19051e-14
4.19051e-14
4.19051e-14
4.19051e-14
4.19051e-14
-4.09202e-14
-4.09202e-14
-4.09202e-14
-4.09202e-14
1.30945e-14
-9.56562e-14
-4.78281e-14
-4.78281e-14
-4.78281e-14
-9.56562e-14
0
4.46521e-14
4.46521e-14
4.46521e-14
4.46521e-14
0
0
0
0
0
9.88416e-14
0
3.29472e-14
-6.58944e-14
3.29472e-14
2.85308e-14
4.07583e-14
4.07583e-14
4.07583e-14
2.85308e-14
-3.66155e-14
0
0
0
-3.66155e-14
-3.74441e-14
-3.74441e-14
3.74441e-14
3.74441e-14
1.12332e-13
-2.06232e-13
0
-1.03116e-13
-1.03116e-13
-5.1558e-14
4.14716e-14
-8.29432e-14
-1.24415e-13
-1.24415e-13
-8.29432e-14
6.36669e-14
0
6.36669e-14
6.36669e-14
6.36669e-14
-9.0408e-14
-9.0408e-14
-1.80816e-13
-1.80816e-13
-1.80816e-13
2.55011e-13
1.27506e-13
2.55011e-13
2.55011e-13
1.91258e-13
-9.08541e-06
-8.08279e-07
-3.076e-05
-2.7337e-06
-5.29901e-05
-4.64308e-06
-9.034e-05
-6.72634e-06
-0.000141479
-9.55853e-06
-8.82592e-05
2.32305e-06
-0.000133865
-4.23987e-06
-5.87975e-05
6.70163e-06
-2.85364e-05
9.54026e-06
13.6305
13.6298
13.6296
13.6293
13.6299
0.000320682
0.000328199
0.000339226
0.000351518
0.00035915
47.9402
47.9422
47.9414
47.9405
47.9423
0.00106144
0.00110189
0.00113818
0.00117655
0.00122601
83.0114
83.013
83.0115
83.0101
83.0132
0.00177247
0.00184128
0.00190298
0.00196823
0.00205244
120.633
120.635
120.633
120.631
120.635
0.00246769
0.00255328
0.00262821
0.0027076
0.00281317
163.671
163.672
163.669
163.666
163.672
0.00339888
0.0035114
0.0036085
0.0037113
0.00384933
184.005
184.005
184.003
184.003
184.002
0.00409122
0.00423658
0.00437911
0.00453005
0.00470081
174.694
174.696
174.696
174.693
174.695
0.00376755
0.00390721
0.00403823
0.00417686
0.00434413
186.507
186.511
186.502
186.504
186.506
0.00429292
0.00445556
0.00462016
0.0047947
0.00498432
197.651
197.655
197.65
197.65
197.652
0.00452486
0.0046758
0.00485263
0.00498669
0.00517684
-4.02116e-08
2.37983e-07
1.99556e-08
-1.65291e-08
4.67779e-13
-1.43853e-12
6.96065e-13
2.82042e-12
3.11394e-08
5.41769e-07
3.16939e-08
2.44978e-07
-3.0053e-14
-1.20298e-13
0
-6.014e-14
3.01152e-14
0
0
0
4.05712e-14
0
3.0474e-14
-6.83374e-14
5.79708e-14
9.42157e-14
-1.45165e-14
9.4121e-14
0
0
-5.84157e-14
-4.67673e-14
-6.06008e-14
-6.96998e-14
1.34559e-14
-3.40592e-14
2.63162e-14
-7.51378e-14
0
0
3.00479e-14
-6.0185e-14
1.77526e-14
-5.06874e-14
0
-4.06892e-14
-2.027e-14
1.21796e-13
4.00707e-14
0
-4.00707e-14
-4.00707e-14
-4.00707e-14
0
-4.00994e-14
4.00994e-14
4.00994e-14
0
2.00488e-14
-8.01952e-14
2.00488e-14
2.00488e-14
-6.01464e-14
4.00933e-14
2.00466e-14
6.01399e-14
2.00466e-14
2.00466e-14
2.00768e-14
-1.00384e-14
5.01919e-14
4.01535e-14
2.00768e-14
4.00211e-14
4.00211e-14
0
4.00211e-14
4.00211e-14
8.10962e-14
0
0
0
-2.70321e-14
-2.70504e-14
5.41007e-14
2.70504e-14
2.70504e-14
0
8.11424e-14
5.4095e-14
5.4095e-14
5.4095e-14
5.4095e-14
-9.46575e-14
2.7045e-14
8.1135e-14
8.1135e-14
8.1135e-14
2.7088e-14
-9.48079e-14
-1.21896e-13
-6.77199e-14
-1.3544e-14
4.04962e-14
7.08684e-14
7.08684e-14
7.08684e-14
-2.69975e-14
-1.0628e-13
9.6618e-15
-6.76326e-14
-6.76326e-14
9.6618e-15
-3.14052e-14
0
-9.42157e-14
-9.42157e-14
-3.14052e-14
-7.74211e-14
0
-1.93553e-14
-1.93553e-14
1.93553e-14
-9.4121e-14
0
3.13737e-14
3.13737e-14
6.27473e-14
-3.88077e-14
-3.88077e-14
3.88077e-14
3.88077e-14
-1.94039e-14
-6.26e-14
6.26e-14
6.26e-14
9.38999e-14
3.13e-14
0
1.94719e-14
0
0
0
6.23564e-14
3.11782e-14
3.11782e-14
-6.23564e-14
0
-4.04005e-14
-2.02003e-14
-4.04005e-14
-4.04005e-14
0
1.85866e-14
-3.71733e-14
-5.57599e-14
-5.57599e-14
-3.71733e-14
8.07351e-14
-2.69117e-14
5.38234e-14
5.38234e-14
-2.69117e-14
0
0
0
0
3.02749e-14
2.00504e-14
-1.00252e-14
-5.51387e-14
-5.51387e-14
-1.00252e-14
0
-6.01102e-14
-5.00918e-14
-5.00918e-14
-3.00551e-14
-3.99639e-14
9.99097e-14
1.99819e-14
0
3.99639e-14
6.03158e-14
6.03158e-14
1.20632e-13
8.0421e-14
0
6.00958e-14
4.00639e-14
4.00639e-14
4.00639e-14
1.0016e-13
-4.01233e-14
-2.00617e-14
-6.0185e-14
-6.0185e-14
-4.01233e-14
3.0433e-14
5.74845e-14
8.11547e-14
8.11547e-14
-5.07217e-14
-4.05499e-14
-8.10998e-14
-1.08133e-13
-1.08133e-13
-1.08133e-13
1.34775e-14
0
-6.73873e-14
-6.73873e-14
9.43422e-14
-5.42522e-14
-2.71261e-14
-2.71261e-14
-2.71261e-14
0
0
8.108e-14
1.08107e-13
1.08107e-13
8.108e-14
2.70659e-14
0
-8.11976e-14
-2.70659e-14
2.70659e-14
3.0053e-14
3.00745e-14
3.00724e-14
-3.00681e-14
0
3.00162e-14
0
1.01439e-13
-4.05706e-14
0
-6.09475e-14
4.30273e-14
4.34781e-14
-4.71079e-14
-4.35505e-14
0
0
2.34744e-14
0
-4.67685e-14
-3.02998e-14
0
8.073e-14
2.46559e-14
3.75946e-15
-6.01093e-14
-8.99155e-14
9.04763e-14
9.0142e-14
-6.01874e-14
8.62279e-14
4.055e-14
-2.02173e-13
-2.03443e-14
4.05398e-14
6.08982e-14
8.01414e-14
-4.00707e-14
-8.01414e-14
-8.01414e-14
-8.01414e-14
4.00994e-14
0
0
0
-4.00994e-14
6.01449e-14
6.01449e-14
1.40338e-13
8.01932e-14
1.00241e-13
0
8.01816e-14
-2.00454e-14
-2.00454e-14
4.00908e-14
1.00385e-14
-3.01156e-14
-5.01926e-14
-5.01926e-14
0
0
-8.00432e-14
-8.00432e-14
-8.00432e-14
-8.00432e-14
8.10962e-14
-2.70321e-14
5.40641e-14
5.40641e-14
0
2.70504e-14
5.41007e-14
2.70504e-14
0
2.70504e-14
2.7047e-14
0
-2.7047e-14
-2.7047e-14
5.40941e-14
-1.48753e-13
1.3523e-14
-1.21707e-13
-8.11379e-14
-4.05689e-14
0
-9.48073e-14
4.06317e-14
4.06317e-14
1.35439e-14
-1.34987e-14
-9.11166e-14
-2.69975e-14
-2.69975e-14
-8.09925e-14
-1.35265e-13
8.69562e-14
9.6618e-15
-6.76326e-14
5.79708e-14
-3.14052e-14
0
0
3.14052e-14
0
-1.93558e-14
-5.80673e-14
1.93558e-14
1.93558e-14
-5.80673e-14
-1.25495e-13
6.27474e-14
9.41211e-14
6.27474e-14
1.25495e-13
0
1.94041e-14
1.94041e-14
1.94041e-14
0
-9.38975e-14
-3.12992e-14
-3.12992e-14
0
-3.12992e-14
1.94726e-14
1.94727e-14
-1.94727e-14
-5.8418e-14
1.94727e-14
-3.1179e-14
3.1179e-14
0
0
0
2.01998e-14
0
-6.05995e-14
0
-2.01998e-14
3.77819e-14
-5.66729e-14
-9.44548e-14
-1.13346e-13
-5.66729e-14
3.588e-14
3.588e-14
7.176e-14
7.176e-14
-3.588e-14
-3.28745e-14
-9.86236e-14
-9.86236e-14
-9.86236e-14
-3.28745e-14
-2.5063e-14
1.50378e-14
1.50378e-14
1.50378e-14
1.00252e-14
-3.00546e-14
1.00182e-14
4.00729e-14
3.00546e-14
2.00364e-14
0
-7.99249e-14
-3.99624e-14
-3.99624e-14
-7.99249e-14
-4.02117e-14
4.02117e-14
0
0
2.01058e-14
0
-8.01262e-14
0
-4.00631e-14
-4.00631e-14
-4.0125e-14
0
4.0125e-14
4.0125e-14
4.0125e-14
1.69074e-14
9.80631e-14
4.39593e-14
4.39593e-14
-1.01445e-14
-1.35167e-14
5.40667e-14
5.40667e-14
1.2165e-13
5.40667e-14
1.34782e-14
-8.0869e-14
-1.34782e-14
-6.73909e-14
-2.69563e-14
0
0
-1.08503e-13
-1.08503e-13
0
0
0
-2.70265e-14
0
-5.4053e-14
0
-5.41317e-14
0
2.70659e-14
-1.08263e-13
1.63247e-14
-4.77094e-14
0
1.62042e-14
-5.74076e-14
1.62775e-13
-3.2196e-14
-1.13942e-14
2.43077e-14
3.61107e-14
7.69622e-16
-7.99499e-14
0
5.46469e-14
0
2.18176e-14
-3.38541e-14
-1.71864e-14
-4.04149e-14
-5.52247e-14
1.5073e-14
7.50241e-14
0
-4.47748e-14
2.72551e-14
0
0
4.22634e-14
1.52145e-15
2.30242e-14
8.56668e-15
4.44703e-14
1.84206e-14
0
1.54826e-13
1.33189e-13
0
1.02661e-13
-4.43898e-14
-6.70116e-14
-4.15994e-14
-2.8146e-14
1.59031e-14
9.01178e-14
-4.24084e-14
5.30105e-15
4.24084e-14
-2.89541e-14
-8.68624e-14
-8.68624e-14
-8.68624e-14
-5.79083e-14
-1.08028e-14
7.56194e-14
1.1883e-13
1.1883e-13
8.10208e-14
7.65434e-14
5.74076e-14
5.74076e-14
5.74076e-14
0
-5.42584e-14
-8.13876e-14
-2.71292e-14
-2.71292e-14
0
4.29279e-14
8.58559e-14
8.58559e-14
8.58559e-14
0
-4.60391e-14
5.67121e-14
0
0
-4.86036e-14
-7.80934e-14
7.23932e-14
-1.08467e-13
1.80574e-14
-4.925e-14
2.40738e-14
-2.40738e-14
-2.40738e-14
2.40738e-14
0
0
3.63568e-14
0
0
1.78197e-14
-1.066e-13
6.39599e-14
8.52799e-14
0
-2.132e-14
-3.37053e-14
-3.37053e-14
3.37053e-14
0
0
0
3.64313e-14
0
7.28626e-14
1.09294e-13
1.20168e-13
4.0056e-14
0
4.0056e-14
0
-8.72703e-14
-5.81802e-14
5.81802e-14
5.81802e-14
5.81802e-14
-4.60331e-14
-1.4056e-13
2.7602e-14
-2.69868e-14
2.43387e-14
-1.71864e-14
4.01016e-14
6.30168e-14
5.15592e-14
1.31762e-13
-2.69433e-14
5.38865e-14
2.69433e-14
2.69433e-14
5.38865e-14
9.20411e-14
1.84082e-14
0
0
-1.10449e-13
6.02922e-14
-2.00974e-14
-2.00974e-14
6.02922e-14
2.00974e-14
1.00032e-13
1.6672e-14
-6.66881e-14
-6.66881e-14
-1.00032e-13
-7.23726e-14
-1.44745e-14
-7.23726e-14
-7.23726e-14
-1.44745e-14
-8.95496e-14
-1.19399e-13
-5.96997e-14
-5.96997e-14
8.95496e-14
0
1.81701e-14
0
0
-3.63401e-14
1.88771e-14
5.66312e-14
5.66312e-14
5.66312e-14
2.83156e-14
-2.47665e-14
-7.42994e-14
2.47665e-14
2.47665e-14
-2.47665e-14
1.40878e-14
5.63512e-14
0
-1.40878e-14
-4.22634e-14
2.40992e-14
-2.17778e-14
-2.83951e-14
2.76424e-14
-9.18502e-15
2.30242e-14
3.06989e-14
-3.06989e-14
7.67473e-15
3.83736e-14
5.39609e-14
0
-9.41576e-14
3.47012e-14
3.12072e-14
2.37175e-14
3.55762e-14
1.18587e-14
0
0
4.91216e-14
7.36823e-14
7.36823e-14
4.91216e-14
4.91216e-14
0
6.26871e-14
0
0
0
3.44059e-14
-3.44059e-14
-3.44059e-14
-3.44059e-14
-3.44059e-14
-5.91953e-14
-5.91953e-14
-5.91953e-14
5.91953e-14
2.95976e-14
9.63672e-14
1.92734e-13
9.63672e-14
0
0
0
-2.23819e-14
4.47638e-14
0
0
6.71458e-14
3.35915e-10
8.04802e-10
4.43549e-10
8.27586e-10
1.29832e-09
-1.88815e-11
-9.62089e-11
-6.2217e-12
-1.1959e-09
5.31699e-06
2.40303e-09
3.00568e-05
-1.1217e-09
3.70334e-09
0.000181003
-4.91731e-14
9.01158e-14
-1.54175e-14
2.06597e-13
4.55158e-12
-9.13204e-14
4.60422e-14
-9.78524e-14
9.84042e-11
5.17912e-06
1.36586e-09
2.52829e-05
-3.60954e-09
5.59545e-09
0.00015849
-4.1948e-14
-4.9212e-14
-1.38071e-13
-3.27728e-14
1.18562e-13
-9.93787e-14
2.7678e-14
1.10399e-13
6.37697e-12
-4.19587e-10
4.74912e-11
1.903e-10
-6.04971e-11
2.13458e-10
6.18027e-09
8.52579e-15
-9.33014e-14
-4.32311e-14
-2.63469e-14
2.78883e-14
-1.20115e-13
3.57672e-14
-1.53388e-14
5.11887e-16
3.9862e-12
-7.57158e-14
2.72378e-11
-7.23602e-15
6.61806e-15
1.287e-10
-4.26857e-14
-7.356e-14
6.08823e-16
-2.34711e-14
1.27189e-13
-7.70035e-14
3.28827e-14
-5.20242e-14
2.14125e-14
-8.44011e-14
-7.32098e-14
-7.11235e-14
-7.45611e-14
5.48489e-14
-2.77997e-14
-7.01657e-14
-1.37696e-14
2.03949e-13
-4.8257e-14
8.79588e-14
-2.64521e-14
1.50764e-13
-1.31959e-13
2.55037e-14
0
3.27621e-14
8.01974e-14
-1.05567e-13
9.68081e-14
1.92544e-14
-3.97988e-15
6.8488e-14
1.30337e-14
4.29484e-14
2.99911e-14
5.89864e-15
-3.74226e-14
1.17411e-13
1.2517e-14
5.20904e-14
8.74624e-14
8.16898e-14
-1.1426e-13
-1.15618e-13
-5.37025e-14
-1.3222e-13
9.01158e-14
1.71497e-14
9.80516e-14
8.78926e-14
2.36757e-14
0
-9.62e-14
1.15231e-14
-2.37965e-14
-1.27642e-14
4.3217e-14
0
3.43133e-13
-6.6199e-14
1.83797e-14
-1.64843e-14
4.53835e-15
1.06908e-14
-4.95095e-14
7.42028e-14
-7.15297e-14
7.25943e-14
5.47709e-14
-2.7672e-14
-9.39902e-14
1.32576e-13
7.86991e-14
-5.91387e-14
-1.49092e-14
1.29186e-13
-9.33009e-14
-1.0229e-13
3.44168e-14
-1.77471e-13
1.10506e-13
1.07293e-13
5.03961e-14
3.09691e-14
-9.90325e-14
-7.17995e-14
3.21707e-14
-7.23602e-15
1.05889e-13
1.47178e-14
-4.26861e-14
1.67091e-14
-8.4859e-14
-1.08835e-15
9.11918e-14
1.02671e-14
-3.28799e-14
2.28889e-14
-8.23557e-15
-9.241e-15
-1.11615e-13
5.92696e-14
-2.84042e-14
4.75357e-14
-1.23996e-13
-7.01654e-14
-1.05742e-13
-9.61056e-14
9.06099e-14
2.8072e-14
3.66261e-14
1.00506e-13
5.11393e-14
2.55037e-14
3.93859e-14
3.27621e-14
8.01974e-14
-6.03239e-14
0
1.28363e-13
)
;

boundaryField
{
    patch1
    {
        type            calculated;
        value           nonuniform List<scalar> 
2440
(
-0.000426368
1.01602e-13
4.70111e-14
5.16088e-14
0
1.4456e-13
4.70154e-14
0
-8.87929e-14
-1.44551e-13
0.000426366
-1.01602e-13
-9.40221e-14
-1.54827e-13
-1.10984e-13
0
0
1.54826e-13
1.33189e-13
0
-0.000797239
-0.00128494
-0.00177967
-0.0021602
-0.00192447
-0.00140455
-0.00105247
-0.000407085
1.14468e-05
-4.17565e-14
-5.22371e-11
4.28869e-09
-6.50126e-08
-1.93278e-07
8.5438e-09
-1.68892e-10
-6.93188e-14
6.29018e-14
3.18054e-14
0
3.646e-14
1.29729e-14
0
-1.2878e-13
-3.14208e-14
-8.89343e-14
1.8056e-14
1.43707e-14
3.93145e-14
0
6.66913e-15
4.83665e-14
-2.73229e-14
-1.27969e-13
0
2.5037e-14
4.72642e-14
2.02078e-14
0
0
-2.50076e-14
-6.51345e-14
-4.47754e-14
-3.33736e-14
2.60841e-14
-1.8575e-14
-8.45251e-14
6.18635e-14
2.3025e-14
2.84977e-14
-5.33659e-14
0
1.14468e-05
-1.5942e-13
-4.71079e-14
-7.25823e-14
-9.4121e-14
0
-7.0425e-14
5.84157e-14
2.33836e-14
1.21202e-13
8.36398e-14
-4.03676e-14
9.08246e-14
-1.5942e-13
-4.71079e-14
7.25842e-14
0
0
0
8.76269e-14
7.01527e-14
-3.02998e-14
8.50093e-14
-8.073e-14
-7.39677e-14
-4.51343e-14
7.95157e-14
8.68625e-14
-5.67145e-14
4.30557e-14
-8.13876e-14
3.2196e-14
-8.98122e-15
-3.29547e-14
1.80554e-14
-5.32886e-14
3.198e-14
5.0558e-14
-1.09294e-13
-1.20168e-13
-4.36351e-14
-4.75224e-14
8.5932e-15
0
8.2837e-14
4.52191e-14
-2.5008e-14
-6.51354e-14
0
2.72551e-14
-2.83156e-14
3.71497e-14
0
-1.52145e-15
3.45363e-14
2.67321e-14
-8.89406e-14
-5.52618e-14
0.000735076
0.00126718
0.00177966
0.0021602
0.00192447
0.00140454
0.00103458
0.000359419
-1.14468e-05
7.56996e-14
5.22108e-11
-4.28869e-09
6.50126e-08
1.93278e-07
-8.54385e-09
1.68934e-10
4.45635e-14
5.52106e-15
-1.27222e-13
4.34297e-14
-4.05111e-15
-3.89186e-14
0
1.2878e-13
3.14208e-14
9.32581e-14
-7.22239e-14
-1.43706e-14
-9.82863e-15
-6.39598e-14
2.00074e-14
-1.20916e-14
-5.46458e-14
-4.26564e-14
-2.95033e-14
-6.57239e-14
2.14837e-14
0
0
0
-2.50076e-14
0
4.47754e-14
4.44981e-14
-1.95631e-14
5.57249e-14
4.22626e-14
-1.96069e-14
-2.3025e-14
-1.08479e-14
5.33659e-14
0
-1.14468e-05
5.79708e-14
9.42157e-14
-1.45165e-14
9.4121e-14
0
0
-5.84157e-14
-4.67673e-14
-6.06008e-14
-6.96998e-14
1.34559e-14
-3.40592e-14
4.34781e-14
-4.71079e-14
-4.35505e-14
0
0
2.34744e-14
0
-4.67685e-14
-3.02998e-14
0
8.073e-14
2.46559e-14
1.63247e-14
-4.77094e-14
0
1.62042e-14
-5.74076e-14
1.62775e-13
-3.2196e-14
-1.13942e-14
2.43077e-14
3.61107e-14
7.69622e-16
-7.99499e-14
0
5.46469e-14
0
2.18176e-14
-3.38541e-14
-1.71864e-14
-4.04149e-14
-5.52247e-14
1.5073e-14
7.50241e-14
0
-4.47748e-14
2.72551e-14
0
0
4.22634e-14
1.52145e-15
2.30242e-14
8.56668e-15
4.44703e-14
1.84206e-14
2.95282e-08
0
-9.04046e-14
1.27538e-13
9.0408e-14
-2.55011e-13
0
0
-1.28363e-13
-9.68081e-14
-1.92544e-14
-2.93911e-08
1.2395e-13
9.04046e-14
-6.37688e-14
-1.80816e-13
1.91258e-13
6.71458e-14
9.68081e-14
1.92544e-14
0
1.28363e-13
-0.000164268
-7.11072e-14
3.56948e-14
4.78365e-12
-6.66683e-12
1.89725e-14
-3.63197e-17
-2.84597e-12
-2.95943e-12
-2.77375e-10
-3.85774e-06
-4.99858e-10
-9.49863e-06
-8.05865e-11
-1.07414e-06
-1.96239e-11
7.0072e-08
9.08782e-14
2.59965e-14
3.79381e-14
-9.08721e-14
0
-4.19222e-14
-8.65418e-14
0
-3.03537e-14
-1.98503e-14
1.28827e-13
4.87391e-14
8.6089e-14
-4.74342e-14
-8.34074e-14
-2.42882e-14
-3.3747e-14
1.38481e-13
0
-6.32302e-14
-9.08721e-14
2.79041e-14
0
0
0
0
0
1.28827e-13
4.87386e-14
2.86963e-14
4.74342e-14
4.17037e-14
0
-5.1494e-14
-3.09652e-14
5.1087e-14
-4.52143e-14
4.64159e-14
2.17978e-14
0
-5.81282e-14
-2.96425e-14
2.10847e-14
2.75744e-14
0
-7.84639e-14
3.69902e-14
-4.45561e-14
-3.44606e-14
4.36212e-14
3.60771e-14
-7.2989e-14
4.6157e-14
-4.92968e-14
-1.17966e-13
1.35054e-13
-6.53729e-14
0
0
6.28478e-14
-3.12743e-14
-5.02259e-14
-8.38074e-14
-1.14577e-14
4.78291e-14
-1.95372e-14
0
3.60757e-14
-7.13378e-14
0
1.87217e-14
-1.03114e-13
-4.14691e-14
0
-14.811
-0.00037933
-47.9072
-0.00122871
-82.9252
-0.00204881
-120.534
-0.00280866
-163.525
-0.00384319
-183.989
-0.0046993
-174.638
-0.00433885
-186.509
-0.00498405
-197.641
-0.00517665
-3.08368e-09
-7.23078e-06
-1.13766e-08
-1.79116e-12
-2.62781e-08
1.87118e-07
8.00745e-06
2.43751e-05
5.43226e-07
-2.14604e-08
-2.85145e-12
3.32391e-17
1.15503e-15
4.75663e-12
-6.69913e-12
2.27588e-14
2.3264e-15
-2.83862e-12
-2.95582e-12
-2.77375e-10
-3.85389e-06
-4.9978e-10
-9.50409e-06
-8.05854e-11
-1.07419e-06
-1.96257e-11
7.00753e-08
-4.281e-14
3.30594e-14
7.70564e-14
3.59049e-14
6.56445e-14
1.41414e-13
2.04237e-13
2.84307e-14
-2.01423e-14
5.60108e-14
2.19752e-12
5.26338e-14
-3.05046e-14
5.32136e-14
-4.77333e-14
5.18741e-13
-7.45477e-14
1.02894e-14
-3.85282e-14
0
8.75259e-14
-5.65657e-14
1.36154e-13
8.5292e-14
-2.01423e-14
-5.60108e-14
1.46502e-13
-5.26329e-14
-3.05046e-14
1.06427e-13
-2.38666e-14
-7.78111e-14
-1.02988e-13
-9.57088e-14
-5.10859e-14
6.21661e-14
4.64153e-14
-3.26945e-14
-5.0295e-14
1.16253e-14
5.92857e-14
8.43368e-14
-5.51483e-14
-1.12025e-13
7.8464e-14
-3.69902e-14
-1.11392e-14
-3.44606e-14
-6.54306e-14
7.21542e-14
-7.29904e-14
-6.46186e-14
1.64326e-14
-7.8641e-14
1.62063e-13
6.53712e-14
-3.29087e-14
0
9.42717e-14
-3.12747e-14
-3.01377e-14
-4.19051e-14
-1.30945e-14
9.56562e-14
-4.46521e-14
0
-7.21515e-14
-3.12093e-14
7.3231e-14
5.61662e-14
2.06232e-13
4.14716e-14
-1.27334e-13
-14.8095
-0.000379023
-47.9003
-0.00122917
-82.9416
-0.00204902
-120.532
-0.00280851
-163.532
-0.00384319
-183.987
-0.00469925
-174.637
-0.0043388
-186.504
-0.0049841
-197.652
-0.00517683
-3.08372e-09
-7.23423e-06
-1.13773e-08
2.63139e-10
-7.14993e-10
-2.53306e-05
1.13729e-05
-1.0182e-14
1.05741e-13
-1.11972e-13
-4.57366e-14
-2.62005e-14
8.95304e-14
-1.50763e-13
1.31959e-13
-2.77279e-14
0
-3.27621e-14
-4.00987e-14
6.03239e-14
3.58029e-14
1.05741e-13
-8.78325e-14
3.96522e-14
-2.99434e-14
-3.45913e-14
-5.02529e-14
-1.02279e-13
-2.77279e-14
-4.33667e-14
-3.27621e-14
-4.00987e-14
1.05567e-13
0.000164267
2.86875e-14
1.90429e-14
-4.77104e-12
6.66696e-12
-2.34584e-14
-1.78723e-15
2.8368e-12
2.96259e-12
2.77354e-10
3.85774e-06
4.99875e-10
9.49863e-06
8.05938e-11
1.07414e-06
1.96239e-11
-7.0072e-08
-6.30938e-14
2.41227e-14
0
4.54361e-14
-5.58082e-14
0
0
-3.9419e-14
3.03537e-14
-3.97006e-14
-8.58849e-14
0
-1.43482e-13
2.37171e-14
2.08519e-14
4.85763e-14
-1.26551e-13
-1.97168e-14
-2.41227e-14
-1.13814e-13
4.54361e-14
0
4.19222e-14
-4.32703e-14
3.9419e-14
0
1.98503e-14
-1.28827e-13
0
-2.86963e-14
4.74342e-14
0
-2.42882e-14
-4.73516e-14
5.22934e-14
-5.1087e-14
4.52143e-14
0
2.17978e-14
0
1.16256e-14
-2.96425e-14
-6.32541e-14
-2.75744e-14
-3.73433e-14
1.04618e-13
3.69902e-14
0
3.44606e-14
-6.54318e-14
3.60771e-14
6.65923e-14
0
8.21613e-14
0
-1.62064e-13
6.53729e-14
3.29084e-14
-6.05395e-14
3.14239e-14
-3.12743e-14
-1.00452e-14
8.38074e-14
1.14577e-14
0
-6.97756e-14
0
-3.29472e-14
3.26077e-14
-7.32295e-14
-1.87217e-14
0
4.14691e-14
1.27356e-13
13.619
0.000358805
47.9073
0.00122346
82.9251
0.00204881
120.534
0.00280866
163.525
0.00384319
183.989
0.0046993
174.638
0.00433885
186.509
0.00498405
197.641
0.00517665
3.08368e-09
7.23078e-06
1.13766e-08
1.72092e-12
2.6278e-08
-1.87118e-07
-8.00745e-06
-2.43751e-05
-5.43226e-07
2.146e-08
2.73957e-12
3.14041e-14
-6.47918e-17
-4.76883e-12
6.65752e-12
-1.98388e-14
-1.58489e-15
2.84592e-12
2.95302e-12
2.77381e-10
3.85389e-06
4.99763e-10
9.50409e-06
8.05903e-11
1.07419e-06
1.96261e-11
-7.00753e-08
-2.59729e-14
3.27179e-14
1.15585e-13
-1.07715e-13
-1.31289e-13
-1.13131e-13
-2.72316e-13
-1.13723e-13
2.01423e-14
-2.80054e-14
-2.24636e-12
-5.26338e-14
6.10093e-14
0
7.15999e-14
-5.18741e-13
3.88901e-14
3.27173e-14
0
0
-8.75259e-14
2.82829e-14
-1.36154e-13
-5.68613e-14
2.01423e-14
2.80054e-14
-9.76678e-14
1.05266e-13
0
-1.33034e-13
2.38666e-14
7.78111e-14
4.73518e-14
-4.70631e-14
5.10859e-14
5.08631e-14
-4.64153e-14
3.26945e-14
5.0295e-14
1.16253e-14
-5.92857e-14
-6.32526e-14
2.75741e-14
7.46833e-14
0
1.84951e-14
1.11392e-14
3.44606e-14
6.54306e-14
-7.21542e-14
1.08215e-13
3.36542e-14
4.92977e-14
1.17961e-13
-2.70105e-13
0
-3.29087e-14
0
-7.33224e-14
-6.25495e-14
-1.00459e-14
4.19051e-14
1.30945e-14
-9.56562e-14
4.46521e-14
0
3.29472e-14
2.85308e-14
-3.66155e-14
1.12332e-13
-5.1558e-14
-8.29432e-14
6.36669e-14
13.6176
0.000358514
47.9004
0.00122392
82.9415
0.00204902
120.532
0.00280851
163.532
0.00384319
183.987
0.00469925
174.637
0.0043388
186.504
0.0049841
197.652
0.00517683
3.08371e-09
7.23422e-06
1.13774e-08
-2.65078e-10
7.10792e-10
2.51632e-05
-1.13961e-05
-7.01657e-14
-1.37699e-14
2.03949e-13
-4.82589e-14
8.79588e-14
-2.64521e-14
1.50764e-13
-1.31959e-13
2.55037e-14
0
3.27621e-14
8.01974e-14
-1.05567e-13
-7.01661e-14
-1.05742e-13
-9.61036e-14
9.06108e-14
2.8072e-14
3.66261e-14
1.00506e-13
5.11393e-14
2.55037e-14
3.93859e-14
3.27621e-14
8.01974e-14
-6.03239e-14
4.9565e-05
2.80136e-14
0
-4.9565e-05
-2.11869e-14
6.71458e-14
-8.47682e-05
1.57096e-08
-7.3298e-05
1.50856e-08
-0.000848682
-0.000824494
-0.00154142
-0.00162882
-1.89827e-05
-1.39361e-05
-0.0016553
-0.00154397
-0.00114722
-0.00098619
1.15623e-09
1.54822e-13
4.82774e-05
2.46463e-06
-2.16778e-10
-2.05781e-05
-7.35724e-10
3.84731e-06
2.21379e-10
-4.70293e-13
-2.08292e-14
8.6306e-14
7.16632e-13
3.35637e-14
3.35633e-14
7.46828e-12
-1.0388e-14
7.74675e-18
5.41126e-11
0
-2.22358e-09
3.59821e-11
8.8286e-14
0
1.60104e-14
1.70417e-13
-9.77658e-15
2.0964e-14
2.80126e-15
1.4995e-14
4.77149e-14
-1.3755e-14
4.98135e-14
2.06718e-14
-2.64479e-14
2.5481e-14
5.14215e-15
2.89671e-14
4.19493e-14
5.19416e-14
-1.0003e-14
1.31166e-13
1.94693e-14
1.40582e-13
1.62761e-14
-1.58365e-14
-5.58463e-14
-4.95888e-14
4.98055e-15
4.66946e-15
-8.36909e-08
-4.53983e-07
-1.0279e-06
-2.75032e-06
8.42289e-07
-1.96842e-06
-5.11235e-06
-4.63685e-07
-8.15544e-11
-8.8915e-08
-4.4738e-07
-1.03165e-06
-2.74522e-06
8.38169e-07
-1.96856e-06
-5.11222e-06
-4.63435e-07
-8.50563e-11
8.47682e-05
-1.57096e-08
7.3298e-05
-1.50855e-08
0.000792048
0.000767676
0.00152568
0.00161315
1.26734e-05
7.01784e-06
0.00166158
0.00155157
0.00114722
0.00098619
-1.15629e-09
-1.45798e-13
-4.82774e-05
-1.89906e-06
2.03959e-10
2.05783e-05
7.36713e-10
-3.84731e-06
-2.21393e-10
3.36506e-13
-1.51751e-14
-5.36305e-14
-6.24644e-13
3.82123e-14
1.6171e-14
-7.49851e-12
-2.03273e-14
-2.26789e-14
-5.41126e-11
0
2.22358e-09
-3.60534e-11
-8.1418e-15
3.59963e-14
-1.60109e-14
-1.46072e-13
3.64757e-14
7.23765e-14
-8.08141e-14
-7.35764e-14
1.19267e-14
1.15206e-16
-1.42324e-14
-1.93528e-14
6.15137e-14
-3.68358e-14
-9.79629e-14
-3.05082e-15
2.63748e-14
1.40649e-14
3.86189e-14
-7.81788e-14
2.40397e-14
-1.06564e-14
-1.08264e-13
-2.89151e-14
-8.44676e-14
6.75975e-14
2.57228e-14
-7.74675e-18
1.09997e-07
3.34704e-07
1.02775e-06
2.75032e-06
-8.42289e-07
1.96842e-06
5.11235e-06
4.63685e-07
8.15544e-11
1.14874e-07
3.28077e-07
1.0315e-06
2.74522e-06
-8.38169e-07
1.96856e-06
5.11222e-06
4.63435e-07
8.50561e-11
-4.15943e-15
-1.56698e-14
-4.90986e-31
-1.51191e-13
-1.51191e-13
-5.33662e-14
-5.33662e-14
-9.97916e-15
-2.18499e-13
-2.18499e-13
-3.50157e-14
1.20105e-13
9.7861e-14
-7.61185e-15
-7.82215e-14
-1.11847e-09
4.42235e-14
-3.96554e-15
-5.33748e-14
-8.91536e-15
-1.51209e-13
-1.51209e-13
-1.51209e-13
2.08448e-13
2.50217e-14
2.08448e-13
2.08448e-13
2.11777e-13
0
-2.23819e-14
4.47638e-14
0
0
1.59487e-15
-1.1367e-16
5.93736e-11
-3.53867e-14
-1.05673e-09
-4.68626e-11
8.92689e-15
6.8243e-15
2.71162e-15
3.61633e-15
4.49968e-14
1.03553e-14
-1.85401e-14
-3.32411e-14
3.52744e-15
0
0
0
0
0
0
0
0
-3.72864e-14
7.24897e-14
-2.10652e-14
-1.1674e-14
-1.6328e-14
-1.11625e-13
-7.41525e-14
1.80251e-14
-1.66868e-14
1.06336e-14
-1.20545e-14
-7.42214e-15
1.00874e-14
4.05631e-14
0
4.05631e-14
5.06505e-14
-1.30285e-14
-7.23804e-15
-4.93486e-15
-4.93486e-15
-7.23804e-15
-2.66692e-15
-2.697e-14
-1.16507e-14
8.65266e-15
4.02698e-14
-4.40745e-14
6.55527e-16
4.48969e-15
6.73453e-15
6.73453e-15
4.48969e-15
-1.70248e-15
-1.15611e-14
6.84458e-15
6.84458e-15
-1.15611e-14
4.12582e-14
-1.78146e-15
-4.83841e-14
-1.73157e-14
-1.73157e-14
4.19423e-14
-2.79615e-14
-2.79615e-14
-2.79615e-14
-2.79615e-14
-4.55883e-14
1.78977e-14
4.96407e-14
5.16669e-14
2.97168e-14
4.143e-14
4.3193e-14
5.524e-14
5.524e-14
4.3193e-14
8.28249e-14
-1.33169e-14
2.46849e-14
1.33169e-14
1.33169e-14
1.72148e-14
0
0
0
0
0
0
0
0
0
0
0
0
3.81713e-14
-1.13803e-14
-2.1744e-15
1.86015e-14
-3.17206e-15
1.65962e-15
-1.89778e-14
3.53261e-14
-1.569e-14
-5.13426e-14
-7.38752e-15
-8.69356e-15
6.2001e-15
7.77015e-15
-2.74719e-14
-1.16145e-14
1.85401e-14
8.11977e-15
-2.19281e-14
4.62367e-14
4.62367e-14
-1.77897e-14
-4.33407e-14
6.9492e-15
6.9492e-15
1.29511e-14
1.34247e-14
5.06499e-14
4.04916e-14
1.01583e-14
-2.03166e-14
4.05624e-14
9.27857e-15
-1.56292e-14
1.44775e-15
-8.55681e-16
-2.30343e-15
7.08192e-14
2.41812e-14
-2.30316e-14
4.89372e-14
3.74214e-14
-1.15158e-14
-1.40068e-15
2.56931e-14
1.1651e-14
-1.27578e-14
-3.49402e-14
-1.01358e-14
-6.55527e-16
-2.24484e-15
-6.45627e-15
-8.70111e-15
-2.90037e-15
-1.67031e-14
5.99333e-15
-2.43989e-14
-2.43989e-14
-6.84457e-15
-1.19716e-14
-3.56301e-15
4.30408e-14
5.67939e-14
4.48223e-14
3.02988e-15
3.64663e-14
3.64663e-14
-1.70104e-14
-1.39806e-14
4.40939e-14
-4.47171e-14
-4.53404e-14
-4.53404e-14
-4.47171e-14
0
-3.52555e-14
-2.35037e-14
-2.35037e-14
-2.23286e-14
6.99501e-14
1.11852e-09
-5.38968e-14
2.52877e-14
0
6.22901e-14
6.22901e-14
6.22901e-14
9.78342e-14
-2.08448e-13
-2.50217e-14
-2.50217e-14
-2.50217e-14
-2.08448e-13
0
-4.47638e-14
-4.47638e-14
0
-4.47638e-14
4.20695e-15
-2.02662e-14
0
-3.55518e-14
5.33662e-14
5.33662e-14
-3.55518e-14
9.97916e-15
1.61773e-13
9.83944e-14
9.83944e-14
3.50157e-14
-9.15846e-14
-6.39705e-15
-6.60211e-05
-4.82262
-0.000273794
-31.7826
-0.000513855
-64.2384
-0.000341146
-33.9171
-1.37639e-10
0
2.59965e-14
-4.42709e-10
-9.36926e-14
-9.08721e-14
-8.65412e-10
4.19041e-14
-4.19222e-14
-2.29255e-09
1.1745e-12
1.28827e-13
-2.55058e-09
-4.23501e-12
-2.42882e-14
3.30612e-14
-1.69347e-14
-4.7333e-14
-5.83807e-14
4.16457e-11
2.06313e-12
1.27519e-13
9.86894e-15
-2.42005e-16
-5.29834e-14
-9.23112e-14
-3.6097e-14
1.32604e-14
3.7671e-14
1.05464e-14
-7.40977e-16
9.67402e-15
6.60487e-15
-1.41053e-14
5.63723e-14
1.1832e-14
-3.2474e-14
1.49317e-32
-8.18221e-14
6.85613e-14
-4.29711e-14
-6.09136e-14
-7.6142e-14
2.70823e-15
1.88838e-14
-1.16336e-14
1.55833e-14
-3.42312e-14
-4.37771e-14
3.92555e-14
7.47103e-14
-2.33941e-14
1.27769e-14
1.12896e-15
3.70925e-14
1.99278e-14
-2.36211e-14
1.40446e-14
4.21338e-14
3.60769e-15
1.54594e-14
4.68399e-15
2.5921e-15
2.13517e-14
9.11034e-15
-4.16445e-15
-4.16445e-15
2.31444e-15
7.70229e-16
5.55798e-14
-2.64901e-14
-2.64901e-14
-2.64901e-14
4.41502e-14
-8.00255e-14
-7.17175e-14
-8.00255e-14
-5.33503e-14
-4.32912e-14
5.76982e-14
7.02491e-14
7.02491e-14
7.02491e-14
3.18997e-14
-7.70378e-14
-7.70378e-14
-7.70378e-14
-7.70378e-14
-5.73189e-14
1.55344e-14
0
-2.39313e-15
-2.39313e-15
-2.39313e-15
-4.56184e-15
-5.76946e-16
-3.76066e-15
-5.76946e-16
1.30338e-15
-1.76678e-14
7.75347e-14
7.75347e-14
8.83391e-15
-6.38078e-14
-3.44688e-14
3.44688e-14
3.44688e-14
-3.44688e-14
1.72344e-14
-3.66869e-31
-6.46487e-14
-6.46487e-14
2.06164e-15
-3.23243e-14
-1.78523e-08
-8.76081e-09
7.43559e-08
3.22367e-07
3.88064e-07
-5.02645e-07
-4.82236e-07
-1.95801e-07
-2.39843e-08
8.25649e-06
1.12722e-05
1.49484e-05
1.91142e-05
2.30904e-05
6.4558e-06
1.23028e-05
1.84463e-05
2.50971e-05
3.25431e-05
-2.4526e-05
-2.27259e-05
-2.04279e-05
-1.74602e-05
-1.4342e-05
-0.000136767
-0.000121838
-0.000105475
-8.85887e-05
-7.13782e-05
-0.000122276
-0.000132387
-0.000142204
-0.000152364
-0.000164938
-0.000106962
-0.00010544
-0.000103915
-0.000102219
-0.000100489
-0.000173157
-0.00017026
-0.000167038
-0.000163417
-0.000159817
-3.82117e-05
-3.8216e-05
-3.81844e-05
-3.81558e-05
-3.81552e-05
-6.28316e-06
-6.48079e-06
-6.7386e-06
-6.92441e-06
-7.17285e-06
2.30951e-05
0.00203822
6.92765e-09
6.28216e-07
-1.8991e-10
-2.57132e-08
-7.99444e-14
-3.05323e-12
2.06466e-14
3.2046e-14
3.00339e-14
0
-2.95372e-14
4.29669e-14
1.54381e-14
1.54381e-14
4.22974e-14
1.69522e-14
1.12061e-14
-1.17043e-14
3.34239e-14
-1.05816e-14
2.03339e-14
-1.25183e-14
-1.31409e-14
-1.25183e-14
-7.19302e-15
4.81005e-14
-4.65721e-14
-9.31443e-14
-6.18415e-14
-4.65721e-14
-1.78444e-10
3.30594e-14
-5.70939e-10
3.59049e-14
-1.09941e-09
1.41414e-13
-2.84923e-09
2.19752e-12
-2.84679e-09
5.18741e-13
3.23433e-14
1.8491e-14
1.37046e-13
-3.03112e-14
4.16068e-11
2.04791e-12
3.03619e-14
5.71494e-14
2.74596e-14
-9.14999e-15
-5.34535e-14
2.14953e-14
1.44922e-13
-5.02255e-14
-6.14329e-14
-1.90588e-14
1.0829e-13
4.16328e-14
3.34816e-14
2.81887e-14
-3.54748e-14
-9.18087e-14
-4.12659e-14
-4.12659e-14
-4.12538e-14
6.88983e-14
6.41662e-14
2.71918e-14
9.92751e-15
-1.34842e-14
-2.91923e-14
-2.91923e-14
-9.75511e-15
1.87809e-14
0
0
3.93529e-14
4.08032e-14
-3.7088e-14
-1.12807e-15
-2.09483e-31
-2.59141e-14
1.1901e-14
9.75781e-15
-1.36208e-14
-2.45824e-14
7.63991e-15
2.37838e-14
2.62995e-14
9.11034e-15
-1.58e-15
-7.44296e-15
3.05693e-17
5.22593e-15
-5.29792e-14
-6.18091e-14
-6.18091e-14
-6.18091e-14
-6.18091e-14
-1.83665e-14
-2.66743e-14
-2.66743e-14
-2.66743e-14
-9.00816e-14
1.35974e-14
-1.96986e-14
3.19008e-14
3.19008e-14
3.19008e-14
1.04445e-13
8.47256e-14
2.55685e-14
2.55685e-14
2.55685e-14
-1.91277e-14
-2.39316e-15
-1.43414e-14
-2.39316e-15
-4.78632e-15
6.51691e-15
-3.91015e-15
-3.76066e-15
-3.8354e-15
1.30338e-15
-2.4058e-14
4.66116e-14
4.66116e-14
4.66116e-14
-2.4058e-14
3.14406e-14
-5.17004e-14
-5.17004e-14
-8.31411e-14
3.14406e-14
6.67136e-14
1.01099e-13
1.01099e-13
1.65756e-13
6.67136e-14
-1.80021e-08
-8.62861e-09
7.43865e-08
3.21871e-07
3.8754e-07
-5.02924e-07
-4.83084e-07
-1.9573e-07
-2.39887e-08
8.54548e-06
1.19553e-05
1.56378e-05
1.95437e-05
2.34467e-05
6.21535e-06
1.19173e-05
1.8072e-05
2.4736e-05
3.21968e-05
-2.44798e-05
-2.24946e-05
-2.01476e-05
-1.74694e-05
-1.46709e-05
-0.000136575
-0.000121865
-0.000105526
-8.83782e-05
-7.08623e-05
-0.000122133
-0.000132211
-0.000142033
-0.000152459
-0.000165087
-0.000106959
-0.000105445
-0.000103944
-0.000102249
-0.000100438
-0.000173245
-0.000170338
-0.000167117
-0.000163368
-0.00015984
-3.82073e-05
-3.82028e-05
-3.81571e-05
-3.81413e-05
-3.81544e-05
-6.28307e-06
-6.48212e-06
-6.73933e-06
-6.92433e-06
-7.17272e-06
7.25096e-15
1.49638e-14
5.2402e-15
-9.79723e-15
1.58546e-14
-1.24388e-14
6.49474e-14
-6.47693e-14
3.13303e-14
-2.29197e-15
3.16105e-14
-4.68786e-15
1.43619e-14
-1.74932e-15
-1.00586e-14
-1.00586e-14
-9.59795e-15
-7.92796e-15
2.07709e-14
-2.30966e-14
-2.30966e-14
0
-6.31891e-14
-3.31137e-14
-2.6582e-14
-2.6582e-14
-3.31137e-14
6.47156e-14
-7.20259e-14
-5.10533e-14
-3.40355e-14
-7.71792e-14
-1.74923e-14
1.09653e-13
1.13609e-13
7.89327e-14
3.07202e-14
6.63404e-14
-7.31563e-14
-2.0084e-14
-7.31563e-14
7.96085e-14
-3.2885e-14
-1.06186e-13
-1.06186e-13
-1.36631e-13
-9.79484e-15
-1.1537e-14
6.92221e-14
1.7474e-14
6.3622e-14
5.57061e-14
-4.54428e-15
7.69049e-14
8.93148e-14
8.93148e-14
6.11513e-16
-6.54904e-15
4.58433e-14
5.58854e-14
5.58854e-14
3.62383e-14
1.03719e-14
-2.6178e-14
-4.52759e-14
-4.92274e-14
-2.45322e-14
-2.2138e-15
-5.25659e-15
-6.10912e-15
-1.21947e-14
-2.01267e-14
7.25096e-15
3.22862e-14
2.9391e-14
-1.95942e-14
-2.60068e-14
6.9521e-14
-4.99905e-14
-3.46102e-14
4.40583e-14
3.69996e-14
-1.96328e-14
-4.34557e-16
7.34129e-15
-1.74932e-15
-6.55996e-15
-1.40179e-14
-6.0993e-15
-7.92796e-15
1.63833e-15
-1.91326e-14
-2.22774e-14
-4.22291e-14
-3.03954e-15
6.53132e-15
3.66006e-14
7.57886e-14
2.30858e-14
4.65101e-14
-8.5104e-15
5.10624e-14
3.95803e-15
5.16568e-14
2.31172e-14
7.13294e-14
-6.34178e-14
-6.73736e-14
-1.15586e-14
6.98393e-14
8.60606e-14
3.35339e-14
7.96085e-14
7.96085e-14
-9.62026e-15
-1.03393e-13
-5.02102e-14
-5.02102e-14
9.97174e-15
1.15367e-14
-9.55867e-15
-9.78964e-14
-9.39403e-14
9.55867e-15
-2.15001e-14
4.23935e-14
6.84363e-14
1.24148e-14
2.93722e-14
-6.54873e-15
-4.93328e-14
-3.05701e-15
4.32188e-14
-6.5922e-14
-4.77435e-15
4.77435e-15
-4.77435e-15
-2.38718e-14
-4.85666e-14
7.44683e-15
9.6842e-15
-5.25659e-15
-6.15624e-15
2.28448e-15
1.51355e-14
-5.32886e-14
-4.6801e-15
-5.23347e-14
-2.0518e-15
-2.0518e-15
-2.0518e-15
-2.80505e-14
1.50777e-14
-1.81784e-14
-1.80572e-14
-1.79377e-14
-3.56394e-14
2.44404e-14
-7.33213e-14
-2.75605e-14
-2.75605e-14
-6.24013e-15
6.6021e-05
4.82262
0.000273788
31.7824
0.000504646
64.2387
0.000305502
29.2688
1.28751e-10
4.95212e-14
2.41227e-14
4.4218e-10
4.68463e-14
4.54361e-14
8.65454e-10
0
0
2.29251e-09
-1.1745e-12
-8.58849e-14
2.55054e-09
4.23501e-12
4.85763e-14
5.28139e-14
8.22333e-15
2.69386e-14
1.26509e-13
-4.16457e-11
-2.06954e-12
-8.13661e-14
-8.27643e-15
-1.26449e-13
-4.59711e-15
1.92617e-15
-2.58824e-14
-2.61781e-14
-4.35817e-14
-6.84655e-14
-6.84655e-14
-1.76639e-14
0
2.50764e-14
2.32748e-14
-6.48685e-14
5.05803e-14
7.35688e-14
7.35688e-14
-6.85613e-14
3.8062e-14
2.71926e-14
3.3721e-14
4.2414e-14
4.04772e-15
-4.28003e-14
-4.28003e-14
-2.44767e-14
8.75541e-15
-1.96277e-14
-4.30561e-14
3.98792e-14
-2.80278e-14
-2.4352e-14
-3.70925e-14
-9.96389e-15
1.49819e-14
-2.59454e-14
-2.14379e-15
-2.36351e-14
6.33731e-15
-1.23239e-14
-9.36797e-15
5.67096e-15
-9.11034e-15
6.94074e-15
6.94074e-15
-8.10053e-15
2.93816e-15
-5.22682e-14
4.50275e-14
4.50275e-14
4.50275e-14
1.25956e-14
5.33503e-14
4.50423e-14
4.50423e-14
4.50423e-14
0
-7.02491e-14
-7.02491e-14
-1.8652e-14
-7.02491e-14
-1.96973e-14
1.42043e-13
1.16475e-13
1.16475e-13
1.16475e-13
6.71783e-14
-3.22696e-14
0
-2.8684e-14
2.39313e-15
0
3.91015e-15
5.76946e-16
5.76946e-16
-1.45287e-15
-5.86522e-15
9.70574e-14
-2.02203e-14
4.44847e-14
4.44847e-14
3.80996e-14
-1.72344e-14
-1.23658e-13
-1.09441e-13
-3.74859e-14
-3.74859e-14
-3.06985e-31
1.29297e-13
6.46487e-14
6.46487e-14
-2.06164e-15
2.62363e-08
8.76973e-09
-7.43585e-08
-3.22367e-07
-3.88064e-07
5.02645e-07
4.82236e-07
1.95801e-07
2.39843e-08
-1.16061e-05
-1.46133e-05
-1.82988e-05
-2.24705e-05
-2.64052e-05
-6.39373e-06
-1.22144e-05
-1.83251e-05
-2.49399e-05
-3.23549e-05
2.45256e-05
2.27255e-05
2.04274e-05
1.74596e-05
1.43414e-05
0.000136767
0.000121838
0.000105475
8.85887e-05
7.13782e-05
0.000122276
0.000132387
0.000142204
0.000152364
0.000164938
0.000106962
0.00010544
0.000103915
0.000102219
0.000100489
0.000173157
0.00017026
0.000167038
0.000163417
0.000159817
3.82117e-05
3.8216e-05
3.81844e-05
3.81558e-05
3.81552e-05
6.28316e-06
6.48079e-06
6.7386e-06
6.92441e-06
7.17285e-06
-2.30951e-05
-0.00203822
-6.9276e-09
-6.28216e-07
1.89926e-10
2.57128e-08
6.18349e-14
2.92006e-12
-5.18676e-14
-8.01149e-15
-9.85565e-15
-1.14629e-15
2.95372e-14
-1.47686e-14
-4.29669e-14
-4.29669e-14
-4.22974e-14
-1.69522e-14
-3.36184e-14
-1.06429e-14
-3.34239e-14
3.28001e-14
3.1607e-14
1.25183e-14
1.31409e-14
1.31409e-14
7.19302e-15
-1.12235e-13
1.60335e-14
7.7875e-14
4.65721e-14
4.81005e-14
1.66842e-10
3.2716e-14
5.70346e-10
-1.07715e-13
1.09947e-09
-1.13131e-13
2.84932e-09
-2.24636e-12
2.84667e-09
-5.18741e-13
2.02733e-15
-8.30918e-14
-1.40134e-13
-4.75906e-14
-4.1594e-11
-2.0518e-12
-3.85235e-14
-1.16571e-13
-6.06267e-14
5.2417e-14
4.79102e-14
-3.45082e-14
-1.19439e-13
-1.41151e-14
6.14329e-14
7.1979e-14
-8.6632e-14
1.75141e-14
-2.17973e-14
1.27832e-14
8.24468e-16
-4.68336e-14
3.22999e-14
-7.12781e-16
2.21331e-14
5.81559e-14
-7.61317e-14
-3.91573e-14
1.2633e-14
2.09031e-14
2.91923e-14
2.91923e-14
6.65392e-32
-1.27024e-15
3.92541e-14
0
-3.93529e-14
-3.83294e-14
2.25614e-15
2.25614e-15
0
1.72761e-14
3.54537e-32
2.14322e-15
1.80339e-15
1.68523e-14
-7.63991e-15
-2.20557e-14
-2.94966e-14
-9.11034e-15
-1.1963e-15
1.89037e-15
2.73311e-15
-1.75725e-15
6.48625e-14
1.29725e-13
1.29725e-13
1.29725e-13
4.50266e-14
8.30773e-15
-2.66743e-14
-2.66743e-14
2.66743e-14
6.16562e-14
-3.93971e-14
-3.19008e-14
-6.79872e-15
1.96986e-14
-1.35974e-14
-1.04445e-13
-2.55685e-14
-1.04445e-13
-8.47256e-14
-6.50066e-14
1.55424e-14
2.39316e-15
1.67346e-14
2.39316e-15
1.91277e-14
3.91015e-15
3.91015e-15
3.91015e-15
3.91015e-15
-6.51691e-15
2.83077e-14
3.46954e-14
3.46954e-14
4.04396e-14
3.40519e-14
-3.44669e-14
-5.47267e-14
1.42072e-14
1.42072e-14
8.31411e-14
-2.05702e-15
-9.9042e-14
-1.65756e-13
-1.65756e-13
-1.33427e-13
2.63723e-08
8.63745e-09
-7.4389e-08
-3.21871e-07
-3.8754e-07
5.02924e-07
4.83084e-07
1.9573e-07
2.39887e-08
-1.18798e-05
-1.52642e-05
-1.89557e-05
-2.28784e-05
-2.6743e-05
-6.15452e-06
-1.18307e-05
-1.79526e-05
-2.45805e-05
-3.20101e-05
2.44794e-05
2.24942e-05
2.01471e-05
1.74688e-05
1.46703e-05
0.000136575
0.000121865
0.000105526
8.83782e-05
7.08623e-05
0.000122133
0.000132211
0.000142033
0.000152459
0.000165087
0.000106959
0.000105445
0.000103944
0.000102249
0.000100438
0.000173245
0.000170338
0.000167117
0.000163368
0.00015984
3.82073e-05
3.82028e-05
3.81571e-05
3.81413e-05
3.81544e-05
6.28307e-06
6.48212e-06
6.73933e-06
6.92433e-06
7.17272e-06
-1.70559e-14
-4.30483e-14
2.48352e-14
1.95945e-14
2.6007e-14
-6.97938e-14
1.48248e-14
-5.76008e-14
3.9064e-14
-3.47103e-14
3.28449e-14
-4.82203e-15
-7.36462e-15
-5.24797e-15
3.06132e-15
3.06132e-15
2.60065e-15
-3.96398e-15
-2.07709e-14
2.30966e-14
2.30966e-14
0
1.70121e-14
3.31137e-14
3.96453e-14
3.96453e-14
3.31137e-14
-1.11814e-13
3.00807e-14
5.10533e-14
5.10533e-14
7.71792e-14
1.35365e-14
-1.09653e-13
-1.13609e-13
-8.65355e-14
-3.07202e-14
3.98042e-14
6.61585e-14
7.31563e-14
7.31563e-14
-2.65362e-14
2.29135e-14
5.30048e-14
7.97722e-14
7.97722e-14
-5.33581e-14
-3.4611e-14
-8.83381e-14
-8.27381e-14
-8.27381e-14
-1.11412e-13
2.14984e-14
-3.21218e-31
-5.54066e-14
-5.54066e-14
3.32967e-14
-3.97313e-14
-1.00421e-14
-5.58854e-14
-5.58854e-14
-2.35487e-31
-2.38724e-14
-1.20177e-14
4.92274e-14
4.92274e-14
2.14036e-14
9.22259e-15
5.25659e-15
5.18591e-15
1.31179e-14
1.40411e-14
-1.70559e-14
7.69021e-15
-4.44256e-14
0
-5.20136e-14
5.01645e-14
9.00093e-14
3.46102e-14
-1.17415e-13
-3.69996e-14
1.66693e-14
5.301e-17
-1.43619e-14
4.13996e-16
6.1693e-15
6.1693e-15
8.74662e-15
1.35303e-14
-2.07709e-14
2.30966e-14
0
2.30966e-14
4.9211e-14
-6.53132e-15
-1.00231e-14
-2.96171e-14
2.00462e-14
-9.36144e-14
8.5104e-15
-1.28845e-13
-5.10624e-14
-6.47195e-14
-1.91614e-14
-7.13294e-14
6.34178e-14
6.34178e-14
1.15586e-14
-6.27029e-15
-8.60606e-14
-2.65362e-14
-2.65362e-14
-7.96085e-14
9.62026e-15
1.03393e-13
5.02102e-14
5.02102e-14
-9.97174e-15
-1.15367e-14
6.52643e-14
9.39403e-14
1.51624e-13
4.61469e-14
2.15001e-14
-3.78509e-14
1.7564e-14
-4.23935e-14
-3.93605e-15
6.54873e-15
3.92924e-14
-3.36131e-14
-3.36131e-14
3.92924e-14
4.77435e-15
-4.77435e-15
-1.82744e-14
4.77435e-15
2.55178e-14
-7.44683e-15
-9.6842e-15
5.25659e-15
6.15624e-15
-2.28448e-15
-2.71932e-14
7.69622e-16
-4.56308e-14
3.62576e-14
4.82311e-14
4.82311e-14
4.82311e-14
0
0
3.63568e-14
0
0
1.78197e-14
-7.33213e-14
-4.88809e-14
2.75605e-14
6.24013e-15
2.75605e-14
0
0
0
0
0
0
0
0
0
0
0
0
-1.07614e-14
-1.30448e-14
3.83742e-15
1.10438e-15
9.49802e-15
-1.66163e-15
-2.28439e-14
-9.63804e-15
1.59502e-16
-3.61102e-17
5.91003e-15
1.90976e-15
1.3841e-15
-1.70797e-14
2.62873e-14
0
-7.44032e-14
1.2769e-14
-2.92453e-14
-1.35811e-14
-1.35811e-14
2.99256e-15
3.25056e-14
-6.9492e-15
-6.9492e-15
-1.34247e-14
-1.34247e-14
-1.5202e-14
-2.02458e-14
-1.5202e-14
-1.01583e-14
-1.5202e-14
-9.27857e-15
-1.44775e-15
8.55681e-16
-1.44775e-15
1.01343e-14
-2.72039e-14
-4.72128e-14
-3.62718e-14
-6.10278e-14
-7.1394e-14
1.15158e-14
-1.82511e-15
-2.56931e-14
-4.25954e-14
-4.1065e-15
5.71429e-14
6.52223e-14
1.12242e-15
2.24484e-15
4.48969e-15
1.77795e-15
4.48969e-15
2.26965e-14
4.25619e-16
6.84457e-15
1.24123e-14
6.84457e-15
1.55346e-14
-1.37531e-14
-4.30408e-14
-1.37531e-14
-1.37531e-14
5.47534e-15
-2.24858e-14
-5.47534e-15
-2.24858e-14
-2.24858e-14
-4.40939e-14
4.53404e-14
7.55673e-14
4.53404e-14
4.53404e-14
1.17518e-14
2.35037e-14
4.81824e-14
4.81824e-14
2.23286e-14
-1.59494e-15
-1.46023e-15
-5.93992e-11
-1.30677e-16
1.05676e-09
4.6892e-11
-4.37266e-15
1.98973e-15
-6.22864e-15
9.30957e-15
-3.94309e-14
1.25921e-15
4.64745e-14
3.52527e-14
4.7646e-14
0
0
0
0
0
0
0
0
7.37646e-14
-1.91748e-14
1.01065e-14
1.0511e-14
1.6328e-14
6.80586e-14
4.44749e-14
-1.08353e-14
7.42214e-15
-1.06336e-14
2.7898e-15
7.42214e-15
3.04045e-14
1.52023e-14
-1.52023e-14
-4.05631e-14
-4.05631e-14
1.50681e-14
1.44761e-15
-4.34282e-15
-4.34282e-15
1.44761e-15
-9.83291e-16
8.99e-15
1.03146e-14
-1.27588e-14
3.1152e-14
1.16797e-14
-1.77795e-15
-4.48969e-15
-6.73453e-15
-7.20142e-15
-4.48969e-15
-4.29086e-15
1.71288e-14
-1.27686e-15
-6.84458e-15
1.62775e-14
-4.12582e-14
1.78146e-15
4.83841e-14
4.66026e-14
1.73157e-14
-3.64674e-14
5.04482e-14
2.79615e-14
2.79615e-14
2.79615e-14
4.55883e-14
-3.37692e-14
-6.55122e-14
-6.75384e-14
-3.37692e-14
-3.9667e-14
-7.0813e-14
-8.286e-14
-8.286e-14
-1.5573e-14
-1.70519e-14
1.33169e-14
1.52659e-14
-1.33169e-14
-1.33169e-14
-1.72148e-14
)
;
    }
    patch2
    {
        type            calculated;
        value           nonuniform List<scalar> 
348
(
0
0
6.26814e-14
-1.03218e-13
2.95958e-14
0
0
0
-4.43965e-14
0
-6.26814e-14
2.06435e-13
-2.95958e-14
0
0
-3.44059e-14
2.95976e-14
0
2.42638e-14
-8.48145e-14
0
0
5.18914e-14
-1.54808e-13
-8.58534e-14
0
1.36804e-14
9.62985e-14
5.08808e-14
0
2.13199e-14
-5.3353e-14
-2.41833e-14
0
0
-1.96689e-14
7.30148e-14
-8.59348e-14
-2.69437e-14
-1.84084e-14
2.00983e-14
0
-1.44743e-14
5.97005e-14
0
4.34735e-14
-4.95333e-14
-5.63501e-14
-1.837e-14
9.21e-14
8.32211e-14
-2.37182e-14
-2.45602e-14
1.20212e-13
0
6.01464e-14
-2.00466e-14
-4.01535e-14
-4.00211e-14
2.70321e-14
0
-5.4095e-14
-8.1135e-14
1.3544e-14
8.09925e-14
-1.93236e-14
0
-3.87106e-14
-6.27473e-14
1.94039e-14
-3.13e-14
0
-3.11782e-14
4.04005e-14
5.57599e-14
-8.97057e-15
-3.02749e-14
4.51135e-14
0
0
0
-8.01278e-14
6.0185e-14
-1.35258e-14
5.40665e-14
-4.04324e-14
2.71261e-14
-1.35133e-13
2.70659e-14
8.01414e-14
0
-6.01449e-14
-4.00908e-14
2.00771e-14
8.00432e-14
2.70321e-14
-2.70504e-14
2.7047e-14
4.05689e-14
-1.35439e-14
8.09925e-14
-9.6618e-15
0
0
-3.13737e-14
0
3.12992e-14
-1.94727e-14
0
2.01998e-14
1.8891e-14
3.588e-14
6.57491e-14
-1.00252e-14
0
3.99624e-14
-6.03175e-14
4.00631e-14
0
1.01445e-14
0
6.73909e-14
-5.42513e-14
2.70265e-14
1.08263e-13
6.01741e-14
-1.27225e-13
8.68624e-14
-3.24083e-14
0
2.71292e-14
0
4.86036e-14
4.925e-14
2.40738e-14
-3.56394e-14
2.132e-14
0
-1.45725e-13
0
-5.81802e-14
-2.43387e-14
-1.31762e-13
-5.38865e-14
7.36329e-14
-4.01948e-14
6.66881e-14
-4.34236e-14
-8.95496e-14
3.63401e-14
-2.35963e-14
4.95329e-14
4.22634e-14
3.36784e-14
-9.97714e-14
-3.12072e-14
0
-4.91216e-14
6.79385e-15
0
7.23829e-15
0
-5.18914e-14
1.54808e-13
8.58534e-14
-2.43006e-14
1.09443e-14
-9.62985e-14
-5.08808e-14
2.7258e-14
0
5.3353e-14
2.41833e-14
3.64305e-14
0
5.90067e-14
-9.7353e-14
8.59348e-14
2.69437e-14
-5.52252e-14
2.00983e-14
3.33434e-14
-2.89487e-14
0
0
-4.34735e-14
0
2.8175e-14
-1.53084e-14
-9.21e-14
-4.16105e-14
2.37182e-14
2.45602e-14
-4.00707e-14
0
-6.01464e-14
2.00466e-14
2.00768e-14
4.00211e-14
-2.70321e-14
0
5.4095e-14
8.1135e-14
-1.3544e-14
-2.69975e-14
9.6618e-15
-3.14052e-14
1.93553e-14
6.27473e-14
-1.94039e-14
3.13e-14
0
0
0
-3.71733e-14
-2.69117e-14
3.02749e-14
-1.00252e-14
-3.00551e-14
3.99639e-14
0
1.0016e-13
-4.01233e-14
-5.07217e-14
-1.08133e-13
9.43422e-14
0
8.108e-14
2.70659e-14
-8.01414e-14
-4.00994e-14
1.00241e-13
4.00908e-14
0
-8.00432e-14
0
2.70504e-14
5.40941e-14
-4.05689e-14
1.35439e-14
-8.09925e-14
5.79708e-14
0
-5.80673e-14
1.25495e-13
0
-3.12992e-14
1.94727e-14
0
-2.01998e-14
-5.66729e-14
-3.588e-14
-3.28745e-14
1.00252e-14
2.00364e-14
-7.99249e-14
2.01058e-14
-4.00631e-14
4.0125e-14
-1.01445e-14
5.40667e-14
-2.69563e-14
0
-5.4053e-14
-1.08263e-13
-2.8146e-14
4.24084e-14
-5.79083e-14
8.10208e-14
0
0
0
-4.86036e-14
-4.925e-14
0
1.78197e-14
-2.132e-14
0
1.09294e-13
0
5.81802e-14
2.43387e-14
1.31762e-13
5.38865e-14
-1.10449e-13
2.00974e-14
-1.00032e-13
-1.44745e-14
8.95496e-14
-3.63401e-14
2.83156e-14
-2.47665e-14
-4.22634e-14
-9.18502e-15
3.83736e-14
3.12072e-14
0
4.91216e-14
0
-2.66803e-14
0
4.12499e-14
-9.36926e-14
-9.08721e-14
-7.23333e-14
-8.38081e-14
0
3.49096e-14
-4.19466e-14
1.28827e-13
-3.25623e-14
6.61721e-14
0
0
1.02901e-14
6.14198e-14
0
5.1989e-14
-5.65657e-14
-1.4391e-13
1.46502e-13
7.64186e-14
-7.78111e-14
0
4.95212e-14
-2.41227e-14
-8.24997e-14
9.36926e-14
4.54361e-14
7.23333e-14
8.38081e-14
4.19222e-14
-3.49096e-14
4.19466e-14
-1.28827e-13
6.51246e-14
-6.61721e-14
-2.42882e-14
0
3.2716e-14
-9.21297e-14
0
-5.1989e-14
2.82829e-14
9.59401e-14
-9.76678e-14
-3.82093e-14
7.78111e-14
)
;
    }
    patch3
    {
        type            calculated;
        value           nonuniform List<scalar> 
96
(
-3.0053e-14
3.00745e-14
6.01464e-14
1.2028e-13
1.50576e-14
-9.00475e-14
4.05481e-14
-2.02878e-14
4.05712e-14
0
1.0158e-14
-1.26551e-14
6.39108e-14
1.05193e-13
-2.99729e-14
-3.01579e-14
-9.01438e-14
3.00925e-14
6.34021e-14
-5.06874e-14
8.08648e-14
2.03446e-14
2.027e-14
-1.01497e-13
0
-3.00745e-14
0
-3.00681e-14
-1.50578e-14
0
4.05481e-14
0
0
0
-3.04738e-14
7.33995e-14
-7.51891e-14
9.01639e-14
5.99437e-14
-3.01588e-14
-1.50237e-13
9.02812e-14
-4.81862e-14
-4.055e-14
1.01086e-13
2.03443e-14
-6.08096e-14
-1.21796e-13
-3.0053e-14
-1.20298e-13
0
-6.014e-14
3.01152e-14
0
0
0
4.05712e-14
0
3.0474e-14
-6.83374e-14
2.63162e-14
-7.51378e-14
0
0
3.00479e-14
-6.0185e-14
1.77526e-14
-5.06874e-14
0
-4.06892e-14
-2.027e-14
1.21796e-13
3.0053e-14
3.00745e-14
3.00724e-14
-3.00681e-14
0
3.00162e-14
0
1.01439e-13
-4.05706e-14
0
-6.09475e-14
4.30273e-14
3.75946e-15
-6.01093e-14
-8.99155e-14
9.04763e-14
9.0142e-14
-6.01874e-14
8.62279e-14
4.055e-14
-2.02173e-13
-2.03443e-14
4.05398e-14
6.08982e-14
)
;
    }
    patch4
    {
        type            calculated;
        value           nonuniform List<scalar> 
384
(
-108.3
-259.91
-300.536
-304.109
-243.848
-221.126
-191.613
-74.0849
-120.588
-282.019
-279.665
-114.079
97.6917
259.911
300.536
304.109
243.848
221.126
191.613
63.2748
110.009
282.019
279.665
103.441
-489.822
-652.499
-430.942
-553.426
-489.822
-652.499
-430.942
-553.426
489.822
652.499
430.942
553.426
489.822
652.499
430.942
553.426
-569.291
-948.108
569.284
948.108
-362.863
-367.504
-607.364
-608.237
362.851
367.504
607.364
608.237
-569.284
-948.108
569.291
948.108
-120.74
-118.055
-283.126
-279.177
-447.131
-682.798
-116.665
-114.21
-264.434
-249.286
-120.713
-118.016
-283.119
-279.205
-447.131
-682.798
-116.632
-114.17
-264.459
-249.289
110.41
107.768
283.126
279.177
447.131
682.798
106.414
104.183
264.434
249.286
110.386
107.731
283.119
279.205
447.131
682.798
106.384
104.146
264.459
249.289
-362.851
-367.504
-607.364
-608.237
362.863
367.504
607.364
608.237
-0.00530775
-0.00482319
-0.00530754
-0.00482343
0.00530775
0.00482319
0.00530754
0.00482343
-0.00150347
-55.8468
-0.00463074
-112.081
-0.00127733
-0.00692193
-155.519
-264.771
0.00025835
-0.00338404
0.000243475
-0.00349718
-0.00570577
-0.00325332
-0.0100871
-0.00329025
-0.00150327
-55.8289
-0.00463085
-112.084
-0.00127731
-0.00692193
-155.52
-264.771
0.000258344
-0.00338399
0.00024347
-0.00349717
-0.00570574
-0.00325315
-0.0100872
-0.00329046
0.00149325
51.0395
0.0045045
112.081
0.00128762
0.00689424
155.519
264.771
-0.00025835
0.00338404
-0.000243474
0.00349718
0.00570577
0.00325332
0.0100871
0.00329025
0.00149307
51.0232
0.00450461
112.084
0.0012876
0.00689424
155.52
264.771
-0.000258344
0.00338399
-0.00024347
0.00349717
0.00570574
0.00325315
0.0100872
0.00329046
-0.000966385
-0.00164551
-0.00391945
-0.00545264
-0.00194198
-0.00578029
0.000298573
-0.000966305
-0.00164572
-0.00391946
-0.0054522
-0.00194202
-0.00578058
0.000298729
0.00099511
0.00162467
0.00379945
0.00530893
0.00195363
0.0057917
-0.000298573
0.000995033
0.00162486
0.00379946
0.00530849
0.00195367
0.00579199
-0.000298728
-31.8992
-100.318
-171.773
-244.809
-323.594
-413.308
-379.663
-428.984
-440.842
-31.898
-100.302
-171.805
-244.807
-323.608
-413.306
-379.66
-428.983
-440.85
29.1462
100.318
171.773
244.809
323.594
413.308
379.663
428.984
440.842
29.1451
100.302
171.805
244.807
323.608
413.306
379.66
428.983
440.85
-31.8994
-100.318
-171.774
-244.81
-323.596
-413.308
-379.664
-428.987
-440.844
-31.8961
-100.305
-171.806
-244.807
-323.607
-413.305
-379.662
-428.985
-440.852
29.1463
100.318
171.774
244.81
323.596
413.308
379.664
428.987
440.844
29.1433
100.305
171.806
244.807
323.607
413.305
379.662
428.985
440.852
-31.8992
-100.318
-171.773
-244.809
-323.594
-413.307
-379.664
-428.981
-440.84
-31.8959
-100.304
-171.805
-244.805
-323.605
-413.304
-379.662
-428.979
-440.848
29.1462
100.318
171.773
244.809
323.594
413.307
379.664
428.981
440.84
29.1432
100.304
171.805
244.805
323.605
413.304
379.662
428.979
440.848
-31.899
-100.317
-171.772
-244.808
-323.592
-413.307
-379.662
-428.982
-440.84
-31.8957
-100.303
-171.804
-244.804
-323.603
-413.304
-379.66
-428.981
-440.848
29.146
100.317
171.772
244.808
323.592
413.307
379.662
428.982
440.84
29.143
100.304
171.804
244.804
323.603
413.304
379.66
428.981
440.848
-31.8994
-100.318
-171.774
-244.81
-323.596
-413.306
-379.662
-428.983
-440.842
-31.8961
-100.305
-171.806
-244.806
-323.607
-413.303
-379.66
-428.982
-440.85
29.1463
100.318
171.774
244.81
323.596
413.306
379.662
428.983
440.842
29.1433
100.305
171.806
244.806
323.607
413.303
379.66
428.982
440.85
)
;
    }
}


// ************************************************************************* //
