-0.020819948 -0.039626856 0.046156398 0.013241964 0.04327909 
-0.020819948 -0.039626855 0.046200391 0.013070802 0.042844849 
-0.020819948 -0.039626856 0.046406302 0.014584816 0.042394202 
-0.020819948 -0.039626857 0.046795913 0.01723148 0.045911338 
-0.020819948 -0.039626855 0.047056174 0.019039038 0.04486326 
-0.020819948 -0.039626851 0.047298263 0.019796542 0.04320057 
-0.020819948 -0.039626846 0.047429588 0.019041419 0.03810551 
-0.020819948 -0.039626842 0.047465374 0.018632883 0.030628118 
-0.020819948 -0.039626841 0.047461477 0.019137871 0.024367566 
-0.020819948 -0.039626841 0.047338648 0.019368957 0.018572006 
-0.020819948 -0.039626855 0.046200391 0.013070802 0.042844849 
-0.020819948 -0.039626858 0.046365407 0.014599065 0.045359343 
-0.020819948 -0.039626857 0.046414268 0.015041624 0.040938163 
-0.020819948 -0.039626856 0.046742168 0.017148543 0.042735746 
-0.020819948 -0.039626853 0.046927225 0.018581754 0.039600573 
-0.020819948 -0.039626849 0.047122111 0.019009499 0.036240238 
-0.020819948 -0.039626844 0.047197835 0.018256993 0.029255927 
-0.020819948 -0.039626841 0.047260219 0.017721568 0.02260371 
-0.020819948 -0.03962684 0.047302175 0.018164212 0.018018245 
-0.020819948 -0.03962684 0.04721232 0.018189937 0.013057468 
-0.020819948 -0.039626856 0.046406302 0.014584816 0.042394202 
-0.020819948 -0.039626857 0.046414268 0.015041624 0.040938164 
-0.020819948 -0.039626855 0.046492304 0.01583069 0.038110586 
-0.020819948 -0.039626852 0.046685968 0.016927697 0.036180053 
-0.020819948 -0.039626847 0.04667224 0.016466414 0.026791357 
-0.020819948 -0.039626842 0.046768665 0.016050115 0.020398513 
-0.020819948 -0.03962684 0.046932039 0.015948428 0.01630818 
-0.020819948 -0.039626836 0.047001949 0.015318577 0.010347249 
-0.020819948 -0.039626835 0.047062566 0.015378785 0.0063700254 
-0.020819948 -0.039626835 0.047053699 0.015503155 0.0034672589 
-0.020819948 -0.039626857 0.046795913 0.017231478 0.045911337 
-0.020819948 -0.039626856 0.046742168 0.017148542 0.042735746 
-0.020819948 -0.039626852 0.046685967 0.016927697 0.036180053 
-0.020819948 -0.039626848 0.046649119 0.016320255 0.027502889 
-0.020819948 -0.039626842 0.046601484 0.014941325 0.017028089 
-0.020819948 -0.039626837 0.046681438 0.013984213 0.010500297 
-0.020819948 -0.039626833 0.046767287 0.013431607 0.0045604173 
-0.020819948 -0.039626829 0.046818611 0.012529194 -0.0018239164 
-0.020819948 -0.039626828 0.046926938 0.012427821 -0.0045082375 
-0.020819948 -0.039626829 0.046990627 0.013081829 -0.0051299824 
-0.020819948 -0.039626855 0.047056174 0.019039035 0.044863257 
-0.020819948 -0.039626853 0.046927225 0.018581751 0.039600571 
-0.020819948 -0.039626847 0.04667224 0.016466413 0.026791356 
-0.020819948 -0.039626842 0.046601484 0.014941324 0.01702809 
-0.020819948 -0.039626837 0.046559479 0.013318078 0.0072843243 
-0.020819948 -0.039626831 0.0465677 0.011957382 -0.00081688911 
-0.020819948 -0.039626826 0.046617288 0.010924467 -0.0077838729 
-0.020819947 -0.039626822 0.046635356 0.009625179 -0.015239686 
-0.020819948 -0.039626822 0.046831327 0.0099383679 -0.015300182 
-0.020819948 -0.039626823 0.046917029 0.010324132 -0.014975228 
-0.020819948 -0.039626851 0.047298263 0.019796539 0.043200568 
-0.020819948 -0.039626849 0.047122111 0.019009496 0.036240236 
-0.020819948 -0.039626842 0.046768665 0.016050113 0.020398513 
-0.020819948 -0.039626837 0.046681438 0.013984211 0.010500297 
-0.020819948 -0.039626831 0.0465677 0.011957381 -0.00081688957 
-0.020819948 -0.039626825 0.046570985 0.0103346 -0.0089937882 
-0.020819947 -0.039626819 0.046598907 0.0087005176 -0.016964817 
-0.020819947 -0.039626816 0.04658677 0.0071865247 -0.025216106 
-0.020819947 -0.039626815 0.046676916 0.0067895324 -0.027899889 
-0.020819947 -0.039626815 0.046706645 0.0068161467 -0.028651511 
-0.020819948 -0.039626846 0.047429588 0.019041416 0.03810551 
-0.020819948 -0.039626844 0.047197835 0.018256989 0.029255926 
-0.020819948 -0.03962684 0.046932039 0.015948425 0.01630818 
-0.020819948 -0.039626833 0.046767287 0.013431605 0.0045604185 
-0.020819948 -0.039626826 0.046617288 0.010924464 -0.0077838719 
-0.020819947 -0.039626819 0.046598907 0.0087005167 -0.016964818 
-0.020819947 -0.039626814 0.046649744 0.0067799089 -0.024470588 
-0.020819947 -0.039626811 0.046541816 0.0046754175 -0.034811175 
-0.020819947 -0.039626809 0.046442722 0.003379435 -0.042035418 
-0.020819947 -0.039626809 0.046420807 0.0031834947 -0.04393952 
-0.020819948 -0.039626842 0.047465374 0.018632879 0.030628118 
-0.020819948 -0.039626841 0.047260218 0.017721564 0.022603711 
-0.020819948 -0.039626836 0.047001949 0.015318573 0.010347249 
-0.020819948 -0.039626829 0.04681861 0.012529191 -0.0018239156 
-0.020819947 -0.039626822 0.046635356 0.0096251761 -0.015239686 
-0.020819947 -0.039626816 0.04658677 0.0071865223 -0.025216104 
-0.020819947 -0.039626811 0.046541816 0.0046754166 -0.034811174 
-0.020819947 -0.039626805 0.046294936 0.0015618924 -0.04829579 
-0.020819947 -0.039626802 0.046090934 -0.0004614637 -0.057975772 
-0.020819947 -0.039626803 0.046016919 -0.00048148201 -0.061229429 
-0.020819948 -0.039626841 0.047461477 0.019137866 0.024367567 
-0.020819948 -0.03962684 0.047302174 0.018164208 0.018018245 
-0.020819948 -0.039626835 0.047062566 0.015378782 0.0063700267 
-0.020819948 -0.039626828 0.046926938 0.012427818 -0.0045082373 
-0.020819948 -0.039626822 0.046831326 0.0099383651 -0.015300182 
-0.020819947 -0.039626815 0.046676916 0.0067895304 -0.027899888 
-0.020819947 -0.039626809 0.046442722 0.0033794341 -0.042035418 
-0.020819947 -0.039626802 0.046090933 -0.00046146417 -0.057975771 
-0.020819947 -0.0396268 0.045937815 -0.0018893055 -0.0663875 
-0.020819947 -0.0396268 0.045798119 -0.0024284673 -0.072166944 
-0.020819948 -0.039626841 0.047338648 0.019368952 0.018572006 
-0.020819948 -0.03962684 0.04721232 0.018189932 0.013057467 
-0.020819948 -0.039626835 0.047053698 0.015503151 0.0034672589 
-0.020819948 -0.039626829 0.046990627 0.013081827 -0.005129982 
-0.020819948 -0.039626823 0.046917029 0.010324131 -0.014975227 
-0.020819947 -0.039626815 0.046706644 0.0068161449 -0.02865151 
-0.020819947 -0.039626809 0.046420807 0.0031834936 -0.04393952 
-0.020819947 -0.039626803 0.046016919 -0.00048148271 -0.06122943 
-0.020819947 -0.0396268 0.045798119 -0.0024284678 -0.072166945 
-0.020819947 -0.039626799 0.045871752 -0.0030393448 -0.07185137 
