332.99416 392.99057 452.99056 512.99418 573 
332.99416 392.99057 452.99056 512.99418 573 
332.99417 392.99058 452.99057 512.99418 573 
332.99417 392.99058 452.99057 512.99418 573 
332.99417 392.99058 452.99058 512.99418 573 
332.99417 392.99058 452.99058 512.99418 573 
332.99417 392.99058 452.99058 512.99418 573 
332.99417 392.99057 452.99057 512.99418 573 
332.99417 392.99057 452.99057 512.99417 573 
332.99417 392.99057 452.99057 512.99417 573 
332.99416 392.99057 452.99056 512.99418 573 
332.99417 392.99058 452.99057 512.99418 573 
332.99417 392.99058 452.99057 512.99418 573 
332.99417 392.99058 452.99057 512.99418 573 
332.99417 392.99058 452.99057 512.99418 573 
332.99417 392.99058 452.99057 512.99418 573 
332.99417 392.99057 452.99057 512.99418 573 
332.99417 392.99057 452.99057 512.99417 573 
332.99417 392.99057 452.99057 512.99417 573 
332.99417 392.99057 452.99057 512.99417 573 
332.99417 392.99058 452.99057 512.99418 573 
332.99417 392.99058 452.99057 512.99418 573 
332.99417 392.99057 452.99057 512.99418 573 
332.99417 392.99057 452.99057 512.99418 573 
332.99417 392.99057 452.99057 512.99418 573 
332.99417 392.99057 452.99057 512.99417 573 
332.99417 392.99057 452.99057 512.99417 573 
332.99417 392.99056 452.99056 512.99417 573 
332.99417 392.99056 452.99056 512.99417 573 
332.99417 392.99056 452.99056 512.99417 573 
332.99417 392.99058 452.99057 512.99418 573 
332.99417 392.99058 452.99057 512.99418 573 
332.99417 392.99057 452.99057 512.99418 573 
332.99417 392.99057 452.99057 512.99418 573 
332.99416 392.99056 452.99056 512.99417 573 
332.99416 392.99056 452.99056 512.99417 573 
332.99416 392.99056 452.99056 512.99417 573 
332.99416 392.99056 452.99056 512.99416 573 
332.99417 392.99056 452.99056 512.99416 573 
332.99417 392.99056 452.99056 512.99416 573 
332.99417 392.99058 452.99058 512.99418 573 
332.99417 392.99058 452.99057 512.99418 573 
332.99417 392.99057 452.99057 512.99418 573 
332.99416 392.99056 452.99056 512.99417 573 
332.99416 392.99056 452.99056 512.99417 573 
332.99416 392.99056 452.99056 512.99416 573 
332.99416 392.99055 452.99055 512.99416 573 
332.99416 392.99055 452.99055 512.99416 573 
332.99416 392.99055 452.99056 512.99416 573 
332.99416 392.99055 452.99056 512.99416 573 
332.99417 392.99058 452.99058 512.99418 573 
332.99417 392.99058 452.99057 512.99418 573 
332.99417 392.99057 452.99057 512.99417 573 
332.99416 392.99056 452.99056 512.99417 573 
332.99416 392.99056 452.99056 512.99416 573 
332.99416 392.99055 452.99055 512.99416 573 
332.99416 392.99055 452.99055 512.99416 573 
332.99416 392.99054 452.99055 512.99415 573 
332.99416 392.99054 452.99055 512.99415 573 
332.99416 392.99054 452.99055 512.99415 573 
332.99417 392.99058 452.99058 512.99418 573 
332.99417 392.99057 452.99057 512.99418 573 
332.99417 392.99057 452.99057 512.99417 573 
332.99416 392.99056 452.99056 512.99417 573 
332.99416 392.99055 452.99055 512.99416 573 
332.99416 392.99055 452.99055 512.99416 573 
332.99416 392.99054 452.99055 512.99415 573 
332.99416 392.99054 452.99055 512.99415 573 
332.99416 392.99054 452.99054 512.99415 573 
332.99416 392.99053 452.99054 512.99415 573 
332.99417 392.99057 452.99057 512.99418 573 
332.99417 392.99057 452.99057 512.99417 573 
332.99417 392.99056 452.99056 512.99417 573 
332.99416 392.99056 452.99056 512.99416 573 
332.99416 392.99055 452.99055 512.99416 573 
332.99416 392.99054 452.99055 512.99415 573 
332.99416 392.99054 452.99055 512.99415 573 
332.99416 392.99053 452.99054 512.99415 573 
332.99415 392.99053 452.99054 512.99414 573 
332.99415 392.99052 452.99053 512.99414 573 
332.99417 392.99057 452.99057 512.99417 573 
332.99417 392.99057 452.99057 512.99417 573 
332.99417 392.99056 452.99056 512.99417 573 
332.99417 392.99056 452.99056 512.99416 573 
332.99416 392.99055 452.99056 512.99416 573 
332.99416 392.99054 452.99055 512.99415 573 
332.99416 392.99054 452.99054 512.99415 573 
332.99415 392.99053 452.99054 512.99414 573 
332.99415 392.99052 452.99053 512.99414 573 
332.99415 392.99052 452.99053 512.99414 573 
332.99417 392.99057 452.99057 512.99417 573 
332.99417 392.99057 452.99057 512.99417 573 
332.99417 392.99056 452.99056 512.99417 573 
332.99417 392.99056 452.99056 512.99416 573 
332.99416 392.99055 452.99056 512.99416 573 
332.99416 392.99054 452.99055 512.99415 573 
332.99416 392.99053 452.99054 512.99415 573 
332.99415 392.99052 452.99053 512.99414 573 
332.99415 392.99052 452.99053 512.99414 573 
332.99415 392.99052 452.99053 512.99414 573 
