274.49987 334.49407 394.49061 454.49065 514.49435 
277.49961 337.49376 397.4905 457.49067 517.49461 
280.49934 340.49349 400.49046 460.49075 520.49489 
283.49907 343.49323 403.49043 463.49084 523.49518 
286.49879 346.49296 406.49039 466.49094 526.49548 
289.49851 349.49271 409.49035 469.49105 529.49577 
292.49821 352.49247 412.49032 472.49117 532.49607 
295.49792 355.49223 415.4903 475.49132 535.49638 
298.49761 358.49201 418.49027 478.49146 538.49668 
301.49731 361.4918 421.49026 481.49163 541.49698 
304.497 364.49161 424.49026 484.49182 544.49728 
307.4967 367.49144 427.49026 487.49202 547.49759 
310.49639 370.49128 430.49027 490.49223 550.49788 
313.49609 373.49114 433.49029 493.49247 553.49818 
316.49578 376.49102 436.49032 496.49271 556.49847 
319.49548 379.49091 439.49035 499.49297 559.49876 
322.49518 382.49082 442.49039 502.49323 562.49904 
325.49488 385.49073 445.49043 505.49349 565.49932 
328.49458 388.49065 448.49047 508.49376 568.49959 
331.49426 391.49054 451.49047 511.49401 571.49987 
274.49987 334.49405 394.49057 454.49062 514.49433 
277.49961 337.49375 397.4905 457.49067 517.4946 
280.49934 340.49349 400.49046 460.49075 520.4949 
283.49907 343.49323 403.49043 463.49084 523.49518 
286.49879 346.49296 406.49038 466.49093 526.49547 
289.49851 349.49271 409.49035 469.49105 529.49577 
292.49822 352.49247 412.49033 472.49118 532.49607 
295.49792 355.49223 415.4903 475.49131 535.49638 
298.49762 358.49201 418.49027 478.49146 538.49668 
301.49731 361.4918 421.49026 481.49163 541.49698 
304.497 364.49161 424.49026 484.49181 544.49729 
307.4967 367.49144 427.49026 487.49202 547.49759 
310.49639 370.49128 430.49027 490.49223 550.49788 
313.49609 373.49114 433.49029 493.49247 553.49818 
316.49578 376.49102 436.49033 496.49271 556.49847 
319.49548 379.49091 439.49036 499.49297 559.49876 
322.49518 382.49082 442.49039 502.49322 562.49904 
325.49488 385.49074 445.49044 505.4935 565.49932 
328.4946 388.49068 448.49049 508.49377 568.49959 
331.49428 391.49058 451.49051 511.49403 571.49987 
274.49987 334.49404 394.49057 454.49062 514.49433 
277.49961 337.49376 397.4905 457.49067 517.49461 
280.49934 340.49349 400.49047 460.49076 520.4949 
283.49907 343.49322 403.49042 463.49084 523.49518 
286.49879 346.49296 406.49039 466.49094 526.49548 
289.49851 349.49271 409.49036 469.49105 529.49577 
292.49821 352.49247 412.49033 472.49117 532.49608 
295.49792 355.49223 415.4903 475.49131 535.49638 
298.49761 358.49201 418.49028 478.49146 538.49668 
301.49731 361.4918 421.49026 481.49163 541.49698 
304.497 364.49161 424.49026 484.49181 544.49729 
307.4967 367.49144 427.49026 487.49201 547.49759 
310.49639 370.49128 430.49027 490.49223 550.49789 
313.49609 373.49114 433.4903 493.49247 553.49818 
316.49578 376.49102 436.49033 496.49271 556.49847 
319.49548 379.49092 439.49036 499.49296 559.49876 
322.49518 382.49082 442.4904 502.49323 562.49904 
325.49488 385.49074 445.49044 505.4935 565.49932 
328.49459 388.49067 448.49049 508.49377 568.49959 
331.49429 391.49058 451.49051 511.49403 571.49986 
274.49987 334.49404 394.49056 454.49061 514.49433 
277.4996 337.49375 397.4905 457.49067 517.4946 
280.49934 340.49348 400.49046 460.49075 520.49489 
283.49907 343.49322 403.49042 463.49083 523.49518 
286.49879 346.49296 406.49038 466.49093 526.49548 
289.4985 349.49271 409.49035 469.49104 529.49577 
292.49821 352.49246 412.49032 472.49117 532.49608 
295.49791 355.49223 415.49029 475.49131 535.49638 
298.49761 358.492 418.49027 478.49145 538.49668 
301.4973 361.49179 421.49025 481.49162 541.49698 
304.497 364.4916 424.49025 484.4918 544.49729 
307.49669 367.49143 427.49026 487.49201 547.49759 
310.49639 370.49128 430.49027 490.49223 550.49789 
313.49608 373.49114 433.49029 493.49246 553.49818 
316.49578 376.49102 436.49032 496.4927 556.49848 
319.49548 379.49091 439.49036 499.49296 559.49876 
322.49518 382.49082 442.49039 502.49322 562.49904 
325.49488 385.49074 445.49044 505.49349 565.49932 
328.4946 388.49067 448.49049 508.49377 568.49959 
331.4943 391.4906 451.49054 511.49404 571.49986 
274.49987 334.49404 394.49056 454.49061 514.49433 
277.4996 337.49376 397.4905 457.49067 517.4946 
280.49933 340.49349 400.49046 460.49075 520.49489 
283.49906 343.49322 403.49042 463.49084 523.49519 
286.49878 346.49296 406.49038 466.49093 526.49548 
289.4985 349.49271 409.49035 469.49105 529.49578 
292.49821 352.49247 412.49032 472.49117 532.49608 
295.49791 355.49223 415.49029 475.49131 535.49638 
298.49761 358.49201 418.49027 478.49145 538.49668 
301.4973 361.4918 421.49026 481.49162 541.49699 
304.497 364.49161 424.49026 484.49181 544.49729 
307.49669 367.49144 427.49026 487.49201 547.49759 
310.49639 370.49128 430.49028 490.49223 550.49789 
313.49609 373.49115 433.4903 493.49246 553.49819 
316.49578 376.49103 436.49033 496.49271 556.49848 
319.49548 379.49092 439.49036 499.49296 559.49877 
322.49518 382.49082 442.4904 502.49322 562.49905 
325.49489 385.49074 445.49044 505.49349 565.49932 
328.4946 388.49067 448.49049 508.49376 568.4996 
331.49431 391.4906 451.49054 511.49404 571.49987 
274.49987 334.49403 394.49055 454.49061 514.49432 
277.4996 337.49375 397.4905 457.49067 517.4946 
280.49933 340.49349 400.49046 460.49075 520.49489 
283.49906 343.49322 403.49042 463.49084 523.49519 
286.49878 346.49296 406.49038 466.49093 526.49548 
289.49849 349.49271 409.49035 469.49104 529.49578 
292.4982 352.49246 412.49032 472.49116 532.49608 
295.4979 355.49223 415.49029 475.4913 535.49638 
298.4976 358.49201 418.49027 478.49145 538.49669 
301.4973 361.4918 421.49026 481.49162 541.49699 
304.497 364.49161 424.49026 484.4918 544.49729 
307.49669 367.49144 427.49026 487.49201 547.49759 
310.49639 370.49129 430.49028 490.49223 550.49789 
313.49608 373.49115 433.4903 493.49246 553.49819 
316.49578 376.49103 436.49033 496.49271 556.49848 
319.49548 379.49092 439.49036 499.49296 559.49877 
322.49518 382.49083 442.4904 502.49322 562.49905 
325.49489 385.49074 445.49044 505.49349 565.49932 
328.4946 388.49067 448.49049 508.49376 568.4996 
331.49431 391.49061 451.49054 511.49404 571.49987 
274.49987 334.49403 394.49055 454.49061 514.49432 
277.4996 337.49376 397.4905 457.49067 517.4946 
280.49933 340.49349 400.49045 460.49075 520.49489 
283.49905 343.49322 403.49041 463.49084 523.49519 
286.49877 346.49296 406.49037 466.49093 526.49548 
289.49849 349.49271 409.49034 469.49104 529.49578 
292.4982 352.49247 412.49032 472.49117 532.49608 
295.4979 355.49223 415.49029 475.4913 535.49639 
298.4976 358.49201 418.49027 478.49145 538.49669 
301.4973 361.49181 421.49026 481.49162 541.49699 
304.497 364.49162 424.49026 484.49181 544.4973 
307.49669 367.49145 427.49027 487.49201 547.4976 
310.49639 370.49129 430.49028 490.49223 550.49789 
313.49608 373.49115 433.4903 493.49246 553.49819 
316.49578 376.49103 436.49033 496.49271 556.49848 
319.49548 379.49092 439.49037 499.49296 559.49877 
322.49518 382.49083 442.4904 502.49322 562.49905 
325.49489 385.49074 445.49045 505.49349 565.49933 
328.4946 388.49067 448.49049 508.49376 568.4996 
331.49432 391.49061 451.49054 511.49403 571.49987 
274.49987 334.49401 394.49053 454.49059 514.49431 
277.4996 337.49376 397.49049 457.49067 517.4946 
280.49933 340.49349 400.49045 460.49075 520.49489 
283.49905 343.49322 403.49041 463.49083 523.49518 
286.49877 346.49296 406.49037 466.49093 526.49548 
289.49848 349.49271 409.49034 469.49104 529.49578 
292.49819 352.49247 412.49031 472.49116 532.49608 
295.4979 355.49223 415.49029 475.4913 535.49639 
298.4976 358.49201 418.49027 478.49145 538.49669 
301.4973 361.49181 421.49026 481.49162 541.497 
304.49699 364.49162 424.49026 484.49181 544.4973 
307.49669 367.49145 427.49027 487.49201 547.4976 
310.49639 370.4913 430.49028 490.49223 550.4979 
313.49608 373.49116 433.49031 493.49246 553.49819 
316.49578 376.49104 436.49033 496.49271 556.49848 
319.49548 379.49093 439.49037 499.49296 559.49877 
322.49518 382.49083 442.49041 502.49322 562.49905 
325.49489 385.49075 445.49045 505.49349 565.49933 
328.4946 388.49068 448.4905 508.49376 568.4996 
331.49433 391.49062 451.49056 511.49404 571.49987 
274.49987 334.49399 394.49049 454.49057 514.4943 
277.4996 337.49375 397.49049 457.49066 517.4946 
280.49932 340.49349 400.49045 460.49074 520.49489 
283.49905 343.49322 403.49041 463.49083 523.49518 
286.49877 346.49296 406.49037 466.49093 526.49548 
289.49848 349.49271 409.49034 469.49104 529.49578 
292.49819 352.49247 412.49031 472.49117 532.49609 
295.49789 355.49224 415.49029 475.4913 535.49639 
298.4976 358.49202 418.49027 478.49146 538.49669 
301.49729 361.49181 421.49027 481.49162 541.497 
304.49699 364.49163 424.49026 484.49181 544.4973 
307.49669 367.49146 427.49027 487.49201 547.4976 
310.49639 370.4913 430.49029 490.49223 550.4979 
313.49608 373.49116 433.49031 493.49247 553.4982 
316.49578 376.49104 436.49034 496.49271 556.49849 
319.49548 379.49093 439.49037 499.49296 559.49877 
322.49518 382.49083 442.49041 502.49322 562.49905 
325.49489 385.49075 445.49045 505.49349 565.49933 
328.49461 388.49068 448.49051 508.49376 568.4996 
331.49435 391.49065 451.49058 511.49404 571.49987 
274.49987 334.49397 394.49048 454.49056 514.49431 
277.4996 337.49375 397.49048 457.49066 517.4946 
280.49932 340.49349 400.49044 460.49075 520.49489 
283.49905 343.49322 403.49041 463.49083 523.49518 
286.49877 346.49297 406.49037 466.49093 526.49548 
289.49848 349.49272 409.49034 469.49104 529.49578 
292.49819 352.49248 412.49032 472.49117 532.49609 
295.49789 355.49225 415.4903 475.49131 535.49639 
298.4976 358.49203 418.49028 478.49146 538.49669 
301.49729 361.49182 421.49027 481.49163 541.497 
304.49699 364.49164 424.49027 484.49182 544.4973 
307.49669 367.49147 427.49028 487.49202 547.4976 
310.49639 370.49131 430.4903 490.49224 550.4979 
313.49608 373.49117 433.49032 493.49247 553.4982 
316.49578 376.49105 436.49034 496.49271 556.49849 
319.49548 379.49093 439.49037 499.49296 559.49877 
322.49518 382.49083 442.49041 502.49322 562.49905 
325.49489 385.49074 445.49044 505.49349 565.49933 
328.49461 388.49068 448.4905 508.49376 568.4996 
331.49437 391.49066 451.49058 511.49404 571.49987 
