273 217.88791 303.68467 452.37287 567.85187 
273 217.8879 303.68467 452.37286 567.85187 
273 217.8879 303.68466 452.37285 567.85186 
273 217.88789 303.68465 452.37284 567.85185 
273 217.88788 303.68463 452.37283 567.85185 
273 217.88787 303.68462 452.37283 567.85185 
273 217.88785 303.6846 452.37282 567.85185 
273 217.88785 303.68459 452.37281 567.85185 
273 217.88784 303.68458 452.37281 567.85184 
273 217.88784 303.68458 452.3728 567.85184 
273 217.8879 303.68467 452.37286 567.85187 
273 217.8879 303.68467 452.37286 567.85187 
273 217.8879 303.68466 452.37285 567.85186 
273 217.88789 303.68465 452.37285 567.85186 
273 217.88788 303.68464 452.37284 567.85186 
273 217.88787 303.68463 452.37283 567.85186 
273 217.88785 303.68461 452.37283 567.85185 
273 217.88785 303.6846 452.37282 567.85185 
273 217.88784 303.68459 452.37281 567.85184 
273 217.88784 303.68458 452.37281 567.85184 
273 217.8879 303.68466 452.37285 567.85186 
273 217.8879 303.68466 452.37285 567.85186 
273 217.8879 303.68467 452.37286 567.85186 
273 217.88789 303.68466 452.37286 567.85187 
273 217.88788 303.68465 452.37285 567.85186 
273 217.88787 303.68463 452.37285 567.85186 
273 217.88786 303.68462 452.37284 567.85186 
273 217.88785 303.68461 452.37283 567.85185 
273 217.88785 303.68459 452.37282 567.85185 
273 217.88785 303.68459 452.37282 567.85185 
273 217.88789 303.68465 452.37284 567.85185 
273 217.88789 303.68465 452.37285 567.85186 
273 217.88789 303.68466 452.37286 567.85187 
273 217.88789 303.68466 452.37286 567.85187 
273 217.88788 303.68465 452.37286 567.85187 
273 217.88787 303.68463 452.37285 567.85187 
273 217.88786 303.68462 452.37284 567.85186 
273 217.88785 303.68461 452.37283 567.85186 
273 217.88784 303.68459 452.37282 567.85185 
273 217.88784 303.68458 452.37281 567.85185 
273 217.88788 303.68463 452.37283 567.85185 
273 217.88788 303.68464 452.37284 567.85186 
273 217.88788 303.68465 452.37285 567.85186 
273 217.88788 303.68465 452.37286 567.85187 
273 217.88787 303.68464 452.37285 567.85187 
273 217.88786 303.68463 452.37285 567.85187 
273 217.88785 303.68461 452.37284 567.85186 
273 217.88785 303.6846 452.37283 567.85186 
273 217.88784 303.68458 452.37282 567.85185 
273 217.88783 303.68457 452.37281 567.85185 
273 217.88787 303.68462 452.37283 567.85185 
273 217.88787 303.68463 452.37283 567.85186 
273 217.88787 303.68463 452.37285 567.85186 
273 217.88787 303.68463 452.37285 567.85187 
273 217.88786 303.68463 452.37285 567.85187 
273 217.88786 303.68462 452.37284 567.85186 
273 217.88785 303.6846 452.37284 567.85186 
273 217.88784 303.68459 452.37283 567.85186 
273 217.88783 303.68457 452.37281 567.85185 
273 217.88783 303.68456 452.3728 567.85185 
273 217.88785 303.6846 452.37282 567.85185 
273 217.88785 303.68461 452.37283 567.85185 
273 217.88786 303.68462 452.37284 567.85186 
273 217.88786 303.68462 452.37284 567.85186 
273 217.88785 303.68461 452.37284 567.85186 
273 217.88785 303.6846 452.37284 567.85186 
273 217.88784 303.6846 452.37283 567.85187 
273 217.88783 303.68458 452.37283 567.85186 
273 217.88782 303.68457 452.37281 567.85186 
273 217.88782 303.68456 452.3728 567.85185 
273 217.88785 303.68459 452.37281 567.85185 
273 217.88785 303.6846 452.37282 567.85185 
273 217.88785 303.68461 452.37283 567.85185 
273 217.88785 303.68461 452.37283 567.85186 
273 217.88785 303.6846 452.37283 567.85186 
273 217.88784 303.68459 452.37283 567.85186 
273 217.88783 303.68458 452.37283 567.85186 
273 217.88783 303.68458 452.37282 567.85186 
273 217.88782 303.68456 452.37281 567.85186 
273 217.88782 303.68456 452.37281 567.85186 
273 217.88784 303.68458 452.37281 567.85184 
273 217.88784 303.68459 452.37281 567.85184 
273 217.88785 303.68459 452.37282 567.85185 
273 217.88784 303.68459 452.37282 567.85185 
273 217.88784 303.68458 452.37282 567.85185 
273 217.88783 303.68457 452.37281 567.85185 
273 217.88782 303.68457 452.37281 567.85186 
273 217.88782 303.68456 452.37281 567.85186 
273 217.88782 303.68456 452.37281 567.85186 
273 217.88782 303.68456 452.37281 567.85186 
273 217.88784 303.68458 452.3728 567.85184 
273 217.88784 303.68458 452.37281 567.85184 
273 217.88785 303.68459 452.37282 567.85185 
273 217.88784 303.68458 452.37281 567.85185 
273 217.88783 303.68457 452.37281 567.85185 
273 217.88783 303.68456 452.3728 567.85185 
273 217.88782 303.68456 452.3728 567.85185 
273 217.88782 303.68456 452.37281 567.85186 
273 217.88782 303.68456 452.37281 567.85186 
273 217.88782 303.68456 452.37281 567.85186 
