-0.023757909 -0.041221726 -0.047337434 0.061199877 0.020570395 
-0.023757909 -0.041221725 -0.047337424 0.061309266 0.020022046 
-0.023757909 -0.041221725 -0.047337414 0.061441093 0.02212563 
-0.023757909 -0.041221727 -0.047337409 0.061558298 0.026320898 
-0.023757909 -0.041221725 -0.047337405 0.061641644 0.032366098 
-0.023757909 -0.041221727 -0.047337411 0.0616993 0.039233068 
-0.023757909 -0.041221726 -0.047337418 0.061702559 0.046659567 
-0.023757909 -0.041221725 -0.047337421 0.061706148 0.053020726 
-0.023757909 -0.041221727 -0.047337427 0.061694106 0.057329892 
-0.023757909 -0.041221727 -0.04733743 0.061643803 0.059569442 
-0.023757909 -0.041221725 -0.047337424 0.061309265 0.020022027 
-0.023757909 -0.041221726 -0.04733742 0.061441575 0.019610089 
-0.023757909 -0.041221727 -0.047337409 0.061568034 0.021835791 
-0.023757909 -0.041221726 -0.047337401 0.061681738 0.026328473 
-0.023757909 -0.041221728 -0.047337406 0.061772285 0.032384718 
-0.023757909 -0.041221729 -0.047337417 0.061817578 0.039548007 
-0.023757909 -0.041221727 -0.047337422 0.061823477 0.047103732 
-0.023757909 -0.041221728 -0.04733743 0.061821944 0.053494496 
-0.023757909 -0.041221729 -0.047337437 0.061792374 0.057896562 
-0.023757909 -0.04122173 -0.047337439 0.06171523 0.060382453 
-0.023757909 -0.041221725 -0.047337414 0.06144109 0.022125575 
-0.023757909 -0.041221727 -0.047337409 0.061568032 0.021835755 
-0.023757909 -0.041221726 -0.047337397 0.061695078 0.024293268 
-0.023757909 -0.041221726 -0.047337397 0.061798856 0.029111868 
-0.023757909 -0.04122173 -0.047337411 0.061878328 0.03541885 
-0.023757909 -0.041221731 -0.047337425 0.061910236 0.042839511 
-0.023757909 -0.041221731 -0.047337435 0.061922701 0.050205498 
-0.023757909 -0.041221733 -0.047337444 0.061917983 0.056477838 
-0.023757909 -0.041221734 -0.047337447 0.061883146 0.060856846 
-0.023757909 -0.041221735 -0.04733745 0.06179703 0.063477758 
-0.023757909 -0.041221727 -0.047337409 0.061558292 0.026320797 
-0.023757909 -0.041221726 -0.047337401 0.061681733 0.02632839 
-0.023757909 -0.041221726 -0.047337397 0.061798853 0.02911182 
-0.023757909 -0.041221729 -0.047337409 0.061896057 0.034121441 
-0.023757909 -0.041221734 -0.04733743 0.061954966 0.040805655 
-0.023757909 -0.041221736 -0.047337446 0.061989048 0.048199389 
-0.023757909 -0.041221738 -0.047337458 0.062001101 0.055485386 
-0.023757909 -0.041221739 -0.047337464 0.061993707 0.061716793 
-0.023757909 -0.041221741 -0.047337467 0.061958008 0.066135376 
-0.023757909 -0.041221743 -0.047337473 0.061873394 0.068760564 
-0.023757909 -0.041221725 -0.047337405 0.061641635 0.032365941 
-0.023757909 -0.041221728 -0.047337406 0.061772277 0.03238458 
-0.023757909 -0.04122173 -0.047337411 0.061878322 0.035418746 
-0.023757909 -0.041221734 -0.04733743 0.061954963 0.0408056 
-0.023757909 -0.041221739 -0.047337453 0.062012231 0.047583973 
-0.023757909 -0.041221744 -0.047337475 0.062050923 0.05495649 
-0.023757909 -0.041221745 -0.047337485 0.062062349 0.062171857 
-0.023757909 -0.041221748 -0.047337494 0.062055825 0.0683364 
-0.02375791 -0.041221751 -0.047337501 0.062011569 0.0729221 
-0.02375791 -0.041221753 -0.047337502 0.061936929 0.075275189 
-0.023757909 -0.041221727 -0.047337411 0.061699287 0.039232854 
-0.023757909 -0.041221729 -0.047337417 0.061817566 0.039547813 
-0.023757909 -0.041221731 -0.047337425 0.061910226 0.04283935 
-0.023757909 -0.041221736 -0.047337446 0.061989041 0.048199276 
-0.023757909 -0.041221744 -0.047337475 0.062050919 0.054956434 
-0.023757909 -0.041221749 -0.047337494 0.062092916 0.062195557 
-0.02375791 -0.041221752 -0.047337509 0.062103647 0.069292958 
-0.02375791 -0.041221756 -0.04733752 0.062089722 0.075485352 
-0.02375791 -0.041221759 -0.047337526 0.062052129 0.07995365 
-0.02375791 -0.04122176 -0.047337527 0.061975713 0.082123596 
-0.023757909 -0.041221726 -0.047337418 0.061702543 0.046659299 
-0.023757909 -0.041221727 -0.047337422 0.061823462 0.047103481 
-0.023757909 -0.041221731 -0.047337435 0.061922688 0.050205283 
-0.023757909 -0.041221738 -0.047337458 0.062001091 0.055485218 
-0.023757909 -0.041221745 -0.047337485 0.062062342 0.062171746 
-0.02375791 -0.041221752 -0.047337509 0.062103644 0.069292903 
-0.02375791 -0.041221757 -0.047337526 0.062114533 0.076248253 
-0.02375791 -0.041221761 -0.047337535 0.062102371 0.082436587 
-0.02375791 -0.041221766 -0.047337549 0.06205481 0.087022711 
-0.02375791 -0.041221768 -0.047337559 0.061965374 0.089278213 
-0.023757909 -0.041221725 -0.047337421 0.061706129 0.053020414 
-0.023757909 -0.041221728 -0.04733743 0.061821927 0.053494202 
-0.023757909 -0.041221733 -0.047337444 0.061917967 0.056477578 
-0.023757909 -0.041221739 -0.047337464 0.061993694 0.06171658 
-0.023757909 -0.041221748 -0.047337494 0.062055816 0.068336241 
-0.02375791 -0.041221756 -0.04733752 0.062089716 0.075485252 
-0.02375791 -0.041221761 -0.047337535 0.062102368 0.08243654 
-0.02375791 -0.041221767 -0.047337556 0.062079428 0.088816985 
-0.02375791 -0.041221772 -0.047337572 0.062031951 0.093137543 
-0.02375791 -0.041221773 -0.047337578 0.061940009 0.095225596 
-0.023757909 -0.041221727 -0.047337427 0.061694086 0.057329547 
-0.023757909 -0.041221729 -0.047337437 0.061792355 0.057896235 
-0.023757909 -0.041221734 -0.047337447 0.061883128 0.060856553 
-0.023757909 -0.041221741 -0.047337467 0.061957993 0.06613513 
-0.02375791 -0.041221751 -0.047337501 0.062011557 0.072921909 
-0.02375791 -0.041221759 -0.047337526 0.062052121 0.079953516 
-0.02375791 -0.041221766 -0.047337549 0.062054805 0.087022632 
-0.02375791 -0.041221772 -0.047337572 0.062031949 0.09313751 
-0.02375791 -0.041221775 -0.047337587 0.061969517 0.097406677 
-0.02375791 -0.041221777 -0.047337595 0.06186103 0.099497954 
-0.023757909 -0.041221727 -0.04733743 0.061643781 0.059569081 
-0.023757909 -0.04122173 -0.047337439 0.061715209 0.060382108 
-0.023757909 -0.041221735 -0.04733745 0.061797012 0.063477447 
-0.023757909 -0.041221743 -0.047337473 0.061873378 0.0687603 
-0.02375791 -0.041221753 -0.047337502 0.061936917 0.07527498 
-0.02375791 -0.04122176 -0.047337527 0.061975704 0.082123444 
-0.02375791 -0.041221768 -0.047337559 0.061965368 0.089278116 
-0.02375791 -0.041221773 -0.047337578 0.061940006 0.095225545 
-0.02375791 -0.041221777 -0.047337595 0.061861029 0.099497936 
-0.02375791 -0.04122178 -0.047337612 0.061742717 0.10135532 
