274.49987 334.49397 394.49048 454.49056 514.49431 
274.49987 334.494 394.49051 454.49058 514.49431 
274.49987 334.49401 394.49051 454.49058 514.4943 
274.49987 334.49401 394.49051 454.49058 514.4943 
274.49986 334.49402 394.49051 454.49058 514.4943 
274.49986 334.49402 394.49051 454.49058 514.49429 
274.49986 334.49402 394.49051 454.49058 514.49429 
274.49986 334.49401 394.49048 454.49055 514.49428 
274.49986 334.49401 394.49049 454.49056 514.49428 
274.49986 334.49401 394.49049 454.49056 514.49428 
277.4996 337.49375 397.49048 457.49066 517.4946 
277.4996 337.49375 397.49049 457.49067 517.4946 
277.4996 337.49375 397.49048 457.49066 517.49459 
277.49959 337.49375 397.49047 457.49065 517.49459 
277.49959 337.49375 397.49047 457.49065 517.49459 
277.49959 337.49375 397.49046 457.49065 517.49458 
277.49959 337.49375 397.49046 457.49064 517.49458 
277.49959 337.49374 397.49045 457.49063 517.49457 
277.49958 337.49374 397.49044 457.49063 517.49457 
277.49958 337.49374 397.49044 457.49063 517.49457 
280.49932 340.49349 400.49044 460.49075 520.49489 
280.49932 340.49349 400.49045 460.49075 520.49489 
280.49932 340.49348 400.49044 460.49074 520.49489 
280.49932 340.49348 400.49043 460.49073 520.49488 
280.49932 340.49348 400.49043 460.49073 520.49488 
280.49931 340.49348 400.49042 460.49073 520.49488 
280.49931 340.49348 400.49041 460.49072 520.49487 
280.49931 340.49347 400.49041 460.49072 520.49487 
280.4993 340.49347 400.4904 460.49071 520.49487 
280.4993 340.49347 400.49039 460.49071 520.49487 
283.49905 343.49322 403.49041 463.49083 523.49518 
283.49905 343.49322 403.49041 463.49083 523.49518 
283.49904 343.49322 403.4904 463.49083 523.49518 
283.49904 343.49322 403.4904 463.49082 523.49518 
283.49904 343.49322 403.49039 463.49082 523.49518 
283.49903 343.49322 403.49038 463.49081 523.49517 
283.49903 343.49321 403.49037 463.49081 523.49517 
283.49903 343.49321 403.49037 463.49081 523.49517 
283.49902 343.49321 403.49036 463.4908 523.49517 
283.49902 343.49321 403.49036 463.4908 523.49517 
286.49877 346.49297 406.49037 466.49093 526.49548 
286.49876 346.49296 406.49037 466.49093 526.49548 
286.49876 346.49296 406.49036 466.49093 526.49548 
286.49876 346.49296 406.49036 466.49092 526.49548 
286.49875 346.49296 406.49035 466.49092 526.49548 
286.49875 346.49296 406.49035 466.49091 526.49548 
286.49875 346.49295 406.49034 466.4909 526.49547 
286.49874 346.49296 406.49034 466.49091 526.49547 
286.49874 346.49296 406.49033 466.49091 526.49547 
286.49874 346.49295 406.49033 466.4909 526.49547 
289.49848 349.49272 409.49034 469.49104 529.49578 
289.49848 349.49271 409.49033 469.49104 529.49578 
289.49848 349.49271 409.49033 469.49104 529.49578 
289.49847 349.49271 409.49033 469.49103 529.49578 
289.49847 349.49271 409.49032 469.49103 529.49578 
289.49846 349.49271 409.49032 469.49102 529.49578 
289.49846 349.4927 409.49031 469.49102 529.49578 
289.49846 349.49271 409.49031 469.49102 529.49578 
289.49845 349.49271 409.49031 469.49102 529.49578 
289.49845 349.49271 409.4903 469.49102 529.49578 
292.49819 352.49248 412.49032 472.49117 532.49609 
292.49819 352.49247 412.49031 472.49116 532.49608 
292.49818 352.49247 412.49031 472.49116 532.49608 
292.49818 352.49247 412.4903 472.49115 532.49609 
292.49818 352.49247 412.4903 472.49115 532.49609 
292.49817 352.49247 412.49029 472.49115 532.49609 
292.49817 352.49246 412.49028 472.49114 532.49608 
292.49816 352.49247 412.49029 472.49115 532.49609 
292.49816 352.49247 412.49028 472.49114 532.49608 
292.49816 352.49247 412.49028 472.49115 532.49608 
295.49789 355.49225 415.4903 475.49131 535.49639 
295.49789 355.49224 415.49029 475.4913 535.49639 
295.49789 355.49224 415.49028 475.4913 535.49639 
295.49789 355.49224 415.49028 475.49129 535.49639 
295.49788 355.49224 415.49028 475.49129 535.49639 
295.49788 355.49224 415.49027 475.49129 535.49639 
295.49787 355.49223 415.49027 475.49128 535.49639 
295.49787 355.49224 415.49027 475.49128 535.49639 
295.49787 355.49224 415.49026 475.49129 535.49639 
295.49786 355.49224 415.49026 475.49129 535.49639 
298.4976 358.49203 418.49028 478.49146 538.49669 
298.49759 358.49202 418.49027 478.49145 538.49669 
298.49759 358.49202 418.49027 478.49145 538.49669 
298.49759 358.49202 418.49027 478.49145 538.4967 
298.49759 358.49202 418.49026 478.49144 538.4967 
298.49758 358.49202 418.49026 478.49144 538.4967 
298.49758 358.49202 418.49025 478.49144 538.4967 
298.49757 358.49203 418.49026 478.49144 538.4967 
298.49757 358.49203 418.49026 478.49144 538.4967 
298.49757 358.49203 418.49026 478.49144 538.4967 
301.49729 361.49182 421.49027 481.49163 541.497 
301.49729 361.49181 421.49026 481.49162 541.497 
301.49729 361.49182 421.49026 481.49162 541.497 
301.49729 361.49182 421.49026 481.49162 541.497 
301.49729 361.49182 421.49026 481.49161 541.497 
301.49728 361.49182 421.49026 481.49161 541.497 
301.49728 361.49182 421.49025 481.49161 541.497 
301.49728 361.49183 421.49026 481.49162 541.497 
301.49727 361.49183 421.49025 481.49161 541.497 
301.49727 361.49183 421.49025 481.49162 541.497 
304.49699 364.49164 424.49027 484.49182 544.4973 
304.49699 364.49163 424.49026 484.49181 544.4973 
304.49699 364.49163 424.49026 484.49181 544.4973 
304.49699 364.49163 424.49026 484.49181 544.4973 
304.49698 364.49163 424.49026 484.4918 544.4973 
304.49698 364.49164 424.49026 484.4918 544.4973 
304.49698 364.49164 424.49025 484.4918 544.4973 
304.49698 364.49164 424.49026 484.4918 544.49731 
304.49697 364.49164 424.49025 484.4918 544.49731 
304.49697 364.49164 424.49025 484.4918 544.49731 
307.49669 367.49147 427.49028 487.49202 547.4976 
307.49669 367.49146 427.49027 487.49201 547.4976 
307.49669 367.49146 427.49027 487.49201 547.4976 
307.49669 367.49146 427.49027 487.49201 547.4976 
307.49668 367.49146 427.49027 487.49201 547.4976 
307.49668 367.49147 427.49027 487.49201 547.49761 
307.49668 367.49147 427.49027 487.492 547.49761 
307.49668 367.49147 427.49027 487.49201 547.49761 
307.49667 367.49148 427.49027 487.49201 547.49761 
307.49667 367.49148 427.49027 487.49201 547.49761 
310.49639 370.49131 430.4903 490.49224 550.4979 
310.49638 370.4913 430.49029 490.49223 550.4979 
310.49638 370.49131 430.49029 490.49223 550.4979 
310.49638 370.49131 430.49029 490.49223 550.4979 
310.49638 370.49131 430.49029 490.49223 550.4979 
310.49638 370.49132 430.49029 490.49223 550.49791 
310.49638 370.49132 430.49029 490.49222 550.49791 
310.49637 370.49132 430.49029 490.49223 550.49791 
310.49637 370.49132 430.49029 490.49223 550.49791 
310.49637 370.49133 430.49029 490.49223 550.49791 
313.49608 373.49117 433.49032 493.49247 553.4982 
313.49608 373.49116 433.49031 493.49246 553.4982 
313.49608 373.49117 433.49031 493.49246 553.4982 
313.49608 373.49117 433.49031 493.49246 553.4982 
313.49608 373.49117 433.49031 493.49246 553.4982 
313.49608 373.49118 433.49031 493.49246 553.4982 
313.49607 373.49117 433.49031 493.49245 553.4982 
313.49607 373.49118 433.49031 493.49246 553.49821 
313.49607 373.49118 433.49031 493.49246 553.4982 
313.49607 373.49118 433.49031 493.49245 553.4982 
316.49578 376.49105 436.49034 496.49271 556.49849 
316.49578 376.49104 436.49034 496.49271 556.49849 
316.49578 376.49104 436.49033 496.4927 556.49849 
316.49578 376.49104 436.49034 496.49271 556.49849 
316.49577 376.49104 436.49034 496.4927 556.49849 
316.49577 376.49104 436.49034 496.4927 556.49849 
316.49577 376.49104 436.49033 496.4927 556.4985 
316.49577 376.49105 436.49034 496.4927 556.4985 
316.49577 376.49105 436.49033 496.49269 556.49849 
316.49577 376.49105 436.49033 496.4927 556.49849 
319.49548 379.49093 439.49037 499.49296 559.49877 
319.49548 379.49093 439.49037 499.49296 559.49877 
319.49548 379.49093 439.49037 499.49296 559.49877 
319.49548 379.49093 439.49037 499.49296 559.49878 
319.49547 379.49093 439.49037 499.49295 559.49878 
319.49547 379.49093 439.49037 499.49295 559.49878 
319.49547 379.49092 439.49036 499.49294 559.49878 
319.49547 379.49092 439.49036 499.49295 559.49878 
319.49547 379.49092 439.49035 499.49294 559.49878 
319.49547 379.49093 439.49036 499.49295 559.49878 
322.49518 382.49083 442.49041 502.49322 562.49905 
322.49518 382.49083 442.49041 502.49322 562.49905 
322.49518 382.49083 442.49041 502.49322 562.49905 
322.49518 382.49083 442.49041 502.49322 562.49906 
322.49518 382.49083 442.4904 502.49321 562.49906 
322.49518 382.49083 442.4904 502.49321 562.49906 
322.49517 382.49082 442.49039 502.4932 562.49906 
322.49517 382.49082 442.49039 502.4932 562.49906 
322.49517 382.49082 442.49039 502.4932 562.49906 
322.49517 382.49083 442.49039 502.4932 562.49906 
325.49489 385.49074 445.49044 505.49349 565.49933 
325.49488 385.49073 445.49044 505.49348 565.49933 
325.49488 385.49074 445.49044 505.49348 565.49933 
325.49488 385.49074 445.49044 505.49348 565.49933 
325.49488 385.49073 445.49044 505.49348 565.49933 
325.49488 385.49073 445.49044 505.49347 565.49933 
325.49488 385.49072 445.49043 505.49346 565.49933 
325.49488 385.49073 445.49043 505.49347 565.49933 
325.49488 385.49072 445.49042 505.49346 565.49933 
325.49487 385.49072 445.49042 505.49346 565.49933 
328.49461 388.49068 448.4905 508.49376 568.4996 
328.49459 388.49065 448.49048 508.49375 568.4996 
328.49459 388.49065 448.49048 508.49375 568.4996 
328.49459 388.49065 448.49048 508.49375 568.4996 
328.49459 388.49064 448.49047 508.49374 568.4996 
328.49458 388.49064 448.49047 508.49374 568.4996 
328.49458 388.49063 448.49046 508.49373 568.4996 
328.49458 388.49063 448.49046 508.49373 568.4996 
328.49458 388.49063 448.49046 508.49373 568.4996 
328.49458 388.49063 448.49045 508.49373 568.4996 
331.49437 391.49066 451.49058 511.49404 571.49987 
331.49434 391.49062 451.49056 511.49403 571.49987 
331.49433 391.49061 451.49055 511.49403 571.49987 
331.49432 391.49061 451.49055 511.49403 571.49987 
331.49431 391.49059 451.49053 511.49402 571.49987 
331.4943 391.49058 451.49052 511.49401 571.49987 
331.4943 391.49056 451.49051 511.49401 571.49987 
331.4943 391.49056 451.49051 511.49401 571.49987 
331.49429 391.49055 451.4905 511.494 571.49987 
331.49429 391.49055 451.4905 511.494 571.49987 
