-0.020896123 -0.037689428 0.044019361 0.026246147 0.13973755 
-0.020896122 -0.03768941 0.041764265 0.017547874 0.078358951 
-0.020896122 -0.037689418 0.041771722 0.019900708 0.073045253 
-0.020896121 -0.037689413 0.0411626 0.016725124 0.048774219 
-0.020896121 -0.03768942 0.041413506 0.020415016 0.046878594 
-0.020896121 -0.037689421 0.041159674 0.020461094 0.031725121 
-0.020896121 -0.037689424 0.0410726 0.02191803 0.021201286 
-0.02089612 -0.037689424 0.039884143 0.018741067 -0.021945452 
-0.020896119 -0.037689429 0.037901282 0.017010864 -0.085548106 
-0.020896119 -0.037689448 0.036603805 0.023072433 -0.12387074 
-0.021048466 -0.03381453 0.02912323 0.01748005 0.035016917 
-0.021048466 -0.033814524 0.028689933 0.01729868 0.027830863 
-0.021048466 -0.033814527 0.029000804 0.018212484 0.030853867 
-0.021048466 -0.033814528 0.028881653 0.014599057 0.023085451 
-0.021048466 -0.033814529 0.029260581 0.014089063 0.026787226 
-0.021048466 -0.033814533 0.029390218 0.012253929 0.021298766 
-0.021048466 -0.033814537 0.029880128 0.011884188 0.025673272 
-0.021048466 -0.033814536 0.029887663 0.0092525846 0.016634264 
-0.021048466 -0.033814536 0.029622292 0.0060060551 0.0011413362 
-0.021048466 -0.033814544 0.029107215 0.0081930622 -0.016553898 
-0.021200812 -0.029939654 0.018515454 0.02368519 0.034567462 
-0.021200812 -0.029939656 0.018211133 0.024782903 0.03399393 
-0.021200812 -0.02993966 0.018504512 0.02418139 0.041006879 
-0.021200812 -0.029939664 0.017990392 0.019034597 0.024700085 
-0.021200812 -0.029939669 0.018531208 0.017301081 0.033323914 
-0.021200812 -0.029939674 0.01861535 0.013186952 0.027109187 
-0.021200812 -0.029939678 0.018696652 0.0091979164 0.018250784 
-0.021200812 -0.029939683 0.0188609 0.0058235256 0.014294236 
-0.021200811 -0.029939683 0.018958955 0.0024443185 0.0069079328 
-0.021200812 -0.029939685 0.019019994 0.0018739296 0.0030657373 
-0.021353158 -0.026064799 0.0086204003 0.030112514 0.035636627 
-0.021353158 -0.026064797 0.0084826391 0.02948708 0.039470169 
-0.021353158 -0.026064798 0.0083968326 0.026387103 0.038130788 
-0.021353158 -0.026064808 0.008063445 0.022693448 0.030379885 
-0.021353158 -0.026064816 0.0085510235 0.020410109 0.037497215 
-0.021353158 -0.026064825 0.0085491555 0.01412575 0.029957163 
-0.021353158 -0.026064833 0.0087895686 0.0094890673 0.025743654 
-0.021353157 -0.026064841 0.0087550809 0.0042448256 0.01683487 
-0.021353157 -0.026064846 0.0089118946 -0.00015177525 0.011049017 
-0.021353157 -0.026064845 0.0091206086 -0.0024626135 0.0076441966 
-0.021505504 -0.022189959 -0.00052957013 0.033761694 0.031281999 
-0.021505504 -0.022189952 -0.00090434658 0.031754582 0.028681145 
-0.021505504 -0.022189958 -0.00075440429 0.030466076 0.035817098 
-0.021505504 -0.02218997 -0.00099561776 0.026633835 0.03199072 
-0.021505504 -0.022189978 -0.00078240554 0.021702776 0.031742563 
-0.021505503 -0.022189992 -0.00077074666 0.014926796 0.026004622 
-0.021505503 -0.022190001 -0.00053370978 0.00841922 0.022281515 
-0.021505503 -0.022190012 -0.00035617808 0.0025061002 0.019087425 
-0.021505503 -0.022190021 -0.00010688374 -0.0014966743 0.016840563 
-0.021505503 -0.022190018 8.894753e-05 -0.0045645284 0.010922236 
-0.02165785 -0.018315138 -0.0084464369 0.039130399 0.028101979 
-0.02165785 -0.018315137 -0.0085922188 0.03934884 0.032217653 
-0.02165785 -0.018315143 -0.0085468506 0.037239652 0.03657996 
-0.02165785 -0.018315155 -0.0090173811 0.031210172 0.027717098 
-0.02165785 -0.018315165 -0.0086533865 0.025713846 0.032337664 
-0.02165785 -0.018315181 -0.0086883319 0.017325587 0.025987754 
-0.02165785 -0.01831519 -0.0084887537 0.0093273583 0.022397699 
-0.02165785 -0.0183152 -0.0084357528 0.0024013682 0.016418261 
-0.02165785 -0.018315208 -0.0080860419 -0.0017965633 0.017257709 
-0.02165785 -0.018315205 -0.007665316 -0.0045845716 0.016862995 
-0.021810196 -0.01444034 -0.01504697 0.04573176 0.022292362 
-0.021810196 -0.014440342 -0.015203157 0.046441459 0.026947579 
-0.021810196 -0.014440344 -0.015283585 0.04241667 0.027659039 
-0.021810196 -0.014440358 -0.015690898 0.035593838 0.020804146 
-0.021810196 -0.014440369 -0.015256078 0.028916173 0.027679643 
-0.021810196 -0.014440383 -0.015425102 0.019125829 0.019563421 
-0.021810196 -0.014440392 -0.015158403 0.011381797 0.019610697 
-0.021810196 -0.014440401 -0.015069194 0.0039372256 0.015651221 
-0.021810196 -0.014440406 -0.014762548 -0.0012728408 0.016206304 
-0.021810196 -0.014440404 -0.014218197 -0.0034924109 0.019647451 
-0.021962543 -0.010565556 -0.020164239 0.051460573 0.014588897 
-0.021962543 -0.010565554 -0.020540723 0.050215082 0.012465426 
-0.021962543 -0.010565557 -0.020608633 0.045269865 0.013511309 
-0.021962543 -0.010565573 -0.020862502 0.038120547 0.011527939 
-0.021962543 -0.01056558 -0.020610903 0.029953625 0.014775208 
-0.021962543 -0.010565592 -0.020719 0.020623922 0.010169563 
-0.021962543 -0.010565598 -0.0203895 0.012943569 0.014490952 
-0.021962543 -0.010565606 -0.020403298 0.0048891564 0.010308895 
-0.021962543 -0.010565611 -0.020121483 -0.00032877945 0.011658476 
-0.021962543 -0.010565606 -0.019400173 -0.0020644583 0.01985384 
-0.02211489 -0.0066907696 -0.024171771 0.051515564 -0.01049902 
-0.02211489 -0.0066907685 -0.024388432 0.049923842 -0.0077995452 
-0.02211489 -0.0066907722 -0.024371228 0.045160437 -0.0035687716 
-0.02211489 -0.0066907869 -0.02473468 0.037454132 -0.0077014875 
-0.02211489 -0.0066907902 -0.024519896 0.029391492 -0.0032639147 
-0.02211489 -0.0066908019 -0.024472874 0.021238531 -0.00057336997 
-0.02211489 -0.0066908052 -0.024271055 0.01305179 0.0034002634 
-0.02211489 -0.0066908115 -0.024145595 0.0057434317 0.0052576085 
-0.02211489 -0.0066908158 -0.023764499 0.00097280426 0.010240109 
-0.02211489 -0.0066908091 -0.023012293 -0.00102696 0.019149765 
-0.022267237 -0.0028159796 -0.026284224 0.049731828 -0.030760832 
-0.022267237 -0.0028159807 -0.026412181 0.048310184 -0.025604958 
-0.022267237 -0.0028159847 -0.026333953 0.044188813 -0.018325966 
-0.022267237 -0.0028159971 -0.026868515 0.036138308 -0.025096394 
-0.022267237 -0.0028159987 -0.026557674 0.029460514 -0.014648105 
-0.022267237 -0.0028160066 -0.026609598 0.020988989 -0.012130994 
-0.022267237 -0.002816008 -0.026327494 0.013117588 -0.0035583409 
-0.022267238 -0.0028160147 -0.02602498 0.0068002627 0.0044099891 
-0.022267238 -0.0028160186 -0.0257059 0.0020206467 0.0080588849 
-0.022267238 -0.0028160095 -0.024988255 -0.00011605315 0.015502138 
-0.022419585 0.0010588148 -0.026186042 0.04986031 -0.037209832 
-0.022419585 0.0010588132 -0.026379067 0.04827675 -0.033490926 
-0.022419585 0.0010588098 -0.026387298 0.04458841 -0.026789312 
-0.022419585 0.0010587983 -0.027021204 0.037149259 -0.033991079 
-0.022419585 0.0010588005 -0.026683747 0.030977353 -0.019897452 
-0.022419585 0.0010587957 -0.026755651 0.022009869 -0.016391477 
-0.022419585 0.0010587949 -0.026406255 0.014466196 -0.0044623866 
-0.022419585 0.0010587892 -0.026185974 0.0079414355 0.0010645771 
-0.022419586 0.0010587866 -0.025897656 0.0032728888 0.0033372252 
-0.022419586 0.0010587996 -0.025050862 0.0017519892 0.013561304 
-0.022571933 0.0049336248 -0.024467427 0.04935665 -0.046020926 
-0.022571933 0.0049336227 -0.024661177 0.0488326 -0.041577598 
-0.022571933 0.0049336204 -0.024822858 0.045330452 -0.037513797 
-0.022571933 0.0049336079 -0.025273123 0.03957356 -0.037787497 
-0.022571933 0.0049336147 -0.025046688 0.032531323 -0.025188593 
-0.022571934 0.0049336096 -0.025018103 0.023937874 -0.018392883 
-0.022571934 0.004933611 -0.024738638 0.016092118 -0.0080914918 
-0.022571934 0.0049336079 -0.024528359 0.0094224993 -0.0037573996 
-0.022571934 0.0049336062 -0.024123057 0.0052869304 0.0015499676 
-0.022571934 0.0049336204 -0.023199339 0.0040323931 0.013849538 
-0.022724282 0.0088084534 -0.021039678 0.04923973 -0.053456741 
-0.022724282 0.0088084509 -0.021191253 0.049659782 -0.047547387 
-0.022724282 0.0088084477 -0.021241537 0.047258344 -0.0394252 
-0.022724282 0.0088084369 -0.021693981 0.041344261 -0.039612811 
-0.022724282 0.0088084453 -0.021405886 0.034394843 -0.024799419 
-0.022724282 0.0088084412 -0.021394599 0.02590702 -0.018849716 
-0.022724282 0.008808445 -0.021208072 0.017968597 -0.011231614 
-0.022724282 0.0088084432 -0.020908167 0.011730669 -0.0042449679 
-0.022724283 0.0088084418 -0.020471675 0.0076437765 0.0031274037 
-0.022724283 0.0088084524 -0.019694316 0.0059478185 0.012404029 
-0.022876631 0.012683298 -0.015526867 0.050241478 -0.048184672 
-0.022876631 0.012683296 -0.015667136 0.050728108 -0.042461339 
-0.022876631 0.012683294 -0.015655475 0.048291838 -0.032863609 
-0.022876631 0.012683285 -0.016238228 0.041110583 -0.037712606 
-0.022876631 0.012683294 -0.015883566 0.034866054 -0.020659222 
-0.022876631 0.012683292 -0.015949393 0.026899221 -0.01695565 
-0.022876631 0.012683295 -0.015811293 0.019890387 -0.0097503415 
-0.022876631 0.012683293 -0.015557413 0.014112774 -0.0026914449 
-0.022876632 0.012683293 -0.015200486 0.010017783 0.0042309369 
-0.022876632 0.012683301 -0.014569574 0.0081848858 0.011071406 
-0.02302898 0.016558164 -0.008471636 0.047857984 -0.043519885 
-0.02302898 0.016558162 -0.0084791724 0.048379938 -0.035492752 
-0.023028981 0.016558164 -0.00863762 0.044254284 -0.031310343 
-0.02302898 0.016558151 -0.0091585325 0.037593663 -0.034986666 
-0.023028981 0.016558162 -0.0088715042 0.032066274 -0.018750499 
-0.023028981 0.016558162 -0.0089252599 0.025727946 -0.013850109 
-0.023028981 0.016558164 -0.0088376147 0.020429857 -0.0063418404 
-0.023028981 0.016558163 -0.0086736529 0.015707986 -0.00066681002 
-0.023028981 0.016558162 -0.0084259304 0.012020211 0.0049540315 
-0.023028981 0.01655817 -0.0079456784 0.009909213 0.0099589695 
-0.02318133 0.020433053 -0.00010467475 0.041136795 -0.041416935 
-0.02318133 0.020433055 -0.00015815599 0.040320987 -0.036451555 
-0.02318133 0.020433057 -0.00028265208 0.036311634 -0.031304272 
-0.02318133 0.020433043 -0.00071810711 0.031094836 -0.032395643 
-0.02318133 0.020433053 -0.00056180832 0.026697375 -0.018416945 
-0.02318133 0.020433054 -0.00055187715 0.022629131 -0.010379165 
-0.02318133 0.020433058 -0.00049719078 0.018972742 -0.0022007583 
-0.02318133 0.020433056 -0.00045606369 0.015303335 0.0015016402 
-0.02318133 0.020433053 -0.00040128054 0.011989164 0.0040765007 
-0.02318133 0.020433061 -7.1526163e-05 0.009913927 0.0071016068 
-0.02333368 0.024307968 0.0093241432 0.030616667 -0.042100483 
-0.02333368 0.024307972 0.0092766723 0.029332785 -0.038310467 
-0.02333368 0.024307973 0.0093799196 0.027939903 -0.0265697 
-0.02333368 0.024307965 0.0089959971 0.02401673 -0.025824725 
-0.02333368 0.024307974 0.009049677 0.020670618 -0.01315766 
-0.02333368 0.024307975 0.0089793828 0.017408402 -0.0054297487 
-0.02333368 0.024307977 0.0088893719 0.014396472 0.00038480735 
-0.02333368 0.024307973 0.0088304256 0.011969249 0.0032078031 
-0.02333368 0.024307977 0.0089041513 0.010056149 0.0078775144 
-0.02333368 0.024307978 0.0090183427 0.0081163098 0.0059012967 
-0.023486029 0.028182906 0.019715598 0.018798926 -0.040118997 
-0.02348603 0.028182918 0.01998607 0.018770144 -0.026773071 
-0.02348603 0.028182912 0.019951262 0.018690748 -0.019692674 
-0.02348603 0.028182914 0.019700729 0.015923001 -0.015268674 
-0.02348603 0.028182919 0.019545018 0.012253173 -0.0066373953 
-0.02348603 0.028182921 0.019355549 0.0093561053 -0.00044545339 
-0.02348603 0.02818292 0.019170408 0.0072426594 0.0037146249 
-0.02348603 0.028182925 0.019243707 0.0064394003 0.011903596 
-0.02348603 0.028182933 0.019346717 0.0055660328 0.019038181 
-0.02348603 0.02818292 0.019018266 0.0028617059 0.0063401493 
-0.023638379 0.032057839 0.030528076 0.0068581249 -0.04456021 
-0.02363838 0.032057896 0.031568411 0.0071043587 -0.0039801332 
-0.02363838 0.032057883 0.031122625 0.0061437986 -0.009689525 
-0.02363838 0.032057891 0.031025832 0.0048354369 -0.0011034961 
-0.02363838 0.032057892 0.030715188 0.0016249942 0.0029829175 
-0.02363838 0.032057897 0.03058137 -9.5126452e-06 0.011671469 
-0.02363838 0.032057897 0.03032088 -0.0018120376 0.015175822 
-0.02363838 0.032057915 0.030467427 -0.0029365938 0.02844824 
-0.02363838 0.032057931 0.030531929 -0.0045166795 0.03737587 
-0.02363838 0.032057922 0.03020181 -0.0066500127 0.027508369 
-0.023790728 0.035932697 0.040183029 -0.0066775628 -0.10164434 
-0.023790729 0.035932793 0.041694131 -0.0064240205 -0.043174172 
-0.023790729 0.035932809 0.041677034 -0.0068120582 -0.034524177 
-0.02379073 0.035932866 0.042630158 -0.0052234756 0.0071897049 
-0.02379073 0.035932871 0.042205417 -0.0098237541 0.009228986 
-0.02379073 0.035932896 0.042089886 -0.014148852 0.022893668 
-0.02379073 0.035932903 0.041516589 -0.019117714 0.021309455 
-0.023790731 0.035932955 0.041869296 -0.022413606 0.04692862 
-0.023790731 0.035933036 0.042527622 -0.029317131 0.084111562 
-0.023790731 0.035933075 0.042113917 -0.040500443 0.086872742 
