-0.020896119 -0.037689448 0.036603805 0.023072429 -0.12387074 
-0.02089612 -0.037689436 0.038768663 0.02160409 -0.06448855 
-0.02089612 -0.037689412 0.039282367 0.012563345 -0.056121031 
-0.02089612 -0.037689397 0.03968836 0.0074945277 -0.052497743 
-0.02089612 -0.037689393 0.040411166 0.0047658728 -0.040569368 
-0.02089612 -0.037689386 0.040642333 4.0455314e-05 -0.043498412 
-0.02089612 -0.037689379 0.04077879 -0.0036639746 -0.04681968 
-0.020896119 -0.037689365 0.039709654 -0.011558907 -0.08408156 
-0.020896119 -0.03768937 0.040039311 -0.01015177 -0.080001263 
-0.020896119 -0.037689375 0.040140218 -0.010331005 -0.08082419 
-0.021048466 -0.033814544 0.029107215 0.0081930614 -0.016553893 
-0.021048466 -0.033814543 0.029502236 0.0088084381 -0.0046938005 
-0.021048466 -0.033814536 0.029406796 0.003689082 -0.014202289 
-0.021048465 -0.033814532 0.029315568 -0.0011894014 -0.02315916 
-0.021048465 -0.033814533 0.029387607 -0.0054855893 -0.031013263 
-0.021048465 -0.033814532 0.029364578 -0.01036197 -0.041989806 
-0.021048465 -0.033814529 0.029459496 -0.015102879 -0.048928737 
-0.021048465 -0.033814523 0.029091798 -0.020669185 -0.068929555 
-0.021048464 -0.033814529 0.029091504 -0.022719127 -0.076880837 
-0.021048464 -0.033814537 0.02893979 -0.023942185 -0.08459392 
-0.021200812 -0.029939685 0.019019993 0.0018739291 0.003065749 
-0.021200812 -0.029939685 0.019213326 0.0022836069 0.013112192 
-0.021200811 -0.029939683 0.018919921 -0.002640315 -0.0031936822 
-0.021200811 -0.029939686 0.018710969 -0.0071593443 -0.014742945 
-0.021200811 -0.029939689 0.018824281 -0.011970047 -0.021287732 
-0.021200811 -0.02993969 0.018842466 -0.018381479 -0.031124207 
-0.021200811 -0.02993969 0.018845307 -0.024928489 -0.041590857 
-0.02120081 -0.029939694 0.018741156 -0.029755795 -0.055362324 
-0.02120081 -0.029939703 0.018454709 -0.033644628 -0.07220059 
-0.02120081 -0.029939704 0.018464765 -0.034992524 -0.07513433 
-0.021353157 -0.026064845 0.0091206084 -0.0024626172 0.0076442029 
-0.021353157 -0.026064845 0.008998067 -0.0033915725 0.011320823 
-0.021353157 -0.026064846 0.0089255637 -0.0071986901 0.0020137651 
-0.021353157 -0.026064853 0.0088668123 -0.011537249 -0.0042425574 
-0.021353157 -0.026064857 0.008926651 -0.017826883 -0.011559587 
-0.021353157 -0.026064861 0.0088891789 -0.025425859 -0.022115045 
-0.021353156 -0.026064866 0.0087529084 -0.032932902 -0.036196087 
-0.021353156 -0.026064876 0.0088822521 -0.037270004 -0.043518092 
-0.021353156 -0.026064879 0.0087491141 -0.041735978 -0.055099392 
-0.021353156 -0.026064877 0.008789446 -0.043239778 -0.058211799 
-0.021505503 -0.022190018 8.8947567e-05 -0.004564527 0.010922244 
-0.021505503 -0.02219002 -0.00024088473 -0.0069031424 0.0096746639 
-0.021505503 -0.022190024 -0.00012799095 -0.010466134 0.0070516946 
-0.021505503 -0.022190033 -0.00023038861 -0.015863841 0.0013419571 
-0.021505503 -0.022190038 -0.00032480502 -0.023538739 -0.0087886822 
-0.021505503 -0.022190045 -0.00036601847 -0.031399361 -0.017869685 
-0.021505502 -0.022190052 -0.00051567587 -0.039483882 -0.031102499 
-0.021505502 -0.022190061 -0.00011061298 -0.043557258 -0.029712997 
-0.021505502 -0.02219006 -3.6103225e-05 -0.047810812 -0.035610335 
-0.021505502 -0.022190066 -3.205959e-05 -0.049508289 -0.042709156 
-0.02165785 -0.018315205 -0.0076653159 -0.0045845661 0.016863012 
-0.021657849 -0.01831521 -0.0082235619 -0.0079605979 0.010951972 
-0.021657849 -0.018315217 -0.0081679499 -0.012413897 0.008746893 
-0.021657849 -0.018315227 -0.0083445127 -0.019015221 0.0028416759 
-0.021657849 -0.018315234 -0.0084163222 -0.027245189 -0.0045603854 
-0.021657849 -0.018315241 -0.0083946102 -0.035342539 -0.010067655 
-0.021657849 -0.018315246 -0.008538514 -0.044186457 -0.021879181 
-0.021657849 -0.018315251 -0.0079649777 -0.048340849 -0.016114529 
-0.021657849 -0.018315258 -0.0079127224 -0.052820539 -0.025087059 
-0.021657849 -0.018315264 -0.0077775802 -0.05434878 -0.030954045 
-0.021810196 -0.014440404 -0.014218197 -0.0034924041 0.019647465 
-0.021810196 -0.01444041 -0.014956245 -0.0075642043 0.010715816 
-0.021810196 -0.014440418 -0.014954549 -0.012935335 0.0087634389 
-0.021810196 -0.01444043 -0.015124446 -0.020443676 0.0048177991 
-0.021810196 -0.014440436 -0.015153504 -0.029095369 0.00045446167 
-0.021810196 -0.014440443 -0.015073546 -0.037520903 -0.0029182009 
-0.021810195 -0.014440448 -0.015206573 -0.04691894 -0.014552978 
-0.021810195 -0.014440456 -0.014648926 -0.051595331 -0.011309444 
-0.021810195 -0.014440466 -0.014585443 -0.056300729 -0.022262233 
-0.021810195 -0.014440466 -0.014273959 -0.057423274 -0.024475351 
-0.021962543 -0.010565606 -0.019400172 -0.0020644486 0.019853856 
-0.021962543 -0.010565614 -0.020261686 -0.0069344862 0.0092177249 
-0.021962543 -0.010565623 -0.020262225 -0.012606841 0.0085951997 
-0.021962543 -0.010565632 -0.020393529 -0.020298579 0.0066514919 
-0.021962543 -0.010565638 -0.020414241 -0.029206556 0.0026376415 
-0.021962543 -0.010565645 -0.020296751 -0.038075989 -0.00044513069 
-0.021962542 -0.010565652 -0.020431912 -0.047856054 -0.012977134 
-0.021962542 -0.010565663 -0.019894108 -0.052784082 -0.012314782 
-0.021962542 -0.010565666 -0.019617355 -0.057081615 -0.017879578 
-0.021962542 -0.010565671 -0.019416115 -0.058530396 -0.023949995 
-0.02211489 -0.0066908091 -0.023012293 -0.0010269486 0.019149784 
-0.02211489 -0.0066908175 -0.023986815 -0.0063256075 0.0063091803 
-0.02211489 -0.0066908225 -0.023886135 -0.011368039 0.0089015192 
-0.02211489 -0.0066908299 -0.023984095 -0.018866261 0.0071600061 
-0.02211489 -0.0066908369 -0.024016267 -0.028078728 0.0021361149 
-0.02211489 -0.0066908448 -0.023864166 -0.037101706 -0.00058238592 
-0.02211489 -0.0066908511 -0.023941045 -0.046678488 -0.011704927 
-0.02211489 -0.0066908549 -0.023205919 -0.051212495 -0.0054585882 
-0.02211489 -0.0066908565 -0.022890736 -0.055735568 -0.0091751227 
-0.02211489 -0.0066908598 -0.022687563 -0.057587752 -0.014173348 
-0.022267238 -0.0028160095 -0.024988255 -0.00011604367 0.015502153 
-0.022267237 -0.0028160157 -0.025872023 -0.0047781231 0.0046574641 
-0.022267238 -0.0028160174 -0.025682969 -0.0093220964 0.0090817304 
-0.022267238 -0.0028160266 -0.025814428 -0.016986793 0.0053241253 
-0.022267237 -0.0028160338 -0.0258501 -0.026385232 0.00064490159 
-0.022267237 -0.0028160379 -0.025602146 -0.03514921 0.0013123188 
-0.022267237 -0.0028160437 -0.02562263 -0.044239333 -0.0071803214 
-0.022267238 -0.0028160416 -0.024771723 -0.048645585 0.0042501507 
-0.022267237 -0.0028160514 -0.024718407 -0.05438485 -0.0051051018 
-0.022267237 -0.0028160509 -0.024447674 -0.0565331 -0.0066425482 
-0.022419586 0.0010587996 -0.025050862 0.0017520005 0.013561309 
-0.022419586 0.001058793 -0.025831777 -0.0025043339 0.0043127288 
-0.022419586 0.0010587899 -0.025718208 -0.007480384 0.0064305324 
-0.022419586 0.0010587828 -0.025816023 -0.015359687 0.0043192891 
-0.022419585 0.0010587782 -0.025806155 -0.024524514 0.0026779738 
-0.022419585 0.0010587756 -0.025514274 -0.032821158 0.0059793079 
-0.022419585 0.0010587704 -0.025513639 -0.041624662 0.00084567588 
-0.022419586 0.0010587682 -0.024870638 -0.047060581 0.0092428261 
-0.022419585 0.0010587594 -0.024854593 -0.053144573 0.0011064665 
-0.022419585 0.0010587585 -0.024641044 -0.055595328 -0.0018760767 
-0.022571934 0.0049336204 -0.023199338 0.0040324109 0.013849547 
-0.022571934 0.0049336092 -0.024047992 -0.00061488652 0.0021389675 
-0.022571934 0.004933608 -0.023938294 -0.0057575071 0.0054926471 
-0.022571934 0.0049336082 -0.02385177 -0.012995796 0.010141419 
-0.022571934 0.0049336046 -0.023841734 -0.02182968 0.010601869 
-0.022571934 0.004933603 -0.023566456 -0.02995291 0.015909204 
-0.022571934 0.0049335984 -0.023606919 -0.038801775 0.013070506 
-0.022571934 0.0049335934 -0.023127845 -0.04490638 0.019119043 
-0.022571934 0.0049335917 -0.023004767 -0.050652678 0.015698229 
-0.022571934 0.0049335967 -0.022711809 -0.052768026 0.015035592 
-0.022724283 0.0088084524 -0.019694316 0.0059478353 0.012404036 
-0.022724283 0.0088084402 -0.020507637 0.001690143 0.0015724325 
-0.022724283 0.0088084446 -0.020268801 -0.002923943 0.010011396 
-0.022724283 0.0088084464 -0.020148367 -0.0097278373 0.017178457 
-0.022724283 0.0088084403 -0.020251457 -0.018268912 0.016729803 
-0.022724283 0.0088084426 -0.01992593 -0.025781153 0.025768072 
-0.022724283 0.0088084349 -0.020111872 -0.0349798 0.020970785 
-0.022724283 0.0088084321 -0.019694114 -0.041254607 0.026792608 
-0.022724283 0.0088084334 -0.019583917 -0.046723665 0.023926259 
-0.022724283 0.0088084403 -0.019209456 -0.047517062 0.024638808 
-0.022876632 0.012683301 -0.014569573 0.0081848995 0.01107141 
-0.022876632 0.012683291 -0.015244439 0.0046285147 0.0035130709 
-0.022876632 0.012683292 -0.015127936 -0.00023443019 0.010146374 
-0.022876632 0.012683294 -0.015028247 -0.0063135708 0.018320388 
-0.022876632 0.012683288 -0.015144194 -0.013944226 0.018725372 
-0.022876632 0.012683289 -0.014935145 -0.021433388 0.026027638 
-0.022876632 0.01268328 -0.01524816 -0.030466721 0.019303674 
-0.022876632 0.012683283 -0.0147894 -0.035860662 0.026861299 
-0.022876632 0.012683282 -0.014769119 -0.040818433 0.021213273 
-0.022876632 0.012683277 -0.014664762 -0.041807516 0.013826118 
-0.023028981 0.01655817 -0.0079456781 0.0099092255 0.0099589694 
-0.023028981 0.016558163 -0.0085148095 0.0068002517 0.0050938419 
-0.023028981 0.016558155 -0.0086524462 0.0019813499 0.0049445539 
-0.023028981 0.016558158 -0.0084839245 -0.0029583982 0.015650371 
-0.023028981 0.016558152 -0.0086712881 -0.0098808675 0.015531547 
-0.023028981 0.016558148 -0.0086739631 -0.01697261 0.017869014 
-0.023028981 0.016558144 -0.0089643206 -0.024865858 0.01214366 
-0.023028981 0.016558146 -0.0085699251 -0.029321174 0.017954057 
-0.023028981 0.01655814 -0.0087005495 -0.033949514 0.0084722083 
-0.023028981 0.016558148 -0.0083796955 -0.034759527 0.0084215059 
-0.02318133 0.020433061 -7.1525901e-05 0.0099139407 0.0071016014 
-0.02318133 0.020433063 -0.0003114849 0.0084618211 0.009798937 
-0.02318133 0.020433046 -0.00066301769 0.0037269079 0.0041573223 
-0.02318133 0.020433044 -0.00075042896 -0.0012711954 0.0086308167 
-0.02318133 0.020433037 -0.00099403373 -0.0071838305 0.0078789686 
-0.02318133 0.020433035 -0.0010365284 -0.01308263 0.009734268 
-0.02318133 0.020433026 -0.0014997383 -0.020052875 -0.00035034301 
-0.02318133 0.020433023 -0.0013109747 -0.02403315 0.0002790945 
-0.02318133 0.020433023 -0.0013366374 -0.027617732 -0.0061004649 
-0.02318133 0.020433037 -0.00096921702 -0.028754361 -0.0028900125 
-0.02333368 0.024307978 0.009018343 0.0081163244 0.0059012885 
-0.02333368 0.024307979 0.0088814949 0.007300581 0.010215595 
-0.02333368 0.024307977 0.0087187883 0.0034732425 0.011554609 
-0.02333368 0.024307971 0.0085455335 -0.00022899685 0.012241655 
-0.02333368 0.02430796 0.0081513339 -0.004948432 0.0084363953 
-0.02333368 0.024307957 0.0079227809 -0.010778782 0.0072309268 
-0.02333368 0.02430794 0.0072873677 -0.016675956 -0.0078607422 
-0.02333368 0.024307945 0.0075948829 -0.018839556 -0.0025719485 
-0.02333368 0.024307948 0.0076060733 -0.021709042 -0.0061658933 
-0.02333368 0.024307951 0.0078431537 -0.022433282 -0.0072624862 
-0.02348603 0.02818292 0.019018266 0.002861718 0.006340143 
-0.02348603 0.028182899 0.018652767 0.0036092284 -0.0013992628 
-0.02348603 0.028182913 0.018703983 0.0012396422 0.0077177663 
-0.02348603 0.028182906 0.018387765 -0.0022222408 0.0057826016 
-0.02348603 0.028182898 0.01801844 -0.0056761698 0.0029340274 
-0.02348603 0.028182892 0.017704729 -0.0096687151 -2.2556575e-05 
-0.023486029 0.028182878 0.017051351 -0.014804181 -0.014506286 
-0.023486029 0.028182883 0.017256107 -0.016324124 -0.0095195055 
-0.023486029 0.028182872 0.017011805 -0.01815621 -0.019636882 
-0.023486029 0.028182858 0.016895915 -0.019256713 -0.031641541 
-0.02363838 0.032057922 0.03020181 -0.0066500045 0.027508356 
-0.023638379 0.032057851 0.029496517 0.0002533173 -0.00058918796 
-0.02363838 0.032057859 0.029415103 -0.0018794512 0.0035598654 
-0.02363838 0.032057864 0.029244825 -0.0039486901 0.0067082902 
-0.023638379 0.032057843 0.028436674 -0.0077515576 -0.0086082668 
-0.023638379 0.032057829 0.027921864 -0.010519054 -0.017289779 
-0.023638379 0.032057825 0.027638877 -0.011920669 -0.021610958 
-0.023638379 0.032057819 0.027422657 -0.013830573 -0.025877028 
-0.023638379 0.032057808 0.027154111 -0.013977385 -0.033610767 
-0.023638379 0.032057811 0.027250108 -0.014082026 -0.036256568 
-0.023790731 0.035933075 0.042113918 -0.040500434 0.086872726 
-0.023790731 0.035932974 0.041360008 -0.028172467 0.048359252 
-0.02379073 0.035932939 0.041460867 -0.018736606 0.045458368 
-0.02379073 0.035932913 0.041200404 -0.014699556 0.038723443 
-0.02379073 0.035932875 0.040449553 -0.012699677 0.019190516 
-0.023790729 0.035932845 0.039808621 -0.011885656 0.0037681809 
-0.023790729 0.035932811 0.039074544 -0.010546327 -0.014485271 
-0.023790729 0.035932819 0.039178036 -0.0089879512 -0.0074567102 
-0.023790729 0.035932784 0.038331266 -0.0095382104 -0.031124845 
-0.023790729 0.035932789 0.038275753 -0.0103032 -0.032546751 
