-0.020896123 -0.037689428 0.044019361 0.026246147 0.13973755 
-0.021048466 -0.03381453 0.02912323 0.01748005 0.035016917 
-0.021200812 -0.029939654 0.018515454 0.02368519 0.034567462 
-0.021353158 -0.026064799 0.0086204003 0.030112514 0.035636627 
-0.021505504 -0.022189959 -0.00052957013 0.033761694 0.031281999 
-0.02165785 -0.018315138 -0.0084464369 0.039130399 0.028101979 
-0.021810196 -0.01444034 -0.01504697 0.04573176 0.022292362 
-0.021962543 -0.010565556 -0.020164239 0.051460573 0.014588897 
-0.02211489 -0.0066907696 -0.024171771 0.051515564 -0.01049902 
-0.022267237 -0.0028159796 -0.026284224 0.049731828 -0.030760832 
-0.022419585 0.0010588148 -0.026186042 0.04986031 -0.037209832 
-0.022571933 0.0049336248 -0.024467427 0.04935665 -0.046020926 
-0.022724282 0.0088084534 -0.021039678 0.04923973 -0.053456741 
-0.022876631 0.012683298 -0.015526867 0.050241478 -0.048184672 
-0.02302898 0.016558164 -0.008471636 0.047857984 -0.043519885 
-0.02318133 0.020433053 -0.00010467475 0.041136795 -0.041416935 
-0.02333368 0.024307968 0.0093241432 0.030616667 -0.042100483 
-0.023486029 0.028182906 0.019715598 0.018798926 -0.040118997 
-0.023638379 0.032057839 0.030528076 0.0068581249 -0.04456021 
-0.023790728 0.035932697 0.040183029 -0.0066775628 -0.10164434 
-0.020896122 -0.03768941 0.041764265 0.017547874 0.078358952 
-0.021048466 -0.033814524 0.028689933 0.017298678 0.027830862 
-0.021200812 -0.029939656 0.018211133 0.024782903 0.033993929 
-0.021353158 -0.026064797 0.0084826391 0.029487078 0.039470169 
-0.021505504 -0.022189952 -0.00090434677 0.03175458 0.028681143 
-0.02165785 -0.018315137 -0.008592219 0.039348835 0.032217655 
-0.021810196 -0.014440342 -0.015203157 0.046441455 0.026947576 
-0.021962543 -0.010565554 -0.020540723 0.050215081 0.012465425 
-0.02211489 -0.0066907685 -0.024388432 0.049923838 -0.0077995397 
-0.022267237 -0.0028159807 -0.026412181 0.048310182 -0.025604957 
-0.022419585 0.0010588132 -0.026379067 0.048276747 -0.033490926 
-0.022571933 0.0049336227 -0.024661177 0.048832601 -0.041577603 
-0.022724282 0.0088084509 -0.021191253 0.049659784 -0.047547396 
-0.022876631 0.012683296 -0.015667136 0.05072811 -0.042461341 
-0.02302898 0.016558162 -0.0084791726 0.048379935 -0.035492753 
-0.02318133 0.020433055 -0.00015815589 0.040320987 -0.036451557 
-0.02333368 0.024307972 0.0092766725 0.02933279 -0.038310465 
-0.02348603 0.028182918 0.019986071 0.01877015 -0.026773068 
-0.02363838 0.032057896 0.031568411 0.0071043639 -0.0039801287 
-0.023790729 0.035932793 0.041694131 -0.006424019 -0.043174175 
-0.020896122 -0.037689418 0.041771722 0.019900709 0.073045251 
-0.021048466 -0.033814527 0.029000804 0.018212484 0.030853865 
-0.021200812 -0.02993966 0.018504513 0.024181392 0.041006879 
-0.021353158 -0.026064798 0.0083968325 0.026387102 0.03813079 
-0.021505504 -0.022189958 -0.00075440426 0.03046608 0.035817098 
-0.02165785 -0.018315143 -0.0085468505 0.037239652 0.036579965 
-0.021810196 -0.014440344 -0.015283585 0.04241667 0.027659042 
-0.021962543 -0.010565557 -0.020608633 0.045269868 0.013511308 
-0.02211489 -0.0066907722 -0.024371228 0.045160439 -0.0035687676 
-0.022267237 -0.0028159847 -0.026333953 0.044188815 -0.018325964 
-0.022419585 0.0010588098 -0.026387298 0.04458841 -0.026789307 
-0.022571933 0.0049336204 -0.024822858 0.045330454 -0.037513794 
-0.022724282 0.0088084477 -0.021241537 0.047258348 -0.039425203 
-0.022876631 0.012683294 -0.015655474 0.048291842 -0.032863609 
-0.023028981 0.016558164 -0.0086376202 0.044254285 -0.031310342 
-0.02318133 0.020433057 -0.00028265224 0.036311631 -0.031304274 
-0.02333368 0.024307973 0.0093799196 0.027939901 -0.026569708 
-0.02348603 0.028182912 0.019951262 0.01869075 -0.019692676 
-0.02363838 0.032057883 0.031122625 0.0061438018 -0.0096895237 
-0.023790729 0.035932809 0.041677034 -0.0068120581 -0.03452418 
-0.020896121 -0.037689413 0.0411626 0.016725122 0.048774221 
-0.021048466 -0.033814528 0.028881653 0.014599053 0.023085454 
-0.021200812 -0.029939664 0.017990391 0.019034597 0.024700088 
-0.021353158 -0.026064808 0.0080634449 0.022693445 0.030379887 
-0.021505504 -0.02218997 -0.00099561781 0.026633835 0.031990723 
-0.02165785 -0.018315155 -0.009017381 0.031210175 0.027717099 
-0.021810196 -0.014440358 -0.015690898 0.035593837 0.020804155 
-0.021962543 -0.010565573 -0.020862502 0.038120552 0.011527944 
-0.02211489 -0.0066907869 -0.02473468 0.037454135 -0.0077014826 
-0.022267237 -0.0028159971 -0.026868515 0.036138313 -0.02509639 
-0.022419585 0.0010587983 -0.027021204 0.037149262 -0.033991076 
-0.022571933 0.0049336079 -0.025273122 0.039573562 -0.037787492 
-0.022724282 0.0088084369 -0.021693981 0.041344263 -0.039612812 
-0.022876631 0.012683285 -0.016238228 0.041110586 -0.037712609 
-0.02302898 0.016558151 -0.0091585326 0.037593668 -0.034986667 
-0.02318133 0.020433043 -0.00071810718 0.031094839 -0.032395642 
-0.02333368 0.024307965 0.0089959971 0.024016732 -0.025824729 
-0.02348603 0.028182914 0.019700729 0.015923004 -0.015268678 
-0.02363838 0.032057891 0.031025832 0.0048354394 -0.0011034968 
-0.02379073 0.035932866 0.042630158 -0.0052234739 0.0071897009 
-0.020896121 -0.03768942 0.041413506 0.020415014 0.046878588 
-0.021048466 -0.033814529 0.029260581 0.014089061 0.026787226 
-0.021200812 -0.029939669 0.018531208 0.017301081 0.033323917 
-0.021353158 -0.026064816 0.0085510234 0.020410108 0.037497221 
-0.021505504 -0.022189978 -0.0007824056 0.021702776 0.03174257 
-0.02165785 -0.018315165 -0.0086533864 0.02571385 0.03233767 
-0.021810196 -0.014440369 -0.015256078 0.028916175 0.027679653 
-0.021962543 -0.01056558 -0.020610903 0.029953627 0.014775209 
-0.02211489 -0.0066907902 -0.024519896 0.029391495 -0.0032639113 
-0.022267237 -0.0028159987 -0.026557674 0.029460517 -0.0146481 
-0.022419585 0.0010588005 -0.026683747 0.030977358 -0.019897447 
-0.022571933 0.0049336147 -0.025046688 0.032531327 -0.025188588 
-0.022724282 0.0088084453 -0.021405886 0.034394846 -0.024799415 
-0.022876631 0.012683294 -0.015883566 0.034866059 -0.020659223 
-0.023028981 0.016558162 -0.0088715041 0.032066278 -0.0187505 
-0.02318133 0.020433053 -0.00056180827 0.026697382 -0.018416948 
-0.02333368 0.024307974 0.0090496772 0.020670623 -0.013157663 
-0.02348603 0.028182919 0.019545018 0.012253179 -0.006637399 
-0.02363838 0.032057892 0.030715188 0.0016249989 0.002982917 
-0.02379073 0.035932871 0.042205417 -0.0098237519 0.0092289802 
-0.020896121 -0.037689421 0.041159674 0.020461093 0.031725123 
-0.021048466 -0.033814533 0.029390218 0.012253926 0.021298768 
-0.021200812 -0.029939674 0.018615349 0.013186952 0.027109192 
-0.021353158 -0.026064825 0.0085491554 0.014125752 0.029957171 
-0.021505503 -0.022189992 -0.00077074665 0.014926799 0.026004627 
-0.02165785 -0.018315181 -0.0086883318 0.017325592 0.025987758 
-0.021810196 -0.014440383 -0.015425102 0.019125836 0.019563435 
-0.021962543 -0.010565592 -0.020718999 0.020623927 0.010169574 
-0.02211489 -0.0066908019 -0.024472874 0.021238538 -0.00057336409 
-0.022267237 -0.0028160066 -0.026609598 0.020988993 -0.012130987 
-0.022419585 0.0010587957 -0.026755651 0.022009876 -0.016391477 
-0.022571934 0.0049336096 -0.025018102 0.02393788 -0.018392882 
-0.022724282 0.0088084412 -0.021394599 0.025907028 -0.018849714 
-0.022876631 0.012683292 -0.015949393 0.026899229 -0.016955648 
-0.023028981 0.016558162 -0.0089252599 0.02572795 -0.01385011 
-0.02318133 0.020433054 -0.00055187726 0.022629136 -0.010379167 
-0.02333368 0.024307975 0.0089793828 0.017408407 -0.0054297529 
-0.02348603 0.028182921 0.019355549 0.0093561117 -0.00044546096 
-0.02363838 0.032057897 0.03058137 -9.5059513e-06 0.011671463 
-0.02379073 0.035932896 0.042089886 -0.014148845 0.022893659 
-0.020896121 -0.037689424 0.0410726 0.021918026 0.021201291 
-0.021048466 -0.033814537 0.029880128 0.011884185 0.02567328 
-0.021200812 -0.029939678 0.018696651 0.0091979132 0.018250793 
-0.021353158 -0.026064833 0.0087895685 0.0094890678 0.025743662 
-0.021505503 -0.022190001 -0.00053370976 0.0084192198 0.022281526 
-0.02165785 -0.01831519 -0.0084887536 0.0093273605 0.022397708 
-0.021810196 -0.014440392 -0.015158403 0.011381804 0.019610707 
-0.021962543 -0.010565598 -0.020389499 0.012943577 0.014490965 
-0.02211489 -0.0066908052 -0.024271055 0.013051796 0.0034002726 
-0.022267237 -0.002816008 -0.026327494 0.013117595 -0.0035583294 
-0.022419585 0.0010587949 -0.026406255 0.014466206 -0.0044623766 
-0.022571934 0.004933611 -0.024738638 0.016092127 -0.0080914845 
-0.022724282 0.008808445 -0.021208072 0.017968607 -0.011231615 
-0.022876631 0.012683295 -0.015811293 0.019890398 -0.0097503465 
-0.023028981 0.016558164 -0.0088376144 0.020429867 -0.0063418449 
-0.02318133 0.020433058 -0.00049719071 0.018972752 -0.0022007593 
-0.02333368 0.024307977 0.008889372 0.014396479 0.00038480374 
-0.02348603 0.02818292 0.019170408 0.0072426666 0.0037146143 
-0.02363838 0.032057897 0.03032088 -0.0018120323 0.015175814 
-0.02379073 0.035932903 0.04151659 -0.019117706 0.021309449 
-0.02089612 -0.037689424 0.039884143 0.018741061 -0.021945449 
-0.021048466 -0.033814536 0.029887662 0.0092525831 0.016634268 
-0.021200812 -0.029939683 0.018860899 0.0058235268 0.014294246 
-0.021353157 -0.026064841 0.0087550809 0.0042448271 0.016834881 
-0.021505503 -0.022190012 -0.00035617806 0.0025061045 0.019087441 
-0.02165785 -0.0183152 -0.0084357527 0.0024013699 0.016418276 
-0.021810196 -0.014440401 -0.015069194 0.0039372297 0.015651233 
-0.021962543 -0.010565606 -0.020403298 0.0048891621 0.010308913 
-0.02211489 -0.0066908115 -0.024145594 0.0057434386 0.0052576207 
-0.022267238 -0.0028160147 -0.02602498 0.0068002709 0.0044099997 
-0.022419585 0.0010587892 -0.026185974 0.0079414431 0.0010645864 
-0.022571934 0.0049336079 -0.024528359 0.0094225085 -0.003757387 
-0.022724282 0.0088084432 -0.020908167 0.011730678 -0.0042449665 
-0.022876631 0.012683293 -0.015557413 0.014112785 -0.0026914456 
-0.023028981 0.016558163 -0.0086736528 0.015707997 -0.00066681585 
-0.02318133 0.020433056 -0.00045606362 0.015303346 0.001501633 
-0.02333368 0.024307973 0.0088304257 0.011969257 0.0032077963 
-0.02348603 0.028182925 0.019243707 0.0064394089 0.011903586 
-0.02363838 0.032057915 0.030467427 -0.0029365873 0.028448229 
-0.023790731 0.035932955 0.041869297 -0.022413598 0.046928612 
-0.020896119 -0.037689429 0.037901282 0.017010862 -0.085548099 
-0.021048466 -0.033814536 0.029622292 0.0060060526 0.0011413419 
-0.021200811 -0.029939683 0.018958955 0.0024443176 0.0069079435 
-0.021353157 -0.026064846 0.0089118946 -0.00015177362 0.011049027 
-0.021505503 -0.022190021 -0.0001068836 -0.0014966674 0.01684058 
-0.02165785 -0.018315208 -0.0080860419 -0.0017965584 0.017257727 
-0.021810196 -0.014440406 -0.014762549 -0.0012728357 0.016206318 
-0.021962543 -0.010565611 -0.020121483 -0.00032877177 0.011658493 
-0.02211489 -0.0066908158 -0.023764499 0.00097281259 0.010240124 
-0.022267238 -0.0028160186 -0.0257059 0.0020206542 0.0080588925 
-0.022419586 0.0010587866 -0.025897656 0.0032728997 0.0033372321 
-0.022571934 0.0049336062 -0.024123057 0.0052869418 0.0015499786 
-0.022724283 0.0088084418 -0.020471675 0.0076437861 0.0031274075 
-0.022876632 0.012683293 -0.015200486 0.010017793 0.0042309368 
-0.023028981 0.016558162 -0.0084259302 0.012020224 0.0049540261 
-0.02318133 0.020433053 -0.00040128047 0.011989176 0.004076492 
-0.02333368 0.024307977 0.0089041514 0.010056159 0.0078775043 
-0.02348603 0.028182933 0.019346717 0.0055660395 0.019038174 
-0.02363838 0.032057931 0.030531929 -0.0045166723 0.037375857 
-0.023790731 0.035933036 0.042527622 -0.029317121 0.084111548 
-0.020896119 -0.037689448 0.036603805 0.023072429 -0.12387074 
-0.021048466 -0.033814544 0.029107215 0.0081930614 -0.016553893 
-0.021200812 -0.029939685 0.019019993 0.0018739291 0.003065749 
-0.021353157 -0.026064845 0.0091206084 -0.0024626172 0.0076442029 
-0.021505503 -0.022190018 8.8947567e-05 -0.004564527 0.010922244 
-0.02165785 -0.018315205 -0.0076653159 -0.0045845661 0.016863012 
-0.021810196 -0.014440404 -0.014218197 -0.0034924041 0.019647465 
-0.021962543 -0.010565606 -0.019400172 -0.0020644486 0.019853856 
-0.02211489 -0.0066908091 -0.023012293 -0.0010269486 0.019149784 
-0.022267238 -0.0028160095 -0.024988255 -0.00011604367 0.015502153 
-0.022419586 0.0010587996 -0.025050862 0.0017520005 0.013561309 
-0.022571934 0.0049336204 -0.023199338 0.0040324109 0.013849547 
-0.022724283 0.0088084524 -0.019694316 0.0059478353 0.012404036 
-0.022876632 0.012683301 -0.014569573 0.0081848995 0.01107141 
-0.023028981 0.01655817 -0.0079456781 0.0099092255 0.0099589694 
-0.02318133 0.020433061 -7.1525901e-05 0.0099139407 0.0071016014 
-0.02333368 0.024307978 0.009018343 0.0081163244 0.0059012885 
-0.02348603 0.02818292 0.019018266 0.002861718 0.006340143 
-0.02363838 0.032057922 0.03020181 -0.0066500045 0.027508356 
-0.023790731 0.035933075 0.042113918 -0.040500434 0.086872726 
