-0.020896119 -0.037689448 0.036603805 0.023072433 -0.12387074 
-0.021048466 -0.033814544 0.029107215 0.0081930622 -0.016553898 
-0.021200812 -0.029939685 0.019019994 0.0018739296 0.0030657373 
-0.021353157 -0.026064845 0.0091206086 -0.0024626135 0.0076441966 
-0.021505503 -0.022190018 8.894753e-05 -0.0045645284 0.010922236 
-0.02165785 -0.018315205 -0.007665316 -0.0045845716 0.016862995 
-0.021810196 -0.014440404 -0.014218197 -0.0034924109 0.019647451 
-0.021962543 -0.010565606 -0.019400173 -0.0020644583 0.01985384 
-0.02211489 -0.0066908091 -0.023012293 -0.00102696 0.019149765 
-0.022267238 -0.0028160095 -0.024988255 -0.00011605315 0.015502138 
-0.022419586 0.0010587996 -0.025050862 0.0017519892 0.013561304 
-0.022571934 0.0049336204 -0.023199339 0.0040323931 0.013849538 
-0.022724283 0.0088084524 -0.019694316 0.0059478185 0.012404029 
-0.022876632 0.012683301 -0.014569574 0.0081848858 0.011071406 
-0.023028981 0.01655817 -0.0079456784 0.009909213 0.0099589695 
-0.02318133 0.020433061 -7.1526163e-05 0.009913927 0.0071016068 
-0.02333368 0.024307978 0.0090183427 0.0081163098 0.0059012967 
-0.02348603 0.02818292 0.019018266 0.0028617059 0.0063401493 
-0.02363838 0.032057922 0.03020181 -0.0066500127 0.027508369 
-0.023790731 0.035933075 0.042113917 -0.040500443 0.086872742 
-0.02089612 -0.037689436 0.038768663 0.021604097 -0.064488553 
-0.021048466 -0.033814543 0.029502236 0.0088084401 -0.0046938058 
-0.021200812 -0.029939685 0.019213326 0.0022836039 0.013112176 
-0.021353157 -0.026064845 0.0089980672 -0.0033915739 0.011320805 
-0.021505503 -0.02219002 -0.00024088456 -0.0069031445 0.0096746512 
-0.021657849 -0.01831521 -0.008223562 -0.0079606043 0.010951956 
-0.021810196 -0.01444041 -0.014956245 -0.0075642071 0.010715805 
-0.021962543 -0.010565614 -0.020261686 -0.0069344924 0.0092177144 
-0.02211489 -0.0066908175 -0.023986815 -0.0063256154 0.0063091653 
-0.022267237 -0.0028160157 -0.025872023 -0.0047781297 0.0046574458 
-0.022419586 0.001058793 -0.025831777 -0.0025043395 0.0043127208 
-0.022571934 0.0049336092 -0.024047992 -0.00061489682 0.0021389611 
-0.022724283 0.0088084402 -0.020507637 0.0016901284 0.001572433 
-0.022876632 0.012683291 -0.015244439 0.0046285013 0.0035130754 
-0.023028981 0.016558163 -0.0085148094 0.0068002404 0.0050938471 
-0.02318133 0.020433063 -0.00031148494 0.0084618119 0.0097989451 
-0.02333368 0.024307979 0.0088814949 0.0073005717 0.010215604 
-0.02348603 0.028182899 0.018652767 0.0036092217 -0.0013992605 
-0.023638379 0.032057851 0.029496517 0.00025331101 -0.00058917835 
-0.023790731 0.035932974 0.041360008 -0.028172474 0.048359257 
-0.02089612 -0.037689412 0.039282367 0.012563352 -0.056121042 
-0.021048466 -0.033814536 0.029406796 0.0036890851 -0.014202295 
-0.021200811 -0.029939683 0.018919921 -0.0026403146 -0.003193695 
-0.021353157 -0.026064846 0.0089255637 -0.0071986929 0.0020137513 
-0.021505503 -0.022190024 -0.00012799083 -0.010466136 0.0070516845 
-0.021657849 -0.018315217 -0.0081679501 -0.012413902 0.0087468775 
-0.021810196 -0.014440418 -0.014954549 -0.012935339 0.0087634207 
-0.021962543 -0.010565623 -0.020262225 -0.012606846 0.0085951824 
-0.02211489 -0.0066908225 -0.023886135 -0.011368047 0.0089015084 
-0.022267238 -0.0028160174 -0.025682969 -0.0093221079 0.0090817171 
-0.022419586 0.0010587899 -0.025718209 -0.0074803935 0.0064305235 
-0.022571934 0.004933608 -0.023938294 -0.0057575172 0.0054926365 
-0.022724283 0.0088084446 -0.020268801 -0.0029239539 0.010011395 
-0.022876632 0.012683292 -0.015127936 -0.00023444224 0.010146378 
-0.023028981 0.016558155 -0.0086524463 0.0019813383 0.004944558 
-0.02318133 0.020433046 -0.00066301773 0.0037268981 0.0041573315 
-0.02333368 0.024307977 0.0087187882 0.0034732322 0.011554624 
-0.02348603 0.028182913 0.018703983 0.0012396339 0.007717774 
-0.02363838 0.032057859 0.029415103 -0.0018794579 0.0035598736 
-0.02379073 0.035932939 0.041460867 -0.018736615 0.045458371 
-0.02089612 -0.037689397 0.03968836 0.0074945294 -0.052497741 
-0.021048465 -0.033814532 0.029315568 -0.0011893995 -0.023159164 
-0.021200811 -0.029939686 0.018710969 -0.007159343 -0.014742953 
-0.021353157 -0.026064853 0.0088668123 -0.011537251 -0.0042425721 
-0.021505503 -0.022190033 -0.00023038845 -0.015863844 0.0013419472 
-0.021657849 -0.018315227 -0.0083445128 -0.019015225 0.0028416647 
-0.021810196 -0.01444043 -0.015124446 -0.020443684 0.004817788 
-0.021962543 -0.010565632 -0.020393529 -0.020298584 0.0066514779 
-0.02211489 -0.0066908299 -0.023984095 -0.018866266 0.007159998 
-0.022267238 -0.0028160266 -0.025814428 -0.016986801 0.0053241145 
-0.022419586 0.0010587828 -0.025816023 -0.015359696 0.0043192857 
-0.022571934 0.0049336082 -0.02385177 -0.012995806 0.010141413 
-0.022724283 0.0088084464 -0.020148367 -0.0097278472 0.017178453 
-0.022876632 0.012683294 -0.015028247 -0.0063135803 0.01832039 
-0.023028981 0.016558158 -0.0084839247 -0.0029584087 0.015650372 
-0.02318133 0.020433044 -0.00075042911 -0.0012712057 0.0086308203 
-0.02333368 0.024307971 0.0085455334 -0.00022900564 0.012241667 
-0.02348603 0.028182906 0.018387765 -0.0022222459 0.0057826129 
-0.02363838 0.032057864 0.029244825 -0.0039486934 0.0067083005 
-0.02379073 0.035932913 0.041200404 -0.014699558 0.038723455 
-0.02089612 -0.037689393 0.040411166 0.0047658749 -0.040569371 
-0.021048465 -0.033814533 0.029387607 -0.0054855894 -0.031013265 
-0.021200811 -0.029939689 0.018824281 -0.011970046 -0.021287735 
-0.021353157 -0.026064857 0.0089266509 -0.017826884 -0.0115596 
-0.021505503 -0.022190038 -0.00032480497 -0.023538743 -0.0087886928 
-0.021657849 -0.018315234 -0.0084163222 -0.027245189 -0.0045603948 
-0.021810196 -0.014440436 -0.015153504 -0.029095372 0.00045445224 
-0.021962543 -0.010565638 -0.020414241 -0.029206562 0.0026376294 
-0.02211489 -0.0066908369 -0.024016267 -0.028078732 0.0021361045 
-0.022267237 -0.0028160338 -0.0258501 -0.026385238 0.00064489141 
-0.022419585 0.0010587782 -0.025806155 -0.024524519 0.0026779702 
-0.022571934 0.0049336046 -0.023841734 -0.021829688 0.010601861 
-0.022724283 0.0088084403 -0.020251457 -0.018268919 0.016729798 
-0.022876632 0.012683288 -0.015144194 -0.013944233 0.018725375 
-0.023028981 0.016558152 -0.0086712882 -0.0098808752 0.015531549 
-0.02318133 0.020433037 -0.00099403381 -0.0071838367 0.007878969 
-0.02333368 0.02430796 0.0081513339 -0.004948439 0.0084364015 
-0.02348603 0.028182898 0.01801844 -0.0056761752 0.0029340335 
-0.023638379 0.032057843 0.028436674 -0.0077515615 -0.008608258 
-0.02379073 0.035932875 0.040449553 -0.012699678 0.019190521 
-0.02089612 -0.037689386 0.040642333 4.0456071e-05 -0.043498415 
-0.021048465 -0.033814532 0.029364578 -0.01036197 -0.04198981 
-0.021200811 -0.02993969 0.018842467 -0.018381479 -0.031124208 
-0.021353157 -0.026064861 0.0088891789 -0.02542586 -0.02211505 
-0.021505503 -0.022190045 -0.00036601846 -0.031399363 -0.017869692 
-0.021657849 -0.018315241 -0.0083946102 -0.035342541 -0.010067663 
-0.021810196 -0.014440443 -0.015073546 -0.037520903 -0.0029182101 
-0.021962543 -0.010565645 -0.020296751 -0.038075994 -0.00044514018 
-0.02211489 -0.0066908448 -0.023864166 -0.03710171 -0.00058238988 
-0.022267237 -0.0028160379 -0.025602146 -0.035149215 0.0013123084 
-0.022419585 0.0010587756 -0.025514274 -0.032821161 0.0059793058 
-0.022571934 0.004933603 -0.023566456 -0.029952915 0.015909203 
-0.022724283 0.0088084426 -0.01992593 -0.025781157 0.025768068 
-0.022876632 0.012683289 -0.014935145 -0.021433394 0.026027638 
-0.023028981 0.016558148 -0.0086739632 -0.016972617 0.017869018 
-0.02318133 0.020433035 -0.0010365284 -0.013082635 0.0097342712 
-0.02333368 0.024307957 0.0079227808 -0.010778785 0.0072309332 
-0.02348603 0.028182892 0.017704729 -0.009668719 -2.2552966e-05 
-0.023638379 0.032057829 0.027921863 -0.010519057 -0.017289774 
-0.023790729 0.035932845 0.039808621 -0.011885659 0.0037681885 
-0.02089612 -0.037689379 0.04077879 -0.0036639728 -0.046819676 
-0.021048465 -0.033814529 0.029459496 -0.015102879 -0.048928741 
-0.021200811 -0.02993969 0.018845307 -0.024928488 -0.041590862 
-0.021353156 -0.026064866 0.0087529085 -0.032932901 -0.036196088 
-0.021505502 -0.022190052 -0.00051567581 -0.039483882 -0.031102505 
-0.021657849 -0.018315246 -0.008538514 -0.044186459 -0.021879185 
-0.021810195 -0.014440448 -0.015206573 -0.046918942 -0.014552981 
-0.021962542 -0.010565652 -0.020431912 -0.047856055 -0.01297714 
-0.02211489 -0.0066908511 -0.023941045 -0.046678488 -0.011704932 
-0.022267237 -0.0028160437 -0.02562263 -0.044239336 -0.007180329 
-0.022419585 0.0010587704 -0.025513639 -0.041624663 0.00084567466 
-0.022571934 0.0049335984 -0.023606919 -0.038801777 0.013070504 
-0.022724283 0.0088084349 -0.020111872 -0.034979802 0.020970784 
-0.022876632 0.01268328 -0.01524816 -0.030466726 0.019303673 
-0.023028981 0.016558144 -0.0089643207 -0.024865861 0.012143662 
-0.02318133 0.020433026 -0.0014997385 -0.02005288 -0.00035034388 
-0.02333368 0.02430794 0.0072873676 -0.016675957 -0.0078607351 
-0.023486029 0.028182878 0.01705135 -0.014804183 -0.014506283 
-0.023638379 0.032057825 0.027638877 -0.011920671 -0.021610954 
-0.023790729 0.035932811 0.039074544 -0.010546326 -0.014485271 
-0.020896119 -0.037689365 0.039709654 -0.011558905 -0.084081555 
-0.021048465 -0.033814523 0.029091798 -0.020669186 -0.068929553 
-0.02120081 -0.029939694 0.018741156 -0.029755796 -0.05536232 
-0.021353156 -0.026064876 0.0088822521 -0.037270005 -0.043518094 
-0.021505502 -0.022190061 -0.00011061291 -0.043557258 -0.029713001 
-0.021657849 -0.018315251 -0.0079649777 -0.048340851 -0.016114533 
-0.021810195 -0.014440456 -0.014648926 -0.051595332 -0.011309444 
-0.021962542 -0.010565663 -0.019894108 -0.052784084 -0.012314783 
-0.02211489 -0.0066908549 -0.023205919 -0.051212496 -0.0054585874 
-0.022267238 -0.0028160416 -0.024771723 -0.048645587 0.0042501446 
-0.022419586 0.0010587682 -0.024870638 -0.047060582 0.0092428243 
-0.022571934 0.0049335934 -0.023127846 -0.04490638 0.019119046 
-0.022724283 0.0088084321 -0.019694114 -0.041254607 0.026792611 
-0.022876632 0.012683283 -0.0147894 -0.035860663 0.0268613 
-0.023028981 0.016558146 -0.0085699252 -0.029321174 0.017954062 
-0.02318133 0.020433023 -0.0013109747 -0.024033153 0.00027909607 
-0.02333368 0.024307945 0.0075948828 -0.018839559 -0.002571946 
-0.023486029 0.028182883 0.017256107 -0.016324126 -0.0095195026 
-0.023638379 0.032057819 0.027422657 -0.013830576 -0.025877028 
-0.023790729 0.035932819 0.039178036 -0.0089879491 -0.0074567101 
-0.020896119 -0.03768937 0.040039311 -0.010151766 -0.080001269 
-0.021048464 -0.033814529 0.029091504 -0.022719126 -0.076880838 
-0.02120081 -0.029939703 0.018454709 -0.033644629 -0.072200586 
-0.021353156 -0.026064879 0.0087491141 -0.041735979 -0.05509939 
-0.021505502 -0.02219006 -3.6103222e-05 -0.047810811 -0.035610335 
-0.021657849 -0.018315258 -0.0079127224 -0.052820539 -0.025087062 
-0.021810195 -0.014440466 -0.014585443 -0.056300729 -0.022262235 
-0.021962542 -0.010565666 -0.019617355 -0.057081616 -0.01787958 
-0.02211489 -0.0066908565 -0.022890736 -0.05573557 -0.0091751224 
-0.022267237 -0.0028160514 -0.024718407 -0.054384852 -0.0051051024 
-0.022419585 0.0010587594 -0.024854593 -0.053144577 0.0011064661 
-0.022571934 0.0049335917 -0.023004767 -0.050652679 0.015698227 
-0.022724283 0.0088084334 -0.019583917 -0.046723664 0.023926259 
-0.022876632 0.012683282 -0.01476912 -0.040818434 0.02121327 
-0.023028981 0.01655814 -0.0087005496 -0.033949512 0.0084722083 
-0.02318133 0.020433023 -0.0013366375 -0.027617733 -0.0061004641 
-0.02333368 0.024307948 0.0076060732 -0.021709044 -0.0061658938 
-0.023486029 0.028182872 0.017011805 -0.018156211 -0.019636882 
-0.023638379 0.032057808 0.027154111 -0.013977387 -0.033610767 
-0.023790729 0.035932784 0.038331266 -0.0095382131 -0.031124849 
-0.020896119 -0.037689375 0.040140218 -0.010331005 -0.08082419 
-0.021048464 -0.033814537 0.02893979 -0.023942185 -0.08459392 
-0.02120081 -0.029939704 0.018464765 -0.034992524 -0.07513433 
-0.021353156 -0.026064877 0.008789446 -0.043239778 -0.058211799 
-0.021505502 -0.022190066 -3.205959e-05 -0.049508289 -0.042709156 
-0.021657849 -0.018315264 -0.0077775802 -0.05434878 -0.030954045 
-0.021810195 -0.014440466 -0.014273959 -0.057423274 -0.024475351 
-0.021962542 -0.010565671 -0.019416115 -0.058530396 -0.023949995 
-0.02211489 -0.0066908598 -0.022687563 -0.057587752 -0.014173348 
-0.022267237 -0.0028160509 -0.024447674 -0.0565331 -0.0066425482 
-0.022419585 0.0010587585 -0.024641044 -0.055595328 -0.0018760767 
-0.022571934 0.0049335967 -0.022711809 -0.052768026 0.015035592 
-0.022724283 0.0088084403 -0.019209456 -0.047517062 0.024638808 
-0.022876632 0.012683277 -0.014664762 -0.041807516 0.013826118 
-0.023028981 0.016558148 -0.0083796955 -0.034759527 0.0084215059 
-0.02318133 0.020433037 -0.00096921702 -0.028754361 -0.0028900125 
-0.02333368 0.024307951 0.0078431537 -0.022433282 -0.0072624862 
-0.023486029 0.028182858 0.016895915 -0.019256713 -0.031641541 
-0.023638379 0.032057811 0.027250108 -0.014082026 -0.036256568 
-0.023790729 0.035932789 0.038275753 -0.0103032 -0.032546751 
