/*--------------------------------*- C++ -*----------------------------------*\
| =========                 |                                                 |
| \\      /  F ield         | OpenFOAM: The Open Source CFD Toolbox           |
|  \\    /   O peration     | Version:  v2106                                 |
|   \\  /    A nd           | Website:  www.openfoam.com                      |
|    \\/     M anipulation  |                                                 |
\*---------------------------------------------------------------------------*/
FoamFile
{
    version     2.0;
    format      ascii;
    arch        "LSB;label=32;scalar=64";
    class       vectorField;
    location    "constant/polyMesh";
    object      points;
}
// * * * * * * * * * * * * * * * * * * * * * * * * * * * * * * * * * * * * * //


2541
(
(-0.005 -0.005 0)
(-0.004 -0.005 0)
(-0.003 -0.005 0)
(-0.002 -0.005 0)
(-0.001 -0.005 0)
(0 -0.005 0)
(0.001 -0.005 0)
(0.002 -0.005 0)
(0.003 -0.005 0)
(0.004 -0.005 0)
(0.005 -0.005 0)
(-0.005 -0.004 0)
(-0.004 -0.004 0)
(-0.003 -0.004 0)
(-0.002 -0.004 0)
(-0.001 -0.004 0)
(0 -0.004 0)
(0.001 -0.004 0)
(0.002 -0.004 0)
(0.003 -0.004 0)
(0.004 -0.004 0)
(0.005 -0.004 0)
(-0.005 -0.003 0)
(-0.004 -0.003 0)
(-0.003 -0.003 0)
(-0.002 -0.003 0)
(-0.001 -0.003 0)
(0 -0.003 0)
(0.001 -0.003 0)
(0.002 -0.003 0)
(0.003 -0.003 0)
(0.004 -0.003 0)
(0.005 -0.003 0)
(-0.005 -0.002 0)
(-0.004 -0.002 0)
(-0.003 -0.002 0)
(-0.002 -0.002 0)
(-0.001 -0.002 0)
(0 -0.002 0)
(0.001 -0.002 0)
(0.002 -0.002 0)
(0.003 -0.002 0)
(0.004 -0.002 0)
(0.005 -0.002 0)
(-0.005 -0.001 0)
(-0.004 -0.001 0)
(-0.003 -0.001 0)
(-0.002 -0.001 0)
(-0.001 -0.001 0)
(0 -0.001 0)
(0.001 -0.001 0)
(0.002 -0.001 0)
(0.003 -0.001 0)
(0.004 -0.001 0)
(0.005 -0.001 0)
(-0.005 0 0)
(-0.004 0 0)
(-0.003 0 0)
(-0.002 0 0)
(-0.001 0 0)
(0 0 0)
(0.001 0 0)
(0.002 3.700743415e-20 0)
(0.003 -3.700743415e-20 0)
(0.004 -1.850371708e-20 0)
(0.005 0 0)
(-0.005 0.001 0)
(-0.004 0.001 0)
(-0.003 0.001 0)
(-0.002 0.001 0)
(-0.001 0.001 0)
(0 0.001 0)
(0.001 0.001 0)
(0.002 0.001 0)
(0.003 0.001 0)
(0.004 0.001 0)
(0.005 0.001 0)
(-0.005 0.002 0)
(-0.004 0.002 0)
(-0.003 0.002 0)
(-0.002 0.002 0)
(-0.001 0.002 0)
(0 0.002 0)
(0.001 0.002 0)
(0.002 0.002 0)
(0.003 0.002 0)
(0.004 0.002 0)
(0.005 0.002 0)
(-0.005 0.003 0)
(-0.004 0.003 0)
(-0.003 0.003 0)
(-0.002 0.003 0)
(-0.001 0.003 0)
(0 0.003 0)
(0.001 0.003 0)
(0.002 0.003 0)
(0.003 0.003 0)
(0.004 0.003 0)
(0.005 0.003 0)
(-0.005 0.004 0)
(-0.004 0.004 0)
(-0.003 0.004 0)
(-0.002 0.004 0)
(-0.001 0.004 0)
(0 0.004 0)
(0.001 0.004 0)
(0.002 0.004 0)
(0.003 0.004 0)
(0.004 0.004 0)
(0.005 0.004 0)
(-0.005 0.005 0)
(-0.004 0.005 0)
(-0.003 0.005 0)
(-0.002 0.005 0)
(-0.001 0.005 0)
(0 0.005 0)
(0.001 0.005 0)
(0.002 0.005 0)
(0.003 0.005 0)
(0.004 0.005 0)
(0.005 0.005 0)
(-0.005 -0.005 0.001)
(-0.004 -0.005 0.001)
(-0.003 -0.005 0.001)
(-0.002 -0.005 0.001)
(-0.001 -0.005 0.001)
(0 -0.005 0.001)
(0.001 -0.005 0.001)
(0.002 -0.005 0.001)
(0.003 -0.005 0.001)
(0.004 -0.005 0.001)
(0.005 -0.005 0.001)
(-0.005 -0.004 0.001)
(-0.004 -0.004 0.001)
(-0.003 -0.004 0.001)
(-0.002 -0.004 0.001)
(-0.001 -0.004 0.001)
(0 -0.004 0.001)
(0.001 -0.004 0.001)
(0.002 -0.004 0.001)
(0.003 -0.004 0.001)
(0.004 -0.004 0.001)
(0.005 -0.004 0.001)
(-0.005 -0.003 0.001)
(-0.004 -0.003 0.001)
(-0.003 -0.003 0.001)
(-0.002 -0.003 0.001)
(-0.001 -0.003 0.001)
(0 -0.003 0.001)
(0.001 -0.003 0.001)
(0.002 -0.003 0.001)
(0.003 -0.003 0.001)
(0.004 -0.003 0.001)
(0.005 -0.003 0.001)
(-0.005 -0.002 0.001)
(-0.004 -0.002 0.001)
(-0.003 -0.002 0.001)
(-0.002 -0.002 0.001)
(-0.001 -0.002 0.001)
(0 -0.002 0.001)
(0.001 -0.002 0.001)
(0.002 -0.002 0.001)
(0.003 -0.002 0.001)
(0.004 -0.002 0.001)
(0.005 -0.002 0.001)
(-0.005 -0.001 0.001)
(-0.004 -0.001 0.001)
(-0.003 -0.001 0.001)
(-0.002 -0.001 0.001)
(-0.001 -0.001 0.001)
(0 -0.001 0.001)
(0.001 -0.001 0.001)
(0.002 -0.001 0.001)
(0.003 -0.001 0.001)
(0.004 -0.001 0.001)
(0.005 -0.001 0.001)
(-0.005 0 0.001)
(-0.004 0 0.001)
(-0.003 0 0.001)
(-0.002 0 0.001)
(-0.001 0 0.001)
(0 0 0.001)
(0.001 0 0.001)
(0.002 3.700743415e-20 0.001)
(0.003 -3.700743415e-20 0.001)
(0.004 -1.850371708e-20 0.001)
(0.005 0 0.001)
(-0.005 0.001 0.001)
(-0.004 0.001 0.001)
(-0.003 0.001 0.001)
(-0.002 0.001 0.001)
(-0.001 0.001 0.001)
(0 0.001 0.001)
(0.001 0.001 0.001)
(0.002 0.001 0.001)
(0.003 0.001 0.001)
(0.004 0.001 0.001)
(0.005 0.001 0.001)
(-0.005 0.002 0.001)
(-0.004 0.002 0.001)
(-0.003 0.002 0.001)
(-0.002 0.002 0.001)
(-0.001 0.002 0.001)
(0 0.002 0.001)
(0.001 0.002 0.001)
(0.002 0.002 0.001)
(0.003 0.002 0.001)
(0.004 0.002 0.001)
(0.005 0.002 0.001)
(-0.005 0.003 0.001)
(-0.004 0.003 0.001)
(-0.003 0.003 0.001)
(-0.002 0.003 0.001)
(-0.001 0.003 0.001)
(0 0.003 0.001)
(0.001 0.003 0.001)
(0.002 0.003 0.001)
(0.003 0.003 0.001)
(0.004 0.003 0.001)
(0.005 0.003 0.001)
(-0.005 0.004 0.001)
(-0.004 0.004 0.001)
(-0.003 0.004 0.001)
(-0.002 0.004 0.001)
(-0.001 0.004 0.001)
(0 0.004 0.001)
(0.001 0.004 0.001)
(0.002 0.004 0.001)
(0.003 0.004 0.001)
(0.004 0.004 0.001)
(0.005 0.004 0.001)
(-0.005 0.005 0.001)
(-0.004 0.005 0.001)
(-0.003 0.005 0.001)
(-0.002 0.005 0.001)
(-0.001 0.005 0.001)
(0 0.005 0.001)
(0.001 0.005 0.001)
(0.002 0.005 0.001)
(0.003 0.005 0.001)
(0.004 0.005 0.001)
(0.005 0.005 0.001)
(-0.005 -0.005 0.002)
(-0.004 -0.005 0.002)
(-0.003 -0.005 0.002)
(-0.002 -0.005 0.002)
(-0.001 -0.005 0.002)
(0 -0.005 0.002)
(0.001 -0.005 0.002)
(0.002 -0.005 0.002)
(0.003 -0.005 0.002)
(0.004 -0.005 0.002)
(0.005 -0.005 0.002)
(-0.005 -0.004 0.002)
(-0.004 -0.004 0.002)
(-0.003 -0.004 0.002)
(-0.002 -0.004 0.002)
(-0.001 -0.004 0.002)
(0 -0.004 0.002)
(0.001 -0.004 0.002)
(0.002 -0.004 0.002)
(0.003 -0.004 0.002)
(0.004 -0.004 0.002)
(0.005 -0.004 0.002)
(-0.005 -0.003 0.002)
(-0.004 -0.003 0.002)
(-0.003 -0.003 0.002)
(-0.002 -0.003 0.002)
(-0.001 -0.003 0.002)
(0 -0.003 0.002)
(0.001 -0.003 0.002)
(0.002 -0.003 0.002)
(0.003 -0.003 0.002)
(0.004 -0.003 0.002)
(0.005 -0.003 0.002)
(-0.005 -0.002 0.002)
(-0.004 -0.002 0.002)
(-0.003 -0.002 0.002)
(-0.002 -0.002 0.002)
(-0.001 -0.002 0.002)
(0 -0.002 0.002)
(0.001 -0.002 0.002)
(0.002 -0.002 0.002)
(0.003 -0.002 0.002)
(0.004 -0.002 0.002)
(0.005 -0.002 0.002)
(-0.005 -0.001 0.002)
(-0.004 -0.001 0.002)
(-0.003 -0.001 0.002)
(-0.002 -0.001 0.002)
(-0.001 -0.001 0.002)
(0 -0.001 0.002)
(0.001 -0.001 0.002)
(0.002 -0.001 0.002)
(0.003 -0.001 0.002)
(0.004 -0.001 0.002)
(0.005 -0.001 0.002)
(-0.005 0 0.002)
(-0.004 0 0.002)
(-0.003 0 0.002)
(-0.002 0 0.002)
(-0.001 7.401486831e-20 0.002)
(0 0 0.002)
(0.001 7.401486831e-20 0.002)
(0.002 7.401486831e-20 0.002)
(0.003 -3.700743415e-20 0.002)
(0.004 -1.850371708e-20 0.002)
(0.005 0 0.002)
(-0.005 0.001 0.002)
(-0.004 0.001 0.002)
(-0.003 0.001 0.002)
(-0.002 0.001 0.002)
(-0.001 0.001 0.002)
(0 0.001 0.002)
(0.001 0.001 0.002)
(0.002 0.001 0.002)
(0.003 0.001 0.002)
(0.004 0.001 0.002)
(0.005 0.001 0.002)
(-0.005 0.002 0.002)
(-0.004 0.002 0.002)
(-0.003 0.002 0.002)
(-0.002 0.002 0.002)
(-0.001 0.002 0.002)
(0 0.002 0.002)
(0.001 0.002 0.002)
(0.002 0.002 0.002)
(0.003 0.002 0.002)
(0.004 0.002 0.002)
(0.005 0.002 0.002)
(-0.005 0.003 0.002)
(-0.004 0.003 0.002)
(-0.003 0.003 0.002)
(-0.002 0.003 0.002)
(-0.001 0.003 0.002)
(0 0.003 0.002)
(0.001 0.003 0.002)
(0.002 0.003 0.002)
(0.003 0.003 0.002)
(0.004 0.003 0.002)
(0.005 0.003 0.002)
(-0.005 0.004 0.002)
(-0.004 0.004 0.002)
(-0.003 0.004 0.002)
(-0.002 0.004 0.002)
(-0.001 0.004 0.002)
(0 0.004 0.002)
(0.001 0.004 0.002)
(0.002 0.004 0.002)
(0.003 0.004 0.002)
(0.004 0.004 0.002)
(0.005 0.004 0.002)
(-0.005 0.005 0.002)
(-0.004 0.005 0.002)
(-0.003 0.005 0.002)
(-0.002 0.005 0.002)
(-0.001 0.005 0.002)
(0 0.005 0.002)
(0.001 0.005 0.002)
(0.002 0.005 0.002)
(0.003 0.005 0.002)
(0.004 0.005 0.002)
(0.005 0.005 0.002)
(-0.005 -0.005 0.003)
(-0.004 -0.005 0.003)
(-0.003 -0.005 0.003)
(-0.002 -0.005 0.003)
(-0.001 -0.005 0.003)
(0 -0.005 0.003)
(0.001 -0.005 0.003)
(0.002 -0.005 0.003)
(0.003 -0.005 0.003)
(0.004 -0.005 0.003)
(0.005 -0.005 0.003)
(-0.005 -0.004 0.003)
(-0.004 -0.004 0.003)
(-0.003 -0.004 0.003)
(-0.002 -0.004 0.003)
(-0.001 -0.004 0.003)
(0 -0.004 0.003)
(0.001 -0.004 0.003)
(0.002 -0.004 0.003)
(0.003 -0.004 0.003)
(0.004 -0.004 0.003)
(0.005 -0.004 0.003)
(-0.005 -0.003 0.003)
(-0.004 -0.003 0.003)
(-0.003 -0.003 0.003)
(-0.002 -0.003 0.003)
(-0.001 -0.003 0.003)
(0 -0.003 0.003)
(0.001 -0.003 0.003)
(0.002 -0.003 0.003)
(0.003 -0.003 0.003)
(0.004 -0.003 0.003)
(0.005 -0.003 0.003)
(-0.005 -0.002 0.003)
(-0.004 -0.002 0.003)
(-0.003 -0.002 0.003)
(-0.002 -0.002 0.003)
(-0.001 -0.002 0.003)
(0 -0.002 0.003)
(0.001 -0.002 0.003)
(0.002 -0.002 0.003)
(0.003 -0.002 0.003)
(0.004 -0.002 0.003)
(0.005 -0.002 0.003)
(-0.005 -0.001 0.003)
(-0.004 -0.001 0.003)
(-0.003 -0.001 0.003)
(-0.002 -0.001 0.003)
(-0.001 -0.001 0.003)
(0 -0.001 0.003)
(0.001 -0.001 0.003)
(0.002 -0.001 0.003)
(0.003 -0.001 0.003)
(0.004 -0.001 0.003)
(0.005 -0.001 0.003)
(-0.005 0 0.003)
(-0.004 0 0.003)
(-0.003 0 0.003)
(-0.002 0 0.003)
(-0.001 0 0.003)
(0 0 0.003)
(0.001 0 0.003)
(0.002 0 0.003)
(0.003 -3.700743415e-20 0.003)
(0.004 -1.850371708e-20 0.003)
(0.005 0 0.003)
(-0.005 0.001 0.003)
(-0.004 0.001 0.003)
(-0.003 0.001 0.003)
(-0.002 0.001 0.003)
(-0.001 0.001 0.003)
(0 0.001 0.003)
(0.001 0.001 0.003)
(0.002 0.001 0.003)
(0.003 0.001 0.003)
(0.004 0.001 0.003)
(0.005 0.001 0.003)
(-0.005 0.002 0.003)
(-0.004 0.002 0.003)
(-0.003 0.002 0.003)
(-0.002 0.002 0.003)
(-0.001 0.002 0.003)
(0 0.002 0.003)
(0.001 0.002 0.003)
(0.002 0.002 0.003)
(0.003 0.002 0.003)
(0.004 0.002 0.003)
(0.005 0.002 0.003)
(-0.005 0.003 0.003)
(-0.004 0.003 0.003)
(-0.003 0.003 0.003)
(-0.002 0.003 0.003)
(-0.001 0.003 0.003)
(0 0.003 0.003)
(0.001 0.003 0.003)
(0.002 0.003 0.003)
(0.003 0.003 0.003)
(0.004 0.003 0.003)
(0.005 0.003 0.003)
(-0.005 0.004 0.003)
(-0.004 0.004 0.003)
(-0.003 0.004 0.003)
(-0.002 0.004 0.003)
(-0.001 0.004 0.003)
(0 0.004 0.003)
(0.001 0.004 0.003)
(0.002 0.004 0.003)
(0.003 0.004 0.003)
(0.004 0.004 0.003)
(0.005 0.004 0.003)
(-0.005 0.005 0.003)
(-0.004 0.005 0.003)
(-0.003 0.005 0.003)
(-0.002 0.005 0.003)
(-0.001 0.005 0.003)
(0 0.005 0.003)
(0.001 0.005 0.003)
(0.002 0.005 0.003)
(0.003 0.005 0.003)
(0.004 0.005 0.003)
(0.005 0.005 0.003)
(-0.005 -0.005 0.004)
(-0.004 -0.005 0.004)
(-0.003 -0.005 0.004)
(-0.002 -0.005 0.004)
(-0.001 -0.005 0.004)
(0 -0.005 0.004)
(0.001 -0.005 0.004)
(0.002 -0.005 0.004)
(0.003 -0.005 0.004)
(0.004 -0.005 0.004)
(0.005 -0.005 0.004)
(-0.005 -0.004 0.004)
(-0.004 -0.004 0.004)
(-0.003 -0.004 0.004)
(-0.002 -0.004 0.004)
(-0.001 -0.004 0.004)
(0 -0.004 0.004)
(0.001 -0.004 0.004)
(0.002 -0.004 0.004)
(0.003 -0.004 0.004)
(0.004 -0.004 0.004)
(0.005 -0.004 0.004)
(-0.005 -0.003 0.004)
(-0.004 -0.003 0.004)
(-0.003 -0.003 0.004)
(-0.002 -0.003 0.004)
(-0.001 -0.003 0.004)
(0 -0.003 0.004)
(0.001 -0.003 0.004)
(0.002 -0.003 0.004)
(0.003 -0.003 0.004)
(0.004 -0.003 0.004)
(0.005 -0.003 0.004)
(-0.005 -0.002 0.004)
(-0.004 -0.002 0.004)
(-0.003 -0.002 0.004)
(-0.002 -0.002 0.004)
(-0.001 -0.002 0.004)
(0 -0.002 0.004)
(0.001 -0.002 0.004)
(0.002 -0.002 0.004)
(0.003 -0.002 0.004)
(0.004 -0.002 0.004)
(0.005 -0.002 0.004)
(-0.005 -0.001 0.004)
(-0.004 -0.001 0.004)
(-0.003 -0.001 0.004)
(-0.002 -0.001 0.004)
(-0.001 -0.001 0.004)
(0 -0.001 0.004)
(0.001 -0.001 0.004)
(0.002 -0.001 0.004)
(0.003 -0.001 0.004)
(0.004 -0.001 0.004)
(0.005 -0.001 0.004)
(-0.005 0 0.004)
(-0.004 0 0.004)
(-0.003 7.401486831e-20 0.004)
(-0.002 0 0.004)
(-0.001 7.401486831e-20 0.004)
(0 0 0.004)
(0.001 7.401486831e-20 0.004)
(0.002 3.700743415e-20 0.004)
(0.003 -3.700743415e-20 0.004)
(0.004 -1.850371708e-20 0.004)
(0.005 0 0.004)
(-0.005 0.001 0.004)
(-0.004 0.001 0.004)
(-0.003 0.001 0.004)
(-0.002 0.001 0.004)
(-0.001 0.001 0.004)
(0 0.001 0.004)
(0.001 0.001 0.004)
(0.002 0.001 0.004)
(0.003 0.001 0.004)
(0.004 0.001 0.004)
(0.005 0.001 0.004)
(-0.005 0.002 0.004)
(-0.004 0.002 0.004)
(-0.003 0.002 0.004)
(-0.002 0.002 0.004)
(-0.001 0.002 0.004)
(0 0.002 0.004)
(0.001 0.002 0.004)
(0.002 0.002 0.004)
(0.003 0.002 0.004)
(0.004 0.002 0.004)
(0.005 0.002 0.004)
(-0.005 0.003 0.004)
(-0.004 0.003 0.004)
(-0.003 0.003 0.004)
(-0.002 0.003 0.004)
(-0.001 0.003 0.004)
(0 0.003 0.004)
(0.001 0.003 0.004)
(0.002 0.003 0.004)
(0.003 0.003 0.004)
(0.004 0.003 0.004)
(0.005 0.003 0.004)
(-0.005 0.004 0.004)
(-0.004 0.004 0.004)
(-0.003 0.004 0.004)
(-0.002 0.004 0.004)
(-0.001 0.004 0.004)
(0 0.004 0.004)
(0.001 0.004 0.004)
(0.002 0.004 0.004)
(0.003 0.004 0.004)
(0.004 0.004 0.004)
(0.005 0.004 0.004)
(-0.005 0.005 0.004)
(-0.004 0.005 0.004)
(-0.003 0.005 0.004)
(-0.002 0.005 0.004)
(-0.001 0.005 0.004)
(0 0.005 0.004)
(0.001 0.005 0.004)
(0.002 0.005 0.004)
(0.003 0.005 0.004)
(0.004 0.005 0.004)
(0.005 0.005 0.004)
(-0.005 -0.005 0.005)
(-0.004 -0.005 0.005)
(-0.003 -0.005 0.005)
(-0.002 -0.005 0.005)
(-0.001 -0.005 0.005)
(0 -0.005 0.005)
(0.001 -0.005 0.005)
(0.002 -0.005 0.005)
(0.003 -0.005 0.005)
(0.004 -0.005 0.005)
(0.005 -0.005 0.005)
(-0.005 -0.004 0.005)
(-0.004 -0.004 0.005)
(-0.003 -0.004 0.005)
(-0.002 -0.004 0.005)
(-0.001 -0.004 0.005)
(0 -0.004 0.005)
(0.001 -0.004 0.005)
(0.002 -0.004 0.005)
(0.003 -0.004 0.005)
(0.004 -0.004 0.005)
(0.005 -0.004 0.005)
(-0.005 -0.003 0.005)
(-0.004 -0.003 0.005)
(-0.003 -0.003 0.005)
(-0.002 -0.003 0.005)
(-0.001 -0.003 0.005)
(0 -0.003 0.005)
(0.001 -0.003 0.005)
(0.002 -0.003 0.005)
(0.003 -0.003 0.005)
(0.004 -0.003 0.005)
(0.005 -0.003 0.005)
(-0.005 -0.002 0.005)
(-0.004 -0.002 0.005)
(-0.003 -0.002 0.005)
(-0.002 -0.002 0.005)
(-0.001 -0.002 0.005)
(0 -0.002 0.005)
(0.001 -0.002 0.005)
(0.002 -0.002 0.005)
(0.003 -0.002 0.005)
(0.004 -0.002 0.005)
(0.005 -0.002 0.005)
(-0.005 -0.001 0.005)
(-0.004 -0.001 0.005)
(-0.003 -0.001 0.005)
(-0.002 -0.001 0.005)
(-0.001 -0.001 0.005)
(0 -0.001 0.005)
(0.001 -0.001 0.005)
(0.002 -0.001 0.005)
(0.003 -0.001 0.005)
(0.004 -0.001 0.005)
(0.005 -0.001 0.005)
(-0.005 0 0.005)
(-0.004 0 0.005)
(-0.003 0 0.005)
(-0.002 0 0.005)
(-0.001 0 0.005)
(0 0 0.005)
(0.001 0 0.005)
(0.002 3.700743415e-20 0.005)
(0.003 -3.700743415e-20 0.005)
(0.004 -1.850371708e-20 0.005)
(0.005 0 0.005)
(-0.005 0.001 0.005)
(-0.004 0.001 0.005)
(-0.003 0.001 0.005)
(-0.002 0.001 0.005)
(-0.001 0.001 0.005)
(0 0.001 0.005)
(0.001 0.001 0.005)
(0.002 0.001 0.005)
(0.003 0.001 0.005)
(0.004 0.001 0.005)
(0.005 0.001 0.005)
(-0.005 0.002 0.005)
(-0.004 0.002 0.005)
(-0.003 0.002 0.005)
(-0.002 0.002 0.005)
(-0.001 0.002 0.005)
(0 0.002 0.005)
(0.001 0.002 0.005)
(0.002 0.002 0.005)
(0.003 0.002 0.005)
(0.004 0.002 0.005)
(0.005 0.002 0.005)
(-0.005 0.003 0.005)
(-0.004 0.003 0.005)
(-0.003 0.003 0.005)
(-0.002 0.003 0.005)
(-0.001 0.003 0.005)
(0 0.003 0.005)
(0.001 0.003 0.005)
(0.002 0.003 0.005)
(0.003 0.003 0.005)
(0.004 0.003 0.005)
(0.005 0.003 0.005)
(-0.005 0.004 0.005)
(-0.004 0.004 0.005)
(-0.003 0.004 0.005)
(-0.002 0.004 0.005)
(-0.001 0.004 0.005)
(0 0.004 0.005)
(0.001 0.004 0.005)
(0.002 0.004 0.005)
(0.003 0.004 0.005)
(0.004 0.004 0.005)
(0.005 0.004 0.005)
(-0.005 0.005 0.005)
(-0.004 0.005 0.005)
(-0.003 0.005 0.005)
(-0.002 0.005 0.005)
(-0.001 0.005 0.005)
(0 0.005 0.005)
(0.001 0.005 0.005)
(0.002 0.005 0.005)
(0.003 0.005 0.005)
(0.004 0.005 0.005)
(0.005 0.005 0.005)
(-0.005 -0.005 0.006)
(-0.004 -0.005 0.006)
(-0.003 -0.005 0.006)
(-0.002 -0.005 0.006)
(-0.001 -0.005 0.006)
(0 -0.005 0.006)
(0.001 -0.005 0.006)
(0.002 -0.005 0.006)
(0.003 -0.005 0.006)
(0.004 -0.005 0.006)
(0.005 -0.005 0.006)
(-0.005 -0.004 0.006)
(-0.004 -0.004 0.006)
(-0.003 -0.004 0.006)
(-0.002 -0.004 0.006)
(-0.001 -0.004 0.006)
(0 -0.004 0.006)
(0.001 -0.004 0.006)
(0.002 -0.004 0.006)
(0.003 -0.004 0.006)
(0.004 -0.004 0.006)
(0.005 -0.004 0.006)
(-0.005 -0.003 0.006)
(-0.004 -0.003 0.006)
(-0.003 -0.003 0.006)
(-0.002 -0.003 0.006)
(-0.001 -0.003 0.006)
(0 -0.003 0.006)
(0.001 -0.003 0.006)
(0.002 -0.003 0.006)
(0.003 -0.003 0.006)
(0.004 -0.003 0.006)
(0.005 -0.003 0.006)
(-0.005 -0.002 0.006)
(-0.004 -0.002 0.006)
(-0.003 -0.002 0.006)
(-0.002 -0.002 0.006)
(-0.001 -0.002 0.006)
(0 -0.002 0.006)
(0.001 -0.002 0.006)
(0.002 -0.002 0.006)
(0.003 -0.002 0.006)
(0.004 -0.002 0.006)
(0.005 -0.002 0.006)
(-0.005 -0.001 0.006)
(-0.004 -0.001 0.006)
(-0.003 -0.001 0.006)
(-0.002 -0.001 0.006)
(-0.001 -0.001 0.006)
(0 -0.001 0.006)
(0.001 -0.001 0.006)
(0.002 -0.001 0.006)
(0.003 -0.001 0.006)
(0.004 -0.001 0.006)
(0.005 -0.001 0.006)
(-0.005 0 0.006)
(-0.004 0 0.006)
(-0.003 7.401486831e-20 0.006)
(-0.002 0 0.006)
(-0.001 0 0.006)
(0 0 0.006)
(0.001 -3.700743415e-20 0.006)
(0.002 3.700743415e-20 0.006)
(0.003 -1.850371708e-20 0.006)
(0.004 -1.850371708e-20 0.006)
(0.005 0 0.006)
(-0.005 0.001 0.006)
(-0.004 0.001 0.006)
(-0.003 0.001 0.006)
(-0.002 0.001 0.006)
(-0.001 0.001 0.006)
(0 0.001 0.006)
(0.001 0.001 0.006)
(0.002 0.001 0.006)
(0.003 0.001 0.006)
(0.004 0.001 0.006)
(0.005 0.001 0.006)
(-0.005 0.002 0.006)
(-0.004 0.002 0.006)
(-0.003 0.002 0.006)
(-0.002 0.002 0.006)
(-0.001 0.002 0.006)
(0 0.002 0.006)
(0.001 0.002 0.006)
(0.002 0.002 0.006)
(0.003 0.002 0.006)
(0.004 0.002 0.006)
(0.005 0.002 0.006)
(-0.005 0.003 0.006)
(-0.004 0.003 0.006)
(-0.003 0.003 0.006)
(-0.002 0.003 0.006)
(-0.001 0.003 0.006)
(0 0.003 0.006)
(0.001 0.003 0.006)
(0.002 0.003 0.006)
(0.003 0.003 0.006)
(0.004 0.003 0.006)
(0.005 0.003 0.006)
(-0.005 0.004 0.006)
(-0.004 0.004 0.006)
(-0.003 0.004 0.006)
(-0.002 0.004 0.006)
(-0.001 0.004 0.006)
(0 0.004 0.006)
(0.001 0.004 0.006)
(0.002 0.004 0.006)
(0.003 0.004 0.006)
(0.004 0.004 0.006)
(0.005 0.004 0.006)
(-0.005 0.005 0.006)
(-0.004 0.005 0.006)
(-0.003 0.005 0.006)
(-0.002 0.005 0.006)
(-0.001 0.005 0.006)
(0 0.005 0.006)
(0.001 0.005 0.006)
(0.002 0.005 0.006)
(0.003 0.005 0.006)
(0.004 0.005 0.006)
(0.005 0.005 0.006)
(-0.005 -0.005 0.007)
(-0.004 -0.005 0.007)
(-0.003 -0.005 0.007)
(-0.002 -0.005 0.007)
(-0.001 -0.005 0.007)
(0 -0.005 0.007)
(0.001 -0.005 0.007)
(0.002 -0.005 0.007)
(0.003 -0.005 0.007)
(0.004 -0.005 0.007)
(0.005 -0.005 0.007)
(-0.005 -0.004 0.007)
(-0.004 -0.004 0.007)
(-0.003 -0.004 0.007)
(-0.002 -0.004 0.007)
(-0.001 -0.004 0.007)
(0 -0.004 0.007)
(0.001 -0.004 0.007)
(0.002 -0.004 0.007)
(0.003 -0.004 0.007)
(0.004 -0.004 0.007)
(0.005 -0.004 0.007)
(-0.005 -0.003 0.007)
(-0.004 -0.003 0.007)
(-0.003 -0.003 0.007)
(-0.002 -0.003 0.007)
(-0.001 -0.003 0.007)
(0 -0.003 0.007)
(0.001 -0.003 0.007)
(0.002 -0.003 0.007)
(0.003 -0.003 0.007)
(0.004 -0.003 0.007)
(0.005 -0.003 0.007)
(-0.005 -0.002 0.007)
(-0.004 -0.002 0.007)
(-0.003 -0.002 0.007)
(-0.002 -0.002 0.007)
(-0.001 -0.002 0.007)
(0 -0.002 0.007)
(0.001 -0.002 0.007)
(0.002 -0.002 0.007)
(0.003 -0.002 0.007)
(0.004 -0.002 0.007)
(0.005 -0.002 0.007)
(-0.005 -0.001 0.007)
(-0.004 -0.001 0.007)
(-0.003 -0.001 0.007)
(-0.002 -0.001 0.007)
(-0.001 -0.001 0.007)
(0 -0.001 0.007)
(0.001 -0.001 0.007)
(0.002 -0.001 0.007)
(0.003 -0.001 0.007)
(0.004 -0.001 0.007)
(0.005 -0.001 0.007)
(-0.005 0 0.007)
(-0.004 0 0.007)
(-0.003 0 0.007)
(-0.002 0 0.007)
(-0.001 0 0.007)
(0 0 0.007)
(0.001 0 0.007)
(0.002 3.700743415e-20 0.007)
(0.003 -3.700743415e-20 0.007)
(0.004 -1.850371708e-20 0.007)
(0.005 0 0.007)
(-0.005 0.001 0.007)
(-0.004 0.001 0.007)
(-0.003 0.001 0.007)
(-0.002 0.001 0.007)
(-0.001 0.001 0.007)
(0 0.001 0.007)
(0.001 0.001 0.007)
(0.002 0.001 0.007)
(0.003 0.001 0.007)
(0.004 0.001 0.007)
(0.005 0.001 0.007)
(-0.005 0.002 0.007)
(-0.004 0.002 0.007)
(-0.003 0.002 0.007)
(-0.002 0.002 0.007)
(-0.001 0.002 0.007)
(0 0.002 0.007)
(0.001 0.002 0.007)
(0.002 0.002 0.007)
(0.003 0.002 0.007)
(0.004 0.002 0.007)
(0.005 0.002 0.007)
(-0.005 0.003 0.007)
(-0.004 0.003 0.007)
(-0.003 0.003 0.007)
(-0.002 0.003 0.007)
(-0.001 0.003 0.007)
(0 0.003 0.007)
(0.001 0.003 0.007)
(0.002 0.003 0.007)
(0.003 0.003 0.007)
(0.004 0.003 0.007)
(0.005 0.003 0.007)
(-0.005 0.004 0.007)
(-0.004 0.004 0.007)
(-0.003 0.004 0.007)
(-0.002 0.004 0.007)
(-0.001 0.004 0.007)
(0 0.004 0.007)
(0.001 0.004 0.007)
(0.002 0.004 0.007)
(0.003 0.004 0.007)
(0.004 0.004 0.007)
(0.005 0.004 0.007)
(-0.005 0.005 0.007)
(-0.004 0.005 0.007)
(-0.003 0.005 0.007)
(-0.002 0.005 0.007)
(-0.001 0.005 0.007)
(0 0.005 0.007)
(0.001 0.005 0.007)
(0.002 0.005 0.007)
(0.003 0.005 0.007)
(0.004 0.005 0.007)
(0.005 0.005 0.007)
(-0.005 -0.005 0.008)
(-0.004 -0.005 0.008)
(-0.003 -0.005 0.008)
(-0.002 -0.005 0.008)
(-0.001 -0.005 0.008)
(0 -0.005 0.008)
(0.001 -0.005 0.008)
(0.002 -0.005 0.008)
(0.003 -0.005 0.008)
(0.004 -0.005 0.008)
(0.005 -0.005 0.008)
(-0.005 -0.004 0.008)
(-0.004 -0.004 0.008)
(-0.003 -0.004 0.008)
(-0.002 -0.004 0.008)
(-0.001 -0.004 0.008)
(0 -0.004 0.008)
(0.001 -0.004 0.008)
(0.002 -0.004 0.008)
(0.003 -0.004 0.008)
(0.004 -0.004 0.008)
(0.005 -0.004 0.008)
(-0.005 -0.003 0.008)
(-0.004 -0.003 0.008)
(-0.003 -0.003 0.008)
(-0.002 -0.003 0.008)
(-0.001 -0.003 0.008)
(0 -0.003 0.008)
(0.001 -0.003 0.008)
(0.002 -0.003 0.008)
(0.003 -0.003 0.008)
(0.004 -0.003 0.008)
(0.005 -0.003 0.008)
(-0.005 -0.002 0.008)
(-0.004 -0.002 0.008)
(-0.003 -0.002 0.008)
(-0.002 -0.002 0.008)
(-0.001 -0.002 0.008)
(0 -0.002 0.008)
(0.001 -0.002 0.008)
(0.002 -0.002 0.008)
(0.003 -0.002 0.008)
(0.004 -0.002 0.008)
(0.005 -0.002 0.008)
(-0.005 -0.001 0.008)
(-0.004 -0.001 0.008)
(-0.003 -0.001 0.008)
(-0.002 -0.001 0.008)
(-0.001 -0.001 0.008)
(0 -0.001 0.008)
(0.001 -0.001 0.008)
(0.002 -0.001 0.008)
(0.003 -0.001 0.008)
(0.004 -0.001 0.008)
(0.005 -0.001 0.008)
(-0.005 0 0.008)
(-0.004 0 0.008)
(-0.003 0 0.008)
(-0.002 0 0.008)
(-0.001 0 0.008)
(0 0 0.008)
(0.001 0 0.008)
(0.002 3.700743415e-20 0.008)
(0.003 -3.700743415e-20 0.008)
(0.004 -1.850371708e-20 0.008)
(0.005 0 0.008)
(-0.005 0.001 0.008)
(-0.004 0.001 0.008)
(-0.003 0.001 0.008)
(-0.002 0.001 0.008)
(-0.001 0.001 0.008)
(0 0.001 0.008)
(0.001 0.001 0.008)
(0.002 0.001 0.008)
(0.003 0.001 0.008)
(0.004 0.001 0.008)
(0.005 0.001 0.008)
(-0.005 0.002 0.008)
(-0.004 0.002 0.008)
(-0.003 0.002 0.008)
(-0.002 0.002 0.008)
(-0.001 0.002 0.008)
(0 0.002 0.008)
(0.001 0.002 0.008)
(0.002 0.002 0.008)
(0.003 0.002 0.008)
(0.004 0.002 0.008)
(0.005 0.002 0.008)
(-0.005 0.003 0.008)
(-0.004 0.003 0.008)
(-0.003 0.003 0.008)
(-0.002 0.003 0.008)
(-0.001 0.003 0.008)
(0 0.003 0.008)
(0.001 0.003 0.008)
(0.002 0.003 0.008)
(0.003 0.003 0.008)
(0.004 0.003 0.008)
(0.005 0.003 0.008)
(-0.005 0.004 0.008)
(-0.004 0.004 0.008)
(-0.003 0.004 0.008)
(-0.002 0.004 0.008)
(-0.001 0.004 0.008)
(0 0.004 0.008)
(0.001 0.004 0.008)
(0.002 0.004 0.008)
(0.003 0.004 0.008)
(0.004 0.004 0.008)
(0.005 0.004 0.008)
(-0.005 0.005 0.008)
(-0.004 0.005 0.008)
(-0.003 0.005 0.008)
(-0.002 0.005 0.008)
(-0.001 0.005 0.008)
(0 0.005 0.008)
(0.001 0.005 0.008)
(0.002 0.005 0.008)
(0.003 0.005 0.008)
(0.004 0.005 0.008)
(0.005 0.005 0.008)
(-0.005 -0.005 0.009)
(-0.004 -0.005 0.009)
(-0.003 -0.005 0.009)
(-0.002 -0.005 0.009)
(-0.001 -0.005 0.009)
(0 -0.005 0.009)
(0.001 -0.005 0.009)
(0.002 -0.005 0.009)
(0.003 -0.005 0.009)
(0.004 -0.005 0.009)
(0.005 -0.005 0.009)
(-0.005 -0.004 0.009)
(-0.004 -0.004 0.009)
(-0.003 -0.004 0.009)
(-0.002 -0.004 0.009)
(-0.001 -0.004 0.009)
(0 -0.004 0.009)
(0.001 -0.004 0.009)
(0.002 -0.004 0.009)
(0.003 -0.004 0.009)
(0.004 -0.004 0.009)
(0.005 -0.004 0.009)
(-0.005 -0.003 0.009)
(-0.004 -0.003 0.009)
(-0.003 -0.003 0.009)
(-0.002 -0.003 0.009)
(-0.001 -0.003 0.009)
(0 -0.003 0.009)
(0.001 -0.003 0.009)
(0.002 -0.003 0.009)
(0.003 -0.003 0.009)
(0.004 -0.003 0.009)
(0.005 -0.003 0.009)
(-0.005 -0.002 0.009)
(-0.004 -0.002 0.009)
(-0.003 -0.002 0.009)
(-0.002 -0.002 0.009)
(-0.001 -0.002 0.009)
(0 -0.002 0.009)
(0.001 -0.002 0.009)
(0.002 -0.002 0.009)
(0.003 -0.002 0.009)
(0.004 -0.002 0.009)
(0.005 -0.002 0.009)
(-0.005 -0.001 0.009)
(-0.004 -0.001 0.009)
(-0.003 -0.001 0.009)
(-0.002 -0.001 0.009)
(-0.001 -0.001 0.009)
(0 -0.001 0.009)
(0.001 -0.001 0.009)
(0.002 -0.001 0.009)
(0.003 -0.001 0.009)
(0.004 -0.001 0.009)
(0.005 -0.001 0.009)
(-0.005 0 0.009)
(-0.004 0 0.009)
(-0.003 0 0.009)
(-0.002 0 0.009)
(-0.001 7.401486831e-20 0.009)
(0 0 0.009)
(0.001 7.401486831e-20 0.009)
(0.002 3.700743415e-20 0.009)
(0.003 -3.700743415e-20 0.009)
(0.004 -1.850371708e-20 0.009)
(0.005 0 0.009)
(-0.005 0.001 0.009)
(-0.004 0.001 0.009)
(-0.003 0.001 0.009)
(-0.002 0.001 0.009)
(-0.001 0.001 0.009)
(0 0.001 0.009)
(0.001 0.001 0.009)
(0.002 0.001 0.009)
(0.003 0.001 0.009)
(0.004 0.001 0.009)
(0.005 0.001 0.009)
(-0.005 0.002 0.009)
(-0.004 0.002 0.009)
(-0.003 0.002 0.009)
(-0.002 0.002 0.009)
(-0.001 0.002 0.009)
(0 0.002 0.009)
(0.001 0.002 0.009)
(0.002 0.002 0.009)
(0.003 0.002 0.009)
(0.004 0.002 0.009)
(0.005 0.002 0.009)
(-0.005 0.003 0.009)
(-0.004 0.003 0.009)
(-0.003 0.003 0.009)
(-0.002 0.003 0.009)
(-0.001 0.003 0.009)
(0 0.003 0.009)
(0.001 0.003 0.009)
(0.002 0.003 0.009)
(0.003 0.003 0.009)
(0.004 0.003 0.009)
(0.005 0.003 0.009)
(-0.005 0.004 0.009)
(-0.004 0.004 0.009)
(-0.003 0.004 0.009)
(-0.002 0.004 0.009)
(-0.001 0.004 0.009)
(0 0.004 0.009)
(0.001 0.004 0.009)
(0.002 0.004 0.009)
(0.003 0.004 0.009)
(0.004 0.004 0.009)
(0.005 0.004 0.009)
(-0.005 0.005 0.009)
(-0.004 0.005 0.009)
(-0.003 0.005 0.009)
(-0.002 0.005 0.009)
(-0.001 0.005 0.009)
(0 0.005 0.009)
(0.001 0.005 0.009)
(0.002 0.005 0.009)
(0.003 0.005 0.009)
(0.004 0.005 0.009)
(0.005 0.005 0.009)
(-0.005 -0.005 0.01)
(-0.004 -0.005 0.01)
(-0.003 -0.005 0.01)
(-0.002 -0.005 0.01)
(-0.001 -0.005 0.01)
(0 -0.005 0.01)
(0.001 -0.005 0.01)
(0.002 -0.005 0.01)
(0.003 -0.005 0.01)
(0.004 -0.005 0.01)
(0.005 -0.005 0.01)
(-0.005 -0.004 0.01)
(-0.004 -0.004 0.01)
(-0.003 -0.004 0.01)
(-0.002 -0.004 0.01)
(-0.001 -0.004 0.01)
(0 -0.004 0.01)
(0.001 -0.004 0.01)
(0.002 -0.004 0.01)
(0.003 -0.004 0.01)
(0.004 -0.004 0.01)
(0.005 -0.004 0.01)
(-0.005 -0.003 0.01)
(-0.004 -0.003 0.01)
(-0.003 -0.003 0.01)
(-0.002 -0.003 0.01)
(-0.001 -0.003 0.01)
(0 -0.003 0.01)
(0.001 -0.003 0.01)
(0.002 -0.003 0.01)
(0.003 -0.003 0.01)
(0.004 -0.003 0.01)
(0.005 -0.003 0.01)
(-0.005 -0.002 0.01)
(-0.004 -0.002 0.01)
(-0.003 -0.002 0.01)
(-0.002 -0.002 0.01)
(-0.001 -0.002 0.01)
(0 -0.002 0.01)
(0.001 -0.002 0.01)
(0.002 -0.002 0.01)
(0.003 -0.002 0.01)
(0.004 -0.002 0.01)
(0.005 -0.002 0.01)
(-0.005 -0.001 0.01)
(-0.004 -0.001 0.01)
(-0.003 -0.001 0.01)
(-0.002 -0.001 0.01)
(-0.001 -0.001 0.01)
(0 -0.001 0.01)
(0.001 -0.001 0.01)
(0.002 -0.001 0.01)
(0.003 -0.001 0.01)
(0.004 -0.001 0.01)
(0.005 -0.001 0.01)
(-0.005 0 0.01)
(-0.004 0 0.01)
(-0.003 0 0.01)
(-0.002 0 0.01)
(-0.001 0 0.01)
(0 0 0.01)
(0.001 0 0.01)
(0.002 3.700743415e-20 0.01)
(0.003 -3.700743415e-20 0.01)
(0.004 -1.850371708e-20 0.01)
(0.005 0 0.01)
(-0.005 0.001 0.01)
(-0.004 0.001 0.01)
(-0.003 0.001 0.01)
(-0.002 0.001 0.01)
(-0.001 0.001 0.01)
(0 0.001 0.01)
(0.001 0.001 0.01)
(0.002 0.001 0.01)
(0.003 0.001 0.01)
(0.004 0.001 0.01)
(0.005 0.001 0.01)
(-0.005 0.002 0.01)
(-0.004 0.002 0.01)
(-0.003 0.002 0.01)
(-0.002 0.002 0.01)
(-0.001 0.002 0.01)
(0 0.002 0.01)
(0.001 0.002 0.01)
(0.002 0.002 0.01)
(0.003 0.002 0.01)
(0.004 0.002 0.01)
(0.005 0.002 0.01)
(-0.005 0.003 0.01)
(-0.004 0.003 0.01)
(-0.003 0.003 0.01)
(-0.002 0.003 0.01)
(-0.001 0.003 0.01)
(0 0.003 0.01)
(0.001 0.003 0.01)
(0.002 0.003 0.01)
(0.003 0.003 0.01)
(0.004 0.003 0.01)
(0.005 0.003 0.01)
(-0.005 0.004 0.01)
(-0.004 0.004 0.01)
(-0.003 0.004 0.01)
(-0.002 0.004 0.01)
(-0.001 0.004 0.01)
(0 0.004 0.01)
(0.001 0.004 0.01)
(0.002 0.004 0.01)
(0.003 0.004 0.01)
(0.004 0.004 0.01)
(0.005 0.004 0.01)
(-0.005 0.005 0.01)
(-0.004 0.005 0.01)
(-0.003 0.005 0.01)
(-0.002 0.005 0.01)
(-0.001 0.005 0.01)
(0 0.005 0.01)
(0.001 0.005 0.01)
(0.002 0.005 0.01)
(0.003 0.005 0.01)
(0.004 0.005 0.01)
(0.005 0.005 0.01)
(-0.005 -0.005 0.011)
(-0.004 -0.005 0.011)
(-0.003 -0.005 0.011)
(-0.002 -0.005 0.011)
(-0.001 -0.005 0.011)
(0 -0.005 0.011)
(0.001 -0.005 0.011)
(0.002 -0.005 0.011)
(0.003 -0.005 0.011)
(0.004 -0.005 0.011)
(0.005 -0.005 0.011)
(-0.005 -0.004 0.011)
(-0.004 -0.004 0.011)
(-0.003 -0.004 0.011)
(-0.002 -0.004 0.011)
(-0.001 -0.004 0.011)
(0 -0.004 0.011)
(0.001 -0.004 0.011)
(0.002 -0.004 0.011)
(0.003 -0.004 0.011)
(0.004 -0.004 0.011)
(0.005 -0.004 0.011)
(-0.005 -0.003 0.011)
(-0.004 -0.003 0.011)
(-0.003 -0.003 0.011)
(-0.002 -0.003 0.011)
(-0.001 -0.003 0.011)
(0 -0.003 0.011)
(0.001 -0.003 0.011)
(0.002 -0.003 0.011)
(0.003 -0.003 0.011)
(0.004 -0.003 0.011)
(0.005 -0.003 0.011)
(-0.005 -0.002 0.011)
(-0.004 -0.002 0.011)
(-0.003 -0.002 0.011)
(-0.002 -0.002 0.011)
(-0.001 -0.002 0.011)
(0 -0.002 0.011)
(0.001 -0.002 0.011)
(0.002 -0.002 0.011)
(0.003 -0.002 0.011)
(0.004 -0.002 0.011)
(0.005 -0.002 0.011)
(-0.005 -0.001 0.011)
(-0.004 -0.001 0.011)
(-0.003 -0.001 0.011)
(-0.002 -0.001 0.011)
(-0.001 -0.001 0.011)
(0 -0.001 0.011)
(0.001 -0.001 0.011)
(0.002 -0.001 0.011)
(0.003 -0.001 0.011)
(0.004 -0.001 0.011)
(0.005 -0.001 0.011)
(-0.005 0 0.011)
(-0.004 0 0.011)
(-0.003 0 0.011)
(-0.002 0 0.011)
(-0.001 0 0.011)
(0 0 0.011)
(0.001 0 0.011)
(0.002 3.700743415e-20 0.011)
(0.003 -3.700743415e-20 0.011)
(0.004 -1.850371708e-20 0.011)
(0.005 0 0.011)
(-0.005 0.001 0.011)
(-0.004 0.001 0.011)
(-0.003 0.001 0.011)
(-0.002 0.001 0.011)
(-0.001 0.001 0.011)
(0 0.001 0.011)
(0.001 0.001 0.011)
(0.002 0.001 0.011)
(0.003 0.001 0.011)
(0.004 0.001 0.011)
(0.005 0.001 0.011)
(-0.005 0.002 0.011)
(-0.004 0.002 0.011)
(-0.003 0.002 0.011)
(-0.002 0.002 0.011)
(-0.001 0.002 0.011)
(0 0.002 0.011)
(0.001 0.002 0.011)
(0.002 0.002 0.011)
(0.003 0.002 0.011)
(0.004 0.002 0.011)
(0.005 0.002 0.011)
(-0.005 0.003 0.011)
(-0.004 0.003 0.011)
(-0.003 0.003 0.011)
(-0.002 0.003 0.011)
(-0.001 0.003 0.011)
(0 0.003 0.011)
(0.001 0.003 0.011)
(0.002 0.003 0.011)
(0.003 0.003 0.011)
(0.004 0.003 0.011)
(0.005 0.003 0.011)
(-0.005 0.004 0.011)
(-0.004 0.004 0.011)
(-0.003 0.004 0.011)
(-0.002 0.004 0.011)
(-0.001 0.004 0.011)
(0 0.004 0.011)
(0.001 0.004 0.011)
(0.002 0.004 0.011)
(0.003 0.004 0.011)
(0.004 0.004 0.011)
(0.005 0.004 0.011)
(-0.005 0.005 0.011)
(-0.004 0.005 0.011)
(-0.003 0.005 0.011)
(-0.002 0.005 0.011)
(-0.001 0.005 0.011)
(0 0.005 0.011)
(0.001 0.005 0.011)
(0.002 0.005 0.011)
(0.003 0.005 0.011)
(0.004 0.005 0.011)
(0.005 0.005 0.011)
(-0.005 -0.005 0.012)
(-0.004 -0.005 0.012)
(-0.003 -0.005 0.012)
(-0.002 -0.005 0.012)
(-0.001 -0.005 0.012)
(0 -0.005 0.012)
(0.001 -0.005 0.012)
(0.002 -0.005 0.012)
(0.003 -0.005 0.012)
(0.004 -0.005 0.012)
(0.005 -0.005 0.012)
(-0.005 -0.004 0.012)
(-0.004 -0.004 0.012)
(-0.003 -0.004 0.012)
(-0.002 -0.004 0.012)
(-0.001 -0.004 0.012)
(0 -0.004 0.012)
(0.001 -0.004 0.012)
(0.002 -0.004 0.012)
(0.003 -0.004 0.012)
(0.004 -0.004 0.012)
(0.005 -0.004 0.012)
(-0.005 -0.003 0.012)
(-0.004 -0.003 0.012)
(-0.003 -0.003 0.012)
(-0.002 -0.003 0.012)
(-0.001 -0.003 0.012)
(0 -0.003 0.012)
(0.001 -0.003 0.012)
(0.002 -0.003 0.012)
(0.003 -0.003 0.012)
(0.004 -0.003 0.012)
(0.005 -0.003 0.012)
(-0.005 -0.002 0.012)
(-0.004 -0.002 0.012)
(-0.003 -0.002 0.012)
(-0.002 -0.002 0.012)
(-0.001 -0.002 0.012)
(0 -0.002 0.012)
(0.001 -0.002 0.012)
(0.002 -0.002 0.012)
(0.003 -0.002 0.012)
(0.004 -0.002 0.012)
(0.005 -0.002 0.012)
(-0.005 -0.001 0.012)
(-0.004 -0.001 0.012)
(-0.003 -0.001 0.012)
(-0.002 -0.001 0.012)
(-0.001 -0.001 0.012)
(0 -0.001 0.012)
(0.001 -0.001 0.012)
(0.002 -0.001 0.012)
(0.003 -0.001 0.012)
(0.004 -0.001 0.012)
(0.005 -0.001 0.012)
(-0.005 0 0.012)
(-0.004 0 0.012)
(-0.003 0 0.012)
(-0.002 0 0.012)
(-0.001 0 0.012)
(0 0 0.012)
(0.001 0 0.012)
(0.002 3.700743415e-20 0.012)
(0.003 -3.700743415e-20 0.012)
(0.004 -1.850371708e-20 0.012)
(0.005 0 0.012)
(-0.005 0.001 0.012)
(-0.004 0.001 0.012)
(-0.003 0.001 0.012)
(-0.002 0.001 0.012)
(-0.001 0.001 0.012)
(0 0.001 0.012)
(0.001 0.001 0.012)
(0.002 0.001 0.012)
(0.003 0.001 0.012)
(0.004 0.001 0.012)
(0.005 0.001 0.012)
(-0.005 0.002 0.012)
(-0.004 0.002 0.012)
(-0.003 0.002 0.012)
(-0.002 0.002 0.012)
(-0.001 0.002 0.012)
(0 0.002 0.012)
(0.001 0.002 0.012)
(0.002 0.002 0.012)
(0.003 0.002 0.012)
(0.004 0.002 0.012)
(0.005 0.002 0.012)
(-0.005 0.003 0.012)
(-0.004 0.003 0.012)
(-0.003 0.003 0.012)
(-0.002 0.003 0.012)
(-0.001 0.003 0.012)
(0 0.003 0.012)
(0.001 0.003 0.012)
(0.002 0.003 0.012)
(0.003 0.003 0.012)
(0.004 0.003 0.012)
(0.005 0.003 0.012)
(-0.005 0.004 0.012)
(-0.004 0.004 0.012)
(-0.003 0.004 0.012)
(-0.002 0.004 0.012)
(-0.001 0.004 0.012)
(0 0.004 0.012)
(0.001 0.004 0.012)
(0.002 0.004 0.012)
(0.003 0.004 0.012)
(0.004 0.004 0.012)
(0.005 0.004 0.012)
(-0.005 0.005 0.012)
(-0.004 0.005 0.012)
(-0.003 0.005 0.012)
(-0.002 0.005 0.012)
(-0.001 0.005 0.012)
(0 0.005 0.012)
(0.001 0.005 0.012)
(0.002 0.005 0.012)
(0.003 0.005 0.012)
(0.004 0.005 0.012)
(0.005 0.005 0.012)
(-0.005 -0.005 0.013)
(-0.004 -0.005 0.013)
(-0.003 -0.005 0.013)
(-0.002 -0.005 0.013)
(-0.001 -0.005 0.013)
(0 -0.005 0.013)
(0.001 -0.005 0.013)
(0.002 -0.005 0.013)
(0.003 -0.005 0.013)
(0.004 -0.005 0.013)
(0.005 -0.005 0.013)
(-0.005 -0.004 0.013)
(-0.004 -0.004 0.013)
(-0.003 -0.004 0.013)
(-0.002 -0.004 0.013)
(-0.001 -0.004 0.013)
(0 -0.004 0.013)
(0.001 -0.004 0.013)
(0.002 -0.004 0.013)
(0.003 -0.004 0.013)
(0.004 -0.004 0.013)
(0.005 -0.004 0.013)
(-0.005 -0.003 0.013)
(-0.004 -0.003 0.013)
(-0.003 -0.003 0.013)
(-0.002 -0.003 0.013)
(-0.001 -0.003 0.013)
(0 -0.003 0.013)
(0.001 -0.003 0.013)
(0.002 -0.003 0.013)
(0.003 -0.003 0.013)
(0.004 -0.003 0.013)
(0.005 -0.003 0.013)
(-0.005 -0.002 0.013)
(-0.004 -0.002 0.013)
(-0.003 -0.002 0.013)
(-0.002 -0.002 0.013)
(-0.001 -0.002 0.013)
(0 -0.002 0.013)
(0.001 -0.002 0.013)
(0.002 -0.002 0.013)
(0.003 -0.002 0.013)
(0.004 -0.002 0.013)
(0.005 -0.002 0.013)
(-0.005 -0.001 0.013)
(-0.004 -0.001 0.013)
(-0.003 -0.001 0.013)
(-0.002 -0.001 0.013)
(-0.001 -0.001 0.013)
(0 -0.001 0.013)
(0.001 -0.001 0.013)
(0.002 -0.001 0.013)
(0.003 -0.001 0.013)
(0.004 -0.001 0.013)
(0.005 -0.001 0.013)
(-0.005 0 0.013)
(-0.004 0 0.013)
(-0.003 0 0.013)
(-0.002 0 0.013)
(-0.001 0 0.013)
(0 0 0.013)
(0.001 0 0.013)
(0.002 3.700743415e-20 0.013)
(0.003 -3.700743415e-20 0.013)
(0.004 -1.850371708e-20 0.013)
(0.005 0 0.013)
(-0.005 0.001 0.013)
(-0.004 0.001 0.013)
(-0.003 0.001 0.013)
(-0.002 0.001 0.013)
(-0.001 0.001 0.013)
(0 0.001 0.013)
(0.001 0.001 0.013)
(0.002 0.001 0.013)
(0.003 0.001 0.013)
(0.004 0.001 0.013)
(0.005 0.001 0.013)
(-0.005 0.002 0.013)
(-0.004 0.002 0.013)
(-0.003 0.002 0.013)
(-0.002 0.002 0.013)
(-0.001 0.002 0.013)
(0 0.002 0.013)
(0.001 0.002 0.013)
(0.002 0.002 0.013)
(0.003 0.002 0.013)
(0.004 0.002 0.013)
(0.005 0.002 0.013)
(-0.005 0.003 0.013)
(-0.004 0.003 0.013)
(-0.003 0.003 0.013)
(-0.002 0.003 0.013)
(-0.001 0.003 0.013)
(0 0.003 0.013)
(0.001 0.003 0.013)
(0.002 0.003 0.013)
(0.003 0.003 0.013)
(0.004 0.003 0.013)
(0.005 0.003 0.013)
(-0.005 0.004 0.013)
(-0.004 0.004 0.013)
(-0.003 0.004 0.013)
(-0.002 0.004 0.013)
(-0.001 0.004 0.013)
(0 0.004 0.013)
(0.001 0.004 0.013)
(0.002 0.004 0.013)
(0.003 0.004 0.013)
(0.004 0.004 0.013)
(0.005 0.004 0.013)
(-0.005 0.005 0.013)
(-0.004 0.005 0.013)
(-0.003 0.005 0.013)
(-0.002 0.005 0.013)
(-0.001 0.005 0.013)
(0 0.005 0.013)
(0.001 0.005 0.013)
(0.002 0.005 0.013)
(0.003 0.005 0.013)
(0.004 0.005 0.013)
(0.005 0.005 0.013)
(-0.005 -0.005 0.014)
(-0.004 -0.005 0.014)
(-0.003 -0.005 0.014)
(-0.002 -0.005 0.014)
(-0.001 -0.005 0.014)
(0 -0.005 0.014)
(0.001 -0.005 0.014)
(0.002 -0.005 0.014)
(0.003 -0.005 0.014)
(0.004 -0.005 0.014)
(0.005 -0.005 0.014)
(-0.005 -0.004 0.014)
(-0.004 -0.004 0.014)
(-0.003 -0.004 0.014)
(-0.002 -0.004 0.014)
(-0.001 -0.004 0.014)
(0 -0.004 0.014)
(0.001 -0.004 0.014)
(0.002 -0.004 0.014)
(0.003 -0.004 0.014)
(0.004 -0.004 0.014)
(0.005 -0.004 0.014)
(-0.005 -0.003 0.014)
(-0.004 -0.003 0.014)
(-0.003 -0.003 0.014)
(-0.002 -0.003 0.014)
(-0.001 -0.003 0.014)
(0 -0.003 0.014)
(0.001 -0.003 0.014)
(0.002 -0.003 0.014)
(0.003 -0.003 0.014)
(0.004 -0.003 0.014)
(0.005 -0.003 0.014)
(-0.005 -0.002 0.014)
(-0.004 -0.002 0.014)
(-0.003 -0.002 0.014)
(-0.002 -0.002 0.014)
(-0.001 -0.002 0.014)
(0 -0.002 0.014)
(0.001 -0.002 0.014)
(0.002 -0.002 0.014)
(0.003 -0.002 0.014)
(0.004 -0.002 0.014)
(0.005 -0.002 0.014)
(-0.005 -0.001 0.014)
(-0.004 -0.001 0.014)
(-0.003 -0.001 0.014)
(-0.002 -0.001 0.014)
(-0.001 -0.001 0.014)
(0 -0.001 0.014)
(0.001 -0.001 0.014)
(0.002 -0.001 0.014)
(0.003 -0.001 0.014)
(0.004 -0.001 0.014)
(0.005 -0.001 0.014)
(-0.005 0 0.014)
(-0.004 0 0.014)
(-0.003 0 0.014)
(-0.002 0 0.014)
(-0.001 0 0.014)
(0 0 0.014)
(0.001 0 0.014)
(0.002 3.700743415e-20 0.014)
(0.003 -3.700743415e-20 0.014)
(0.004 -1.850371708e-20 0.014)
(0.005 0 0.014)
(-0.005 0.001 0.014)
(-0.004 0.001 0.014)
(-0.003 0.001 0.014)
(-0.002 0.001 0.014)
(-0.001 0.001 0.014)
(0 0.001 0.014)
(0.001 0.001 0.014)
(0.002 0.001 0.014)
(0.003 0.001 0.014)
(0.004 0.001 0.014)
(0.005 0.001 0.014)
(-0.005 0.002 0.014)
(-0.004 0.002 0.014)
(-0.003 0.002 0.014)
(-0.002 0.002 0.014)
(-0.001 0.002 0.014)
(0 0.002 0.014)
(0.001 0.002 0.014)
(0.002 0.002 0.014)
(0.003 0.002 0.014)
(0.004 0.002 0.014)
(0.005 0.002 0.014)
(-0.005 0.003 0.014)
(-0.004 0.003 0.014)
(-0.003 0.003 0.014)
(-0.002 0.003 0.014)
(-0.001 0.003 0.014)
(0 0.003 0.014)
(0.001 0.003 0.014)
(0.002 0.003 0.014)
(0.003 0.003 0.014)
(0.004 0.003 0.014)
(0.005 0.003 0.014)
(-0.005 0.004 0.014)
(-0.004 0.004 0.014)
(-0.003 0.004 0.014)
(-0.002 0.004 0.014)
(-0.001 0.004 0.014)
(0 0.004 0.014)
(0.001 0.004 0.014)
(0.002 0.004 0.014)
(0.003 0.004 0.014)
(0.004 0.004 0.014)
(0.005 0.004 0.014)
(-0.005 0.005 0.014)
(-0.004 0.005 0.014)
(-0.003 0.005 0.014)
(-0.002 0.005 0.014)
(-0.001 0.005 0.014)
(0 0.005 0.014)
(0.001 0.005 0.014)
(0.002 0.005 0.014)
(0.003 0.005 0.014)
(0.004 0.005 0.014)
(0.005 0.005 0.014)
(-0.005 -0.005 0.015)
(-0.004 -0.005 0.015)
(-0.003 -0.005 0.015)
(-0.002 -0.005 0.015)
(-0.001 -0.005 0.015)
(0 -0.005 0.015)
(0.001 -0.005 0.015)
(0.002 -0.005 0.015)
(0.003 -0.005 0.015)
(0.004 -0.005 0.015)
(0.005 -0.005 0.015)
(-0.005 -0.004 0.015)
(-0.004 -0.004 0.015)
(-0.003 -0.004 0.015)
(-0.002 -0.004 0.015)
(-0.001 -0.004 0.015)
(0 -0.004 0.015)
(0.001 -0.004 0.015)
(0.002 -0.004 0.015)
(0.003 -0.004 0.015)
(0.004 -0.004 0.015)
(0.005 -0.004 0.015)
(-0.005 -0.003 0.015)
(-0.004 -0.003 0.015)
(-0.003 -0.003 0.015)
(-0.002 -0.003 0.015)
(-0.001 -0.003 0.015)
(0 -0.003 0.015)
(0.001 -0.003 0.015)
(0.002 -0.003 0.015)
(0.003 -0.003 0.015)
(0.004 -0.003 0.015)
(0.005 -0.003 0.015)
(-0.005 -0.002 0.015)
(-0.004 -0.002 0.015)
(-0.003 -0.002 0.015)
(-0.002 -0.002 0.015)
(-0.001 -0.002 0.015)
(0 -0.002 0.015)
(0.001 -0.002 0.015)
(0.002 -0.002 0.015)
(0.003 -0.002 0.015)
(0.004 -0.002 0.015)
(0.005 -0.002 0.015)
(-0.005 -0.001 0.015)
(-0.004 -0.001 0.015)
(-0.003 -0.001 0.015)
(-0.002 -0.001 0.015)
(-0.001 -0.001 0.015)
(0 -0.001 0.015)
(0.001 -0.001 0.015)
(0.002 -0.001 0.015)
(0.003 -0.001 0.015)
(0.004 -0.001 0.015)
(0.005 -0.001 0.015)
(-0.005 0 0.015)
(-0.004 0 0.015)
(-0.003 0 0.015)
(-0.002 0 0.015)
(-0.001 0 0.015)
(0 0 0.015)
(0.001 0 0.015)
(0.002 3.700743415e-20 0.015)
(0.003 -3.700743415e-20 0.015)
(0.004 -1.850371708e-20 0.015)
(0.005 0 0.015)
(-0.005 0.001 0.015)
(-0.004 0.001 0.015)
(-0.003 0.001 0.015)
(-0.002 0.001 0.015)
(-0.001 0.001 0.015)
(0 0.001 0.015)
(0.001 0.001 0.015)
(0.002 0.001 0.015)
(0.003 0.001 0.015)
(0.004 0.001 0.015)
(0.005 0.001 0.015)
(-0.005 0.002 0.015)
(-0.004 0.002 0.015)
(-0.003 0.002 0.015)
(-0.002 0.002 0.015)
(-0.001 0.002 0.015)
(0 0.002 0.015)
(0.001 0.002 0.015)
(0.002 0.002 0.015)
(0.003 0.002 0.015)
(0.004 0.002 0.015)
(0.005 0.002 0.015)
(-0.005 0.003 0.015)
(-0.004 0.003 0.015)
(-0.003 0.003 0.015)
(-0.002 0.003 0.015)
(-0.001 0.003 0.015)
(0 0.003 0.015)
(0.001 0.003 0.015)
(0.002 0.003 0.015)
(0.003 0.003 0.015)
(0.004 0.003 0.015)
(0.005 0.003 0.015)
(-0.005 0.004 0.015)
(-0.004 0.004 0.015)
(-0.003 0.004 0.015)
(-0.002 0.004 0.015)
(-0.001 0.004 0.015)
(0 0.004 0.015)
(0.001 0.004 0.015)
(0.002 0.004 0.015)
(0.003 0.004 0.015)
(0.004 0.004 0.015)
(0.005 0.004 0.015)
(-0.005 0.005 0.015)
(-0.004 0.005 0.015)
(-0.003 0.005 0.015)
(-0.002 0.005 0.015)
(-0.001 0.005 0.015)
(0 0.005 0.015)
(0.001 0.005 0.015)
(0.002 0.005 0.015)
(0.003 0.005 0.015)
(0.004 0.005 0.015)
(0.005 0.005 0.015)
(-0.005 -0.005 0.016)
(-0.004 -0.005 0.016)
(-0.003 -0.005 0.016)
(-0.002 -0.005 0.016)
(-0.001 -0.005 0.016)
(0 -0.005 0.016)
(0.001 -0.005 0.016)
(0.002 -0.005 0.016)
(0.003 -0.005 0.016)
(0.004 -0.005 0.016)
(0.005 -0.005 0.016)
(-0.005 -0.004 0.016)
(-0.004 -0.004 0.016)
(-0.003 -0.004 0.016)
(-0.002 -0.004 0.016)
(-0.001 -0.004 0.016)
(0 -0.004 0.016)
(0.001 -0.004 0.016)
(0.002 -0.004 0.016)
(0.003 -0.004 0.016)
(0.004 -0.004 0.016)
(0.005 -0.004 0.016)
(-0.005 -0.003 0.016)
(-0.004 -0.003 0.016)
(-0.003 -0.003 0.016)
(-0.002 -0.003 0.016)
(-0.001 -0.003 0.016)
(0 -0.003 0.016)
(0.001 -0.003 0.016)
(0.002 -0.003 0.016)
(0.003 -0.003 0.016)
(0.004 -0.003 0.016)
(0.005 -0.003 0.016)
(-0.005 -0.002 0.016)
(-0.004 -0.002 0.016)
(-0.003 -0.002 0.016)
(-0.002 -0.002 0.016)
(-0.001 -0.002 0.016)
(0 -0.002 0.016)
(0.001 -0.002 0.016)
(0.002 -0.002 0.016)
(0.003 -0.002 0.016)
(0.004 -0.002 0.016)
(0.005 -0.002 0.016)
(-0.005 -0.001 0.016)
(-0.004 -0.001 0.016)
(-0.003 -0.001 0.016)
(-0.002 -0.001 0.016)
(-0.001 -0.001 0.016)
(0 -0.001 0.016)
(0.001 -0.001 0.016)
(0.002 -0.001 0.016)
(0.003 -0.001 0.016)
(0.004 -0.001 0.016)
(0.005 -0.001 0.016)
(-0.005 0 0.016)
(-0.004 0 0.016)
(-0.003 0 0.016)
(-0.002 0 0.016)
(-0.001 0 0.016)
(0 0 0.016)
(0.001 0 0.016)
(0.002 3.700743415e-20 0.016)
(0.003 -3.700743415e-20 0.016)
(0.004 -1.850371708e-20 0.016)
(0.005 0 0.016)
(-0.005 0.001 0.016)
(-0.004 0.001 0.016)
(-0.003 0.001 0.016)
(-0.002 0.001 0.016)
(-0.001 0.001 0.016)
(0 0.001 0.016)
(0.001 0.001 0.016)
(0.002 0.001 0.016)
(0.003 0.001 0.016)
(0.004 0.001 0.016)
(0.005 0.001 0.016)
(-0.005 0.002 0.016)
(-0.004 0.002 0.016)
(-0.003 0.002 0.016)
(-0.002 0.002 0.016)
(-0.001 0.002 0.016)
(0 0.002 0.016)
(0.001 0.002 0.016)
(0.002 0.002 0.016)
(0.003 0.002 0.016)
(0.004 0.002 0.016)
(0.005 0.002 0.016)
(-0.005 0.003 0.016)
(-0.004 0.003 0.016)
(-0.003 0.003 0.016)
(-0.002 0.003 0.016)
(-0.001 0.003 0.016)
(0 0.003 0.016)
(0.001 0.003 0.016)
(0.002 0.003 0.016)
(0.003 0.003 0.016)
(0.004 0.003 0.016)
(0.005 0.003 0.016)
(-0.005 0.004 0.016)
(-0.004 0.004 0.016)
(-0.003 0.004 0.016)
(-0.002 0.004 0.016)
(-0.001 0.004 0.016)
(0 0.004 0.016)
(0.001 0.004 0.016)
(0.002 0.004 0.016)
(0.003 0.004 0.016)
(0.004 0.004 0.016)
(0.005 0.004 0.016)
(-0.005 0.005 0.016)
(-0.004 0.005 0.016)
(-0.003 0.005 0.016)
(-0.002 0.005 0.016)
(-0.001 0.005 0.016)
(0 0.005 0.016)
(0.001 0.005 0.016)
(0.002 0.005 0.016)
(0.003 0.005 0.016)
(0.004 0.005 0.016)
(0.005 0.005 0.016)
(-0.005 -0.005 0.017)
(-0.004 -0.005 0.017)
(-0.003 -0.005 0.017)
(-0.002 -0.005 0.017)
(-0.001 -0.005 0.017)
(0 -0.005 0.017)
(0.001 -0.005 0.017)
(0.002 -0.005 0.017)
(0.003 -0.005 0.017)
(0.004 -0.005 0.017)
(0.005 -0.005 0.017)
(-0.005 -0.004 0.017)
(-0.004 -0.004 0.017)
(-0.003 -0.004 0.017)
(-0.002 -0.004 0.017)
(-0.001 -0.004 0.017)
(0 -0.004 0.017)
(0.001 -0.004 0.017)
(0.002 -0.004 0.017)
(0.003 -0.004 0.017)
(0.004 -0.004 0.017)
(0.005 -0.004 0.017)
(-0.005 -0.003 0.017)
(-0.004 -0.003 0.017)
(-0.003 -0.003 0.017)
(-0.002 -0.003 0.017)
(-0.001 -0.003 0.017)
(0 -0.003 0.017)
(0.001 -0.003 0.017)
(0.002 -0.003 0.017)
(0.003 -0.003 0.017)
(0.004 -0.003 0.017)
(0.005 -0.003 0.017)
(-0.005 -0.002 0.017)
(-0.004 -0.002 0.017)
(-0.003 -0.002 0.017)
(-0.002 -0.002 0.017)
(-0.001 -0.002 0.017)
(0 -0.002 0.017)
(0.001 -0.002 0.017)
(0.002 -0.002 0.017)
(0.003 -0.002 0.017)
(0.004 -0.002 0.017)
(0.005 -0.002 0.017)
(-0.005 -0.001 0.017)
(-0.004 -0.001 0.017)
(-0.003 -0.001 0.017)
(-0.002 -0.001 0.017)
(-0.001 -0.001 0.017)
(0 -0.001 0.017)
(0.001 -0.001 0.017)
(0.002 -0.001 0.017)
(0.003 -0.001 0.017)
(0.004 -0.001 0.017)
(0.005 -0.001 0.017)
(-0.005 0 0.017)
(-0.004 0 0.017)
(-0.003 0 0.017)
(-0.002 0 0.017)
(-0.001 0 0.017)
(0 0 0.017)
(0.001 0 0.017)
(0.002 3.700743415e-20 0.017)
(0.003 -3.700743415e-20 0.017)
(0.004 -1.850371708e-20 0.017)
(0.005 0 0.017)
(-0.005 0.001 0.017)
(-0.004 0.001 0.017)
(-0.003 0.001 0.017)
(-0.002 0.001 0.017)
(-0.001 0.001 0.017)
(0 0.001 0.017)
(0.001 0.001 0.017)
(0.002 0.001 0.017)
(0.003 0.001 0.017)
(0.004 0.001 0.017)
(0.005 0.001 0.017)
(-0.005 0.002 0.017)
(-0.004 0.002 0.017)
(-0.003 0.002 0.017)
(-0.002 0.002 0.017)
(-0.001 0.002 0.017)
(0 0.002 0.017)
(0.001 0.002 0.017)
(0.002 0.002 0.017)
(0.003 0.002 0.017)
(0.004 0.002 0.017)
(0.005 0.002 0.017)
(-0.005 0.003 0.017)
(-0.004 0.003 0.017)
(-0.003 0.003 0.017)
(-0.002 0.003 0.017)
(-0.001 0.003 0.017)
(0 0.003 0.017)
(0.001 0.003 0.017)
(0.002 0.003 0.017)
(0.003 0.003 0.017)
(0.004 0.003 0.017)
(0.005 0.003 0.017)
(-0.005 0.004 0.017)
(-0.004 0.004 0.017)
(-0.003 0.004 0.017)
(-0.002 0.004 0.017)
(-0.001 0.004 0.017)
(0 0.004 0.017)
(0.001 0.004 0.017)
(0.002 0.004 0.017)
(0.003 0.004 0.017)
(0.004 0.004 0.017)
(0.005 0.004 0.017)
(-0.005 0.005 0.017)
(-0.004 0.005 0.017)
(-0.003 0.005 0.017)
(-0.002 0.005 0.017)
(-0.001 0.005 0.017)
(0 0.005 0.017)
(0.001 0.005 0.017)
(0.002 0.005 0.017)
(0.003 0.005 0.017)
(0.004 0.005 0.017)
(0.005 0.005 0.017)
(-0.005 -0.005 0.018)
(-0.004 -0.005 0.018)
(-0.003 -0.005 0.018)
(-0.002 -0.005 0.018)
(-0.001 -0.005 0.018)
(0 -0.005 0.018)
(0.001 -0.005 0.018)
(0.002 -0.005 0.018)
(0.003 -0.005 0.018)
(0.004 -0.005 0.018)
(0.005 -0.005 0.018)
(-0.005 -0.004 0.018)
(-0.004 -0.004 0.018)
(-0.003 -0.004 0.018)
(-0.002 -0.004 0.018)
(-0.001 -0.004 0.018)
(0 -0.004 0.018)
(0.001 -0.004 0.018)
(0.002 -0.004 0.018)
(0.003 -0.004 0.018)
(0.004 -0.004 0.018)
(0.005 -0.004 0.018)
(-0.005 -0.003 0.018)
(-0.004 -0.003 0.018)
(-0.003 -0.003 0.018)
(-0.002 -0.003 0.018)
(-0.001 -0.003 0.018)
(0 -0.003 0.018)
(0.001 -0.003 0.018)
(0.002 -0.003 0.018)
(0.003 -0.003 0.018)
(0.004 -0.003 0.018)
(0.005 -0.003 0.018)
(-0.005 -0.002 0.018)
(-0.004 -0.002 0.018)
(-0.003 -0.002 0.018)
(-0.002 -0.002 0.018)
(-0.001 -0.002 0.018)
(0 -0.002 0.018)
(0.001 -0.002 0.018)
(0.002 -0.002 0.018)
(0.003 -0.002 0.018)
(0.004 -0.002 0.018)
(0.005 -0.002 0.018)
(-0.005 -0.001 0.018)
(-0.004 -0.001 0.018)
(-0.003 -0.001 0.018)
(-0.002 -0.001 0.018)
(-0.001 -0.001 0.018)
(0 -0.001 0.018)
(0.001 -0.001 0.018)
(0.002 -0.001 0.018)
(0.003 -0.001 0.018)
(0.004 -0.001 0.018)
(0.005 -0.001 0.018)
(-0.005 0 0.018)
(-0.004 0 0.018)
(-0.003 0 0.018)
(-0.002 0 0.018)
(-0.001 0 0.018)
(0 0 0.018)
(0.001 0 0.018)
(0.002 3.700743415e-20 0.018)
(0.003 -3.700743415e-20 0.018)
(0.004 -1.850371708e-20 0.018)
(0.005 0 0.018)
(-0.005 0.001 0.018)
(-0.004 0.001 0.018)
(-0.003 0.001 0.018)
(-0.002 0.001 0.018)
(-0.001 0.001 0.018)
(0 0.001 0.018)
(0.001 0.001 0.018)
(0.002 0.001 0.018)
(0.003 0.001 0.018)
(0.004 0.001 0.018)
(0.005 0.001 0.018)
(-0.005 0.002 0.018)
(-0.004 0.002 0.018)
(-0.003 0.002 0.018)
(-0.002 0.002 0.018)
(-0.001 0.002 0.018)
(0 0.002 0.018)
(0.001 0.002 0.018)
(0.002 0.002 0.018)
(0.003 0.002 0.018)
(0.004 0.002 0.018)
(0.005 0.002 0.018)
(-0.005 0.003 0.018)
(-0.004 0.003 0.018)
(-0.003 0.003 0.018)
(-0.002 0.003 0.018)
(-0.001 0.003 0.018)
(0 0.003 0.018)
(0.001 0.003 0.018)
(0.002 0.003 0.018)
(0.003 0.003 0.018)
(0.004 0.003 0.018)
(0.005 0.003 0.018)
(-0.005 0.004 0.018)
(-0.004 0.004 0.018)
(-0.003 0.004 0.018)
(-0.002 0.004 0.018)
(-0.001 0.004 0.018)
(0 0.004 0.018)
(0.001 0.004 0.018)
(0.002 0.004 0.018)
(0.003 0.004 0.018)
(0.004 0.004 0.018)
(0.005 0.004 0.018)
(-0.005 0.005 0.018)
(-0.004 0.005 0.018)
(-0.003 0.005 0.018)
(-0.002 0.005 0.018)
(-0.001 0.005 0.018)
(0 0.005 0.018)
(0.001 0.005 0.018)
(0.002 0.005 0.018)
(0.003 0.005 0.018)
(0.004 0.005 0.018)
(0.005 0.005 0.018)
(-0.005 -0.005 0.019)
(-0.004 -0.005 0.019)
(-0.003 -0.005 0.019)
(-0.002 -0.005 0.019)
(-0.001 -0.005 0.019)
(0 -0.005 0.019)
(0.001 -0.005 0.019)
(0.002 -0.005 0.019)
(0.003 -0.005 0.019)
(0.004 -0.005 0.019)
(0.005 -0.005 0.019)
(-0.005 -0.004 0.019)
(-0.004 -0.004 0.019)
(-0.003 -0.004 0.019)
(-0.002 -0.004 0.019)
(-0.001 -0.004 0.019)
(0 -0.004 0.019)
(0.001 -0.004 0.019)
(0.002 -0.004 0.019)
(0.003 -0.004 0.019)
(0.004 -0.004 0.019)
(0.005 -0.004 0.019)
(-0.005 -0.003 0.019)
(-0.004 -0.003 0.019)
(-0.003 -0.003 0.019)
(-0.002 -0.003 0.019)
(-0.001 -0.003 0.019)
(0 -0.003 0.019)
(0.001 -0.003 0.019)
(0.002 -0.003 0.019)
(0.003 -0.003 0.019)
(0.004 -0.003 0.019)
(0.005 -0.003 0.019)
(-0.005 -0.002 0.019)
(-0.004 -0.002 0.019)
(-0.003 -0.002 0.019)
(-0.002 -0.002 0.019)
(-0.001 -0.002 0.019)
(0 -0.002 0.019)
(0.001 -0.002 0.019)
(0.002 -0.002 0.019)
(0.003 -0.002 0.019)
(0.004 -0.002 0.019)
(0.005 -0.002 0.019)
(-0.005 -0.001 0.019)
(-0.004 -0.001 0.019)
(-0.003 -0.001 0.019)
(-0.002 -0.001 0.019)
(-0.001 -0.001 0.019)
(0 -0.001 0.019)
(0.001 -0.001 0.019)
(0.002 -0.001 0.019)
(0.003 -0.001 0.019)
(0.004 -0.001 0.019)
(0.005 -0.001 0.019)
(-0.005 0 0.019)
(-0.004 0 0.019)
(-0.003 0 0.019)
(-0.002 0 0.019)
(-0.001 0 0.019)
(0 0 0.019)
(0.001 0 0.019)
(0.002 3.700743415e-20 0.019)
(0.003 -3.700743415e-20 0.019)
(0.004 -1.850371708e-20 0.019)
(0.005 0 0.019)
(-0.005 0.001 0.019)
(-0.004 0.001 0.019)
(-0.003 0.001 0.019)
(-0.002 0.001 0.019)
(-0.001 0.001 0.019)
(0 0.001 0.019)
(0.001 0.001 0.019)
(0.002 0.001 0.019)
(0.003 0.001 0.019)
(0.004 0.001 0.019)
(0.005 0.001 0.019)
(-0.005 0.002 0.019)
(-0.004 0.002 0.019)
(-0.003 0.002 0.019)
(-0.002 0.002 0.019)
(-0.001 0.002 0.019)
(0 0.002 0.019)
(0.001 0.002 0.019)
(0.002 0.002 0.019)
(0.003 0.002 0.019)
(0.004 0.002 0.019)
(0.005 0.002 0.019)
(-0.005 0.003 0.019)
(-0.004 0.003 0.019)
(-0.003 0.003 0.019)
(-0.002 0.003 0.019)
(-0.001 0.003 0.019)
(0 0.003 0.019)
(0.001 0.003 0.019)
(0.002 0.003 0.019)
(0.003 0.003 0.019)
(0.004 0.003 0.019)
(0.005 0.003 0.019)
(-0.005 0.004 0.019)
(-0.004 0.004 0.019)
(-0.003 0.004 0.019)
(-0.002 0.004 0.019)
(-0.001 0.004 0.019)
(0 0.004 0.019)
(0.001 0.004 0.019)
(0.002 0.004 0.019)
(0.003 0.004 0.019)
(0.004 0.004 0.019)
(0.005 0.004 0.019)
(-0.005 0.005 0.019)
(-0.004 0.005 0.019)
(-0.003 0.005 0.019)
(-0.002 0.005 0.019)
(-0.001 0.005 0.019)
(0 0.005 0.019)
(0.001 0.005 0.019)
(0.002 0.005 0.019)
(0.003 0.005 0.019)
(0.004 0.005 0.019)
(0.005 0.005 0.019)
(-0.005 -0.005 0.02)
(-0.004 -0.005 0.02)
(-0.003 -0.005 0.02)
(-0.002 -0.005 0.02)
(-0.001 -0.005 0.02)
(0 -0.005 0.02)
(0.001 -0.005 0.02)
(0.002 -0.005 0.02)
(0.003 -0.005 0.02)
(0.004 -0.005 0.02)
(0.005 -0.005 0.02)
(-0.005 -0.004 0.02)
(-0.004 -0.004 0.02)
(-0.003 -0.004 0.02)
(-0.002 -0.004 0.02)
(-0.001 -0.004 0.02)
(0 -0.004 0.02)
(0.001 -0.004 0.02)
(0.002 -0.004 0.02)
(0.003 -0.004 0.02)
(0.004 -0.004 0.02)
(0.005 -0.004 0.02)
(-0.005 -0.003 0.02)
(-0.004 -0.003 0.02)
(-0.003 -0.003 0.02)
(-0.002 -0.003 0.02)
(-0.001 -0.003 0.02)
(0 -0.003 0.02)
(0.001 -0.003 0.02)
(0.002 -0.003 0.02)
(0.003 -0.003 0.02)
(0.004 -0.003 0.02)
(0.005 -0.003 0.02)
(-0.005 -0.002 0.02)
(-0.004 -0.002 0.02)
(-0.003 -0.002 0.02)
(-0.002 -0.002 0.02)
(-0.001 -0.002 0.02)
(0 -0.002 0.02)
(0.001 -0.002 0.02)
(0.002 -0.002 0.02)
(0.003 -0.002 0.02)
(0.004 -0.002 0.02)
(0.005 -0.002 0.02)
(-0.005 -0.001 0.02)
(-0.004 -0.001 0.02)
(-0.003 -0.001 0.02)
(-0.002 -0.001 0.02)
(-0.001 -0.001 0.02)
(0 -0.001 0.02)
(0.001 -0.001 0.02)
(0.002 -0.001 0.02)
(0.003 -0.001 0.02)
(0.004 -0.001 0.02)
(0.005 -0.001 0.02)
(-0.005 0 0.02)
(-0.004 0 0.02)
(-0.003 0 0.02)
(-0.002 0 0.02)
(-0.001 0 0.02)
(0 0 0.02)
(0.001 0 0.02)
(0.002 3.700743415e-20 0.02)
(0.003 -3.700743415e-20 0.02)
(0.004 -1.850371708e-20 0.02)
(0.005 0 0.02)
(-0.005 0.001 0.02)
(-0.004 0.001 0.02)
(-0.003 0.001 0.02)
(-0.002 0.001 0.02)
(-0.001 0.001 0.02)
(0 0.001 0.02)
(0.001 0.001 0.02)
(0.002 0.001 0.02)
(0.003 0.001 0.02)
(0.004 0.001 0.02)
(0.005 0.001 0.02)
(-0.005 0.002 0.02)
(-0.004 0.002 0.02)
(-0.003 0.002 0.02)
(-0.002 0.002 0.02)
(-0.001 0.002 0.02)
(0 0.002 0.02)
(0.001 0.002 0.02)
(0.002 0.002 0.02)
(0.003 0.002 0.02)
(0.004 0.002 0.02)
(0.005 0.002 0.02)
(-0.005 0.003 0.02)
(-0.004 0.003 0.02)
(-0.003 0.003 0.02)
(-0.002 0.003 0.02)
(-0.001 0.003 0.02)
(0 0.003 0.02)
(0.001 0.003 0.02)
(0.002 0.003 0.02)
(0.003 0.003 0.02)
(0.004 0.003 0.02)
(0.005 0.003 0.02)
(-0.005 0.004 0.02)
(-0.004 0.004 0.02)
(-0.003 0.004 0.02)
(-0.002 0.004 0.02)
(-0.001 0.004 0.02)
(0 0.004 0.02)
(0.001 0.004 0.02)
(0.002 0.004 0.02)
(0.003 0.004 0.02)
(0.004 0.004 0.02)
(0.005 0.004 0.02)
(-0.005 0.005 0.02)
(-0.004 0.005 0.02)
(-0.003 0.005 0.02)
(-0.002 0.005 0.02)
(-0.001 0.005 0.02)
(0 0.005 0.02)
(0.001 0.005 0.02)
(0.002 0.005 0.02)
(0.003 0.005 0.02)
(0.004 0.005 0.02)
(0.005 0.005 0.02)
)


// ************************************************************************* //
