/*--------------------------------*- C++ -*----------------------------------*\
| =========                 |                                                 |
| \\      /  F ield         | OpenFOAM: The Open Source CFD Toolbox           |
|  \\    /   O peration     | Version:  v2106                                 |
|   \\  /    A nd           | Website:  www.openfoam.com                      |
|    \\/     M anipulation  |                                                 |
\*---------------------------------------------------------------------------*/
FoamFile
{
    version     2.0;
    format      ascii;
    arch        "LSB;label=32;scalar=64";
    note        "nPoints:7161  nCells:6000  nFaces:19100  nInternalFaces:16900";
    class       labelList;
    location    "constant/polyMesh";
    object      neighbour;
}
// * * * * * * * * * * * * * * * * * * * * * * * * * * * * * * * * * * * * * //


16900
(
1
10
300
2
11
301
3
12
302
4
13
303
5
14
304
6
15
305
7
16
306
8
17
307
9
18
308
19
309
11
20
310
12
21
311
13
22
312
14
23
313
15
24
314
16
25
315
17
26
316
18
27
317
19
28
318
29
319
21
30
320
22
31
321
23
32
322
24
33
323
25
34
324
26
35
325
27
36
326
28
37
327
29
38
328
39
329
31
40
330
32
41
331
33
42
332
34
43
333
35
44
334
36
45
335
37
46
336
38
47
337
39
48
338
49
339
41
50
340
42
51
341
43
52
342
44
53
343
45
54
344
46
55
345
47
56
346
48
57
347
49
58
348
59
349
51
60
350
52
61
351
53
62
352
54
63
353
55
64
354
56
65
355
57
66
356
58
67
357
59
68
358
69
359
61
70
360
62
71
361
63
72
362
64
73
363
65
74
364
66
75
365
67
76
366
68
77
367
69
78
368
79
369
71
80
370
72
81
371
73
82
372
74
83
373
75
84
374
76
85
375
77
86
376
78
87
377
79
88
378
89
379
81
90
380
82
91
381
83
92
382
84
93
383
85
94
384
86
95
385
87
96
386
88
97
387
89
98
388
99
389
91
100
390
92
101
391
93
102
392
94
103
393
95
104
394
96
105
395
97
106
396
98
107
397
99
108
398
109
399
101
110
400
102
111
401
103
112
402
104
113
403
105
114
404
106
115
405
107
116
406
108
117
407
109
118
408
119
409
111
120
410
112
121
411
113
122
412
114
123
413
115
124
414
116
125
415
117
126
416
118
127
417
119
128
418
129
419
121
130
420
122
131
421
123
132
422
124
133
423
125
134
424
126
135
425
127
136
426
128
137
427
129
138
428
139
429
131
140
430
132
141
431
133
142
432
134
143
433
135
144
434
136
145
435
137
146
436
138
147
437
139
148
438
149
439
141
150
440
142
151
441
143
152
442
144
153
443
145
154
444
146
155
445
147
156
446
148
157
447
149
158
448
159
449
151
160
450
152
161
451
153
162
452
154
163
453
155
164
454
156
165
455
157
166
456
158
167
457
159
168
458
169
459
161
170
460
162
171
461
163
172
462
164
173
463
165
174
464
166
175
465
167
176
466
168
177
467
169
178
468
179
469
171
180
470
172
181
471
173
182
472
174
183
473
175
184
474
176
185
475
177
186
476
178
187
477
179
188
478
189
479
181
190
480
182
191
481
183
192
482
184
193
483
185
194
484
186
195
485
187
196
486
188
197
487
189
198
488
199
489
191
200
490
192
201
491
193
202
492
194
203
493
195
204
494
196
205
495
197
206
496
198
207
497
199
208
498
209
499
201
210
500
202
211
501
203
212
502
204
213
503
205
214
504
206
215
505
207
216
506
208
217
507
209
218
508
219
509
211
220
510
212
221
511
213
222
512
214
223
513
215
224
514
216
225
515
217
226
516
218
227
517
219
228
518
229
519
221
230
520
222
231
521
223
232
522
224
233
523
225
234
524
226
235
525
227
236
526
228
237
527
229
238
528
239
529
231
240
530
232
241
531
233
242
532
234
243
533
235
244
534
236
245
535
237
246
536
238
247
537
239
248
538
249
539
241
250
540
242
251
541
243
252
542
244
253
543
245
254
544
246
255
545
247
256
546
248
257
547
249
258
548
259
549
251
260
550
252
261
551
253
262
552
254
263
553
255
264
554
256
265
555
257
266
556
258
267
557
259
268
558
269
559
261
270
560
262
271
561
263
272
562
264
273
563
265
274
564
266
275
565
267
276
566
268
277
567
269
278
568
279
569
271
280
570
272
281
571
273
282
572
274
283
573
275
284
574
276
285
575
277
286
576
278
287
577
279
288
578
289
579
281
290
580
282
291
581
283
292
582
284
293
583
285
294
584
286
295
585
287
296
586
288
297
587
289
298
588
299
589
291
590
292
591
293
592
294
593
295
594
296
595
297
596
298
597
299
598
599
301
310
600
302
311
601
303
312
602
304
313
603
305
314
604
306
315
605
307
316
606
308
317
607
309
318
608
319
609
311
320
610
312
321
611
313
322
612
314
323
613
315
324
614
316
325
615
317
326
616
318
327
617
319
328
618
329
619
321
330
620
322
331
621
323
332
622
324
333
623
325
334
624
326
335
625
327
336
626
328
337
627
329
338
628
339
629
331
340
630
332
341
631
333
342
632
334
343
633
335
344
634
336
345
635
337
346
636
338
347
637
339
348
638
349
639
341
350
640
342
351
641
343
352
642
344
353
643
345
354
644
346
355
645
347
356
646
348
357
647
349
358
648
359
649
351
360
650
352
361
651
353
362
652
354
363
653
355
364
654
356
365
655
357
366
656
358
367
657
359
368
658
369
659
361
370
660
362
371
661
363
372
662
364
373
663
365
374
664
366
375
665
367
376
666
368
377
667
369
378
668
379
669
371
380
670
372
381
671
373
382
672
374
383
673
375
384
674
376
385
675
377
386
676
378
387
677
379
388
678
389
679
381
390
680
382
391
681
383
392
682
384
393
683
385
394
684
386
395
685
387
396
686
388
397
687
389
398
688
399
689
391
400
690
392
401
691
393
402
692
394
403
693
395
404
694
396
405
695
397
406
696
398
407
697
399
408
698
409
699
401
410
700
402
411
701
403
412
702
404
413
703
405
414
704
406
415
705
407
416
706
408
417
707
409
418
708
419
709
411
420
710
412
421
711
413
422
712
414
423
713
415
424
714
416
425
715
417
426
716
418
427
717
419
428
718
429
719
421
430
720
422
431
721
423
432
722
424
433
723
425
434
724
426
435
725
427
436
726
428
437
727
429
438
728
439
729
431
440
730
432
441
731
433
442
732
434
443
733
435
444
734
436
445
735
437
446
736
438
447
737
439
448
738
449
739
441
450
740
442
451
741
443
452
742
444
453
743
445
454
744
446
455
745
447
456
746
448
457
747
449
458
748
459
749
451
460
750
452
461
751
453
462
752
454
463
753
455
464
754
456
465
755
457
466
756
458
467
757
459
468
758
469
759
461
470
760
462
471
761
463
472
762
464
473
763
465
474
764
466
475
765
467
476
766
468
477
767
469
478
768
479
769
471
480
770
472
481
771
473
482
772
474
483
773
475
484
774
476
485
775
477
486
776
478
487
777
479
488
778
489
779
481
490
780
482
491
781
483
492
782
484
493
783
485
494
784
486
495
785
487
496
786
488
497
787
489
498
788
499
789
491
500
790
492
501
791
493
502
792
494
503
793
495
504
794
496
505
795
497
506
796
498
507
797
499
508
798
509
799
501
510
800
502
511
801
503
512
802
504
513
803
505
514
804
506
515
805
507
516
806
508
517
807
509
518
808
519
809
511
520
810
512
521
811
513
522
812
514
523
813
515
524
814
516
525
815
517
526
816
518
527
817
519
528
818
529
819
521
530
820
522
531
821
523
532
822
524
533
823
525
534
824
526
535
825
527
536
826
528
537
827
529
538
828
539
829
531
540
830
532
541
831
533
542
832
534
543
833
535
544
834
536
545
835
537
546
836
538
547
837
539
548
838
549
839
541
550
840
542
551
841
543
552
842
544
553
843
545
554
844
546
555
845
547
556
846
548
557
847
549
558
848
559
849
551
560
850
552
561
851
553
562
852
554
563
853
555
564
854
556
565
855
557
566
856
558
567
857
559
568
858
569
859
561
570
860
562
571
861
563
572
862
564
573
863
565
574
864
566
575
865
567
576
866
568
577
867
569
578
868
579
869
571
580
870
572
581
871
573
582
872
574
583
873
575
584
874
576
585
875
577
586
876
578
587
877
579
588
878
589
879
581
590
880
582
591
881
583
592
882
584
593
883
585
594
884
586
595
885
587
596
886
588
597
887
589
598
888
599
889
591
890
592
891
593
892
594
893
595
894
596
895
597
896
598
897
599
898
899
601
610
900
602
611
901
603
612
902
604
613
903
605
614
904
606
615
905
607
616
906
608
617
907
609
618
908
619
909
611
620
910
612
621
911
613
622
912
614
623
913
615
624
914
616
625
915
617
626
916
618
627
917
619
628
918
629
919
621
630
920
622
631
921
623
632
922
624
633
923
625
634
924
626
635
925
627
636
926
628
637
927
629
638
928
639
929
631
640
930
632
641
931
633
642
932
634
643
933
635
644
934
636
645
935
637
646
936
638
647
937
639
648
938
649
939
641
650
940
642
651
941
643
652
942
644
653
943
645
654
944
646
655
945
647
656
946
648
657
947
649
658
948
659
949
651
660
950
652
661
951
653
662
952
654
663
953
655
664
954
656
665
955
657
666
956
658
667
957
659
668
958
669
959
661
670
960
662
671
961
663
672
962
664
673
963
665
674
964
666
675
965
667
676
966
668
677
967
669
678
968
679
969
671
680
970
672
681
971
673
682
972
674
683
973
675
684
974
676
685
975
677
686
976
678
687
977
679
688
978
689
979
681
690
980
682
691
981
683
692
982
684
693
983
685
694
984
686
695
985
687
696
986
688
697
987
689
698
988
699
989
691
700
990
692
701
991
693
702
992
694
703
993
695
704
994
696
705
995
697
706
996
698
707
997
699
708
998
709
999
701
710
1000
702
711
1001
703
712
1002
704
713
1003
705
714
1004
706
715
1005
707
716
1006
708
717
1007
709
718
1008
719
1009
711
720
1010
712
721
1011
713
722
1012
714
723
1013
715
724
1014
716
725
1015
717
726
1016
718
727
1017
719
728
1018
729
1019
721
730
1020
722
731
1021
723
732
1022
724
733
1023
725
734
1024
726
735
1025
727
736
1026
728
737
1027
729
738
1028
739
1029
731
740
1030
732
741
1031
733
742
1032
734
743
1033
735
744
1034
736
745
1035
737
746
1036
738
747
1037
739
748
1038
749
1039
741
750
1040
742
751
1041
743
752
1042
744
753
1043
745
754
1044
746
755
1045
747
756
1046
748
757
1047
749
758
1048
759
1049
751
760
1050
752
761
1051
753
762
1052
754
763
1053
755
764
1054
756
765
1055
757
766
1056
758
767
1057
759
768
1058
769
1059
761
770
1060
762
771
1061
763
772
1062
764
773
1063
765
774
1064
766
775
1065
767
776
1066
768
777
1067
769
778
1068
779
1069
771
780
1070
772
781
1071
773
782
1072
774
783
1073
775
784
1074
776
785
1075
777
786
1076
778
787
1077
779
788
1078
789
1079
781
790
1080
782
791
1081
783
792
1082
784
793
1083
785
794
1084
786
795
1085
787
796
1086
788
797
1087
789
798
1088
799
1089
791
800
1090
792
801
1091
793
802
1092
794
803
1093
795
804
1094
796
805
1095
797
806
1096
798
807
1097
799
808
1098
809
1099
801
810
1100
802
811
1101
803
812
1102
804
813
1103
805
814
1104
806
815
1105
807
816
1106
808
817
1107
809
818
1108
819
1109
811
820
1110
812
821
1111
813
822
1112
814
823
1113
815
824
1114
816
825
1115
817
826
1116
818
827
1117
819
828
1118
829
1119
821
830
1120
822
831
1121
823
832
1122
824
833
1123
825
834
1124
826
835
1125
827
836
1126
828
837
1127
829
838
1128
839
1129
831
840
1130
832
841
1131
833
842
1132
834
843
1133
835
844
1134
836
845
1135
837
846
1136
838
847
1137
839
848
1138
849
1139
841
850
1140
842
851
1141
843
852
1142
844
853
1143
845
854
1144
846
855
1145
847
856
1146
848
857
1147
849
858
1148
859
1149
851
860
1150
852
861
1151
853
862
1152
854
863
1153
855
864
1154
856
865
1155
857
866
1156
858
867
1157
859
868
1158
869
1159
861
870
1160
862
871
1161
863
872
1162
864
873
1163
865
874
1164
866
875
1165
867
876
1166
868
877
1167
869
878
1168
879
1169
871
880
1170
872
881
1171
873
882
1172
874
883
1173
875
884
1174
876
885
1175
877
886
1176
878
887
1177
879
888
1178
889
1179
881
890
1180
882
891
1181
883
892
1182
884
893
1183
885
894
1184
886
895
1185
887
896
1186
888
897
1187
889
898
1188
899
1189
891
1190
892
1191
893
1192
894
1193
895
1194
896
1195
897
1196
898
1197
899
1198
1199
901
910
1200
902
911
1201
903
912
1202
904
913
1203
905
914
1204
906
915
1205
907
916
1206
908
917
1207
909
918
1208
919
1209
911
920
1210
912
921
1211
913
922
1212
914
923
1213
915
924
1214
916
925
1215
917
926
1216
918
927
1217
919
928
1218
929
1219
921
930
1220
922
931
1221
923
932
1222
924
933
1223
925
934
1224
926
935
1225
927
936
1226
928
937
1227
929
938
1228
939
1229
931
940
1230
932
941
1231
933
942
1232
934
943
1233
935
944
1234
936
945
1235
937
946
1236
938
947
1237
939
948
1238
949
1239
941
950
1240
942
951
1241
943
952
1242
944
953
1243
945
954
1244
946
955
1245
947
956
1246
948
957
1247
949
958
1248
959
1249
951
960
1250
952
961
1251
953
962
1252
954
963
1253
955
964
1254
956
965
1255
957
966
1256
958
967
1257
959
968
1258
969
1259
961
970
1260
962
971
1261
963
972
1262
964
973
1263
965
974
1264
966
975
1265
967
976
1266
968
977
1267
969
978
1268
979
1269
971
980
1270
972
981
1271
973
982
1272
974
983
1273
975
984
1274
976
985
1275
977
986
1276
978
987
1277
979
988
1278
989
1279
981
990
1280
982
991
1281
983
992
1282
984
993
1283
985
994
1284
986
995
1285
987
996
1286
988
997
1287
989
998
1288
999
1289
991
1000
1290
992
1001
1291
993
1002
1292
994
1003
1293
995
1004
1294
996
1005
1295
997
1006
1296
998
1007
1297
999
1008
1298
1009
1299
1001
1010
1300
1002
1011
1301
1003
1012
1302
1004
1013
1303
1005
1014
1304
1006
1015
1305
1007
1016
1306
1008
1017
1307
1009
1018
1308
1019
1309
1011
1020
1310
1012
1021
1311
1013
1022
1312
1014
1023
1313
1015
1024
1314
1016
1025
1315
1017
1026
1316
1018
1027
1317
1019
1028
1318
1029
1319
1021
1030
1320
1022
1031
1321
1023
1032
1322
1024
1033
1323
1025
1034
1324
1026
1035
1325
1027
1036
1326
1028
1037
1327
1029
1038
1328
1039
1329
1031
1040
1330
1032
1041
1331
1033
1042
1332
1034
1043
1333
1035
1044
1334
1036
1045
1335
1037
1046
1336
1038
1047
1337
1039
1048
1338
1049
1339
1041
1050
1340
1042
1051
1341
1043
1052
1342
1044
1053
1343
1045
1054
1344
1046
1055
1345
1047
1056
1346
1048
1057
1347
1049
1058
1348
1059
1349
1051
1060
1350
1052
1061
1351
1053
1062
1352
1054
1063
1353
1055
1064
1354
1056
1065
1355
1057
1066
1356
1058
1067
1357
1059
1068
1358
1069
1359
1061
1070
1360
1062
1071
1361
1063
1072
1362
1064
1073
1363
1065
1074
1364
1066
1075
1365
1067
1076
1366
1068
1077
1367
1069
1078
1368
1079
1369
1071
1080
1370
1072
1081
1371
1073
1082
1372
1074
1083
1373
1075
1084
1374
1076
1085
1375
1077
1086
1376
1078
1087
1377
1079
1088
1378
1089
1379
1081
1090
1380
1082
1091
1381
1083
1092
1382
1084
1093
1383
1085
1094
1384
1086
1095
1385
1087
1096
1386
1088
1097
1387
1089
1098
1388
1099
1389
1091
1100
1390
1092
1101
1391
1093
1102
1392
1094
1103
1393
1095
1104
1394
1096
1105
1395
1097
1106
1396
1098
1107
1397
1099
1108
1398
1109
1399
1101
1110
1400
1102
1111
1401
1103
1112
1402
1104
1113
1403
1105
1114
1404
1106
1115
1405
1107
1116
1406
1108
1117
1407
1109
1118
1408
1119
1409
1111
1120
1410
1112
1121
1411
1113
1122
1412
1114
1123
1413
1115
1124
1414
1116
1125
1415
1117
1126
1416
1118
1127
1417
1119
1128
1418
1129
1419
1121
1130
1420
1122
1131
1421
1123
1132
1422
1124
1133
1423
1125
1134
1424
1126
1135
1425
1127
1136
1426
1128
1137
1427
1129
1138
1428
1139
1429
1131
1140
1430
1132
1141
1431
1133
1142
1432
1134
1143
1433
1135
1144
1434
1136
1145
1435
1137
1146
1436
1138
1147
1437
1139
1148
1438
1149
1439
1141
1150
1440
1142
1151
1441
1143
1152
1442
1144
1153
1443
1145
1154
1444
1146
1155
1445
1147
1156
1446
1148
1157
1447
1149
1158
1448
1159
1449
1151
1160
1450
1152
1161
1451
1153
1162
1452
1154
1163
1453
1155
1164
1454
1156
1165
1455
1157
1166
1456
1158
1167
1457
1159
1168
1458
1169
1459
1161
1170
1460
1162
1171
1461
1163
1172
1462
1164
1173
1463
1165
1174
1464
1166
1175
1465
1167
1176
1466
1168
1177
1467
1169
1178
1468
1179
1469
1171
1180
1470
1172
1181
1471
1173
1182
1472
1174
1183
1473
1175
1184
1474
1176
1185
1475
1177
1186
1476
1178
1187
1477
1179
1188
1478
1189
1479
1181
1190
1480
1182
1191
1481
1183
1192
1482
1184
1193
1483
1185
1194
1484
1186
1195
1485
1187
1196
1486
1188
1197
1487
1189
1198
1488
1199
1489
1191
1490
1192
1491
1193
1492
1194
1493
1195
1494
1196
1495
1197
1496
1198
1497
1199
1498
1499
1201
1210
1500
1202
1211
1501
1203
1212
1502
1204
1213
1503
1205
1214
1504
1206
1215
1505
1207
1216
1506
1208
1217
1507
1209
1218
1508
1219
1509
1211
1220
1510
1212
1221
1511
1213
1222
1512
1214
1223
1513
1215
1224
1514
1216
1225
1515
1217
1226
1516
1218
1227
1517
1219
1228
1518
1229
1519
1221
1230
1520
1222
1231
1521
1223
1232
1522
1224
1233
1523
1225
1234
1524
1226
1235
1525
1227
1236
1526
1228
1237
1527
1229
1238
1528
1239
1529
1231
1240
1530
1232
1241
1531
1233
1242
1532
1234
1243
1533
1235
1244
1534
1236
1245
1535
1237
1246
1536
1238
1247
1537
1239
1248
1538
1249
1539
1241
1250
1540
1242
1251
1541
1243
1252
1542
1244
1253
1543
1245
1254
1544
1246
1255
1545
1247
1256
1546
1248
1257
1547
1249
1258
1548
1259
1549
1251
1260
1550
1252
1261
1551
1253
1262
1552
1254
1263
1553
1255
1264
1554
1256
1265
1555
1257
1266
1556
1258
1267
1557
1259
1268
1558
1269
1559
1261
1270
1560
1262
1271
1561
1263
1272
1562
1264
1273
1563
1265
1274
1564
1266
1275
1565
1267
1276
1566
1268
1277
1567
1269
1278
1568
1279
1569
1271
1280
1570
1272
1281
1571
1273
1282
1572
1274
1283
1573
1275
1284
1574
1276
1285
1575
1277
1286
1576
1278
1287
1577
1279
1288
1578
1289
1579
1281
1290
1580
1282
1291
1581
1283
1292
1582
1284
1293
1583
1285
1294
1584
1286
1295
1585
1287
1296
1586
1288
1297
1587
1289
1298
1588
1299
1589
1291
1300
1590
1292
1301
1591
1293
1302
1592
1294
1303
1593
1295
1304
1594
1296
1305
1595
1297
1306
1596
1298
1307
1597
1299
1308
1598
1309
1599
1301
1310
1600
1302
1311
1601
1303
1312
1602
1304
1313
1603
1305
1314
1604
1306
1315
1605
1307
1316
1606
1308
1317
1607
1309
1318
1608
1319
1609
1311
1320
1610
1312
1321
1611
1313
1322
1612
1314
1323
1613
1315
1324
1614
1316
1325
1615
1317
1326
1616
1318
1327
1617
1319
1328
1618
1329
1619
1321
1330
1620
1322
1331
1621
1323
1332
1622
1324
1333
1623
1325
1334
1624
1326
1335
1625
1327
1336
1626
1328
1337
1627
1329
1338
1628
1339
1629
1331
1340
1630
1332
1341
1631
1333
1342
1632
1334
1343
1633
1335
1344
1634
1336
1345
1635
1337
1346
1636
1338
1347
1637
1339
1348
1638
1349
1639
1341
1350
1640
1342
1351
1641
1343
1352
1642
1344
1353
1643
1345
1354
1644
1346
1355
1645
1347
1356
1646
1348
1357
1647
1349
1358
1648
1359
1649
1351
1360
1650
1352
1361
1651
1353
1362
1652
1354
1363
1653
1355
1364
1654
1356
1365
1655
1357
1366
1656
1358
1367
1657
1359
1368
1658
1369
1659
1361
1370
1660
1362
1371
1661
1363
1372
1662
1364
1373
1663
1365
1374
1664
1366
1375
1665
1367
1376
1666
1368
1377
1667
1369
1378
1668
1379
1669
1371
1380
1670
1372
1381
1671
1373
1382
1672
1374
1383
1673
1375
1384
1674
1376
1385
1675
1377
1386
1676
1378
1387
1677
1379
1388
1678
1389
1679
1381
1390
1680
1382
1391
1681
1383
1392
1682
1384
1393
1683
1385
1394
1684
1386
1395
1685
1387
1396
1686
1388
1397
1687
1389
1398
1688
1399
1689
1391
1400
1690
1392
1401
1691
1393
1402
1692
1394
1403
1693
1395
1404
1694
1396
1405
1695
1397
1406
1696
1398
1407
1697
1399
1408
1698
1409
1699
1401
1410
1700
1402
1411
1701
1403
1412
1702
1404
1413
1703
1405
1414
1704
1406
1415
1705
1407
1416
1706
1408
1417
1707
1409
1418
1708
1419
1709
1411
1420
1710
1412
1421
1711
1413
1422
1712
1414
1423
1713
1415
1424
1714
1416
1425
1715
1417
1426
1716
1418
1427
1717
1419
1428
1718
1429
1719
1421
1430
1720
1422
1431
1721
1423
1432
1722
1424
1433
1723
1425
1434
1724
1426
1435
1725
1427
1436
1726
1428
1437
1727
1429
1438
1728
1439
1729
1431
1440
1730
1432
1441
1731
1433
1442
1732
1434
1443
1733
1435
1444
1734
1436
1445
1735
1437
1446
1736
1438
1447
1737
1439
1448
1738
1449
1739
1441
1450
1740
1442
1451
1741
1443
1452
1742
1444
1453
1743
1445
1454
1744
1446
1455
1745
1447
1456
1746
1448
1457
1747
1449
1458
1748
1459
1749
1451
1460
1750
1452
1461
1751
1453
1462
1752
1454
1463
1753
1455
1464
1754
1456
1465
1755
1457
1466
1756
1458
1467
1757
1459
1468
1758
1469
1759
1461
1470
1760
1462
1471
1761
1463
1472
1762
1464
1473
1763
1465
1474
1764
1466
1475
1765
1467
1476
1766
1468
1477
1767
1469
1478
1768
1479
1769
1471
1480
1770
1472
1481
1771
1473
1482
1772
1474
1483
1773
1475
1484
1774
1476
1485
1775
1477
1486
1776
1478
1487
1777
1479
1488
1778
1489
1779
1481
1490
1780
1482
1491
1781
1483
1492
1782
1484
1493
1783
1485
1494
1784
1486
1495
1785
1487
1496
1786
1488
1497
1787
1489
1498
1788
1499
1789
1491
1790
1492
1791
1493
1792
1494
1793
1495
1794
1496
1795
1497
1796
1498
1797
1499
1798
1799
1501
1510
1800
1502
1511
1801
1503
1512
1802
1504
1513
1803
1505
1514
1804
1506
1515
1805
1507
1516
1806
1508
1517
1807
1509
1518
1808
1519
1809
1511
1520
1810
1512
1521
1811
1513
1522
1812
1514
1523
1813
1515
1524
1814
1516
1525
1815
1517
1526
1816
1518
1527
1817
1519
1528
1818
1529
1819
1521
1530
1820
1522
1531
1821
1523
1532
1822
1524
1533
1823
1525
1534
1824
1526
1535
1825
1527
1536
1826
1528
1537
1827
1529
1538
1828
1539
1829
1531
1540
1830
1532
1541
1831
1533
1542
1832
1534
1543
1833
1535
1544
1834
1536
1545
1835
1537
1546
1836
1538
1547
1837
1539
1548
1838
1549
1839
1541
1550
1840
1542
1551
1841
1543
1552
1842
1544
1553
1843
1545
1554
1844
1546
1555
1845
1547
1556
1846
1548
1557
1847
1549
1558
1848
1559
1849
1551
1560
1850
1552
1561
1851
1553
1562
1852
1554
1563
1853
1555
1564
1854
1556
1565
1855
1557
1566
1856
1558
1567
1857
1559
1568
1858
1569
1859
1561
1570
1860
1562
1571
1861
1563
1572
1862
1564
1573
1863
1565
1574
1864
1566
1575
1865
1567
1576
1866
1568
1577
1867
1569
1578
1868
1579
1869
1571
1580
1870
1572
1581
1871
1573
1582
1872
1574
1583
1873
1575
1584
1874
1576
1585
1875
1577
1586
1876
1578
1587
1877
1579
1588
1878
1589
1879
1581
1590
1880
1582
1591
1881
1583
1592
1882
1584
1593
1883
1585
1594
1884
1586
1595
1885
1587
1596
1886
1588
1597
1887
1589
1598
1888
1599
1889
1591
1600
1890
1592
1601
1891
1593
1602
1892
1594
1603
1893
1595
1604
1894
1596
1605
1895
1597
1606
1896
1598
1607
1897
1599
1608
1898
1609
1899
1601
1610
1900
1602
1611
1901
1603
1612
1902
1604
1613
1903
1605
1614
1904
1606
1615
1905
1607
1616
1906
1608
1617
1907
1609
1618
1908
1619
1909
1611
1620
1910
1612
1621
1911
1613
1622
1912
1614
1623
1913
1615
1624
1914
1616
1625
1915
1617
1626
1916
1618
1627
1917
1619
1628
1918
1629
1919
1621
1630
1920
1622
1631
1921
1623
1632
1922
1624
1633
1923
1625
1634
1924
1626
1635
1925
1627
1636
1926
1628
1637
1927
1629
1638
1928
1639
1929
1631
1640
1930
1632
1641
1931
1633
1642
1932
1634
1643
1933
1635
1644
1934
1636
1645
1935
1637
1646
1936
1638
1647
1937
1639
1648
1938
1649
1939
1641
1650
1940
1642
1651
1941
1643
1652
1942
1644
1653
1943
1645
1654
1944
1646
1655
1945
1647
1656
1946
1648
1657
1947
1649
1658
1948
1659
1949
1651
1660
1950
1652
1661
1951
1653
1662
1952
1654
1663
1953
1655
1664
1954
1656
1665
1955
1657
1666
1956
1658
1667
1957
1659
1668
1958
1669
1959
1661
1670
1960
1662
1671
1961
1663
1672
1962
1664
1673
1963
1665
1674
1964
1666
1675
1965
1667
1676
1966
1668
1677
1967
1669
1678
1968
1679
1969
1671
1680
1970
1672
1681
1971
1673
1682
1972
1674
1683
1973
1675
1684
1974
1676
1685
1975
1677
1686
1976
1678
1687
1977
1679
1688
1978
1689
1979
1681
1690
1980
1682
1691
1981
1683
1692
1982
1684
1693
1983
1685
1694
1984
1686
1695
1985
1687
1696
1986
1688
1697
1987
1689
1698
1988
1699
1989
1691
1700
1990
1692
1701
1991
1693
1702
1992
1694
1703
1993
1695
1704
1994
1696
1705
1995
1697
1706
1996
1698
1707
1997
1699
1708
1998
1709
1999
1701
1710
2000
1702
1711
2001
1703
1712
2002
1704
1713
2003
1705
1714
2004
1706
1715
2005
1707
1716
2006
1708
1717
2007
1709
1718
2008
1719
2009
1711
1720
2010
1712
1721
2011
1713
1722
2012
1714
1723
2013
1715
1724
2014
1716
1725
2015
1717
1726
2016
1718
1727
2017
1719
1728
2018
1729
2019
1721
1730
2020
1722
1731
2021
1723
1732
2022
1724
1733
2023
1725
1734
2024
1726
1735
2025
1727
1736
2026
1728
1737
2027
1729
1738
2028
1739
2029
1731
1740
2030
1732
1741
2031
1733
1742
2032
1734
1743
2033
1735
1744
2034
1736
1745
2035
1737
1746
2036
1738
1747
2037
1739
1748
2038
1749
2039
1741
1750
2040
1742
1751
2041
1743
1752
2042
1744
1753
2043
1745
1754
2044
1746
1755
2045
1747
1756
2046
1748
1757
2047
1749
1758
2048
1759
2049
1751
1760
2050
1752
1761
2051
1753
1762
2052
1754
1763
2053
1755
1764
2054
1756
1765
2055
1757
1766
2056
1758
1767
2057
1759
1768
2058
1769
2059
1761
1770
2060
1762
1771
2061
1763
1772
2062
1764
1773
2063
1765
1774
2064
1766
1775
2065
1767
1776
2066
1768
1777
2067
1769
1778
2068
1779
2069
1771
1780
2070
1772
1781
2071
1773
1782
2072
1774
1783
2073
1775
1784
2074
1776
1785
2075
1777
1786
2076
1778
1787
2077
1779
1788
2078
1789
2079
1781
1790
2080
1782
1791
2081
1783
1792
2082
1784
1793
2083
1785
1794
2084
1786
1795
2085
1787
1796
2086
1788
1797
2087
1789
1798
2088
1799
2089
1791
2090
1792
2091
1793
2092
1794
2093
1795
2094
1796
2095
1797
2096
1798
2097
1799
2098
2099
1801
1810
2100
1802
1811
2101
1803
1812
2102
1804
1813
2103
1805
1814
2104
1806
1815
2105
1807
1816
2106
1808
1817
2107
1809
1818
2108
1819
2109
1811
1820
2110
1812
1821
2111
1813
1822
2112
1814
1823
2113
1815
1824
2114
1816
1825
2115
1817
1826
2116
1818
1827
2117
1819
1828
2118
1829
2119
1821
1830
2120
1822
1831
2121
1823
1832
2122
1824
1833
2123
1825
1834
2124
1826
1835
2125
1827
1836
2126
1828
1837
2127
1829
1838
2128
1839
2129
1831
1840
2130
1832
1841
2131
1833
1842
2132
1834
1843
2133
1835
1844
2134
1836
1845
2135
1837
1846
2136
1838
1847
2137
1839
1848
2138
1849
2139
1841
1850
2140
1842
1851
2141
1843
1852
2142
1844
1853
2143
1845
1854
2144
1846
1855
2145
1847
1856
2146
1848
1857
2147
1849
1858
2148
1859
2149
1851
1860
2150
1852
1861
2151
1853
1862
2152
1854
1863
2153
1855
1864
2154
1856
1865
2155
1857
1866
2156
1858
1867
2157
1859
1868
2158
1869
2159
1861
1870
2160
1862
1871
2161
1863
1872
2162
1864
1873
2163
1865
1874
2164
1866
1875
2165
1867
1876
2166
1868
1877
2167
1869
1878
2168
1879
2169
1871
1880
2170
1872
1881
2171
1873
1882
2172
1874
1883
2173
1875
1884
2174
1876
1885
2175
1877
1886
2176
1878
1887
2177
1879
1888
2178
1889
2179
1881
1890
2180
1882
1891
2181
1883
1892
2182
1884
1893
2183
1885
1894
2184
1886
1895
2185
1887
1896
2186
1888
1897
2187
1889
1898
2188
1899
2189
1891
1900
2190
1892
1901
2191
1893
1902
2192
1894
1903
2193
1895
1904
2194
1896
1905
2195
1897
1906
2196
1898
1907
2197
1899
1908
2198
1909
2199
1901
1910
2200
1902
1911
2201
1903
1912
2202
1904
1913
2203
1905
1914
2204
1906
1915
2205
1907
1916
2206
1908
1917
2207
1909
1918
2208
1919
2209
1911
1920
2210
1912
1921
2211
1913
1922
2212
1914
1923
2213
1915
1924
2214
1916
1925
2215
1917
1926
2216
1918
1927
2217
1919
1928
2218
1929
2219
1921
1930
2220
1922
1931
2221
1923
1932
2222
1924
1933
2223
1925
1934
2224
1926
1935
2225
1927
1936
2226
1928
1937
2227
1929
1938
2228
1939
2229
1931
1940
2230
1932
1941
2231
1933
1942
2232
1934
1943
2233
1935
1944
2234
1936
1945
2235
1937
1946
2236
1938
1947
2237
1939
1948
2238
1949
2239
1941
1950
2240
1942
1951
2241
1943
1952
2242
1944
1953
2243
1945
1954
2244
1946
1955
2245
1947
1956
2246
1948
1957
2247
1949
1958
2248
1959
2249
1951
1960
2250
1952
1961
2251
1953
1962
2252
1954
1963
2253
1955
1964
2254
1956
1965
2255
1957
1966
2256
1958
1967
2257
1959
1968
2258
1969
2259
1961
1970
2260
1962
1971
2261
1963
1972
2262
1964
1973
2263
1965
1974
2264
1966
1975
2265
1967
1976
2266
1968
1977
2267
1969
1978
2268
1979
2269
1971
1980
2270
1972
1981
2271
1973
1982
2272
1974
1983
2273
1975
1984
2274
1976
1985
2275
1977
1986
2276
1978
1987
2277
1979
1988
2278
1989
2279
1981
1990
2280
1982
1991
2281
1983
1992
2282
1984
1993
2283
1985
1994
2284
1986
1995
2285
1987
1996
2286
1988
1997
2287
1989
1998
2288
1999
2289
1991
2000
2290
1992
2001
2291
1993
2002
2292
1994
2003
2293
1995
2004
2294
1996
2005
2295
1997
2006
2296
1998
2007
2297
1999
2008
2298
2009
2299
2001
2010
2300
2002
2011
2301
2003
2012
2302
2004
2013
2303
2005
2014
2304
2006
2015
2305
2007
2016
2306
2008
2017
2307
2009
2018
2308
2019
2309
2011
2020
2310
2012
2021
2311
2013
2022
2312
2014
2023
2313
2015
2024
2314
2016
2025
2315
2017
2026
2316
2018
2027
2317
2019
2028
2318
2029
2319
2021
2030
2320
2022
2031
2321
2023
2032
2322
2024
2033
2323
2025
2034
2324
2026
2035
2325
2027
2036
2326
2028
2037
2327
2029
2038
2328
2039
2329
2031
2040
2330
2032
2041
2331
2033
2042
2332
2034
2043
2333
2035
2044
2334
2036
2045
2335
2037
2046
2336
2038
2047
2337
2039
2048
2338
2049
2339
2041
2050
2340
2042
2051
2341
2043
2052
2342
2044
2053
2343
2045
2054
2344
2046
2055
2345
2047
2056
2346
2048
2057
2347
2049
2058
2348
2059
2349
2051
2060
2350
2052
2061
2351
2053
2062
2352
2054
2063
2353
2055
2064
2354
2056
2065
2355
2057
2066
2356
2058
2067
2357
2059
2068
2358
2069
2359
2061
2070
2360
2062
2071
2361
2063
2072
2362
2064
2073
2363
2065
2074
2364
2066
2075
2365
2067
2076
2366
2068
2077
2367
2069
2078
2368
2079
2369
2071
2080
2370
2072
2081
2371
2073
2082
2372
2074
2083
2373
2075
2084
2374
2076
2085
2375
2077
2086
2376
2078
2087
2377
2079
2088
2378
2089
2379
2081
2090
2380
2082
2091
2381
2083
2092
2382
2084
2093
2383
2085
2094
2384
2086
2095
2385
2087
2096
2386
2088
2097
2387
2089
2098
2388
2099
2389
2091
2390
2092
2391
2093
2392
2094
2393
2095
2394
2096
2395
2097
2396
2098
2397
2099
2398
2399
2101
2110
2400
2102
2111
2401
2103
2112
2402
2104
2113
2403
2105
2114
2404
2106
2115
2405
2107
2116
2406
2108
2117
2407
2109
2118
2408
2119
2409
2111
2120
2410
2112
2121
2411
2113
2122
2412
2114
2123
2413
2115
2124
2414
2116
2125
2415
2117
2126
2416
2118
2127
2417
2119
2128
2418
2129
2419
2121
2130
2420
2122
2131
2421
2123
2132
2422
2124
2133
2423
2125
2134
2424
2126
2135
2425
2127
2136
2426
2128
2137
2427
2129
2138
2428
2139
2429
2131
2140
2430
2132
2141
2431
2133
2142
2432
2134
2143
2433
2135
2144
2434
2136
2145
2435
2137
2146
2436
2138
2147
2437
2139
2148
2438
2149
2439
2141
2150
2440
2142
2151
2441
2143
2152
2442
2144
2153
2443
2145
2154
2444
2146
2155
2445
2147
2156
2446
2148
2157
2447
2149
2158
2448
2159
2449
2151
2160
2450
2152
2161
2451
2153
2162
2452
2154
2163
2453
2155
2164
2454
2156
2165
2455
2157
2166
2456
2158
2167
2457
2159
2168
2458
2169
2459
2161
2170
2460
2162
2171
2461
2163
2172
2462
2164
2173
2463
2165
2174
2464
2166
2175
2465
2167
2176
2466
2168
2177
2467
2169
2178
2468
2179
2469
2171
2180
2470
2172
2181
2471
2173
2182
2472
2174
2183
2473
2175
2184
2474
2176
2185
2475
2177
2186
2476
2178
2187
2477
2179
2188
2478
2189
2479
2181
2190
2480
2182
2191
2481
2183
2192
2482
2184
2193
2483
2185
2194
2484
2186
2195
2485
2187
2196
2486
2188
2197
2487
2189
2198
2488
2199
2489
2191
2200
2490
2192
2201
2491
2193
2202
2492
2194
2203
2493
2195
2204
2494
2196
2205
2495
2197
2206
2496
2198
2207
2497
2199
2208
2498
2209
2499
2201
2210
2500
2202
2211
2501
2203
2212
2502
2204
2213
2503
2205
2214
2504
2206
2215
2505
2207
2216
2506
2208
2217
2507
2209
2218
2508
2219
2509
2211
2220
2510
2212
2221
2511
2213
2222
2512
2214
2223
2513
2215
2224
2514
2216
2225
2515
2217
2226
2516
2218
2227
2517
2219
2228
2518
2229
2519
2221
2230
2520
2222
2231
2521
2223
2232
2522
2224
2233
2523
2225
2234
2524
2226
2235
2525
2227
2236
2526
2228
2237
2527
2229
2238
2528
2239
2529
2231
2240
2530
2232
2241
2531
2233
2242
2532
2234
2243
2533
2235
2244
2534
2236
2245
2535
2237
2246
2536
2238
2247
2537
2239
2248
2538
2249
2539
2241
2250
2540
2242
2251
2541
2243
2252
2542
2244
2253
2543
2245
2254
2544
2246
2255
2545
2247
2256
2546
2248
2257
2547
2249
2258
2548
2259
2549
2251
2260
2550
2252
2261
2551
2253
2262
2552
2254
2263
2553
2255
2264
2554
2256
2265
2555
2257
2266
2556
2258
2267
2557
2259
2268
2558
2269
2559
2261
2270
2560
2262
2271
2561
2263
2272
2562
2264
2273
2563
2265
2274
2564
2266
2275
2565
2267
2276
2566
2268
2277
2567
2269
2278
2568
2279
2569
2271
2280
2570
2272
2281
2571
2273
2282
2572
2274
2283
2573
2275
2284
2574
2276
2285
2575
2277
2286
2576
2278
2287
2577
2279
2288
2578
2289
2579
2281
2290
2580
2282
2291
2581
2283
2292
2582
2284
2293
2583
2285
2294
2584
2286
2295
2585
2287
2296
2586
2288
2297
2587
2289
2298
2588
2299
2589
2291
2300
2590
2292
2301
2591
2293
2302
2592
2294
2303
2593
2295
2304
2594
2296
2305
2595
2297
2306
2596
2298
2307
2597
2299
2308
2598
2309
2599
2301
2310
2600
2302
2311
2601
2303
2312
2602
2304
2313
2603
2305
2314
2604
2306
2315
2605
2307
2316
2606
2308
2317
2607
2309
2318
2608
2319
2609
2311
2320
2610
2312
2321
2611
2313
2322
2612
2314
2323
2613
2315
2324
2614
2316
2325
2615
2317
2326
2616
2318
2327
2617
2319
2328
2618
2329
2619
2321
2330
2620
2322
2331
2621
2323
2332
2622
2324
2333
2623
2325
2334
2624
2326
2335
2625
2327
2336
2626
2328
2337
2627
2329
2338
2628
2339
2629
2331
2340
2630
2332
2341
2631
2333
2342
2632
2334
2343
2633
2335
2344
2634
2336
2345
2635
2337
2346
2636
2338
2347
2637
2339
2348
2638
2349
2639
2341
2350
2640
2342
2351
2641
2343
2352
2642
2344
2353
2643
2345
2354
2644
2346
2355
2645
2347
2356
2646
2348
2357
2647
2349
2358
2648
2359
2649
2351
2360
2650
2352
2361
2651
2353
2362
2652
2354
2363
2653
2355
2364
2654
2356
2365
2655
2357
2366
2656
2358
2367
2657
2359
2368
2658
2369
2659
2361
2370
2660
2362
2371
2661
2363
2372
2662
2364
2373
2663
2365
2374
2664
2366
2375
2665
2367
2376
2666
2368
2377
2667
2369
2378
2668
2379
2669
2371
2380
2670
2372
2381
2671
2373
2382
2672
2374
2383
2673
2375
2384
2674
2376
2385
2675
2377
2386
2676
2378
2387
2677
2379
2388
2678
2389
2679
2381
2390
2680
2382
2391
2681
2383
2392
2682
2384
2393
2683
2385
2394
2684
2386
2395
2685
2387
2396
2686
2388
2397
2687
2389
2398
2688
2399
2689
2391
2690
2392
2691
2393
2692
2394
2693
2395
2694
2396
2695
2397
2696
2398
2697
2399
2698
2699
2401
2410
2700
2402
2411
2701
2403
2412
2702
2404
2413
2703
2405
2414
2704
2406
2415
2705
2407
2416
2706
2408
2417
2707
2409
2418
2708
2419
2709
2411
2420
2710
2412
2421
2711
2413
2422
2712
2414
2423
2713
2415
2424
2714
2416
2425
2715
2417
2426
2716
2418
2427
2717
2419
2428
2718
2429
2719
2421
2430
2720
2422
2431
2721
2423
2432
2722
2424
2433
2723
2425
2434
2724
2426
2435
2725
2427
2436
2726
2428
2437
2727
2429
2438
2728
2439
2729
2431
2440
2730
2432
2441
2731
2433
2442
2732
2434
2443
2733
2435
2444
2734
2436
2445
2735
2437
2446
2736
2438
2447
2737
2439
2448
2738
2449
2739
2441
2450
2740
2442
2451
2741
2443
2452
2742
2444
2453
2743
2445
2454
2744
2446
2455
2745
2447
2456
2746
2448
2457
2747
2449
2458
2748
2459
2749
2451
2460
2750
2452
2461
2751
2453
2462
2752
2454
2463
2753
2455
2464
2754
2456
2465
2755
2457
2466
2756
2458
2467
2757
2459
2468
2758
2469
2759
2461
2470
2760
2462
2471
2761
2463
2472
2762
2464
2473
2763
2465
2474
2764
2466
2475
2765
2467
2476
2766
2468
2477
2767
2469
2478
2768
2479
2769
2471
2480
2770
2472
2481
2771
2473
2482
2772
2474
2483
2773
2475
2484
2774
2476
2485
2775
2477
2486
2776
2478
2487
2777
2479
2488
2778
2489
2779
2481
2490
2780
2482
2491
2781
2483
2492
2782
2484
2493
2783
2485
2494
2784
2486
2495
2785
2487
2496
2786
2488
2497
2787
2489
2498
2788
2499
2789
2491
2500
2790
2492
2501
2791
2493
2502
2792
2494
2503
2793
2495
2504
2794
2496
2505
2795
2497
2506
2796
2498
2507
2797
2499
2508
2798
2509
2799
2501
2510
2800
2502
2511
2801
2503
2512
2802
2504
2513
2803
2505
2514
2804
2506
2515
2805
2507
2516
2806
2508
2517
2807
2509
2518
2808
2519
2809
2511
2520
2810
2512
2521
2811
2513
2522
2812
2514
2523
2813
2515
2524
2814
2516
2525
2815
2517
2526
2816
2518
2527
2817
2519
2528
2818
2529
2819
2521
2530
2820
2522
2531
2821
2523
2532
2822
2524
2533
2823
2525
2534
2824
2526
2535
2825
2527
2536
2826
2528
2537
2827
2529
2538
2828
2539
2829
2531
2540
2830
2532
2541
2831
2533
2542
2832
2534
2543
2833
2535
2544
2834
2536
2545
2835
2537
2546
2836
2538
2547
2837
2539
2548
2838
2549
2839
2541
2550
2840
2542
2551
2841
2543
2552
2842
2544
2553
2843
2545
2554
2844
2546
2555
2845
2547
2556
2846
2548
2557
2847
2549
2558
2848
2559
2849
2551
2560
2850
2552
2561
2851
2553
2562
2852
2554
2563
2853
2555
2564
2854
2556
2565
2855
2557
2566
2856
2558
2567
2857
2559
2568
2858
2569
2859
2561
2570
2860
2562
2571
2861
2563
2572
2862
2564
2573
2863
2565
2574
2864
2566
2575
2865
2567
2576
2866
2568
2577
2867
2569
2578
2868
2579
2869
2571
2580
2870
2572
2581
2871
2573
2582
2872
2574
2583
2873
2575
2584
2874
2576
2585
2875
2577
2586
2876
2578
2587
2877
2579
2588
2878
2589
2879
2581
2590
2880
2582
2591
2881
2583
2592
2882
2584
2593
2883
2585
2594
2884
2586
2595
2885
2587
2596
2886
2588
2597
2887
2589
2598
2888
2599
2889
2591
2600
2890
2592
2601
2891
2593
2602
2892
2594
2603
2893
2595
2604
2894
2596
2605
2895
2597
2606
2896
2598
2607
2897
2599
2608
2898
2609
2899
2601
2610
2900
2602
2611
2901
2603
2612
2902
2604
2613
2903
2605
2614
2904
2606
2615
2905
2607
2616
2906
2608
2617
2907
2609
2618
2908
2619
2909
2611
2620
2910
2612
2621
2911
2613
2622
2912
2614
2623
2913
2615
2624
2914
2616
2625
2915
2617
2626
2916
2618
2627
2917
2619
2628
2918
2629
2919
2621
2630
2920
2622
2631
2921
2623
2632
2922
2624
2633
2923
2625
2634
2924
2626
2635
2925
2627
2636
2926
2628
2637
2927
2629
2638
2928
2639
2929
2631
2640
2930
2632
2641
2931
2633
2642
2932
2634
2643
2933
2635
2644
2934
2636
2645
2935
2637
2646
2936
2638
2647
2937
2639
2648
2938
2649
2939
2641
2650
2940
2642
2651
2941
2643
2652
2942
2644
2653
2943
2645
2654
2944
2646
2655
2945
2647
2656
2946
2648
2657
2947
2649
2658
2948
2659
2949
2651
2660
2950
2652
2661
2951
2653
2662
2952
2654
2663
2953
2655
2664
2954
2656
2665
2955
2657
2666
2956
2658
2667
2957
2659
2668
2958
2669
2959
2661
2670
2960
2662
2671
2961
2663
2672
2962
2664
2673
2963
2665
2674
2964
2666
2675
2965
2667
2676
2966
2668
2677
2967
2669
2678
2968
2679
2969
2671
2680
2970
2672
2681
2971
2673
2682
2972
2674
2683
2973
2675
2684
2974
2676
2685
2975
2677
2686
2976
2678
2687
2977
2679
2688
2978
2689
2979
2681
2690
2980
2682
2691
2981
2683
2692
2982
2684
2693
2983
2685
2694
2984
2686
2695
2985
2687
2696
2986
2688
2697
2987
2689
2698
2988
2699
2989
2691
2990
2692
2991
2693
2992
2694
2993
2695
2994
2696
2995
2697
2996
2698
2997
2699
2998
2999
2701
2710
3000
2702
2711
3001
2703
2712
3002
2704
2713
3003
2705
2714
3004
2706
2715
3005
2707
2716
3006
2708
2717
3007
2709
2718
3008
2719
3009
2711
2720
3010
2712
2721
3011
2713
2722
3012
2714
2723
3013
2715
2724
3014
2716
2725
3015
2717
2726
3016
2718
2727
3017
2719
2728
3018
2729
3019
2721
2730
3020
2722
2731
3021
2723
2732
3022
2724
2733
3023
2725
2734
3024
2726
2735
3025
2727
2736
3026
2728
2737
3027
2729
2738
3028
2739
3029
2731
2740
3030
2732
2741
3031
2733
2742
3032
2734
2743
3033
2735
2744
3034
2736
2745
3035
2737
2746
3036
2738
2747
3037
2739
2748
3038
2749
3039
2741
2750
3040
2742
2751
3041
2743
2752
3042
2744
2753
3043
2745
2754
3044
2746
2755
3045
2747
2756
3046
2748
2757
3047
2749
2758
3048
2759
3049
2751
2760
3050
2752
2761
3051
2753
2762
3052
2754
2763
3053
2755
2764
3054
2756
2765
3055
2757
2766
3056
2758
2767
3057
2759
2768
3058
2769
3059
2761
2770
3060
2762
2771
3061
2763
2772
3062
2764
2773
3063
2765
2774
3064
2766
2775
3065
2767
2776
3066
2768
2777
3067
2769
2778
3068
2779
3069
2771
2780
3070
2772
2781
3071
2773
2782
3072
2774
2783
3073
2775
2784
3074
2776
2785
3075
2777
2786
3076
2778
2787
3077
2779
2788
3078
2789
3079
2781
2790
3080
2782
2791
3081
2783
2792
3082
2784
2793
3083
2785
2794
3084
2786
2795
3085
2787
2796
3086
2788
2797
3087
2789
2798
3088
2799
3089
2791
2800
3090
2792
2801
3091
2793
2802
3092
2794
2803
3093
2795
2804
3094
2796
2805
3095
2797
2806
3096
2798
2807
3097
2799
2808
3098
2809
3099
2801
2810
3100
2802
2811
3101
2803
2812
3102
2804
2813
3103
2805
2814
3104
2806
2815
3105
2807
2816
3106
2808
2817
3107
2809
2818
3108
2819
3109
2811
2820
3110
2812
2821
3111
2813
2822
3112
2814
2823
3113
2815
2824
3114
2816
2825
3115
2817
2826
3116
2818
2827
3117
2819
2828
3118
2829
3119
2821
2830
3120
2822
2831
3121
2823
2832
3122
2824
2833
3123
2825
2834
3124
2826
2835
3125
2827
2836
3126
2828
2837
3127
2829
2838
3128
2839
3129
2831
2840
3130
2832
2841
3131
2833
2842
3132
2834
2843
3133
2835
2844
3134
2836
2845
3135
2837
2846
3136
2838
2847
3137
2839
2848
3138
2849
3139
2841
2850
3140
2842
2851
3141
2843
2852
3142
2844
2853
3143
2845
2854
3144
2846
2855
3145
2847
2856
3146
2848
2857
3147
2849
2858
3148
2859
3149
2851
2860
3150
2852
2861
3151
2853
2862
3152
2854
2863
3153
2855
2864
3154
2856
2865
3155
2857
2866
3156
2858
2867
3157
2859
2868
3158
2869
3159
2861
2870
3160
2862
2871
3161
2863
2872
3162
2864
2873
3163
2865
2874
3164
2866
2875
3165
2867
2876
3166
2868
2877
3167
2869
2878
3168
2879
3169
2871
2880
3170
2872
2881
3171
2873
2882
3172
2874
2883
3173
2875
2884
3174
2876
2885
3175
2877
2886
3176
2878
2887
3177
2879
2888
3178
2889
3179
2881
2890
3180
2882
2891
3181
2883
2892
3182
2884
2893
3183
2885
2894
3184
2886
2895
3185
2887
2896
3186
2888
2897
3187
2889
2898
3188
2899
3189
2891
2900
3190
2892
2901
3191
2893
2902
3192
2894
2903
3193
2895
2904
3194
2896
2905
3195
2897
2906
3196
2898
2907
3197
2899
2908
3198
2909
3199
2901
2910
3200
2902
2911
3201
2903
2912
3202
2904
2913
3203
2905
2914
3204
2906
2915
3205
2907
2916
3206
2908
2917
3207
2909
2918
3208
2919
3209
2911
2920
3210
2912
2921
3211
2913
2922
3212
2914
2923
3213
2915
2924
3214
2916
2925
3215
2917
2926
3216
2918
2927
3217
2919
2928
3218
2929
3219
2921
2930
3220
2922
2931
3221
2923
2932
3222
2924
2933
3223
2925
2934
3224
2926
2935
3225
2927
2936
3226
2928
2937
3227
2929
2938
3228
2939
3229
2931
2940
3230
2932
2941
3231
2933
2942
3232
2934
2943
3233
2935
2944
3234
2936
2945
3235
2937
2946
3236
2938
2947
3237
2939
2948
3238
2949
3239
2941
2950
3240
2942
2951
3241
2943
2952
3242
2944
2953
3243
2945
2954
3244
2946
2955
3245
2947
2956
3246
2948
2957
3247
2949
2958
3248
2959
3249
2951
2960
3250
2952
2961
3251
2953
2962
3252
2954
2963
3253
2955
2964
3254
2956
2965
3255
2957
2966
3256
2958
2967
3257
2959
2968
3258
2969
3259
2961
2970
3260
2962
2971
3261
2963
2972
3262
2964
2973
3263
2965
2974
3264
2966
2975
3265
2967
2976
3266
2968
2977
3267
2969
2978
3268
2979
3269
2971
2980
3270
2972
2981
3271
2973
2982
3272
2974
2983
3273
2975
2984
3274
2976
2985
3275
2977
2986
3276
2978
2987
3277
2979
2988
3278
2989
3279
2981
2990
3280
2982
2991
3281
2983
2992
3282
2984
2993
3283
2985
2994
3284
2986
2995
3285
2987
2996
3286
2988
2997
3287
2989
2998
3288
2999
3289
2991
3290
2992
3291
2993
3292
2994
3293
2995
3294
2996
3295
2997
3296
2998
3297
2999
3298
3299
3001
3010
3300
3002
3011
3301
3003
3012
3302
3004
3013
3303
3005
3014
3304
3006
3015
3305
3007
3016
3306
3008
3017
3307
3009
3018
3308
3019
3309
3011
3020
3310
3012
3021
3311
3013
3022
3312
3014
3023
3313
3015
3024
3314
3016
3025
3315
3017
3026
3316
3018
3027
3317
3019
3028
3318
3029
3319
3021
3030
3320
3022
3031
3321
3023
3032
3322
3024
3033
3323
3025
3034
3324
3026
3035
3325
3027
3036
3326
3028
3037
3327
3029
3038
3328
3039
3329
3031
3040
3330
3032
3041
3331
3033
3042
3332
3034
3043
3333
3035
3044
3334
3036
3045
3335
3037
3046
3336
3038
3047
3337
3039
3048
3338
3049
3339
3041
3050
3340
3042
3051
3341
3043
3052
3342
3044
3053
3343
3045
3054
3344
3046
3055
3345
3047
3056
3346
3048
3057
3347
3049
3058
3348
3059
3349
3051
3060
3350
3052
3061
3351
3053
3062
3352
3054
3063
3353
3055
3064
3354
3056
3065
3355
3057
3066
3356
3058
3067
3357
3059
3068
3358
3069
3359
3061
3070
3360
3062
3071
3361
3063
3072
3362
3064
3073
3363
3065
3074
3364
3066
3075
3365
3067
3076
3366
3068
3077
3367
3069
3078
3368
3079
3369
3071
3080
3370
3072
3081
3371
3073
3082
3372
3074
3083
3373
3075
3084
3374
3076
3085
3375
3077
3086
3376
3078
3087
3377
3079
3088
3378
3089
3379
3081
3090
3380
3082
3091
3381
3083
3092
3382
3084
3093
3383
3085
3094
3384
3086
3095
3385
3087
3096
3386
3088
3097
3387
3089
3098
3388
3099
3389
3091
3100
3390
3092
3101
3391
3093
3102
3392
3094
3103
3393
3095
3104
3394
3096
3105
3395
3097
3106
3396
3098
3107
3397
3099
3108
3398
3109
3399
3101
3110
3400
3102
3111
3401
3103
3112
3402
3104
3113
3403
3105
3114
3404
3106
3115
3405
3107
3116
3406
3108
3117
3407
3109
3118
3408
3119
3409
3111
3120
3410
3112
3121
3411
3113
3122
3412
3114
3123
3413
3115
3124
3414
3116
3125
3415
3117
3126
3416
3118
3127
3417
3119
3128
3418
3129
3419
3121
3130
3420
3122
3131
3421
3123
3132
3422
3124
3133
3423
3125
3134
3424
3126
3135
3425
3127
3136
3426
3128
3137
3427
3129
3138
3428
3139
3429
3131
3140
3430
3132
3141
3431
3133
3142
3432
3134
3143
3433
3135
3144
3434
3136
3145
3435
3137
3146
3436
3138
3147
3437
3139
3148
3438
3149
3439
3141
3150
3440
3142
3151
3441
3143
3152
3442
3144
3153
3443
3145
3154
3444
3146
3155
3445
3147
3156
3446
3148
3157
3447
3149
3158
3448
3159
3449
3151
3160
3450
3152
3161
3451
3153
3162
3452
3154
3163
3453
3155
3164
3454
3156
3165
3455
3157
3166
3456
3158
3167
3457
3159
3168
3458
3169
3459
3161
3170
3460
3162
3171
3461
3163
3172
3462
3164
3173
3463
3165
3174
3464
3166
3175
3465
3167
3176
3466
3168
3177
3467
3169
3178
3468
3179
3469
3171
3180
3470
3172
3181
3471
3173
3182
3472
3174
3183
3473
3175
3184
3474
3176
3185
3475
3177
3186
3476
3178
3187
3477
3179
3188
3478
3189
3479
3181
3190
3480
3182
3191
3481
3183
3192
3482
3184
3193
3483
3185
3194
3484
3186
3195
3485
3187
3196
3486
3188
3197
3487
3189
3198
3488
3199
3489
3191
3200
3490
3192
3201
3491
3193
3202
3492
3194
3203
3493
3195
3204
3494
3196
3205
3495
3197
3206
3496
3198
3207
3497
3199
3208
3498
3209
3499
3201
3210
3500
3202
3211
3501
3203
3212
3502
3204
3213
3503
3205
3214
3504
3206
3215
3505
3207
3216
3506
3208
3217
3507
3209
3218
3508
3219
3509
3211
3220
3510
3212
3221
3511
3213
3222
3512
3214
3223
3513
3215
3224
3514
3216
3225
3515
3217
3226
3516
3218
3227
3517
3219
3228
3518
3229
3519
3221
3230
3520
3222
3231
3521
3223
3232
3522
3224
3233
3523
3225
3234
3524
3226
3235
3525
3227
3236
3526
3228
3237
3527
3229
3238
3528
3239
3529
3231
3240
3530
3232
3241
3531
3233
3242
3532
3234
3243
3533
3235
3244
3534
3236
3245
3535
3237
3246
3536
3238
3247
3537
3239
3248
3538
3249
3539
3241
3250
3540
3242
3251
3541
3243
3252
3542
3244
3253
3543
3245
3254
3544
3246
3255
3545
3247
3256
3546
3248
3257
3547
3249
3258
3548
3259
3549
3251
3260
3550
3252
3261
3551
3253
3262
3552
3254
3263
3553
3255
3264
3554
3256
3265
3555
3257
3266
3556
3258
3267
3557
3259
3268
3558
3269
3559
3261
3270
3560
3262
3271
3561
3263
3272
3562
3264
3273
3563
3265
3274
3564
3266
3275
3565
3267
3276
3566
3268
3277
3567
3269
3278
3568
3279
3569
3271
3280
3570
3272
3281
3571
3273
3282
3572
3274
3283
3573
3275
3284
3574
3276
3285
3575
3277
3286
3576
3278
3287
3577
3279
3288
3578
3289
3579
3281
3290
3580
3282
3291
3581
3283
3292
3582
3284
3293
3583
3285
3294
3584
3286
3295
3585
3287
3296
3586
3288
3297
3587
3289
3298
3588
3299
3589
3291
3590
3292
3591
3293
3592
3294
3593
3295
3594
3296
3595
3297
3596
3298
3597
3299
3598
3599
3301
3310
3600
3302
3311
3601
3303
3312
3602
3304
3313
3603
3305
3314
3604
3306
3315
3605
3307
3316
3606
3308
3317
3607
3309
3318
3608
3319
3609
3311
3320
3610
3312
3321
3611
3313
3322
3612
3314
3323
3613
3315
3324
3614
3316
3325
3615
3317
3326
3616
3318
3327
3617
3319
3328
3618
3329
3619
3321
3330
3620
3322
3331
3621
3323
3332
3622
3324
3333
3623
3325
3334
3624
3326
3335
3625
3327
3336
3626
3328
3337
3627
3329
3338
3628
3339
3629
3331
3340
3630
3332
3341
3631
3333
3342
3632
3334
3343
3633
3335
3344
3634
3336
3345
3635
3337
3346
3636
3338
3347
3637
3339
3348
3638
3349
3639
3341
3350
3640
3342
3351
3641
3343
3352
3642
3344
3353
3643
3345
3354
3644
3346
3355
3645
3347
3356
3646
3348
3357
3647
3349
3358
3648
3359
3649
3351
3360
3650
3352
3361
3651
3353
3362
3652
3354
3363
3653
3355
3364
3654
3356
3365
3655
3357
3366
3656
3358
3367
3657
3359
3368
3658
3369
3659
3361
3370
3660
3362
3371
3661
3363
3372
3662
3364
3373
3663
3365
3374
3664
3366
3375
3665
3367
3376
3666
3368
3377
3667
3369
3378
3668
3379
3669
3371
3380
3670
3372
3381
3671
3373
3382
3672
3374
3383
3673
3375
3384
3674
3376
3385
3675
3377
3386
3676
3378
3387
3677
3379
3388
3678
3389
3679
3381
3390
3680
3382
3391
3681
3383
3392
3682
3384
3393
3683
3385
3394
3684
3386
3395
3685
3387
3396
3686
3388
3397
3687
3389
3398
3688
3399
3689
3391
3400
3690
3392
3401
3691
3393
3402
3692
3394
3403
3693
3395
3404
3694
3396
3405
3695
3397
3406
3696
3398
3407
3697
3399
3408
3698
3409
3699
3401
3410
3700
3402
3411
3701
3403
3412
3702
3404
3413
3703
3405
3414
3704
3406
3415
3705
3407
3416
3706
3408
3417
3707
3409
3418
3708
3419
3709
3411
3420
3710
3412
3421
3711
3413
3422
3712
3414
3423
3713
3415
3424
3714
3416
3425
3715
3417
3426
3716
3418
3427
3717
3419
3428
3718
3429
3719
3421
3430
3720
3422
3431
3721
3423
3432
3722
3424
3433
3723
3425
3434
3724
3426
3435
3725
3427
3436
3726
3428
3437
3727
3429
3438
3728
3439
3729
3431
3440
3730
3432
3441
3731
3433
3442
3732
3434
3443
3733
3435
3444
3734
3436
3445
3735
3437
3446
3736
3438
3447
3737
3439
3448
3738
3449
3739
3441
3450
3740
3442
3451
3741
3443
3452
3742
3444
3453
3743
3445
3454
3744
3446
3455
3745
3447
3456
3746
3448
3457
3747
3449
3458
3748
3459
3749
3451
3460
3750
3452
3461
3751
3453
3462
3752
3454
3463
3753
3455
3464
3754
3456
3465
3755
3457
3466
3756
3458
3467
3757
3459
3468
3758
3469
3759
3461
3470
3760
3462
3471
3761
3463
3472
3762
3464
3473
3763
3465
3474
3764
3466
3475
3765
3467
3476
3766
3468
3477
3767
3469
3478
3768
3479
3769
3471
3480
3770
3472
3481
3771
3473
3482
3772
3474
3483
3773
3475
3484
3774
3476
3485
3775
3477
3486
3776
3478
3487
3777
3479
3488
3778
3489
3779
3481
3490
3780
3482
3491
3781
3483
3492
3782
3484
3493
3783
3485
3494
3784
3486
3495
3785
3487
3496
3786
3488
3497
3787
3489
3498
3788
3499
3789
3491
3500
3790
3492
3501
3791
3493
3502
3792
3494
3503
3793
3495
3504
3794
3496
3505
3795
3497
3506
3796
3498
3507
3797
3499
3508
3798
3509
3799
3501
3510
3800
3502
3511
3801
3503
3512
3802
3504
3513
3803
3505
3514
3804
3506
3515
3805
3507
3516
3806
3508
3517
3807
3509
3518
3808
3519
3809
3511
3520
3810
3512
3521
3811
3513
3522
3812
3514
3523
3813
3515
3524
3814
3516
3525
3815
3517
3526
3816
3518
3527
3817
3519
3528
3818
3529
3819
3521
3530
3820
3522
3531
3821
3523
3532
3822
3524
3533
3823
3525
3534
3824
3526
3535
3825
3527
3536
3826
3528
3537
3827
3529
3538
3828
3539
3829
3531
3540
3830
3532
3541
3831
3533
3542
3832
3534
3543
3833
3535
3544
3834
3536
3545
3835
3537
3546
3836
3538
3547
3837
3539
3548
3838
3549
3839
3541
3550
3840
3542
3551
3841
3543
3552
3842
3544
3553
3843
3545
3554
3844
3546
3555
3845
3547
3556
3846
3548
3557
3847
3549
3558
3848
3559
3849
3551
3560
3850
3552
3561
3851
3553
3562
3852
3554
3563
3853
3555
3564
3854
3556
3565
3855
3557
3566
3856
3558
3567
3857
3559
3568
3858
3569
3859
3561
3570
3860
3562
3571
3861
3563
3572
3862
3564
3573
3863
3565
3574
3864
3566
3575
3865
3567
3576
3866
3568
3577
3867
3569
3578
3868
3579
3869
3571
3580
3870
3572
3581
3871
3573
3582
3872
3574
3583
3873
3575
3584
3874
3576
3585
3875
3577
3586
3876
3578
3587
3877
3579
3588
3878
3589
3879
3581
3590
3880
3582
3591
3881
3583
3592
3882
3584
3593
3883
3585
3594
3884
3586
3595
3885
3587
3596
3886
3588
3597
3887
3589
3598
3888
3599
3889
3591
3890
3592
3891
3593
3892
3594
3893
3595
3894
3596
3895
3597
3896
3598
3897
3599
3898
3899
3601
3610
3900
3602
3611
3901
3603
3612
3902
3604
3613
3903
3605
3614
3904
3606
3615
3905
3607
3616
3906
3608
3617
3907
3609
3618
3908
3619
3909
3611
3620
3910
3612
3621
3911
3613
3622
3912
3614
3623
3913
3615
3624
3914
3616
3625
3915
3617
3626
3916
3618
3627
3917
3619
3628
3918
3629
3919
3621
3630
3920
3622
3631
3921
3623
3632
3922
3624
3633
3923
3625
3634
3924
3626
3635
3925
3627
3636
3926
3628
3637
3927
3629
3638
3928
3639
3929
3631
3640
3930
3632
3641
3931
3633
3642
3932
3634
3643
3933
3635
3644
3934
3636
3645
3935
3637
3646
3936
3638
3647
3937
3639
3648
3938
3649
3939
3641
3650
3940
3642
3651
3941
3643
3652
3942
3644
3653
3943
3645
3654
3944
3646
3655
3945
3647
3656
3946
3648
3657
3947
3649
3658
3948
3659
3949
3651
3660
3950
3652
3661
3951
3653
3662
3952
3654
3663
3953
3655
3664
3954
3656
3665
3955
3657
3666
3956
3658
3667
3957
3659
3668
3958
3669
3959
3661
3670
3960
3662
3671
3961
3663
3672
3962
3664
3673
3963
3665
3674
3964
3666
3675
3965
3667
3676
3966
3668
3677
3967
3669
3678
3968
3679
3969
3671
3680
3970
3672
3681
3971
3673
3682
3972
3674
3683
3973
3675
3684
3974
3676
3685
3975
3677
3686
3976
3678
3687
3977
3679
3688
3978
3689
3979
3681
3690
3980
3682
3691
3981
3683
3692
3982
3684
3693
3983
3685
3694
3984
3686
3695
3985
3687
3696
3986
3688
3697
3987
3689
3698
3988
3699
3989
3691
3700
3990
3692
3701
3991
3693
3702
3992
3694
3703
3993
3695
3704
3994
3696
3705
3995
3697
3706
3996
3698
3707
3997
3699
3708
3998
3709
3999
3701
3710
4000
3702
3711
4001
3703
3712
4002
3704
3713
4003
3705
3714
4004
3706
3715
4005
3707
3716
4006
3708
3717
4007
3709
3718
4008
3719
4009
3711
3720
4010
3712
3721
4011
3713
3722
4012
3714
3723
4013
3715
3724
4014
3716
3725
4015
3717
3726
4016
3718
3727
4017
3719
3728
4018
3729
4019
3721
3730
4020
3722
3731
4021
3723
3732
4022
3724
3733
4023
3725
3734
4024
3726
3735
4025
3727
3736
4026
3728
3737
4027
3729
3738
4028
3739
4029
3731
3740
4030
3732
3741
4031
3733
3742
4032
3734
3743
4033
3735
3744
4034
3736
3745
4035
3737
3746
4036
3738
3747
4037
3739
3748
4038
3749
4039
3741
3750
4040
3742
3751
4041
3743
3752
4042
3744
3753
4043
3745
3754
4044
3746
3755
4045
3747
3756
4046
3748
3757
4047
3749
3758
4048
3759
4049
3751
3760
4050
3752
3761
4051
3753
3762
4052
3754
3763
4053
3755
3764
4054
3756
3765
4055
3757
3766
4056
3758
3767
4057
3759
3768
4058
3769
4059
3761
3770
4060
3762
3771
4061
3763
3772
4062
3764
3773
4063
3765
3774
4064
3766
3775
4065
3767
3776
4066
3768
3777
4067
3769
3778
4068
3779
4069
3771
3780
4070
3772
3781
4071
3773
3782
4072
3774
3783
4073
3775
3784
4074
3776
3785
4075
3777
3786
4076
3778
3787
4077
3779
3788
4078
3789
4079
3781
3790
4080
3782
3791
4081
3783
3792
4082
3784
3793
4083
3785
3794
4084
3786
3795
4085
3787
3796
4086
3788
3797
4087
3789
3798
4088
3799
4089
3791
3800
4090
3792
3801
4091
3793
3802
4092
3794
3803
4093
3795
3804
4094
3796
3805
4095
3797
3806
4096
3798
3807
4097
3799
3808
4098
3809
4099
3801
3810
4100
3802
3811
4101
3803
3812
4102
3804
3813
4103
3805
3814
4104
3806
3815
4105
3807
3816
4106
3808
3817
4107
3809
3818
4108
3819
4109
3811
3820
4110
3812
3821
4111
3813
3822
4112
3814
3823
4113
3815
3824
4114
3816
3825
4115
3817
3826
4116
3818
3827
4117
3819
3828
4118
3829
4119
3821
3830
4120
3822
3831
4121
3823
3832
4122
3824
3833
4123
3825
3834
4124
3826
3835
4125
3827
3836
4126
3828
3837
4127
3829
3838
4128
3839
4129
3831
3840
4130
3832
3841
4131
3833
3842
4132
3834
3843
4133
3835
3844
4134
3836
3845
4135
3837
3846
4136
3838
3847
4137
3839
3848
4138
3849
4139
3841
3850
4140
3842
3851
4141
3843
3852
4142
3844
3853
4143
3845
3854
4144
3846
3855
4145
3847
3856
4146
3848
3857
4147
3849
3858
4148
3859
4149
3851
3860
4150
3852
3861
4151
3853
3862
4152
3854
3863
4153
3855
3864
4154
3856
3865
4155
3857
3866
4156
3858
3867
4157
3859
3868
4158
3869
4159
3861
3870
4160
3862
3871
4161
3863
3872
4162
3864
3873
4163
3865
3874
4164
3866
3875
4165
3867
3876
4166
3868
3877
4167
3869
3878
4168
3879
4169
3871
3880
4170
3872
3881
4171
3873
3882
4172
3874
3883
4173
3875
3884
4174
3876
3885
4175
3877
3886
4176
3878
3887
4177
3879
3888
4178
3889
4179
3881
3890
4180
3882
3891
4181
3883
3892
4182
3884
3893
4183
3885
3894
4184
3886
3895
4185
3887
3896
4186
3888
3897
4187
3889
3898
4188
3899
4189
3891
4190
3892
4191
3893
4192
3894
4193
3895
4194
3896
4195
3897
4196
3898
4197
3899
4198
4199
3901
3910
4200
3902
3911
4201
3903
3912
4202
3904
3913
4203
3905
3914
4204
3906
3915
4205
3907
3916
4206
3908
3917
4207
3909
3918
4208
3919
4209
3911
3920
4210
3912
3921
4211
3913
3922
4212
3914
3923
4213
3915
3924
4214
3916
3925
4215
3917
3926
4216
3918
3927
4217
3919
3928
4218
3929
4219
3921
3930
4220
3922
3931
4221
3923
3932
4222
3924
3933
4223
3925
3934
4224
3926
3935
4225
3927
3936
4226
3928
3937
4227
3929
3938
4228
3939
4229
3931
3940
4230
3932
3941
4231
3933
3942
4232
3934
3943
4233
3935
3944
4234
3936
3945
4235
3937
3946
4236
3938
3947
4237
3939
3948
4238
3949
4239
3941
3950
4240
3942
3951
4241
3943
3952
4242
3944
3953
4243
3945
3954
4244
3946
3955
4245
3947
3956
4246
3948
3957
4247
3949
3958
4248
3959
4249
3951
3960
4250
3952
3961
4251
3953
3962
4252
3954
3963
4253
3955
3964
4254
3956
3965
4255
3957
3966
4256
3958
3967
4257
3959
3968
4258
3969
4259
3961
3970
4260
3962
3971
4261
3963
3972
4262
3964
3973
4263
3965
3974
4264
3966
3975
4265
3967
3976
4266
3968
3977
4267
3969
3978
4268
3979
4269
3971
3980
4270
3972
3981
4271
3973
3982
4272
3974
3983
4273
3975
3984
4274
3976
3985
4275
3977
3986
4276
3978
3987
4277
3979
3988
4278
3989
4279
3981
3990
4280
3982
3991
4281
3983
3992
4282
3984
3993
4283
3985
3994
4284
3986
3995
4285
3987
3996
4286
3988
3997
4287
3989
3998
4288
3999
4289
3991
4000
4290
3992
4001
4291
3993
4002
4292
3994
4003
4293
3995
4004
4294
3996
4005
4295
3997
4006
4296
3998
4007
4297
3999
4008
4298
4009
4299
4001
4010
4300
4002
4011
4301
4003
4012
4302
4004
4013
4303
4005
4014
4304
4006
4015
4305
4007
4016
4306
4008
4017
4307
4009
4018
4308
4019
4309
4011
4020
4310
4012
4021
4311
4013
4022
4312
4014
4023
4313
4015
4024
4314
4016
4025
4315
4017
4026
4316
4018
4027
4317
4019
4028
4318
4029
4319
4021
4030
4320
4022
4031
4321
4023
4032
4322
4024
4033
4323
4025
4034
4324
4026
4035
4325
4027
4036
4326
4028
4037
4327
4029
4038
4328
4039
4329
4031
4040
4330
4032
4041
4331
4033
4042
4332
4034
4043
4333
4035
4044
4334
4036
4045
4335
4037
4046
4336
4038
4047
4337
4039
4048
4338
4049
4339
4041
4050
4340
4042
4051
4341
4043
4052
4342
4044
4053
4343
4045
4054
4344
4046
4055
4345
4047
4056
4346
4048
4057
4347
4049
4058
4348
4059
4349
4051
4060
4350
4052
4061
4351
4053
4062
4352
4054
4063
4353
4055
4064
4354
4056
4065
4355
4057
4066
4356
4058
4067
4357
4059
4068
4358
4069
4359
4061
4070
4360
4062
4071
4361
4063
4072
4362
4064
4073
4363
4065
4074
4364
4066
4075
4365
4067
4076
4366
4068
4077
4367
4069
4078
4368
4079
4369
4071
4080
4370
4072
4081
4371
4073
4082
4372
4074
4083
4373
4075
4084
4374
4076
4085
4375
4077
4086
4376
4078
4087
4377
4079
4088
4378
4089
4379
4081
4090
4380
4082
4091
4381
4083
4092
4382
4084
4093
4383
4085
4094
4384
4086
4095
4385
4087
4096
4386
4088
4097
4387
4089
4098
4388
4099
4389
4091
4100
4390
4092
4101
4391
4093
4102
4392
4094
4103
4393
4095
4104
4394
4096
4105
4395
4097
4106
4396
4098
4107
4397
4099
4108
4398
4109
4399
4101
4110
4400
4102
4111
4401
4103
4112
4402
4104
4113
4403
4105
4114
4404
4106
4115
4405
4107
4116
4406
4108
4117
4407
4109
4118
4408
4119
4409
4111
4120
4410
4112
4121
4411
4113
4122
4412
4114
4123
4413
4115
4124
4414
4116
4125
4415
4117
4126
4416
4118
4127
4417
4119
4128
4418
4129
4419
4121
4130
4420
4122
4131
4421
4123
4132
4422
4124
4133
4423
4125
4134
4424
4126
4135
4425
4127
4136
4426
4128
4137
4427
4129
4138
4428
4139
4429
4131
4140
4430
4132
4141
4431
4133
4142
4432
4134
4143
4433
4135
4144
4434
4136
4145
4435
4137
4146
4436
4138
4147
4437
4139
4148
4438
4149
4439
4141
4150
4440
4142
4151
4441
4143
4152
4442
4144
4153
4443
4145
4154
4444
4146
4155
4445
4147
4156
4446
4148
4157
4447
4149
4158
4448
4159
4449
4151
4160
4450
4152
4161
4451
4153
4162
4452
4154
4163
4453
4155
4164
4454
4156
4165
4455
4157
4166
4456
4158
4167
4457
4159
4168
4458
4169
4459
4161
4170
4460
4162
4171
4461
4163
4172
4462
4164
4173
4463
4165
4174
4464
4166
4175
4465
4167
4176
4466
4168
4177
4467
4169
4178
4468
4179
4469
4171
4180
4470
4172
4181
4471
4173
4182
4472
4174
4183
4473
4175
4184
4474
4176
4185
4475
4177
4186
4476
4178
4187
4477
4179
4188
4478
4189
4479
4181
4190
4480
4182
4191
4481
4183
4192
4482
4184
4193
4483
4185
4194
4484
4186
4195
4485
4187
4196
4486
4188
4197
4487
4189
4198
4488
4199
4489
4191
4490
4192
4491
4193
4492
4194
4493
4195
4494
4196
4495
4197
4496
4198
4497
4199
4498
4499
4201
4210
4500
4202
4211
4501
4203
4212
4502
4204
4213
4503
4205
4214
4504
4206
4215
4505
4207
4216
4506
4208
4217
4507
4209
4218
4508
4219
4509
4211
4220
4510
4212
4221
4511
4213
4222
4512
4214
4223
4513
4215
4224
4514
4216
4225
4515
4217
4226
4516
4218
4227
4517
4219
4228
4518
4229
4519
4221
4230
4520
4222
4231
4521
4223
4232
4522
4224
4233
4523
4225
4234
4524
4226
4235
4525
4227
4236
4526
4228
4237
4527
4229
4238
4528
4239
4529
4231
4240
4530
4232
4241
4531
4233
4242
4532
4234
4243
4533
4235
4244
4534
4236
4245
4535
4237
4246
4536
4238
4247
4537
4239
4248
4538
4249
4539
4241
4250
4540
4242
4251
4541
4243
4252
4542
4244
4253
4543
4245
4254
4544
4246
4255
4545
4247
4256
4546
4248
4257
4547
4249
4258
4548
4259
4549
4251
4260
4550
4252
4261
4551
4253
4262
4552
4254
4263
4553
4255
4264
4554
4256
4265
4555
4257
4266
4556
4258
4267
4557
4259
4268
4558
4269
4559
4261
4270
4560
4262
4271
4561
4263
4272
4562
4264
4273
4563
4265
4274
4564
4266
4275
4565
4267
4276
4566
4268
4277
4567
4269
4278
4568
4279
4569
4271
4280
4570
4272
4281
4571
4273
4282
4572
4274
4283
4573
4275
4284
4574
4276
4285
4575
4277
4286
4576
4278
4287
4577
4279
4288
4578
4289
4579
4281
4290
4580
4282
4291
4581
4283
4292
4582
4284
4293
4583
4285
4294
4584
4286
4295
4585
4287
4296
4586
4288
4297
4587
4289
4298
4588
4299
4589
4291
4300
4590
4292
4301
4591
4293
4302
4592
4294
4303
4593
4295
4304
4594
4296
4305
4595
4297
4306
4596
4298
4307
4597
4299
4308
4598
4309
4599
4301
4310
4600
4302
4311
4601
4303
4312
4602
4304
4313
4603
4305
4314
4604
4306
4315
4605
4307
4316
4606
4308
4317
4607
4309
4318
4608
4319
4609
4311
4320
4610
4312
4321
4611
4313
4322
4612
4314
4323
4613
4315
4324
4614
4316
4325
4615
4317
4326
4616
4318
4327
4617
4319
4328
4618
4329
4619
4321
4330
4620
4322
4331
4621
4323
4332
4622
4324
4333
4623
4325
4334
4624
4326
4335
4625
4327
4336
4626
4328
4337
4627
4329
4338
4628
4339
4629
4331
4340
4630
4332
4341
4631
4333
4342
4632
4334
4343
4633
4335
4344
4634
4336
4345
4635
4337
4346
4636
4338
4347
4637
4339
4348
4638
4349
4639
4341
4350
4640
4342
4351
4641
4343
4352
4642
4344
4353
4643
4345
4354
4644
4346
4355
4645
4347
4356
4646
4348
4357
4647
4349
4358
4648
4359
4649
4351
4360
4650
4352
4361
4651
4353
4362
4652
4354
4363
4653
4355
4364
4654
4356
4365
4655
4357
4366
4656
4358
4367
4657
4359
4368
4658
4369
4659
4361
4370
4660
4362
4371
4661
4363
4372
4662
4364
4373
4663
4365
4374
4664
4366
4375
4665
4367
4376
4666
4368
4377
4667
4369
4378
4668
4379
4669
4371
4380
4670
4372
4381
4671
4373
4382
4672
4374
4383
4673
4375
4384
4674
4376
4385
4675
4377
4386
4676
4378
4387
4677
4379
4388
4678
4389
4679
4381
4390
4680
4382
4391
4681
4383
4392
4682
4384
4393
4683
4385
4394
4684
4386
4395
4685
4387
4396
4686
4388
4397
4687
4389
4398
4688
4399
4689
4391
4400
4690
4392
4401
4691
4393
4402
4692
4394
4403
4693
4395
4404
4694
4396
4405
4695
4397
4406
4696
4398
4407
4697
4399
4408
4698
4409
4699
4401
4410
4700
4402
4411
4701
4403
4412
4702
4404
4413
4703
4405
4414
4704
4406
4415
4705
4407
4416
4706
4408
4417
4707
4409
4418
4708
4419
4709
4411
4420
4710
4412
4421
4711
4413
4422
4712
4414
4423
4713
4415
4424
4714
4416
4425
4715
4417
4426
4716
4418
4427
4717
4419
4428
4718
4429
4719
4421
4430
4720
4422
4431
4721
4423
4432
4722
4424
4433
4723
4425
4434
4724
4426
4435
4725
4427
4436
4726
4428
4437
4727
4429
4438
4728
4439
4729
4431
4440
4730
4432
4441
4731
4433
4442
4732
4434
4443
4733
4435
4444
4734
4436
4445
4735
4437
4446
4736
4438
4447
4737
4439
4448
4738
4449
4739
4441
4450
4740
4442
4451
4741
4443
4452
4742
4444
4453
4743
4445
4454
4744
4446
4455
4745
4447
4456
4746
4448
4457
4747
4449
4458
4748
4459
4749
4451
4460
4750
4452
4461
4751
4453
4462
4752
4454
4463
4753
4455
4464
4754
4456
4465
4755
4457
4466
4756
4458
4467
4757
4459
4468
4758
4469
4759
4461
4470
4760
4462
4471
4761
4463
4472
4762
4464
4473
4763
4465
4474
4764
4466
4475
4765
4467
4476
4766
4468
4477
4767
4469
4478
4768
4479
4769
4471
4480
4770
4472
4481
4771
4473
4482
4772
4474
4483
4773
4475
4484
4774
4476
4485
4775
4477
4486
4776
4478
4487
4777
4479
4488
4778
4489
4779
4481
4490
4780
4482
4491
4781
4483
4492
4782
4484
4493
4783
4485
4494
4784
4486
4495
4785
4487
4496
4786
4488
4497
4787
4489
4498
4788
4499
4789
4491
4790
4492
4791
4493
4792
4494
4793
4495
4794
4496
4795
4497
4796
4498
4797
4499
4798
4799
4501
4510
4800
4502
4511
4801
4503
4512
4802
4504
4513
4803
4505
4514
4804
4506
4515
4805
4507
4516
4806
4508
4517
4807
4509
4518
4808
4519
4809
4511
4520
4810
4512
4521
4811
4513
4522
4812
4514
4523
4813
4515
4524
4814
4516
4525
4815
4517
4526
4816
4518
4527
4817
4519
4528
4818
4529
4819
4521
4530
4820
4522
4531
4821
4523
4532
4822
4524
4533
4823
4525
4534
4824
4526
4535
4825
4527
4536
4826
4528
4537
4827
4529
4538
4828
4539
4829
4531
4540
4830
4532
4541
4831
4533
4542
4832
4534
4543
4833
4535
4544
4834
4536
4545
4835
4537
4546
4836
4538
4547
4837
4539
4548
4838
4549
4839
4541
4550
4840
4542
4551
4841
4543
4552
4842
4544
4553
4843
4545
4554
4844
4546
4555
4845
4547
4556
4846
4548
4557
4847
4549
4558
4848
4559
4849
4551
4560
4850
4552
4561
4851
4553
4562
4852
4554
4563
4853
4555
4564
4854
4556
4565
4855
4557
4566
4856
4558
4567
4857
4559
4568
4858
4569
4859
4561
4570
4860
4562
4571
4861
4563
4572
4862
4564
4573
4863
4565
4574
4864
4566
4575
4865
4567
4576
4866
4568
4577
4867
4569
4578
4868
4579
4869
4571
4580
4870
4572
4581
4871
4573
4582
4872
4574
4583
4873
4575
4584
4874
4576
4585
4875
4577
4586
4876
4578
4587
4877
4579
4588
4878
4589
4879
4581
4590
4880
4582
4591
4881
4583
4592
4882
4584
4593
4883
4585
4594
4884
4586
4595
4885
4587
4596
4886
4588
4597
4887
4589
4598
4888
4599
4889
4591
4600
4890
4592
4601
4891
4593
4602
4892
4594
4603
4893
4595
4604
4894
4596
4605
4895
4597
4606
4896
4598
4607
4897
4599
4608
4898
4609
4899
4601
4610
4900
4602
4611
4901
4603
4612
4902
4604
4613
4903
4605
4614
4904
4606
4615
4905
4607
4616
4906
4608
4617
4907
4609
4618
4908
4619
4909
4611
4620
4910
4612
4621
4911
4613
4622
4912
4614
4623
4913
4615
4624
4914
4616
4625
4915
4617
4626
4916
4618
4627
4917
4619
4628
4918
4629
4919
4621
4630
4920
4622
4631
4921
4623
4632
4922
4624
4633
4923
4625
4634
4924
4626
4635
4925
4627
4636
4926
4628
4637
4927
4629
4638
4928
4639
4929
4631
4640
4930
4632
4641
4931
4633
4642
4932
4634
4643
4933
4635
4644
4934
4636
4645
4935
4637
4646
4936
4638
4647
4937
4639
4648
4938
4649
4939
4641
4650
4940
4642
4651
4941
4643
4652
4942
4644
4653
4943
4645
4654
4944
4646
4655
4945
4647
4656
4946
4648
4657
4947
4649
4658
4948
4659
4949
4651
4660
4950
4652
4661
4951
4653
4662
4952
4654
4663
4953
4655
4664
4954
4656
4665
4955
4657
4666
4956
4658
4667
4957
4659
4668
4958
4669
4959
4661
4670
4960
4662
4671
4961
4663
4672
4962
4664
4673
4963
4665
4674
4964
4666
4675
4965
4667
4676
4966
4668
4677
4967
4669
4678
4968
4679
4969
4671
4680
4970
4672
4681
4971
4673
4682
4972
4674
4683
4973
4675
4684
4974
4676
4685
4975
4677
4686
4976
4678
4687
4977
4679
4688
4978
4689
4979
4681
4690
4980
4682
4691
4981
4683
4692
4982
4684
4693
4983
4685
4694
4984
4686
4695
4985
4687
4696
4986
4688
4697
4987
4689
4698
4988
4699
4989
4691
4700
4990
4692
4701
4991
4693
4702
4992
4694
4703
4993
4695
4704
4994
4696
4705
4995
4697
4706
4996
4698
4707
4997
4699
4708
4998
4709
4999
4701
4710
5000
4702
4711
5001
4703
4712
5002
4704
4713
5003
4705
4714
5004
4706
4715
5005
4707
4716
5006
4708
4717
5007
4709
4718
5008
4719
5009
4711
4720
5010
4712
4721
5011
4713
4722
5012
4714
4723
5013
4715
4724
5014
4716
4725
5015
4717
4726
5016
4718
4727
5017
4719
4728
5018
4729
5019
4721
4730
5020
4722
4731
5021
4723
4732
5022
4724
4733
5023
4725
4734
5024
4726
4735
5025
4727
4736
5026
4728
4737
5027
4729
4738
5028
4739
5029
4731
4740
5030
4732
4741
5031
4733
4742
5032
4734
4743
5033
4735
4744
5034
4736
4745
5035
4737
4746
5036
4738
4747
5037
4739
4748
5038
4749
5039
4741
4750
5040
4742
4751
5041
4743
4752
5042
4744
4753
5043
4745
4754
5044
4746
4755
5045
4747
4756
5046
4748
4757
5047
4749
4758
5048
4759
5049
4751
4760
5050
4752
4761
5051
4753
4762
5052
4754
4763
5053
4755
4764
5054
4756
4765
5055
4757
4766
5056
4758
4767
5057
4759
4768
5058
4769
5059
4761
4770
5060
4762
4771
5061
4763
4772
5062
4764
4773
5063
4765
4774
5064
4766
4775
5065
4767
4776
5066
4768
4777
5067
4769
4778
5068
4779
5069
4771
4780
5070
4772
4781
5071
4773
4782
5072
4774
4783
5073
4775
4784
5074
4776
4785
5075
4777
4786
5076
4778
4787
5077
4779
4788
5078
4789
5079
4781
4790
5080
4782
4791
5081
4783
4792
5082
4784
4793
5083
4785
4794
5084
4786
4795
5085
4787
4796
5086
4788
4797
5087
4789
4798
5088
4799
5089
4791
5090
4792
5091
4793
5092
4794
5093
4795
5094
4796
5095
4797
5096
4798
5097
4799
5098
5099
4801
4810
5100
4802
4811
5101
4803
4812
5102
4804
4813
5103
4805
4814
5104
4806
4815
5105
4807
4816
5106
4808
4817
5107
4809
4818
5108
4819
5109
4811
4820
5110
4812
4821
5111
4813
4822
5112
4814
4823
5113
4815
4824
5114
4816
4825
5115
4817
4826
5116
4818
4827
5117
4819
4828
5118
4829
5119
4821
4830
5120
4822
4831
5121
4823
4832
5122
4824
4833
5123
4825
4834
5124
4826
4835
5125
4827
4836
5126
4828
4837
5127
4829
4838
5128
4839
5129
4831
4840
5130
4832
4841
5131
4833
4842
5132
4834
4843
5133
4835
4844
5134
4836
4845
5135
4837
4846
5136
4838
4847
5137
4839
4848
5138
4849
5139
4841
4850
5140
4842
4851
5141
4843
4852
5142
4844
4853
5143
4845
4854
5144
4846
4855
5145
4847
4856
5146
4848
4857
5147
4849
4858
5148
4859
5149
4851
4860
5150
4852
4861
5151
4853
4862
5152
4854
4863
5153
4855
4864
5154
4856
4865
5155
4857
4866
5156
4858
4867
5157
4859
4868
5158
4869
5159
4861
4870
5160
4862
4871
5161
4863
4872
5162
4864
4873
5163
4865
4874
5164
4866
4875
5165
4867
4876
5166
4868
4877
5167
4869
4878
5168
4879
5169
4871
4880
5170
4872
4881
5171
4873
4882
5172
4874
4883
5173
4875
4884
5174
4876
4885
5175
4877
4886
5176
4878
4887
5177
4879
4888
5178
4889
5179
4881
4890
5180
4882
4891
5181
4883
4892
5182
4884
4893
5183
4885
4894
5184
4886
4895
5185
4887
4896
5186
4888
4897
5187
4889
4898
5188
4899
5189
4891
4900
5190
4892
4901
5191
4893
4902
5192
4894
4903
5193
4895
4904
5194
4896
4905
5195
4897
4906
5196
4898
4907
5197
4899
4908
5198
4909
5199
4901
4910
5200
4902
4911
5201
4903
4912
5202
4904
4913
5203
4905
4914
5204
4906
4915
5205
4907
4916
5206
4908
4917
5207
4909
4918
5208
4919
5209
4911
4920
5210
4912
4921
5211
4913
4922
5212
4914
4923
5213
4915
4924
5214
4916
4925
5215
4917
4926
5216
4918
4927
5217
4919
4928
5218
4929
5219
4921
4930
5220
4922
4931
5221
4923
4932
5222
4924
4933
5223
4925
4934
5224
4926
4935
5225
4927
4936
5226
4928
4937
5227
4929
4938
5228
4939
5229
4931
4940
5230
4932
4941
5231
4933
4942
5232
4934
4943
5233
4935
4944
5234
4936
4945
5235
4937
4946
5236
4938
4947
5237
4939
4948
5238
4949
5239
4941
4950
5240
4942
4951
5241
4943
4952
5242
4944
4953
5243
4945
4954
5244
4946
4955
5245
4947
4956
5246
4948
4957
5247
4949
4958
5248
4959
5249
4951
4960
5250
4952
4961
5251
4953
4962
5252
4954
4963
5253
4955
4964
5254
4956
4965
5255
4957
4966
5256
4958
4967
5257
4959
4968
5258
4969
5259
4961
4970
5260
4962
4971
5261
4963
4972
5262
4964
4973
5263
4965
4974
5264
4966
4975
5265
4967
4976
5266
4968
4977
5267
4969
4978
5268
4979
5269
4971
4980
5270
4972
4981
5271
4973
4982
5272
4974
4983
5273
4975
4984
5274
4976
4985
5275
4977
4986
5276
4978
4987
5277
4979
4988
5278
4989
5279
4981
4990
5280
4982
4991
5281
4983
4992
5282
4984
4993
5283
4985
4994
5284
4986
4995
5285
4987
4996
5286
4988
4997
5287
4989
4998
5288
4999
5289
4991
5000
5290
4992
5001
5291
4993
5002
5292
4994
5003
5293
4995
5004
5294
4996
5005
5295
4997
5006
5296
4998
5007
5297
4999
5008
5298
5009
5299
5001
5010
5300
5002
5011
5301
5003
5012
5302
5004
5013
5303
5005
5014
5304
5006
5015
5305
5007
5016
5306
5008
5017
5307
5009
5018
5308
5019
5309
5011
5020
5310
5012
5021
5311
5013
5022
5312
5014
5023
5313
5015
5024
5314
5016
5025
5315
5017
5026
5316
5018
5027
5317
5019
5028
5318
5029
5319
5021
5030
5320
5022
5031
5321
5023
5032
5322
5024
5033
5323
5025
5034
5324
5026
5035
5325
5027
5036
5326
5028
5037
5327
5029
5038
5328
5039
5329
5031
5040
5330
5032
5041
5331
5033
5042
5332
5034
5043
5333
5035
5044
5334
5036
5045
5335
5037
5046
5336
5038
5047
5337
5039
5048
5338
5049
5339
5041
5050
5340
5042
5051
5341
5043
5052
5342
5044
5053
5343
5045
5054
5344
5046
5055
5345
5047
5056
5346
5048
5057
5347
5049
5058
5348
5059
5349
5051
5060
5350
5052
5061
5351
5053
5062
5352
5054
5063
5353
5055
5064
5354
5056
5065
5355
5057
5066
5356
5058
5067
5357
5059
5068
5358
5069
5359
5061
5070
5360
5062
5071
5361
5063
5072
5362
5064
5073
5363
5065
5074
5364
5066
5075
5365
5067
5076
5366
5068
5077
5367
5069
5078
5368
5079
5369
5071
5080
5370
5072
5081
5371
5073
5082
5372
5074
5083
5373
5075
5084
5374
5076
5085
5375
5077
5086
5376
5078
5087
5377
5079
5088
5378
5089
5379
5081
5090
5380
5082
5091
5381
5083
5092
5382
5084
5093
5383
5085
5094
5384
5086
5095
5385
5087
5096
5386
5088
5097
5387
5089
5098
5388
5099
5389
5091
5390
5092
5391
5093
5392
5094
5393
5095
5394
5096
5395
5097
5396
5098
5397
5099
5398
5399
5101
5110
5400
5102
5111
5401
5103
5112
5402
5104
5113
5403
5105
5114
5404
5106
5115
5405
5107
5116
5406
5108
5117
5407
5109
5118
5408
5119
5409
5111
5120
5410
5112
5121
5411
5113
5122
5412
5114
5123
5413
5115
5124
5414
5116
5125
5415
5117
5126
5416
5118
5127
5417
5119
5128
5418
5129
5419
5121
5130
5420
5122
5131
5421
5123
5132
5422
5124
5133
5423
5125
5134
5424
5126
5135
5425
5127
5136
5426
5128
5137
5427
5129
5138
5428
5139
5429
5131
5140
5430
5132
5141
5431
5133
5142
5432
5134
5143
5433
5135
5144
5434
5136
5145
5435
5137
5146
5436
5138
5147
5437
5139
5148
5438
5149
5439
5141
5150
5440
5142
5151
5441
5143
5152
5442
5144
5153
5443
5145
5154
5444
5146
5155
5445
5147
5156
5446
5148
5157
5447
5149
5158
5448
5159
5449
5151
5160
5450
5152
5161
5451
5153
5162
5452
5154
5163
5453
5155
5164
5454
5156
5165
5455
5157
5166
5456
5158
5167
5457
5159
5168
5458
5169
5459
5161
5170
5460
5162
5171
5461
5163
5172
5462
5164
5173
5463
5165
5174
5464
5166
5175
5465
5167
5176
5466
5168
5177
5467
5169
5178
5468
5179
5469
5171
5180
5470
5172
5181
5471
5173
5182
5472
5174
5183
5473
5175
5184
5474
5176
5185
5475
5177
5186
5476
5178
5187
5477
5179
5188
5478
5189
5479
5181
5190
5480
5182
5191
5481
5183
5192
5482
5184
5193
5483
5185
5194
5484
5186
5195
5485
5187
5196
5486
5188
5197
5487
5189
5198
5488
5199
5489
5191
5200
5490
5192
5201
5491
5193
5202
5492
5194
5203
5493
5195
5204
5494
5196
5205
5495
5197
5206
5496
5198
5207
5497
5199
5208
5498
5209
5499
5201
5210
5500
5202
5211
5501
5203
5212
5502
5204
5213
5503
5205
5214
5504
5206
5215
5505
5207
5216
5506
5208
5217
5507
5209
5218
5508
5219
5509
5211
5220
5510
5212
5221
5511
5213
5222
5512
5214
5223
5513
5215
5224
5514
5216
5225
5515
5217
5226
5516
5218
5227
5517
5219
5228
5518
5229
5519
5221
5230
5520
5222
5231
5521
5223
5232
5522
5224
5233
5523
5225
5234
5524
5226
5235
5525
5227
5236
5526
5228
5237
5527
5229
5238
5528
5239
5529
5231
5240
5530
5232
5241
5531
5233
5242
5532
5234
5243
5533
5235
5244
5534
5236
5245
5535
5237
5246
5536
5238
5247
5537
5239
5248
5538
5249
5539
5241
5250
5540
5242
5251
5541
5243
5252
5542
5244
5253
5543
5245
5254
5544
5246
5255
5545
5247
5256
5546
5248
5257
5547
5249
5258
5548
5259
5549
5251
5260
5550
5252
5261
5551
5253
5262
5552
5254
5263
5553
5255
5264
5554
5256
5265
5555
5257
5266
5556
5258
5267
5557
5259
5268
5558
5269
5559
5261
5270
5560
5262
5271
5561
5263
5272
5562
5264
5273
5563
5265
5274
5564
5266
5275
5565
5267
5276
5566
5268
5277
5567
5269
5278
5568
5279
5569
5271
5280
5570
5272
5281
5571
5273
5282
5572
5274
5283
5573
5275
5284
5574
5276
5285
5575
5277
5286
5576
5278
5287
5577
5279
5288
5578
5289
5579
5281
5290
5580
5282
5291
5581
5283
5292
5582
5284
5293
5583
5285
5294
5584
5286
5295
5585
5287
5296
5586
5288
5297
5587
5289
5298
5588
5299
5589
5291
5300
5590
5292
5301
5591
5293
5302
5592
5294
5303
5593
5295
5304
5594
5296
5305
5595
5297
5306
5596
5298
5307
5597
5299
5308
5598
5309
5599
5301
5310
5600
5302
5311
5601
5303
5312
5602
5304
5313
5603
5305
5314
5604
5306
5315
5605
5307
5316
5606
5308
5317
5607
5309
5318
5608
5319
5609
5311
5320
5610
5312
5321
5611
5313
5322
5612
5314
5323
5613
5315
5324
5614
5316
5325
5615
5317
5326
5616
5318
5327
5617
5319
5328
5618
5329
5619
5321
5330
5620
5322
5331
5621
5323
5332
5622
5324
5333
5623
5325
5334
5624
5326
5335
5625
5327
5336
5626
5328
5337
5627
5329
5338
5628
5339
5629
5331
5340
5630
5332
5341
5631
5333
5342
5632
5334
5343
5633
5335
5344
5634
5336
5345
5635
5337
5346
5636
5338
5347
5637
5339
5348
5638
5349
5639
5341
5350
5640
5342
5351
5641
5343
5352
5642
5344
5353
5643
5345
5354
5644
5346
5355
5645
5347
5356
5646
5348
5357
5647
5349
5358
5648
5359
5649
5351
5360
5650
5352
5361
5651
5353
5362
5652
5354
5363
5653
5355
5364
5654
5356
5365
5655
5357
5366
5656
5358
5367
5657
5359
5368
5658
5369
5659
5361
5370
5660
5362
5371
5661
5363
5372
5662
5364
5373
5663
5365
5374
5664
5366
5375
5665
5367
5376
5666
5368
5377
5667
5369
5378
5668
5379
5669
5371
5380
5670
5372
5381
5671
5373
5382
5672
5374
5383
5673
5375
5384
5674
5376
5385
5675
5377
5386
5676
5378
5387
5677
5379
5388
5678
5389
5679
5381
5390
5680
5382
5391
5681
5383
5392
5682
5384
5393
5683
5385
5394
5684
5386
5395
5685
5387
5396
5686
5388
5397
5687
5389
5398
5688
5399
5689
5391
5690
5392
5691
5393
5692
5394
5693
5395
5694
5396
5695
5397
5696
5398
5697
5399
5698
5699
5401
5410
5700
5402
5411
5701
5403
5412
5702
5404
5413
5703
5405
5414
5704
5406
5415
5705
5407
5416
5706
5408
5417
5707
5409
5418
5708
5419
5709
5411
5420
5710
5412
5421
5711
5413
5422
5712
5414
5423
5713
5415
5424
5714
5416
5425
5715
5417
5426
5716
5418
5427
5717
5419
5428
5718
5429
5719
5421
5430
5720
5422
5431
5721
5423
5432
5722
5424
5433
5723
5425
5434
5724
5426
5435
5725
5427
5436
5726
5428
5437
5727
5429
5438
5728
5439
5729
5431
5440
5730
5432
5441
5731
5433
5442
5732
5434
5443
5733
5435
5444
5734
5436
5445
5735
5437
5446
5736
5438
5447
5737
5439
5448
5738
5449
5739
5441
5450
5740
5442
5451
5741
5443
5452
5742
5444
5453
5743
5445
5454
5744
5446
5455
5745
5447
5456
5746
5448
5457
5747
5449
5458
5748
5459
5749
5451
5460
5750
5452
5461
5751
5453
5462
5752
5454
5463
5753
5455
5464
5754
5456
5465
5755
5457
5466
5756
5458
5467
5757
5459
5468
5758
5469
5759
5461
5470
5760
5462
5471
5761
5463
5472
5762
5464
5473
5763
5465
5474
5764
5466
5475
5765
5467
5476
5766
5468
5477
5767
5469
5478
5768
5479
5769
5471
5480
5770
5472
5481
5771
5473
5482
5772
5474
5483
5773
5475
5484
5774
5476
5485
5775
5477
5486
5776
5478
5487
5777
5479
5488
5778
5489
5779
5481
5490
5780
5482
5491
5781
5483
5492
5782
5484
5493
5783
5485
5494
5784
5486
5495
5785
5487
5496
5786
5488
5497
5787
5489
5498
5788
5499
5789
5491
5500
5790
5492
5501
5791
5493
5502
5792
5494
5503
5793
5495
5504
5794
5496
5505
5795
5497
5506
5796
5498
5507
5797
5499
5508
5798
5509
5799
5501
5510
5800
5502
5511
5801
5503
5512
5802
5504
5513
5803
5505
5514
5804
5506
5515
5805
5507
5516
5806
5508
5517
5807
5509
5518
5808
5519
5809
5511
5520
5810
5512
5521
5811
5513
5522
5812
5514
5523
5813
5515
5524
5814
5516
5525
5815
5517
5526
5816
5518
5527
5817
5519
5528
5818
5529
5819
5521
5530
5820
5522
5531
5821
5523
5532
5822
5524
5533
5823
5525
5534
5824
5526
5535
5825
5527
5536
5826
5528
5537
5827
5529
5538
5828
5539
5829
5531
5540
5830
5532
5541
5831
5533
5542
5832
5534
5543
5833
5535
5544
5834
5536
5545
5835
5537
5546
5836
5538
5547
5837
5539
5548
5838
5549
5839
5541
5550
5840
5542
5551
5841
5543
5552
5842
5544
5553
5843
5545
5554
5844
5546
5555
5845
5547
5556
5846
5548
5557
5847
5549
5558
5848
5559
5849
5551
5560
5850
5552
5561
5851
5553
5562
5852
5554
5563
5853
5555
5564
5854
5556
5565
5855
5557
5566
5856
5558
5567
5857
5559
5568
5858
5569
5859
5561
5570
5860
5562
5571
5861
5563
5572
5862
5564
5573
5863
5565
5574
5864
5566
5575
5865
5567
5576
5866
5568
5577
5867
5569
5578
5868
5579
5869
5571
5580
5870
5572
5581
5871
5573
5582
5872
5574
5583
5873
5575
5584
5874
5576
5585
5875
5577
5586
5876
5578
5587
5877
5579
5588
5878
5589
5879
5581
5590
5880
5582
5591
5881
5583
5592
5882
5584
5593
5883
5585
5594
5884
5586
5595
5885
5587
5596
5886
5588
5597
5887
5589
5598
5888
5599
5889
5591
5600
5890
5592
5601
5891
5593
5602
5892
5594
5603
5893
5595
5604
5894
5596
5605
5895
5597
5606
5896
5598
5607
5897
5599
5608
5898
5609
5899
5601
5610
5900
5602
5611
5901
5603
5612
5902
5604
5613
5903
5605
5614
5904
5606
5615
5905
5607
5616
5906
5608
5617
5907
5609
5618
5908
5619
5909
5611
5620
5910
5612
5621
5911
5613
5622
5912
5614
5623
5913
5615
5624
5914
5616
5625
5915
5617
5626
5916
5618
5627
5917
5619
5628
5918
5629
5919
5621
5630
5920
5622
5631
5921
5623
5632
5922
5624
5633
5923
5625
5634
5924
5626
5635
5925
5627
5636
5926
5628
5637
5927
5629
5638
5928
5639
5929
5631
5640
5930
5632
5641
5931
5633
5642
5932
5634
5643
5933
5635
5644
5934
5636
5645
5935
5637
5646
5936
5638
5647
5937
5639
5648
5938
5649
5939
5641
5650
5940
5642
5651
5941
5643
5652
5942
5644
5653
5943
5645
5654
5944
5646
5655
5945
5647
5656
5946
5648
5657
5947
5649
5658
5948
5659
5949
5651
5660
5950
5652
5661
5951
5653
5662
5952
5654
5663
5953
5655
5664
5954
5656
5665
5955
5657
5666
5956
5658
5667
5957
5659
5668
5958
5669
5959
5661
5670
5960
5662
5671
5961
5663
5672
5962
5664
5673
5963
5665
5674
5964
5666
5675
5965
5667
5676
5966
5668
5677
5967
5669
5678
5968
5679
5969
5671
5680
5970
5672
5681
5971
5673
5682
5972
5674
5683
5973
5675
5684
5974
5676
5685
5975
5677
5686
5976
5678
5687
5977
5679
5688
5978
5689
5979
5681
5690
5980
5682
5691
5981
5683
5692
5982
5684
5693
5983
5685
5694
5984
5686
5695
5985
5687
5696
5986
5688
5697
5987
5689
5698
5988
5699
5989
5691
5990
5692
5991
5693
5992
5694
5993
5695
5994
5696
5995
5697
5996
5698
5997
5699
5998
5999
5701
5710
5702
5711
5703
5712
5704
5713
5705
5714
5706
5715
5707
5716
5708
5717
5709
5718
5719
5711
5720
5712
5721
5713
5722
5714
5723
5715
5724
5716
5725
5717
5726
5718
5727
5719
5728
5729
5721
5730
5722
5731
5723
5732
5724
5733
5725
5734
5726
5735
5727
5736
5728
5737
5729
5738
5739
5731
5740
5732
5741
5733
5742
5734
5743
5735
5744
5736
5745
5737
5746
5738
5747
5739
5748
5749
5741
5750
5742
5751
5743
5752
5744
5753
5745
5754
5746
5755
5747
5756
5748
5757
5749
5758
5759
5751
5760
5752
5761
5753
5762
5754
5763
5755
5764
5756
5765
5757
5766
5758
5767
5759
5768
5769
5761
5770
5762
5771
5763
5772
5764
5773
5765
5774
5766
5775
5767
5776
5768
5777
5769
5778
5779
5771
5780
5772
5781
5773
5782
5774
5783
5775
5784
5776
5785
5777
5786
5778
5787
5779
5788
5789
5781
5790
5782
5791
5783
5792
5784
5793
5785
5794
5786
5795
5787
5796
5788
5797
5789
5798
5799
5791
5800
5792
5801
5793
5802
5794
5803
5795
5804
5796
5805
5797
5806
5798
5807
5799
5808
5809
5801
5810
5802
5811
5803
5812
5804
5813
5805
5814
5806
5815
5807
5816
5808
5817
5809
5818
5819
5811
5820
5812
5821
5813
5822
5814
5823
5815
5824
5816
5825
5817
5826
5818
5827
5819
5828
5829
5821
5830
5822
5831
5823
5832
5824
5833
5825
5834
5826
5835
5827
5836
5828
5837
5829
5838
5839
5831
5840
5832
5841
5833
5842
5834
5843
5835
5844
5836
5845
5837
5846
5838
5847
5839
5848
5849
5841
5850
5842
5851
5843
5852
5844
5853
5845
5854
5846
5855
5847
5856
5848
5857
5849
5858
5859
5851
5860
5852
5861
5853
5862
5854
5863
5855
5864
5856
5865
5857
5866
5858
5867
5859
5868
5869
5861
5870
5862
5871
5863
5872
5864
5873
5865
5874
5866
5875
5867
5876
5868
5877
5869
5878
5879
5871
5880
5872
5881
5873
5882
5874
5883
5875
5884
5876
5885
5877
5886
5878
5887
5879
5888
5889
5881
5890
5882
5891
5883
5892
5884
5893
5885
5894
5886
5895
5887
5896
5888
5897
5889
5898
5899
5891
5900
5892
5901
5893
5902
5894
5903
5895
5904
5896
5905
5897
5906
5898
5907
5899
5908
5909
5901
5910
5902
5911
5903
5912
5904
5913
5905
5914
5906
5915
5907
5916
5908
5917
5909
5918
5919
5911
5920
5912
5921
5913
5922
5914
5923
5915
5924
5916
5925
5917
5926
5918
5927
5919
5928
5929
5921
5930
5922
5931
5923
5932
5924
5933
5925
5934
5926
5935
5927
5936
5928
5937
5929
5938
5939
5931
5940
5932
5941
5933
5942
5934
5943
5935
5944
5936
5945
5937
5946
5938
5947
5939
5948
5949
5941
5950
5942
5951
5943
5952
5944
5953
5945
5954
5946
5955
5947
5956
5948
5957
5949
5958
5959
5951
5960
5952
5961
5953
5962
5954
5963
5955
5964
5956
5965
5957
5966
5958
5967
5959
5968
5969
5961
5970
5962
5971
5963
5972
5964
5973
5965
5974
5966
5975
5967
5976
5968
5977
5969
5978
5979
5971
5980
5972
5981
5973
5982
5974
5983
5975
5984
5976
5985
5977
5986
5978
5987
5979
5988
5989
5981
5990
5982
5991
5983
5992
5984
5993
5985
5994
5986
5995
5987
5996
5988
5997
5989
5998
5999
5991
5992
5993
5994
5995
5996
5997
5998
5999
)


// ************************************************************************* //
