/*--------------------------------*- C++ -*----------------------------------*\
| =========                 |                                                 |
| \\      /  F ield         | OpenFOAM: The Open Source CFD Toolbox           |
|  \\    /   O peration     | Version:  v2106                                 |
|   \\  /    A nd           | Website:  www.openfoam.com                      |
|    \\/     M anipulation  |                                                 |
\*---------------------------------------------------------------------------*/
FoamFile
{
    version     2.0;
    format      ascii;
    arch        "LSB;label=32;scalar=64";
    class       volVectorField;
    location    "0.4";
    object      U;
}
// * * * * * * * * * * * * * * * * * * * * * * * * * * * * * * * * * * * * * //

dimensions      [0 1 -1 0 0 0 0];

internalField   nonuniform List<vector> 
400
(
(2.51623e-05 0 0)
(7.45349e-05 0 0)
(0.000121154 0 0)
(0.000163498 0 0)
(0.000200443 0 0)
(0.000231299 0 0)
(0.000255774 0 0)
(0.000273871 0 0)
(0.000285755 0 0)
(0.000291629 0 0)
(0.000291619 0 0)
(0.000285726 0 0)
(0.000273823 0 0)
(0.000255711 0 0)
(0.000231224 0 0)
(0.00020036 0 0)
(0.000163415 0 0)
(0.00012108 0 0)
(7.44809e-05 0 0)
(2.51407e-05 0 0)
(8.35716e-05 0 0)
(0.000247525 0 0)
(0.00040226 0 0)
(0.000542698 0 0)
(0.000665107 0 0)
(0.000767228 0 0)
(0.000848133 0 0)
(0.000907887 0 0)
(0.000947095 0 0)
(0.000966461 0 0)
(0.000966431 0 0)
(0.000947006 0 0)
(0.000907743 0 0)
(0.000847941 0 0)
(0.000766999 0 0)
(0.000664857 0 0)
(0.000542448 0 0)
(0.000402037 0 0)
(0.000247364 0 0)
(8.35078e-05 0 0)
(0.000168037 0 0)
(0.000497598 0 0)
(0.000808345 0 0)
(0.00108997 0 0)
(0.00133499 0 0)
(0.00153896 0 0)
(0.00170021 0 0)
(0.00181905 0 0)
(0.0018969 0 0)
(0.00193531 0 0)
(0.00193526 0 0)
(0.00189675 0 0)
(0.0018188 0 0)
(0.00169987 0 0)
(0.00153856 0 0)
(0.00133455 0 0)
(0.00108954 0 0)
(0.000807958 0 0)
(0.000497318 0 0)
(0.000167928 0 0)
(0.000302112 0 0)
(0.000894368 0 0)
(0.00145211 0 0)
(0.00195658 0 0)
(0.00239433 0 0)
(0.00275768 0 0)
(0.00304405 0 0)
(0.00325451 0 0)
(0.00339207 0 0)
(0.00345984 0 0)
(0.00345976 0 0)
(0.00339183 0 0)
(0.00325413 0 0)
(0.00304354 0 0)
(0.00275708 0 0)
(0.00239367 0 0)
(0.00195592 0 0)
(0.00145153 0 0)
(0.000893949 0 0)
(0.000301948 0 0)
(0.000519216 0 0)
(0.00153652 0 0)
(0.00249301 0 0)
(0.00335597 0 0)
(0.00410239 0 0)
(0.00471967 0 0)
(0.00520433 0 0)
(0.0055593 0 0)
(0.00579062 0 0)
(0.00590439 0 0)
(0.00590428 0 0)
(0.00579029 0 0)
(0.00555876 0 0)
(0.00520362 0 0)
(0.00471882 0 0)
(0.00410146 0 0)
(0.00335504 0 0)
(0.00249219 0 0)
(0.00153593 0 0)
(0.000518984 0 0)
(0.000867708 0 0)
(0.00256668 0 0)
(0.00416097 0 0)
(0.00559493 0 0)
(0.00683041 0 0)
(0.00784764 0 0)
(0.0086427 0 0)
(0.00922257 0 0)
(0.00959918 0 0)
(0.009784 0 0)
(0.00978385 0 0)
(0.00959873 0 0)
(0.00922184 0 0)
(0.00864174 0 0)
(0.00784649 0 0)
(0.00682915 0 0)
(0.00559368 0 0)
(0.00415986 0 0)
(0.00256588 0 0)
(0.000867394 0 0)
(0.00141693 0 0)
(0.004189 0 0)
(0.00678403 0 0)
(0.00910942 0 0)
(0.0111035 0 0)
(0.0127366 0 0)
(0.0140062 0 0)
(0.0149276 0 0)
(0.0155236 0 0)
(0.0158153 0 0)
(0.0158151 0 0)
(0.015523 0 0)
(0.0149266 0 0)
(0.014005 0 0)
(0.0127351 0 0)
(0.0111019 0 0)
(0.0091078 0 0)
(0.0067826 0 0)
(0.00418796 0 0)
(0.00141652 0 0)
(0.00226432 0 0)
(0.00668968 0 0)
(0.0108201 0 0)
(0.0145045 0 0)
(0.0176457 0 0)
(0.020202 0 0)
(0.0221766 0 0)
(0.0236011 0 0)
(0.0245181 0 0)
(0.0249657 0 0)
(0.0249654 0 0)
(0.0245174 0 0)
(0.0235999 0 0)
(0.022175 0 0)
(0.0202002 0 0)
(0.0176437 0 0)
(0.0145025 0 0)
(0.0108184 0 0)
(0.00668839 0 0)
(0.00226382 0 0)
(0.00354373 0 0)
(0.0104605 0 0)
(0.0168923 0 0)
(0.0225966 0 0)
(0.0274257 0 0)
(0.0313252 0 0)
(0.0343139 0 0)
(0.0364549 0 0)
(0.0378256 0 0)
(0.038492 0 0)
(0.0384917 0 0)
(0.0378247 0 0)
(0.0364536 0 0)
(0.0343121 0 0)
(0.031323 0 0)
(0.0274233 0 0)
(0.0225942 0 0)
(0.0168902 0 0)
(0.010459 0 0)
(0.00354313 0 0)
(0.00543533 0 0)
(0.0160262 0 0)
(0.025827 0 0)
(0.0344562 0 0)
(0.041697 0 0)
(0.0474883 0 0)
(0.0518854 0 0)
(0.0550089 0 0)
(0.056995 0 0)
(0.0579565 0 0)
(0.0579562 0 0)
(0.0569941 0 0)
(0.0550073 0 0)
(0.0518833 0 0)
(0.0474858 0 0)
(0.0416943 0 0)
(0.0344536 0 0)
(0.0258246 0 0)
(0.0160245 0 0)
(0.00543464 0 0)
(0.00817852 0 0)
(0.0240783 0 0)
(0.0386982 0 0)
(0.0514494 0 0)
(0.0620291 0 0)
(0.0703908 0 0)
(0.076667 0 0)
(0.0810802 0 0)
(0.0838639 0 0)
(0.0852047 0 0)
(0.0852043 0 0)
(0.0838629 0 0)
(0.0810785 0 0)
(0.0766648 0 0)
(0.0703882 0 0)
(0.0620263 0 0)
(0.0514466 0 0)
(0.0386957 0 0)
(0.0240764 0 0)
(0.00817778 0 0)
(0.0120916 0 0)
(0.0355242 0 0)
(0.0568834 0 0)
(0.0752804 0 0)
(0.0903243 0 0)
(0.102038 0 0)
(0.110706 0 0)
(0.116727 0 0)
(0.120488 0 0)
(0.122289 0 0)
(0.122289 0 0)
(0.120487 0 0)
(0.116725 0 0)
(0.110704 0 0)
(0.102035 0 0)
(0.0903215 0 0)
(0.0752776 0 0)
(0.056881 0 0)
(0.0355224 0 0)
(0.0120909 0 0)
(0.0176078 0 0)
(0.0515719 0 0)
(0.0821516 0 0)
(0.108045 0 0)
(0.128819 0 0)
(0.144691 0 0)
(0.156233 0 0)
(0.164131 0 0)
(0.16901 0 0)
(0.171329 0 0)
(0.171328 0 0)
(0.169009 0 0)
(0.16413 0 0)
(0.156231 0 0)
(0.144688 0 0)
(0.128817 0 0)
(0.108042 0 0)
(0.0821494 0 0)
(0.0515703 0 0)
(0.0176071 0 0)
(0.0253504 0 0)
(0.0738967 0 0)
(0.11682 0 0)
(0.152311 0 0)
(0.180075 0 0)
(0.200778 0 0)
(0.215513 0 0)
(0.225416 0 0)
(0.231452 0 0)
(0.234296 0 0)
(0.234296 0 0)
(0.231451 0 0)
(0.225415 0 0)
(0.215511 0 0)
(0.200776 0 0)
(0.180073 0 0)
(0.152309 0 0)
(0.116818 0 0)
(0.0738954 0 0)
(0.0253498 0 0)
(0.0363097 0 0)
(0.104995 0 0)
(0.164055 0 0)
(0.211258 0 0)
(0.246947 0 0)
(0.272748 0 0)
(0.29063 0 0)
(0.302395 0 0)
(0.309453 0 0)
(0.312747 0 0)
(0.312747 0 0)
(0.309453 0 0)
(0.302394 0 0)
(0.290629 0 0)
(0.272746 0 0)
(0.246946 0 0)
(0.211257 0 0)
(0.164054 0 0)
(0.104995 0 0)
(0.0363093 0 0)
(0.0522972 0 0)
(0.148967 0 0)
(0.228436 0 0)
(0.288881 0 0)
(0.332524 0 0)
(0.362849 0 0)
(0.383201 0 0)
(0.396261 0 0)
(0.403957 0 0)
(0.40751 0 0)
(0.40751 0 0)
(0.403956 0 0)
(0.39626 0 0)
(0.3832 0 0)
(0.362849 0 0)
(0.332523 0 0)
(0.288881 0 0)
(0.228436 0 0)
(0.148967 0 0)
(0.052297 0 0)
(0.0772654 0 0)
(0.213273 0 0)
(0.316946 0 0)
(0.390219 0 0)
(0.439921 0 0)
(0.472778 0 0)
(0.494 0 0)
(0.507239 0 0)
(0.514889 0 0)
(0.51838 0 0)
(0.51838 0 0)
(0.514888 0 0)
(0.507239 0 0)
(0.494 0 0)
(0.472778 0 0)
(0.439921 0 0)
(0.390219 0 0)
(0.316947 0 0)
(0.213273 0 0)
(0.0772654 0 0)
(0.121695 0 0)
(0.312693 0 0)
(0.440391 0 0)
(0.521261 0 0)
(0.571713 0 0)
(0.603089 0 0)
(0.62249 0 0)
(0.634233 0 0)
(0.640885 0 0)
(0.643886 0 0)
(0.643886 0 0)
(0.640885 0 0)
(0.634233 0 0)
(0.622491 0 0)
(0.603089 0 0)
(0.571714 0 0)
(0.521262 0 0)
(0.440391 0 0)
(0.312693 0 0)
(0.121695 0 0)
(0.219257 0 0)
(0.477608 0 0)
(0.614238 0 0)
(0.687564 0 0)
(0.72854 0 0)
(0.752274 0 0)
(0.7663 0 0)
(0.774546 0 0)
(0.779134 0 0)
(0.781185 0 0)
(0.781185 0 0)
(0.779135 0 0)
(0.774547 0 0)
(0.7663 0 0)
(0.752275 0 0)
(0.72854 0 0)
(0.687565 0 0)
(0.614239 0 0)
(0.477609 0 0)
(0.219258 0 0)
(0.497458 0 0)
(0.765653 0 0)
(0.853684 0 0)
(0.889321 0 0)
(0.906428 0 0)
(0.915595 0 0)
(0.920799 0 0)
(0.923793 0 0)
(0.925439 0 0)
(0.92617 0 0)
(0.92617 0 0)
(0.925439 0 0)
(0.923793 0 0)
(0.920799 0 0)
(0.915595 0 0)
(0.906428 0 0)
(0.889322 0 0)
(0.853685 0 0)
(0.765653 0 0)
(0.497458 0 0)
)
;

boundaryField
{
    movingWall
    {
        type            fixedValue;
        value           uniform (1 0 0);
    }
    fixedWalls
    {
        type            noSlip;
    }
    frontAndBack
    {
        type            empty;
    }
}


// ************************************************************************* //
