-0.020819914 -0.039626449 0.047502189 -0.022095869 0.014573421 
-0.020819914 -0.039626454 0.047790791 -0.015124338 0.015433347 
-0.020819915 -0.039626468 0.04892981 -0.0037013027 0.017602965 
-0.020819915 -0.03962648 0.049806261 0.0079327261 0.01469578 
-0.020819916 -0.039626487 0.050148673 0.015968815 0.0083280951 
-0.020819916 -0.039626497 0.050608752 0.027534025 -0.0059868015 
-0.020819916 -0.039626508 0.05112114 0.041436901 -0.024180841 
-0.020819916 -0.039626513 0.051158674 0.049730655 -0.036841646 
-0.020819916 -0.039626512 0.050685774 0.05081019 -0.041278567 
-0.020819916 -0.039626509 0.050269979 0.049449815 -0.041145534 
-0.020819914 -0.039626454 0.047790791 -0.015124341 0.015433347 
-0.020819915 -0.039626461 0.048329272 -0.0080637708 0.018355074 
-0.020819915 -0.039626475 0.049334136 0.0042672371 0.01683567 
-0.020819916 -0.039626486 0.050064483 0.014926721 0.011236397 
-0.020819916 -0.039626493 0.050444719 0.023587549 0.0012383512 
-0.020819916 -0.039626503 0.05092468 0.035536467 -0.015088394 
-0.020819916 -0.039626512 0.051510478 0.046550278 -0.02994325 
-0.020819916 -0.039626515 0.051550783 0.051234912 -0.037760073 
-0.020819916 -0.039626512 0.050903942 0.050311747 -0.039361915 
-0.020819916 -0.039626509 0.050486821 0.048231611 -0.036910561 
-0.020819915 -0.039626468 0.04892981 -0.0037013073 0.017602984 
-0.020819915 -0.039626475 0.049334136 0.004267236 0.016835681 
-0.020819916 -0.039626487 0.050194452 0.01696286 0.0099565391 
-0.020819916 -0.039626496 0.050682144 0.026225154 0.001056016 
-0.020819916 -0.039626501 0.050849974 0.0337073 -0.01048415 
-0.020819916 -0.039626509 0.051377429 0.04237185 -0.022850669 
-0.020819917 -0.039626516 0.052091593 0.049748483 -0.031923851 
-0.020819917 -0.039626518 0.05207721 0.052474364 -0.036376838 
-0.020819916 -0.039626514 0.051288766 0.049874899 -0.035625992 
-0.020819916 -0.039626511 0.050768852 0.047233353 -0.032621099 
-0.020819915 -0.03962648 0.049806261 0.0079327188 0.014695808 
-0.020819916 -0.039626486 0.050064483 0.014926714 0.011236419 
-0.020819916 -0.039626496 0.050682144 0.02622515 0.0010560255 
-0.020819916 -0.039626502 0.050866066 0.034031684 -0.0098594127 
-0.020819916 -0.039626505 0.050779409 0.038321 -0.018981142 
-0.020819916 -0.03962651 0.051275866 0.042772815 -0.02543306 
-0.020819917 -0.039626516 0.052013116 0.048106453 -0.030619438 
-0.020819917 -0.039626517 0.051920336 0.049108437 -0.032482465 
-0.020819916 -0.039626514 0.051135369 0.046946832 -0.032081731 
-0.020819916 -0.039626513 0.050576172 0.047048343 -0.032609567 
-0.020819916 -0.039626487 0.050148673 0.015968801 0.008328134 
-0.020819916 -0.039626493 0.050444719 0.023587534 0.0012383749 
-0.020819916 -0.039626501 0.050849974 0.033707288 -0.010484128 
-0.020819916 -0.039626505 0.050779409 0.038320992 -0.018981128 
-0.020819916 -0.039626504 0.050502609 0.037738519 -0.022085118 
-0.020819916 -0.039626506 0.050739104 0.038737154 -0.024076455 
-0.020819916 -0.03962651 0.051281094 0.041618479 -0.026111258 
-0.020819916 -0.039626512 0.051248685 0.042962608 -0.027839253 
-0.020819916 -0.039626511 0.050530506 0.044015507 -0.031061187 
-0.020819916 -0.039626512 0.049975046 0.046708307 -0.034646656 
-0.020819916 -0.039626497 0.050608752 0.027534006 -0.0059867644 
-0.020819916 -0.039626503 0.05092468 0.035536446 -0.015088366 
-0.020819916 -0.039626509 0.051377429 0.04237183 -0.022850646 
-0.020819916 -0.03962651 0.051275866 0.042772803 -0.025433055 
-0.020819916 -0.039626506 0.050739104 0.038737145 -0.024076451 
-0.020819916 -0.039626505 0.050620055 0.036351676 -0.022330597 
-0.020819916 -0.039626507 0.050942015 0.037401963 -0.022305732 
-0.020819916 -0.03962651 0.050844361 0.040156143 -0.025452658 
-0.020819916 -0.03962651 0.050103495 0.042839273 -0.030240907 
-0.020819916 -0.03962651 0.049547308 0.045475415 -0.033257608 
-0.020819916 -0.039626508 0.051121139 0.041436877 -0.024180807 
-0.020819916 -0.039626512 0.051510478 0.046550252 -0.029943224 
-0.020819917 -0.039626516 0.052091593 0.049748461 -0.031923838 
-0.020819917 -0.039626516 0.052013116 0.048106438 -0.030619436 
-0.020819916 -0.03962651 0.051281094 0.041618469 -0.026111248 
-0.020819916 -0.039626507 0.050942015 0.037401958 -0.022305729 
-0.020819916 -0.039626509 0.051077712 0.038467434 -0.022087109 
-0.020819916 -0.039626509 0.050767861 0.03976913 -0.023095514 
-0.020819916 -0.039626507 0.049854985 0.041263736 -0.025767818 
-0.020819916 -0.039626506 0.049316415 0.044649381 -0.028571221 
-0.020819916 -0.039626513 0.051158674 0.049730632 -0.036841621 
-0.020819916 -0.039626515 0.051550783 0.051234885 -0.037760052 
-0.020819917 -0.039626518 0.05207721 0.05247434 -0.036376821 
-0.020819917 -0.039626517 0.051920336 0.049108419 -0.032482459 
-0.020819916 -0.039626512 0.051248685 0.042962594 -0.027839249 
-0.020819916 -0.03962651 0.050844361 0.040156134 -0.025452654 
-0.020819916 -0.039626509 0.050767861 0.039769128 -0.02309552 
-0.020819916 -0.039626506 0.050229044 0.039188651 -0.020804714 
-0.020819916 -0.039626501 0.049145043 0.040251794 -0.021626419 
-0.020819915 -0.039626499 0.048513968 0.043784429 -0.024026256 
-0.020819916 -0.039626512 0.050685774 0.050810162 -0.041278551 
-0.020819916 -0.039626512 0.050903942 0.050311722 -0.039361894 
-0.020819916 -0.039626514 0.051288765 0.049874876 -0.035625972 
-0.020819916 -0.039626514 0.051135369 0.046946818 -0.032081716 
-0.020819916 -0.039626511 0.050530506 0.044015493 -0.031061179 
-0.020819916 -0.03962651 0.050103495 0.042839266 -0.0302409 
-0.020819916 -0.039626507 0.049854985 0.041263734 -0.025767814 
-0.020819916 -0.039626501 0.049145043 0.040251795 -0.021626419 
-0.020819915 -0.039626494 0.048062893 0.040800435 -0.020112333 
-0.020819915 -0.039626491 0.047410061 0.04349106 -0.021230373 
-0.020819916 -0.039626509 0.050269978 0.049449796 -0.041145523 
-0.020819916 -0.039626509 0.05048682 0.048231588 -0.036910543 
-0.020819916 -0.039626511 0.050768851 0.047233332 -0.032621084 
-0.020819916 -0.039626513 0.050576172 0.047048328 -0.032609546 
-0.020819916 -0.039626512 0.049975046 0.046708296 -0.034646635 
-0.020819916 -0.03962651 0.049547308 0.045475409 -0.033257585 
-0.020819916 -0.039626506 0.049316415 0.044649382 -0.028571197 
-0.020819915 -0.039626499 0.048513968 0.04378443 -0.024026239 
-0.020819915 -0.039626491 0.047410061 0.04349106 -0.021230372 
-0.020819915 -0.03962649 0.046996553 0.046560248 -0.022559796 
