/*--------------------------------*- C++ -*----------------------------------*\
| =========                 |                                                 |
| \\      /  F ield         | OpenFOAM: The Open Source CFD Toolbox           |
|  \\    /   O peration     | Version:  v2106                                 |
|   \\  /    A nd           | Website:  www.openfoam.com                      |
|    \\/     M anipulation  |                                                 |
\*---------------------------------------------------------------------------*/
FoamFile
{
    version     2.0;
    format      ascii;
    arch        "LSB;label=32;scalar=64";
    class       volScalarField;
    location    "0";
    object      gradz_Tmode4;
}
// * * * * * * * * * * * * * * * * * * * * * * * * * * * * * * * * * * * * * //

dimensions      [0 -1 0 1 0 0 0];

internalField   nonuniform List<scalar> 
6000
(
2.9205223
2.9204827
2.9204717
2.92043
2.920448
2.920434
2.920435
2.920429
2.920412
2.9203813
2.9096823
2.909678
2.909663
2.909637
2.9096283
2.9096203
2.909652
2.909664
2.909645
2.9096163
2.8878453
2.8878347
2.8878247
2.8878057
2.887799
2.8878197
2.8878237
2.8878253
2.8878363
2.88782
2.8544353
2.8544297
2.854426
2.8544287
2.8544567
2.854462
2.8544497
2.8544547
2.854437
2.854426
2.8086963
2.8086577
2.808652
2.808706
2.808728
2.8087393
2.8087247
2.8087177
2.8087017
2.808698
2.7494847
2.749457
2.7494773
2.7494957
2.7495037
2.749521
2.74951
2.7495283
2.7495263
2.7495153
2.675395
2.6753987
2.675406
2.675408
2.6754153
2.6754123
2.6754217
2.6754417
2.6754547
2.6754393
2.5846657
2.584679
2.5846893
2.5846953
2.5846847
2.5846813
2.5847063
2.5847237
2.584731
2.5847087
2.4751067
2.4751023
2.4751177
2.4751157
2.4751307
2.47513
2.475151
2.475172
2.4751653
2.475158
2.3440497
2.3440657
2.3440573
2.3440703
2.3440917
2.3440967
2.3440983
2.3441143
2.3441243
2.344145
2.188398
2.1883967
2.188396
2.1884257
2.188431
2.1884333
2.1884133
2.1884207
2.188447
2.1884783
2.004328
2.0043017
2.004321
2.004338
2.0043443
2.004347
2.0043347
2.0043303
2.0043463
2.004374
1.7873528
1.7873347
1.7873259
1.7873383
1.7873447
1.7873594
1.7873632
1.7873524
1.7873459
1.7873543
1.5321425
1.5321145
1.5321011
1.5321086
1.5321107
1.53212
1.5321306
1.5321301
1.5321127
1.5321076
1.2322558
1.232256
1.2322558
1.2322626
1.2322724
1.2322645
1.232272
1.2322801
1.2322722
1.2322662
0.88017536
0.88020165
0.88019196
0.8802116
0.88023343
0.88023283
0.88022475
0.88021709
0.88020876
0.88021557
0.46684133
0.46683623
0.46682993
0.46684903
0.46688727
0.46689957
0.46687347
0.46684937
0.46683867
0.46685373
-0.018817333
-0.018833933
-0.018811633
-0.018804133
-0.018768033
-0.0187715
-0.018799567
-0.018812533
-0.018818367
-0.0188232
-0.5902026
-0.59021033
-0.59017183
-0.59017613
-0.59017047
-0.5901848
-0.59020667
-0.5901919
-0.59019993
-0.5902104
-1.2639187
-1.2639197
-1.263911
-1.2639203
-1.2639327
-1.2639283
-1.2639447
-1.2639377
-1.263936
-1.2639257
-2.0609457
-2.060941
-2.0609797
-2.0609803
-2.0609833
-2.060964
-2.0609743
-2.0609853
-2.0609757
-2.0609543
-3.0083547
-3.0083533
-3.0084027
-3.0083933
-3.00838
-3.0083707
-3.008381
-3.008389
-3.0083867
-3.0083547
-4.1422637
-4.1422703
-4.1422833
-4.1422773
-4.1422497
-4.1422463
-4.1422557
-4.1422673
-4.1422643
-4.142228
-5.5128843
-5.5129003
-5.512892
-5.5128863
-5.5128593
-5.5128413
-5.5128533
-5.512861
-5.5128443
-5.512827
-7.1939953
-7.1940153
-7.194008
-7.193997
-7.1939777
-7.193966
-7.1939703
-7.1939623
-7.1939647
-7.1939573
-9.3021377
-9.3021507
-9.302157
-9.3021437
-9.302132
-9.3021147
-9.3021
-9.3021037
-9.302129
-9.3021413
-12.040058
-12.040056
-12.040068
-12.040068
-12.040056
-12.040024
-12.040021
-12.040035
-12.040053
-12.040072
-15.809673
-15.809658
-15.809669
-15.809672
-15.809651
-15.809647
-15.80966
-15.80966
-15.809657
-15.809669
-21.552981
-21.552977
-21.552976
-21.552967
-21.552959
-21.552977
-21.552987
-21.552982
-21.552962
-21.55292
-31.944848
-31.944855
-31.944843
-31.944846
-31.944835
-31.944843
-31.944855
-31.944856
-31.944793
-31.944767
2.7114655
2.71141
2.7113975
2.711417
2.7114285
2.711455
2.711474
2.7114775
2.711478
2.7114815
2.6997325
2.699704
2.6997115
2.69974
2.6997715
2.699794
2.699785
2.69978
2.699775
2.6997785
2.6760925
2.6760825
2.6761025
2.676139
2.6761595
2.6761635
2.6761625
2.676157
2.676153
2.676156
2.6400115
2.640013
2.6400375
2.6400605
2.6400735
2.640081
2.640086
2.640083
2.6400915
2.64009
2.590682
2.5907045
2.590722
2.59073
2.5907435
2.59075
2.590764
2.5907645
2.590765
2.590757
2.5270405
2.527057
2.5270645
2.527081
2.5270975
2.5271075
2.5271195
2.5271055
2.527098
2.5270915
2.4476825
2.447677
2.4476885
2.4477075
2.447726
2.4477395
2.44774
2.447728
2.447718
2.447715
2.350845
2.35084
2.3508415
2.3508575
2.3508735
2.350884
2.3508865
2.350884
2.35088
2.3508785
2.234415
2.2344025
2.2344035
2.2344155
2.2344195
2.234436
2.2344505
2.234451
2.2344515
2.2344405
2.095815
2.095794
2.0958075
2.0958165
2.0958225
2.0958425
2.0958665
2.095867
2.0958575
2.0958345
1.931959
1.931958
1.9319715
1.9319815
1.931997
1.932018
1.932045
1.9320445
1.9320255
1.9320045
1.7392221
1.7392307
1.7392488
1.7392662
1.7392843
1.739304
1.7393235
1.7393241
1.7393138
1.7392997
1.5132589
1.5132676
1.5132978
1.5133195
1.5133425
1.5133588
1.5133726
1.5133785
1.5133833
1.5133766
1.2489398
1.248953
1.2489812
1.2490099
1.2490363
1.2490595
1.2490779
1.2490843
1.2490943
1.2490916
0.9402358
0.94022745
0.9402523
0.94028165
0.9403057
0.94034225
0.9403682
0.94037275
0.94037655
0.94037165
0.57990767
0.57988975
0.57991838
0.5799396
0.57995904
0.57999334
0.58002577
0.58003692
0.58003965
0.5800311
0.15937185
0.1593718
0.15939695
0.1594147
0.1594243
0.15944875
0.15948745
0.15950685
0.15951575
0.1595108
-0.33160225
-0.33159675
-0.33158925
-0.3315727
-0.3315696
-0.33154275
-0.3315022
-0.33148415
-0.33147055
-0.33146735
-0.90543495
-0.90543695
-0.90544845
-0.9054373
-0.90542895
-0.9053994
-0.90535955
-0.90534875
-0.90533805
-0.9053376
-1.5773055
-1.5773175
-1.5773255
-1.5773195
-1.5773055
-1.5772825
-1.577244
-1.5772315
-1.577228
-1.577242
-2.365977
-2.365992
-2.3659775
-2.365976
-2.3659635
-2.365945
-2.365912
-2.365893
-2.3658925
-2.365916
-3.295073
-3.2950805
-3.2950545
-3.29505
-3.295041
-3.295022
-3.294993
-3.2949705
-3.2949715
-3.2949985
-4.394992
-4.394991
-4.3949735
-4.3949585
-4.3949545
-4.3949375
-4.3949055
-4.394882
-4.3948815
-4.3949075
-5.7058155
-5.705808
-5.7057925
-5.7057715
-5.7057665
-5.7057515
-5.7057165
-5.7056965
-5.705701
-5.705719
-7.281579
-7.281563
-7.281544
-7.2815255
-7.281511
-7.28149
-7.281461
-7.281451
-7.281453
-7.281467
-9.1961875
-9.19617
-9.196146
-9.1961265
-9.196109
-9.196095
-9.1960805
-9.1960775
-9.1960725
-9.19608
-11.548927
-11.548914
-11.548884
-11.548861
-11.548852
-11.548854
-11.548852
-11.548854
-11.548852
-11.548853
-14.455357
-14.455345
-14.455322
-14.455312
-14.455316
-14.45532
-14.455322
-14.45533
-14.455338
-14.45534
-17.95327
-17.95326
-17.953251
-17.953259
-17.953267
-17.953264
-17.953268
-17.953279
-17.953292
-17.953312
-21.494049
-21.494045
-21.494051
-21.494058
-21.494068
-21.49407
-21.494065
-21.494067
-21.4941
-21.49411
2.544746
2.544765
2.544798
2.544822
2.544828
2.5448265
2.5448215
2.5448155
2.5448025
2.544797
2.532578
2.5326035
2.532636
2.5326525
2.53265
2.5326495
2.5326335
2.5326175
2.532608
2.532609
2.50799
2.508015
2.5080355
2.5080415
2.508033
2.5080245
2.5080125
2.508002
2.50799
2.507985
2.470455
2.470477
2.4704865
2.4704885
2.470479
2.4704745
2.470466
2.4704505
2.470436
2.470429
2.419213
2.419228
2.4192385
2.4192355
2.4192305
2.4192285
2.419217
2.419199
2.4191865
2.419179
2.353233
2.3532525
2.3532565
2.3532525
2.3532515
2.353247
2.353238
2.3532195
2.3532035
2.3531955
2.2711845
2.2711975
2.271202
2.2711995
2.271193
2.2711935
2.271186
2.271169
2.2711515
2.2711425
2.1713995
2.1714055
2.171405
2.171401
2.171396
2.171402
2.1713955
2.171383
2.1713655
2.1713555
2.0518335
2.051845
2.051843
2.051837
2.051833
2.0518415
2.051839
2.0518255
2.051809
2.051801
1.9100525
1.9100585
1.910065
1.9100635
1.910061
1.9100705
1.910067
1.9100535
1.9100405
1.9100325
1.7431445
1.7431505
1.7431615
1.7431631
1.7431637
1.7431687
1.7431652
1.7431559
1.7431438
1.743136
1.5476444
1.5476629
1.5476765
1.547679
1.5476779
1.5476832
1.5476855
1.5476794
1.5476713
1.5476645
1.3195069
1.3195248
1.3195413
1.3195408
1.3195412
1.319556
1.3195626
1.3195601
1.3195571
1.3195522
1.0539509
1.0539647
1.0539759
1.0539753
1.0539859
1.0540093
1.0540175
1.0540183
1.0540173
1.054014
0.7453545
0.745362
0.74537165
0.74537825
0.74539545
0.74542105
0.7454334
0.7454364
0.74543495
0.7454311
0.38712023
0.38712136
0.38713697
0.38714822
0.3871638
0.38719051
0.38720738
0.38721323
0.38721288
0.3872063
-0.02852135
-0.02851465
-0.02849895
-0.0284887
-0.0284751
-0.02844815
-0.0284288
-0.0284194
-0.028418
-0.02842405
-0.51073565
-0.51072715
-0.51071695
-0.51070765
-0.51069615
-0.51066875
-0.51064655
-0.51063505
-0.5106321
-0.5106334
-1.0704059
-1.0704024
-1.0703955
-1.0703895
-1.0703794
-1.0703486
-1.070323
-1.0703123
-1.0703084
-1.0703109
-1.7204936
-1.7204922
-1.7204876
-1.7204861
-1.7204722
-1.7204385
-1.720413
-1.7204033
-1.7204011
-1.7204074
-2.4764925
-2.476496
-2.476488
-2.476485
-2.4764655
-2.476436
-2.476416
-2.476406
-2.4764055
-2.4764115
-3.357023
-3.3570265
-3.3570105
-3.357001
-3.356984
-3.356961
-3.356945
-3.356935
-3.356932
-3.356941
-4.384442
-4.384433
-4.3844145
-4.384402
-4.3843925
-4.3843725
-4.384357
-4.3843475
-4.384345
-4.3843565
-5.5852825
-5.5852645
-5.585248
-5.5852375
-5.5852305
-5.585212
-5.585199
-5.5851935
-5.5851965
-5.585205
-6.9898235
-6.9898105
-6.9897945
-6.989787
-6.9897785
-6.989763
-6.989757
-6.9897565
-6.9897585
-6.9897645
-8.6286055
-8.628595
-8.6285745
-8.6285695
-8.6285635
-8.6285565
-8.628558
-8.6285565
-8.6285505
-8.6285525
-10.519847
-10.51983
-10.519811
-10.519809
-10.519811
-10.519813
-10.519812
-10.5198
-10.519793
-10.519802
-12.631977
-12.631963
-12.631953
-12.631956
-12.631964
-12.631962
-12.63195
-12.631936
-12.63194
-12.631946
-14.784204
-14.784197
-14.784193
-14.7842
-14.784204
-14.784193
-14.784179
-14.784174
-14.784178
-14.784207
-16.427862
-16.42786
-16.427863
-16.427866
-16.427869
-16.427857
-16.427847
-16.427842
-16.427867
-16.427895
2.390338
2.3903905
2.3904045
2.390395
2.3903825
2.390365
2.3903445
2.39033
2.390321
2.3903205
2.3779485
2.377967
2.3779805
2.377966
2.377936
2.377914
2.377903
2.377889
2.37788
2.3778815
2.3528495
2.352874
2.352867
2.3528385
2.352813
2.352799
2.3527845
2.352769
2.352755
2.3527555
2.314591
2.3146085
2.31459
2.314563
2.31455
2.314537
2.314514
2.3144925
2.3144795
2.3144845
2.262463
2.2624685
2.262457
2.262438
2.262422
2.2624025
2.2623765
2.262354
2.262347
2.2623505
2.1954945
2.195499
2.1954895
2.195469
2.1954515
2.1954305
2.1954065
2.195387
2.1953775
2.195377
2.1124345
2.1124465
2.112433
2.112411
2.112393
2.112374
2.112352
2.11233
2.112317
2.1123175
2.0117345
2.0117435
2.011731
2.011708
2.011691
2.011676
2.011653
2.0116285
2.011617
2.011623
1.891502
1.891514
1.891499
1.8914765
1.8914605
1.8914445
1.8914185
1.8913955
1.891389
1.891397
1.7494651
1.7494814
1.7494689
1.7494471
1.7494285
1.7494089
1.7493838
1.7493648
1.7493611
1.7493694
1.5829381
1.5829517
1.5829456
1.5829212
1.5828994
1.5828801
1.5828594
1.5828445
1.5828437
1.5828518
1.3887543
1.3887742
1.3887645
1.3887361
1.3887159
1.3887
1.3886845
1.3886754
1.388677
1.388684
1.1632221
1.1632437
1.1632293
1.1632017
1.1631855
1.1631748
1.1631644
1.1631598
1.1631617
1.1631664
0.9020325
0.9020467
0.90203475
0.9020112
0.9019993
0.9019939
0.9019876
0.90198375
0.9019835
0.9019871
0.60016325
0.6001789
0.6001687
0.60015005
0.6001445
0.60014345
0.60013875
0.60013315
0.6001308
0.6001358
0.25181071
0.25182682
0.25181814
0.25180661
0.25180595
0.25180739
0.25180167
0.25179479
0.25179389
0.25179963
-0.14975515
-0.1497458
-0.14974875
-0.14975445
-0.14975275
-0.14975115
-0.1497568
-0.1497619
-0.1497614
-0.14975535
-0.6123303
-0.612322
-0.61232125
-0.6123255
-0.6123206
-0.6123165
-0.61231945
-0.6123221
-0.6123218
-0.6123135
-1.144886
-1.1448756
-1.1448742
-1.1448764
-1.1448666
-1.1448573
-1.1448577
-1.1448602
-1.1448585
-1.144851
-1.7576947
-1.7576856
-1.7576821
-1.7576798
-1.7576653
-1.7576554
-1.757655
-1.7576571
-1.7576564
-1.7576497
-2.4624191
-2.4624073
-2.462401
-2.4623958
-2.4623825
-2.4623758
-2.4623755
-2.4623775
-2.4623793
-2.4623728
-3.272032
-3.2720155
-3.2720095
-3.272006
-3.2719985
-3.271992
-3.2719925
-3.271998
-3.2719995
-3.2719955
-4.200389
-4.2003745
-4.2003695
-4.2003685
-4.2003645
-4.20036
-4.200365
-4.200373
-4.2003765
-4.200372
-5.2609735
-5.260962
-5.2609565
-5.2609575
-5.2609545
-5.260956
-5.260968
-5.2609775
-5.2609785
-5.2609725
-6.463816
-6.463803
-6.4637965
-6.4637995
-6.463802
-6.463811
-6.4638255
-6.4638325
-6.4638275
-6.46382
-7.8085775
-7.808561
-7.8085585
-7.8085665
-7.808576
-7.8085895
-7.808599
-7.808596
-7.808588
-7.808583
-9.269871
-9.269859
-9.269863
-9.269876
-9.269887
-9.2698945
-9.269894
-9.269886
-9.2698825
-9.269888
-10.768507
-10.768506
-10.76851
-10.768522
-10.768528
-10.768526
-10.768519
-10.768515
-10.768521
-10.768528
-12.12371
-12.123708
-12.123711
-12.123716
-12.123715
-12.123709
-12.123704
-12.123706
-12.123719
-12.123733
-13.005339
-13.005331
-13.005334
-13.005337
-13.005333
-13.005325
-13.00533
-13.005336
-13.005352
-13.005357
2.248378
2.248383
2.248369
2.2483475
2.2483265
2.2483105
2.2483035
2.248302
2.2483025
2.2483005
2.23592
2.235923
2.2358975
2.2358685
2.2358505
2.235839
2.235836
2.2358355
2.235835
2.235835
2.2107745
2.210765
2.210739
2.2107125
2.2107045
2.210696
2.2106835
2.210677
2.2106775
2.210682
2.1725055
2.172491
2.172469
2.172451
2.172442
2.1724225
2.1724025
2.1724
2.1724075
2.172412
2.120468
2.12046
2.12044
2.120421
2.1204015
2.120376
2.12036
2.120361
2.1203655
2.1203665
2.0537735
2.053765
2.053745
2.0537225
2.053701
2.0536795
2.053664
2.0536585
2.05366
2.053661
1.9712755
1.9712685
1.9712455
1.971224
1.9712085
1.971185
1.9711625
1.9711535
1.9711575
1.971162
1.871563
1.8715602
1.8715407
1.8715202
1.8715025
1.871473
1.871446
1.8714391
1.8714472
1.8714543
1.7529305
1.7529288
1.7529113
1.7528884
1.7528647
1.7528315
1.7528045
1.7528014
1.7528121
1.7528188
1.6133242
1.6133286
1.613306
1.6132776
1.613251
1.6132169
1.6131942
1.6131944
1.6132055
1.6132106
1.4503376
1.4503424
1.4503155
1.4502837
1.4502565
1.4502257
1.4502084
1.4502112
1.4502224
1.4502244
1.2611686
1.2611684
1.26114
1.261107
1.2610798
1.2610538
1.2610409
1.2610455
1.2610545
1.2610528
1.0425556
1.0425574
1.0425263
1.0424931
1.0424695
1.0424473
1.0424366
1.0424402
1.0424455
1.0424408
0.7907468
0.79075005
0.7907187
0.79069005
0.790671
0.7906501
0.79063875
0.7906386
0.7906412
0.7906372
0.50143705
0.5014381
0.50141295
0.5013921
0.50137515
0.5013534
0.50133855
0.50133575
0.5013388
0.50133815
0.16971149
0.16971542
0.16969846
0.16968174
0.16966611
0.16964299
0.16962601
0.16962326
0.16962849
0.16962908
-0.20999605
-0.209989
-0.2100009
-0.21001545
-0.2100273
-0.21004935
-0.21006545
-0.2100674
-0.21006245
-0.2100626
-0.643946
-0.64394115
-0.64395035
-0.6439583
-0.6439639
-0.64398175
-0.64399655
-0.64399845
-0.64399535
-0.6439955
-1.1390833
-1.1390768
-1.1390828
-1.1390818
-1.1390818
-1.1390968
-1.13911
-1.1391122
-1.1391091
-1.1391111
-1.7029362
-1.702923
-1.7029247
-1.7029199
-1.7029185
-1.7029331
-1.7029443
-1.7029464
-1.7029458
-1.7029493
-2.3433987
-2.343383
-2.3433834
-2.3433811
-2.3433823
-2.3433953
-2.3434055
-2.34341
-2.3434131
-2.3434168
-3.0682444
-3.0682335
-3.0682356
-3.0682375
-3.068241
-3.0682515
-3.0682644
-3.0682736
-3.068278
-3.0682822
-3.8840932
-3.884086
-3.8840899
-3.8840955
-3.8840997
-3.884113
-3.8841305
-3.8841413
-3.8841459
-3.8841493
-4.7944133
-4.7944049
-4.794411
-4.7944192
-4.7944257
-4.7944455
-4.7944662
-4.7944749
-4.7944762
-4.7944766
-5.7958865
-5.7958781
-5.7958877
-5.795899
-5.7959112
-5.7959333
-5.7959507
-5.7959556
-5.7959516
-5.7959547
-6.8720118
-6.8720094
-6.872024
-6.872038
-6.8720521
-6.8720702
-6.8720794
-6.8720791
-6.8720795
-6.8720866
-7.9825654
-7.9825716
-7.9825865
-7.9826
-7.9826089
-7.9826186
-7.9826222
-7.9826263
-7.9826349
-7.9826406
-9.0484884
-9.0484971
-9.048505
-9.0485118
-9.048515
-9.0485185
-9.0485253
-9.0485363
-9.0485411
-9.048548
-9.9367725
-9.9367749
-9.9367794
-9.936782
-9.9367803
-9.9367842
-9.9367942
-9.936803
-9.9368116
-9.9368076
-10.464419
-10.464417
-10.464421
-10.46442
-10.464418
-10.464423
-10.464434
-10.464441
-10.464441
-10.464434
2.1187685
2.1187375
2.1187225
2.1187165
2.1187105
2.118718
2.1187315
2.1187405
2.118746
2.118743
2.106464
2.106446
2.1064255
2.106421
2.1064315
2.106444
2.106451
2.106457
2.1064615
2.106459
2.0817085
2.081682
2.081673
2.081679
2.081687
2.0816865
2.081689
2.081698
2.081708
2.0817075
2.044101
2.0440795
2.0440775
2.044081
2.0440725
2.0440645
2.0440715
2.0440875
2.044097
2.0440925
1.993056
1.9930435
1.993034
1.993028
1.9930155
1.993012
1.993021
1.993036
1.9930405
1.9930345
1.9277816
1.9277653
1.9277533
1.9277485
1.9277398
1.9277348
1.9277386
1.9277488
1.927752
1.9277498
1.8472614
1.8472421
1.8472357
1.8472343
1.8472248
1.8472127
1.8472116
1.8472214
1.8472272
1.8472283
1.750251
1.7502402
1.7502339
1.7502299
1.7502151
1.7501966
1.7501928
1.7502056
1.7502151
1.7502164
1.6352507
1.6352406
1.6352303
1.635222
1.6352027
1.6351808
1.635179
1.6351954
1.6352062
1.635206
1.5004702
1.5004544
1.5004405
1.5004291
1.5004074
1.5003875
1.5003894
1.5004077
1.5004169
1.5004133
1.3438226
1.3438076
1.343789
1.3437745
1.3437537
1.3437378
1.3437436
1.3437606
1.343765
1.343758
1.16291
1.1628946
1.1628719
1.1628562
1.1628376
1.1628259
1.162832
1.1628442
1.1628437
1.1628345
0.9549715
0.95495185
0.95492915
0.9549152
0.95489915
0.9548873
0.9548895
0.9548967
0.95489365
0.9548839
0.71685655
0.7168399
0.71682055
0.71680875
0.7167921
0.7167755
0.71677255
0.71677715
0.7167739
0.716765
0.44502247
0.44501255
0.44499726
0.44498538
0.44496415
0.44494276
0.44493619
0.44494044
0.44493867
0.4449314
0.13550683
0.13550154
0.13548818
0.13547509
0.13545141
0.13542738
0.13541952
0.13542392
0.13542404
0.13541639
-0.2160699
-0.2160707
-0.21608405
-0.21609505
-0.2161169
-0.2161414
-0.21614995
-0.2161462
-0.21614685
-0.2161565
-0.6144453
-0.6144439
-0.6144552
-0.6144603
-0.61447965
-0.61450285
-0.61451195
-0.6145097
-0.614513
-0.6145234
-1.0646068
-1.0646053
-1.064612
-1.0646128
-1.0646298
-1.0646511
-1.0646594
-1.0646588
-1.0646638
-1.0646751
-1.5715757
-1.5715737
-1.5715775
-1.5715784
-1.5715937
-1.5716125
-1.5716198
-1.5716209
-1.5716287
-1.5716408
-2.1400106
-2.1400093
-2.1400144
-2.1400172
-2.1400304
-2.1400459
-2.1400536
-2.1400582
-2.1400687
-2.1400789
-2.7735065
-2.7735071
-2.7735149
-2.7735182
-2.7735278
-2.7735429
-2.7735535
-2.7735612
-2.773572
-2.7735817
-3.4733905
-3.4733921
-3.4734018
-3.4734056
-3.4734153
-3.4734317
-3.4734454
-3.4734527
-3.4734627
-3.4734746
-4.2367495
-4.2367523
-4.2367655
-4.2367705
-4.2367823
-4.2368002
-4.2368126
-4.2368187
-4.2368303
-4.2368404
-5.0533467
-5.0533538
-5.05337
-5.0533768
-5.053389
-5.0534039
-5.0534128
-5.0534194
-5.053432
-5.0534457
-5.9010662
-5.9010788
-5.9010944
-5.9011018
-5.9011086
-5.9011176
-5.9011258
-5.9011364
-5.9011514
-5.901164
-6.7399328
-6.739946
-6.7399582
-6.7399617
-6.7399632
-6.7399704
-6.739981
-6.7399933
-6.7400102
-6.7400132
-7.5061147
-7.5061246
-7.5061297
-7.5061287
-7.50613
-7.5061369
-7.5061476
-7.5061615
-7.5061691
-7.5061644
-8.1104602
-8.110468
-8.1104713
-8.1104704
-8.1104692
-8.1104754
-8.1104885
-8.1104941
-8.1104927
-8.1104827
-8.451132
-8.45114
-8.4511418
-8.4511364
-8.4511387
-8.4511454
-8.4511511
-8.4511508
-8.4511448
-8.451146
2.0013801
2.0013664
2.0013684
2.0013791
2.0014064
2.0014295
2.0014422
2.0014463
2.0014468
2.0014452
1.9894667
1.9894435
1.9894596
1.9894836
1.9895114
1.9895276
1.9895361
1.9895376
1.9895396
1.9895424
1.9654953
1.9654881
1.9655079
1.9655274
1.9655402
1.9655491
1.9655611
1.9655715
1.965577
1.9655764
1.9291368
1.9291357
1.9291489
1.9291569
1.9291655
1.9291789
1.9291986
1.9292106
1.9292098
1.9292073
1.8798806
1.8798721
1.879879
1.8798863
1.8798986
1.8799162
1.879934
1.8799411
1.8799381
1.8799386
1.8170306
1.8170197
1.8170313
1.8170433
1.8170554
1.8170674
1.8170805
1.8170882
1.8170868
1.8170919
1.73973
1.7397255
1.7397402
1.7397496
1.7397551
1.7397622
1.7397759
1.7397859
1.7397873
1.7397939
1.6469225
1.6469176
1.6469283
1.6469326
1.646934
1.6469395
1.6469549
1.6469679
1.646971
1.6469772
1.5373209
1.5373112
1.5373174
1.5373201
1.5373205
1.537325
1.5373423
1.5373578
1.5373613
1.5373662
1.4094278
1.4094144
1.4094195
1.409421
1.4094205
1.409427
1.4094465
1.409462
1.4094635
1.4094671
1.261521
1.261505
1.2615075
1.2615076
1.2615091
1.2615188
1.2615379
1.2615492
1.261547
1.2615501
1.0916222
1.0916043
1.0916039
1.0916049
1.09161
1.0916193
1.0916332
1.0916388
1.0916339
1.0916374
0.897489
0.89747195
0.89747325
0.89747595
0.8974789
0.89748205
0.8974895
0.89749155
0.89748585
0.89748945
0.6766153
0.67660425
0.67660655
0.67660635
0.6766011
0.6765966
0.6765995
0.67660055
0.67659475
0.6765972
0.42622557
0.42622128
0.42621952
0.42621222
0.42619864
0.42618825
0.42618879
0.42618999
0.42618434
0.42618575
0.14329059
0.14328747
0.14328116
0.14326847
0.14325027
0.14323601
0.14323544
0.1432367
0.14323186
0.14323169
-0.17541775
-0.1754214
-0.17542905
-0.1754424
-0.1754629
-0.1754789
-0.17548115
-0.1754805
-0.17548595
-0.17548795
-0.53322345
-0.53322755
-0.533233
-0.5332451
-0.53326575
-0.53328175
-0.5332856
-0.53328655
-0.53329415
-0.5332959
-0.93338505
-0.93339045
-0.9333924
-0.9334034
-0.93342095
-0.93343555
-0.93343975
-0.93344295
-0.93345175
-0.93345275
-1.3788182
-1.3788238
-1.3788248
-1.3788338
-1.3788469
-1.3788591
-1.378864
-1.3788694
-1.3788788
-1.3788794
-1.8716404
-1.8716464
-1.8716488
-1.8716538
-1.8716626
-1.8716729
-1.8716789
-1.8716864
-1.8716963
-1.8716947
-2.4124597
-2.4124672
-2.4124693
-2.4124702
-2.412476
-2.4124866
-2.4124933
-2.4125011
-2.4125105
-2.4125107
-2.9992821
-2.999291
-2.9992922
-2.9992915
-2.9992973
-2.9993078
-2.9993153
-2.999323
-2.9993351
-2.9993394
-3.625912
-3.625923
-3.6259252
-3.6259242
-3.6259293
-3.6259383
-3.6259456
-3.6259564
-3.6259739
-3.6259788
-4.2797465
-4.2797598
-4.2797627
-4.27976
-4.2797624
-4.2797693
-4.2797781
-4.2797943
-4.2798139
-4.2798176
-4.9390196
-4.9390326
-4.9390337
-4.9390284
-4.939027
-4.9390331
-4.9390459
-4.9390648
-4.9390802
-4.9390773
-5.5700029
-5.5700117
-5.5700112
-5.5700044
-5.5700027
-5.5700098
-5.5700232
-5.570037
-5.5700468
-5.5700373
-6.1255676
-6.1255738
-6.1255709
-6.1255642
-6.125563
-6.125569
-6.1255772
-6.1255877
-6.1255884
-6.1255725
-6.5478194
-6.5478266
-6.5478226
-6.5478165
-6.5478142
-6.5478178
-6.5478248
-6.5478255
-6.5478194
-6.5478114
-6.7785134
-6.7785187
-6.7785119
-6.7785038
-6.7785039
-6.7785049
-6.7785062
-6.7785041
-6.7785036
-6.7784969
1.8959664
1.8959685
1.8959883
1.8960176
1.8960499
1.8960608
1.8960604
1.896053
1.8960542
1.8960649
1.8846072
1.8846166
1.8846424
1.8846742
1.8846943
1.884697
1.8846959
1.884694
1.8847023
1.8847167
1.8617656
1.86178
1.8618008
1.8618219
1.8618363
1.8618445
1.8618526
1.861856
1.8618591
1.8618685
1.8271567
1.8271653
1.8271792
1.8271988
1.8272212
1.8272372
1.8272458
1.8272416
1.8272404
1.8272526
1.7803534
1.7803572
1.7803763
1.7804015
1.7804271
1.7804408
1.7804434
1.7804363
1.7804392
1.7804555
1.7207967
1.720807
1.7208308
1.720856
1.7208748
1.7208831
1.7208872
1.7208849
1.7208913
1.7209077
1.6477852
1.6477989
1.6478183
1.6478362
1.6478494
1.6478598
1.647869
1.6478693
1.6478769
1.6478915
1.5604415
1.5604497
1.5604634
1.560477
1.5604908
1.5605042
1.5605157
1.5605176
1.5605253
1.5605391
1.4577273
1.4577299
1.4577417
1.4577565
1.457771
1.4577847
1.4577979
1.4578011
1.4578102
1.4578246
1.3384537
1.3384545
1.3384663
1.3384816
1.3384965
1.3385117
1.3385258
1.3385293
1.3385383
1.3385536
1.201263
1.201262
1.2012733
1.2012896
1.2013067
1.2013227
1.2013344
1.2013346
1.2013427
1.2013581
1.0446156
1.0446137
1.0446255
1.0446447
1.044662
1.0446735
1.044679
1.0446752
1.0446822
1.0446969
0.8667977
0.8667987
0.866812
0.86683085
0.8668412
0.8668441
0.86684425
0.86683845
0.86684395
0.86685685
0.66593309
0.66593718
0.66594907
0.66595991
0.66595951
0.66595549
0.66595334
0.66594651
0.66594995
0.66596079
0.43999286
0.43999674
0.44000224
0.44000284
0.43999396
0.4399861
0.43998311
0.43997562
0.43997758
0.43998784
0.18683804
0.186838
0.18683801
0.18683201
0.18681872
0.18680884
0.18680543
0.1867981
0.18680044
0.18681032
-0.09569785
-0.09570045
-0.09570155
-0.09570955
-0.09572465
-0.0957354
-0.0957397
-0.0957468
-0.0957441
-0.09573555
-0.40968905
-0.4096911
-0.4096906
-0.40969805
-0.4097118
-0.40972285
-0.40972865
-0.4097367
-0.4097349
-0.40972605
-0.75694255
-0.7569432
-0.75694075
-0.75694465
-0.7569543
-0.75696525
-0.756973
-0.75698305
-0.7569808
-0.75697185
-1.1387187
-1.1387189
-1.1387145
-1.1387122
-1.1387183
-1.1387297
-1.1387399
-1.1387505
-1.1387466
-1.1387386
-1.5553109
-1.555312
-1.555304
-1.5552966
-1.5553014
-1.5553139
-1.5553242
-1.5553336
-1.5553301
-1.5553228
-2.0054381
-2.0054389
-2.0054265
-2.0054172
-2.0054228
-2.0054343
-2.0054425
-2.0054514
-2.00545
-2.0054477
-2.4853889
-2.4853883
-2.4853747
-2.485366
-2.485371
-2.4853803
-2.4853883
-2.4854005
-2.485405
-2.4854075
-2.98789
-2.9878902
-2.9878764
-2.9878669
-2.9878691
-2.9878776
-2.9878897
-2.9879086
-2.987918
-2.9879181
-3.5007179
-3.5007193
-3.5007035
-3.5006906
-3.5006913
-3.5007026
-3.5007213
-3.5007437
-3.5007488
-3.5007426
-4.0052519
-4.0052512
-4.0052335
-4.0052197
-4.0052213
-4.0052364
-4.0052565
-4.0052722
-4.0052698
-4.0052598
-4.4754654
-4.4754613
-4.4754452
-4.4754346
-4.4754385
-4.4754519
-4.4754641
-4.475473
-4.4754676
-4.4754548
-4.8782988
-4.8782954
-4.8782813
-4.8782722
-4.8782745
-4.8782806
-4.8782884
-4.8782935
-4.8782814
-4.8782736
-5.1767125
-5.1767085
-5.176694
-5.1766855
-5.176684
-5.176687
-5.1766905
-5.1766895
-5.1766825
-5.176678
-5.336561
-5.336553
-5.3365385
-5.33653
-5.336528
-5.3365295
-5.336531
-5.3365325
-5.336527
-5.3365115
1.8019853
1.8019959
1.8020226
1.8020508
1.8020601
1.802053
1.8020453
1.8020447
1.8020605
1.8020808
1.7913155
1.7913382
1.7913624
1.7913808
1.7913823
1.7913785
1.7913763
1.7913837
1.7914017
1.7914174
1.7698724
1.769887
1.7699041
1.7699223
1.769933
1.7699352
1.7699361
1.7699377
1.7699468
1.7699594
1.7374212
1.7374314
1.7374534
1.7374803
1.7374949
1.7374963
1.7374899
1.7374826
1.7374927
1.7375081
1.6936385
1.6936552
1.6936861
1.6937131
1.6937233
1.6937198
1.6937085
1.6937031
1.6937182
1.6937322
1.6380969
1.6381209
1.6381484
1.6381683
1.6381729
1.6381687
1.6381615
1.6381594
1.6381747
1.6381847
1.5702401
1.5702598
1.5702793
1.5702943
1.5702984
1.5702989
1.5702947
1.5702927
1.5703063
1.570314
1.4893875
1.4894016
1.489417
1.4894316
1.4894388
1.4894423
1.4894395
1.4894377
1.4894506
1.4894598
1.3947625
1.3947731
1.3947886
1.3948057
1.3948147
1.3948198
1.394819
1.3948186
1.3948338
1.3948456
1.2854831
1.2854914
1.2855088
1.2855287
1.2855395
1.2855464
1.2855469
1.2855473
1.2855636
1.2855772
1.1605542
1.1605623
1.1605824
1.1606045
1.1606166
1.1606232
1.1606217
1.1606205
1.1606362
1.1606498
1.0188747
1.0188839
1.0189066
1.0189294
1.0189392
1.0189413
1.018936
1.0189324
1.0189456
1.0189578
0.85924774
0.85925657
0.8592807
0.85929998
0.85930292
0.85930006
0.85929251
0.85928644
0.85929614
0.85930768
0.68039771
0.68040548
0.68042724
0.68043805
0.68043438
0.68042971
0.68042166
0.68041344
0.68042076
0.68043284
0.48100747
0.4810134
0.48102871
0.48103189
0.48102503
0.4810205
0.48101232
0.48100322
0.48101003
0.4810233
0.25976921
0.25977173
0.25978268
0.25978237
0.25977482
0.25977054
0.25976289
0.25975458
0.25976248
0.25977527
0.01546635
0.01546855
0.01547865
0.0154784
0.01547115
0.01546695
0.0154595
0.01545185
0.01546045
0.01547065
-0.2529067
-0.2529024
-0.25289115
-0.25288905
-0.25289485
-0.25290015
-0.25290935
-0.25291755
-0.25290935
-0.2529
-0.54598625
-0.545981
-0.5459665
-0.54595955
-0.54596375
-0.5459719
-0.54598445
-0.5459934
-0.5459842
-0.54597665
-0.8638018
-0.8637958
-0.86377605
-0.86376425
-0.86376975
-0.86378175
-0.86379615
-0.86380415
-0.8637944
-0.86378975
-1.2054353
-1.2054267
-1.2054025
-1.2053906
-1.205399
-1.2054128
-1.2054253
-1.2054321
-1.2054262
-1.2054233
-1.5685714
-1.5685589
-1.5685342
-1.5685259
-1.568536
-1.5685473
-1.5685575
-1.5685669
-1.5685648
-1.5685651
-1.9489201
-1.9489058
-1.9488839
-1.9488776
-1.9488857
-1.9488951
-1.9489078
-1.9489215
-1.9489235
-1.9489255
-2.3395151
-2.3395013
-2.33948
-2.3394721
-2.3394782
-2.3394905
-2.3395085
-2.3395252
-2.3395282
-2.3395238
-2.7299516
-2.7299374
-2.7299132
-2.7299032
-2.7299114
-2.7299287
-2.7299498
-2.7299647
-2.7299603
-2.7299515
-3.1057615
-3.1057451
-3.1057207
-3.1057128
-3.1057235
-3.1057413
-3.1057599
-3.1057654
-3.1057564
-3.1057506
-3.4482667
-3.4482497
-3.4482293
-3.4482241
-3.4482335
-3.4482482
-3.4482572
-3.4482583
-3.4482498
-3.4482442
-3.735415
-3.7354
-3.735381
-3.7353765
-3.735383
-3.7353895
-3.735395
-3.735392
-3.7353835
-3.7353825
-3.944134
-3.944117
-3.9441
-3.9440955
-3.944098
-3.9441005
-3.9441025
-3.9440995
-3.9440935
-3.9440845
-4.0544255
-4.054409
-4.0543965
-4.0543925
-4.0543935
-4.0543955
-4.0543955
-4.054391
-4.0543765
-4.054375
1.718687
1.7187109
1.7187248
1.7187328
1.7187254
1.7187224
1.7187258
1.7187404
1.7187605
1.71877
1.7088221
1.7088334
1.7088466
1.7088495
1.7088494
1.7088516
1.7088593
1.7088744
1.7088884
1.7088857
1.6889819
1.6889925
1.6890077
1.6890189
1.689021
1.6890205
1.6890219
1.6890273
1.6890339
1.6890297
1.65902
1.659039
1.6590626
1.659073
1.659069
1.6590623
1.6590562
1.6590564
1.6590634
1.6590583
1.6187101
1.6187382
1.6187582
1.61876
1.6187503
1.618741
1.6187316
1.6187325
1.6187389
1.6187297
1.5677353
1.5677598
1.5677716
1.5677673
1.5677576
1.5677478
1.5677386
1.5677381
1.5677417
1.5677293
1.5056906
1.5057092
1.5057164
1.5057129
1.5057035
1.5056956
1.5056855
1.505684
1.5056855
1.5056729
1.4321122
1.4321272
1.4321355
1.4321332
1.4321265
1.4321209
1.4321131
1.4321118
1.4321138
1.4321044
1.3464765
1.3464901
1.3465004
1.3465016
1.3464992
1.3464979
1.346493
1.3464935
1.3464988
1.3464926
1.2481996
1.248212
1.2482263
1.2482329
1.2482343
1.2482364
1.2482339
1.248236
1.2482432
1.2482389
1.1366451
1.1366582
1.1366777
1.1366858
1.1366894
1.1366929
1.1366909
1.1366925
1.1366989
1.1366958
1.0111342
1.0111497
1.0111696
1.0111772
1.0111808
1.0111847
1.0111815
1.0111804
1.011184
1.0111829
0.87096321
0.87097776
0.87099656
0.87100188
0.87100471
0.87100889
0.87100442
0.87100005
0.87100169
0.87100399
0.71543068
0.71544322
0.71545932
0.71546131
0.71546461
0.71547028
0.71546545
0.71545931
0.71546149
0.71546541
0.54388507
0.54389606
0.54390715
0.54390739
0.54391239
0.54391968
0.54391515
0.54390949
0.5439126
0.54391647
0.35577316
0.35578155
0.35578993
0.35579064
0.35579717
0.35580525
0.35580176
0.35579762
0.35580178
0.35580462
0.1507131
0.15072055
0.1507295
0.15073175
0.15073845
0.1507462
0.15074295
0.1507403
0.15074565
0.150747
-0.0714026
-0.07139395
-0.0713823
-0.07137875
-0.0713735
-0.07136815
-0.07137245
-0.07137415
-0.07136875
-0.0713668
-0.31028005
-0.3102689
-0.31025335
-0.3102487
-0.3102464
-0.3102452
-0.3102511
-0.31025255
-0.31024705
-0.31024525
-0.5650479
-0.565033
-0.56501385
-0.56501035
-0.5650127
-0.56501495
-0.56502185
-0.565024
-0.5650202
-0.56501915
-0.83402755
-0.83400916
-0.83399028
-0.83399104
-0.8339972
-0.83400039
-0.83400736
-0.83401194
-0.83401265
-0.83401006
-1.1144583
-1.1144388
-1.1144249
-1.1144302
-1.1144373
-1.1144398
-1.1144484
-1.1144571
-1.1144587
-1.1144543
-1.4021774
-1.4021594
-1.4021507
-1.4021573
-1.4021641
-1.402168
-1.4021799
-1.402189
-1.4021891
-1.4021828
-1.6912745
-1.6912573
-1.6912497
-1.6912558
-1.6912643
-1.6912722
-1.6912849
-1.691291
-1.6912888
-1.69128
-1.9737845
-1.9737662
-1.9737574
-1.9737634
-1.973775
-1.9737851
-1.973794
-1.9737973
-1.9737927
-1.973787
-2.2395464
-2.2395275
-2.2395196
-2.2395275
-2.2395385
-2.2395445
-2.2395507
-2.2395498
-2.2395463
-2.2395448
-2.4764038
-2.4763857
-2.47638
-2.4763862
-2.4763928
-2.4763963
-2.4763979
-2.4763947
-2.4763913
-2.4763929
-2.670945
-2.6709285
-2.6709215
-2.670926
-2.67093
-2.67093
-2.670927
-2.670922
-2.670922
-2.6709195
-2.809963
-2.809947
-2.809942
-2.8099455
-2.809948
-2.809945
-2.8099405
-2.809935
-2.809929
-2.8099275
-2.882584
-2.882572
-2.8825705
-2.882574
-2.8825755
-2.882571
-2.8825645
-2.8825535
-2.882549
-2.8825615
1.645257
1.6452676
1.6452669
1.6452623
1.64526
1.6452699
1.6452832
1.6452956
1.6452975
1.6452823
1.6362542
1.6362603
1.636258
1.6362583
1.6362614
1.6362698
1.6362804
1.6362848
1.6362764
1.6362513
1.6181825
1.6181947
1.6181989
1.6181977
1.6181922
1.6181934
1.6181942
1.6181917
1.618178
1.6181527
1.5909576
1.5909768
1.5909769
1.5909635
1.5909501
1.5909453
1.5909411
1.5909348
1.5909181
1.5908917
1.5544279
1.5544444
1.5544325
1.5544112
1.5543951
1.5543885
1.5543792
1.5543702
1.554351
1.5543219
1.5083923
1.5084016
1.5083838
1.5083603
1.5083451
1.5083339
1.5083221
1.5083111
1.5082903
1.5082611
1.4526179
1.4526241
1.4526057
1.4525841
1.4525675
1.4525575
1.4525462
1.4525352
1.4525144
1.4524875
1.3868468
1.3868523
1.3868374
1.3868175
1.3868052
1.3868004
1.3867921
1.3867823
1.3867643
1.3867399
1.3107976
1.3108051
1.3107941
1.31078
1.3107749
1.3107761
1.3107711
1.3107648
1.3107504
1.3107262
1.2241763
1.2241863
1.22418
1.2241725
1.224173
1.2241789
1.2241776
1.2241742
1.2241614
1.2241371
1.1266887
1.1267013
1.1266987
1.1266932
1.1266989
1.1267088
1.1267091
1.126705
1.1266925
1.12667
1.0180574
1.0180712
1.0180669
1.0180645
1.0180743
1.0180861
1.018085
1.0180786
1.0180671
1.018048
0.89804476
0.89805678
0.89805171
0.89805142
0.89806373
0.89807594
0.89807334
0.89806586
0.8980567
0.89803972
0.76648874
0.76649787
0.76649196
0.76649255
0.76650707
0.76652089
0.76651874
0.76651246
0.76650539
0.76648801
0.62334816
0.62335453
0.62334618
0.62334834
0.62336548
0.62338116
0.62338034
0.62337649
0.62337034
0.62335391
0.4687484
0.4687512
0.4687429
0.4687473
0.46876565
0.4687817
0.46878285
0.46878205
0.46877825
0.46876485
0.30304175
0.30304415
0.30303835
0.30304315
0.3030597
0.30307485
0.30307835
0.3030816
0.30308145
0.30307075
0.1268884
0.126894
0.12688955
0.1268913
0.1269038
0.12691785
0.1269232
0.12692965
0.1269311
0.1269243
-0.0586601
-0.05865065
-0.0586559
-0.0586584
-0.05864995
-0.0586374
-0.0586321
-0.05862585
-0.0586234
-0.05862725
-0.25205715
-0.2520453
-0.25205245
-0.2520594
-0.25205415
-0.2520436
-0.2520415
-0.25203825
-0.2520354
-0.2520383
-0.45114487
-0.45113301
-0.45114363
-0.45115456
-0.45115158
-0.45114381
-0.45114632
-0.4511468
-0.45114355
-0.45114295
-0.65304236
-0.65303299
-0.6530483
-0.65306188
-0.65306065
-0.6530565
-0.65306286
-0.65306447
-0.65305758
-0.65305137
-0.8540544
-0.85404838
-0.85406639
-0.85408155
-0.85408352
-0.85408294
-0.85408894
-0.85408722
-0.85407595
-0.85406802
-1.0496242
-1.049619
-1.0496375
-1.0496553
-1.0496612
-1.0496613
-1.0496628
-1.0496572
-1.0496454
-1.049643
-1.2343701
-1.2343648
-1.2343837
-1.2344032
-1.2344092
-1.234406
-1.2344027
-1.234398
-1.2343905
-1.2343932
-1.4022476
-1.402244
-1.4022631
-1.4022809
-1.4022824
-1.402275
-1.4022714
-1.4022677
-1.4022638
-1.4022665
-1.546875
-1.5468725
-1.546889
-1.5469015
-1.5468995
-1.546892
-1.5468875
-1.5468835
-1.546881
-1.546886
-1.6620195
-1.662017
-1.662031
-1.662039
-1.6620375
-1.66203
-1.6620235
-1.6620205
-1.662016
-1.6620225
-1.742216
-1.7422155
-1.7422265
-1.742234
-1.7422335
-1.7422255
-1.742218
-1.7422105
-1.742208
-1.742228
-1.783401
-1.783402
-1.783414
-1.783422
-1.78342
-1.7834115
-1.7834045
-1.7834005
-1.783412
-1.783427
1.5807994
1.5807919
1.5807913
1.5807859
1.5807908
1.5807991
1.5808044
1.5807965
1.5807731
1.580744
1.5727045
1.5727079
1.572706
1.5727026
1.5727012
1.5727062
1.5727031
1.5726852
1.5726548
1.5726259
1.556508
1.5565134
1.556506
1.5564894
1.556482
1.5564802
1.5564694
1.5564485
1.5564164
1.5563888
1.5321533
1.5321529
1.5321314
1.5321076
1.5320971
1.5320893
1.5320751
1.5320521
1.5320182
1.5319922
1.499573
1.4995618
1.499535
1.4995084
1.4994943
1.4994836
1.4994652
1.4994412
1.4994078
1.4993843
1.458696
1.4586829
1.4586519
1.4586237
1.4586089
1.4585953
1.458577
1.4585546
1.4585233
1.4585034
1.4094556
1.4094393
1.4094077
1.4093811
1.4093684
1.4093593
1.4093449
1.4093255
1.4092965
1.4092808
1.3517803
1.3517645
1.3517372
1.3517151
1.3517098
1.351707
1.3516959
1.3516795
1.351653
1.351639
1.2856242
1.2856142
1.2855918
1.2855769
1.2855791
1.2855815
1.2855733
1.2855598
1.2855335
1.2855173
1.2109693
1.2109634
1.2109441
1.2109357
1.2109439
1.2109498
1.2109441
1.2109315
1.210905
1.2108868
1.1278382
1.1278332
1.1278174
1.1278136
1.1278267
1.127834
1.1278275
1.1278149
1.1277905
1.1277712
1.0363291
1.036324
1.0363093
1.0363108
1.0363253
1.0363311
1.0363228
1.036312
1.0362906
1.0362702
0.93664244
0.93663634
0.93662335
0.93662617
0.93663995
0.93664491
0.93663748
0.9366298
0.93661041
0.93658976
0.82911558
0.8291066
0.82909386
0.82909673
0.82911173
0.82911904
0.82911457
0.82910993
0.8290919
0.82907264
0.7142641
0.71425275
0.71423965
0.7142443
0.714262
0.7142719
0.71427035
0.71426905
0.71425315
0.7142383
0.59282985
0.59281725
0.59280595
0.5928122
0.5928304
0.5928413
0.59284345
0.59284695
0.5928359
0.5928263
0.4658251
0.4658144
0.4658044
0.4658086
0.4658241
0.4658361
0.4658435
0.46585295
0.46584735
0.4658409
0.3345856
0.33457715
0.33456395
0.3345624
0.33457505
0.3345892
0.3346006
0.33461395
0.334612
0.3346078
0.2008138
0.20080485
0.20078555
0.200779
0.20079075
0.2008058
0.20081715
0.2008305
0.20083265
0.20083005
0.06661825
0.0666068
0.06658285
0.0665745
0.0665862
0.06659855
0.0666058
0.0666181
0.0666245
0.0666247
-0.06547124
-0.065485335
-0.065511105
-0.065519765
-0.065509315
-0.06550183
-0.06549905
-0.06548621
-0.06547558
-0.06546976
-0.19254121
-0.19255712
-0.19258353
-0.19259284
-0.19258543
-0.1925822
-0.19258038
-0.19256522
-0.19254936
-0.1925401
-0.3114089
-0.31142535
-0.31145225
-0.31146425
-0.31146065
-0.31145785
-0.31145345
-0.31143565
-0.3114173
-0.31141085
-0.4188373
-0.41885315
-0.41888185
-0.4188973
-0.4188951
-0.41888945
-0.41888125
-0.4188626
-0.4188491
-0.41884675
-0.51186865
-0.51188575
-0.5119161
-0.5119309
-0.5119258
-0.5119161
-0.51190685
-0.51189235
-0.5118833
-0.51188175
-0.588253
-0.5882715
-0.588299
-0.5883085
-0.5883005
-0.5882905
-0.588283
-0.5882715
-0.5882645
-0.588265
-0.646885
-0.646902
-0.646924
-0.646931
-0.6469235
-0.646917
-0.6469095
-0.6469
-0.6468975
-0.6468995
-0.688097
-0.688111
-0.688131
-0.6881365
-0.688133
-0.688128
-0.688122
-0.688114
-0.6881125
-0.6881235
-0.7135375
-0.71355
-0.713566
-0.713574
-0.7135725
-0.713567
-0.7135635
-0.71356
-0.7135705
-0.7135805
-0.7254455
-0.725458
-0.7254755
-0.72548
-0.7254765
-0.7254755
-0.725476
-0.725481
-0.7254895
-0.7254975
1.5243897
1.5243952
1.5243917
1.5243842
1.5243807
1.5243768
1.5243671
1.5243442
1.524313
1.5242931
1.5172465
1.5172495
1.5172421
1.5172263
1.5172181
1.5172121
1.5171955
1.5171675
1.5171374
1.5171256
1.5029497
1.5029455
1.5029259
1.5029043
1.5028973
1.5028864
1.502867
1.5028405
1.5028129
1.5028041
1.4815022
1.4814883
1.4814629
1.4814445
1.4814342
1.481419
1.4813996
1.481375
1.481351
1.4813472
1.4529334
1.4529159
1.4528915
1.4528701
1.4528571
1.4528408
1.4528234
1.4528052
1.4527865
1.4527892
1.4172954
1.4172746
1.4172469
1.4172262
1.417215
1.4172026
1.4171911
1.4171784
1.4171645
1.4171721
1.3746583
1.3746341
1.3746087
1.3745932
1.3745887
1.3745838
1.3745787
1.3745699
1.3745585
1.3745673
1.3251368
1.3251149
1.3250955
1.3250858
1.325089
1.3250885
1.3250856
1.3250775
1.3250662
1.325074
1.2689018
1.2688859
1.2688709
1.268868
1.2688754
1.2688764
1.2688723
1.2688615
1.268848
1.2688523
1.2061878
1.2061748
1.2061625
1.2061643
1.2061741
1.2061732
1.2061658
1.2061528
1.2061385
1.206139
1.1373123
1.1372997
1.1372925
1.1372973
1.1373056
1.1373
1.1372902
1.1372794
1.1372663
1.137263
1.0627248
1.0627147
1.0627093
1.0627141
1.0627174
1.0627082
1.0626996
1.0626933
1.0626802
1.0626752
0.9830312
0.98302125
0.98301605
0.98301755
0.983018
0.9830092
0.9830046
0.98300095
0.98298725
0.9829838
0.89902505
0.8990133
0.8990074
0.8990079
0.8990105
0.8990053
0.89900405
0.8990014
0.89898885
0.8989875
0.8117352
0.81172345
0.8117177
0.8117205
0.8117265
0.81172455
0.81172555
0.8117249
0.8117149
0.8117163
0.7224686
0.7224581
0.72245355
0.7224575
0.72246485
0.72246535
0.72247025
0.72247355
0.72246715
0.72247015
0.63284085
0.63283155
0.63282595
0.6328278
0.632835
0.63283955
0.6328503
0.6328575
0.6328544
0.63285565
0.54480965
0.54479845
0.544788
0.5447865
0.5447951
0.5448041
0.544819
0.5448286
0.5448273
0.54482785
0.46069225
0.46067585
0.46066035
0.4606582
0.4606694
0.4606803
0.46069595
0.4607073
0.46070955
0.46071225
0.3831547
0.38313335
0.38311685
0.38311755
0.3831301
0.38313915
0.38315345
0.3831689
0.38317725
0.383183
0.31514206
0.3151192
0.31510545
0.31510889
0.3151205
0.31512671
0.3151414
0.31516197
0.3151749
0.31518336
0.25971534
0.25969384
0.25968219
0.25968604
0.25969573
0.25970144
0.25971916
0.25974219
0.25975711
0.25976448
0.2197566
0.2197365
0.219724
0.2197262
0.2197354
0.21974435
0.2197633
0.2197865
0.2198017
0.2198052
0.1975091
0.1974885
0.1974736
0.1974752
0.1974871
0.19749845
0.19751745
0.1975392
0.19755035
0.19755505
0.1939354
0.1939128
0.1938983
0.19390315
0.1939164
0.1939271
0.19394455
0.19396325
0.19397205
0.19397635
0.207942
0.207921
0.2079115
0.207917
0.207927
0.2079345
0.207949
0.207964
0.207971
0.207972
0.235643
0.2356265
0.2356175
0.2356185
0.2356245
0.235628
0.23564
0.235651
0.2356545
0.235653
0.270019
0.2700035
0.2699935
0.2699915
0.2699935
0.2699935
0.270001
0.2700065
0.270001
0.2699975
0.301581
0.301569
0.301558
0.3015525
0.3015545
0.3015505
0.3015515
0.3015465
0.301539
0.3015445
0.320586
0.3205745
0.3205655
0.3205635
0.320562
0.320553
0.3205495
0.320543
0.3205435
0.3205515
1.4751341
1.4751453
1.4751292
1.475112
1.4750982
1.4750879
1.4750729
1.4750556
1.4750393
1.4750398
1.4689261
1.4689239
1.4688995
1.4688779
1.4688661
1.4688551
1.4688401
1.4688235
1.4688163
1.4688259
1.4565008
1.4564895
1.4564633
1.4564467
1.4564394
1.4564251
1.4564135
1.4564053
1.4564038
1.4564178
1.4379366
1.437923
1.4379009
1.4378899
1.4378768
1.4378657
1.4378618
1.4378605
1.4378665
1.4378849
1.4133475
1.4133337
1.4133129
1.4132991
1.4132914
1.4132867
1.4132932
1.4133036
1.4133169
1.4133406
1.3828807
1.3828615
1.3828431
1.382837
1.3828361
1.3828409
1.3828566
1.3828723
1.3828889
1.3829148
1.3467405
1.3467257
1.3467152
1.3467168
1.3467221
1.346734
1.3467536
1.3467683
1.3467828
1.3468031
1.3052182
1.3052091
1.3052045
1.3052083
1.305217
1.3052288
1.3052442
1.305253
1.3052641
1.3052777
1.2586701
1.2586664
1.2586627
1.2586688
1.2586754
1.2586809
1.2586872
1.2586899
1.2586989
1.2587091
1.2075609
1.2075592
1.2075571
1.2075615
1.2075622
1.207558
1.2075566
1.2075583
1.2075666
1.2075757
1.1524843
1.152484
1.1524832
1.1524829
1.1524749
1.1524632
1.1524617
1.1524663
1.1524737
1.1524811
1.0942113
1.0942134
1.094209
1.0942027
1.0941877
1.0941747
1.0941769
1.0941825
1.0941873
1.0941942
1.0337155
1.0337159
1.0337087
1.0336985
1.0336826
1.0336719
1.0336758
1.0336789
1.0336828
1.0336914
0.9722074
0.9722069
0.97219975
0.9721914
0.97217895
0.97217095
0.9721738
0.97217485
0.9721801
0.9721891
0.9111885
0.91118955
0.9111844
0.91118045
0.9111721
0.91116625
0.91116875
0.91116965
0.91117495
0.91118285
0.85248455
0.8524868
0.85248335
0.85248265
0.85247805
0.85247535
0.8524803
0.85248055
0.85248275
0.8524892
0.7982759
0.79827785
0.7982743
0.7982752
0.79827465
0.79827705
0.79828445
0.7982825
0.7982812
0.7982833
0.7511273
0.7511266
0.7511218
0.7511242
0.751128
0.75113435
0.75114245
0.75114015
0.7511375
0.7511364
0.7139916
0.7139876
0.7139829
0.7139879
0.71399435
0.714002
0.7140121
0.71401295
0.71401165
0.7140125
0.69016815
0.69016255
0.6901608
0.6901688
0.6901751
0.6901834
0.69019765
0.69020415
0.69020655
0.6902075
0.68317893
0.68317435
0.68317643
0.68318565
0.68319161
0.68320217
0.68322081
0.68323199
0.68323808
0.68323582
0.69651964
0.696516
0.69651946
0.69652929
0.6965373
0.69655147
0.69657397
0.69658772
0.69659384
0.69659036
0.73322595
0.73322075
0.7332241
0.73323555
0.73324755
0.73326555
0.7332893
0.73330435
0.73330855
0.7333049
0.79519
0.79518225
0.7951865
0.7952007
0.7952165
0.7952346
0.79525715
0.79527125
0.7952762
0.79527155
0.8821641
0.8821562
0.882163
0.88217815
0.88219135
0.88220615
0.88222685
0.8822392
0.88224355
0.8822398
0.99045815
0.9904527
0.9904599
0.9904695
0.9904776
0.99048935
0.9905064
0.99051495
0.99051705
0.9905144
1.1115165
1.1115125
1.1115145
1.111519
1.1115245
1.111531
1.1115405
1.1115455
1.111546
1.1115395
1.230963
1.230958
1.230959
1.2309585
1.23096
1.2309595
1.230963
1.2309575
1.2309535
1.2309575
1.329274
1.3292705
1.3292665
1.329264
1.3292635
1.329256
1.329254
1.3292435
1.32925
1.329255
1.3856405
1.385638
1.385636
1.3856285
1.385626
1.385618
1.3856105
1.3856075
1.385612
1.3856155
1.4320919
1.4320869
1.4320623
1.43204
1.4320307
1.4320277
1.432021
1.4320212
1.4320273
1.4320436
1.4267702
1.4267529
1.4267248
1.4267114
1.4267064
1.4267028
1.4267008
1.426706
1.426724
1.4267439
1.4161584
1.4161386
1.4161224
1.4161131
1.4161112
1.4161095
1.4161186
1.416137
1.4161631
1.4161884
1.40039
1.4003751
1.4003603
1.400356
1.400356
1.4003674
1.4003901
1.4004175
1.4004487
1.4004743
1.3796423
1.3796241
1.3796141
1.3796153
1.3796292
1.379654
1.37969
1.3797254
1.3797586
1.3797816
1.3541507
1.3541348
1.3541345
1.3541469
1.3541698
1.3542046
1.3542458
1.3542804
1.3543109
1.3543281
1.3242499
1.3242475
1.3242538
1.3242698
1.3242951
1.3243314
1.3243672
1.3243942
1.324416
1.3244243
1.2903734
1.2903755
1.2903825
1.290395
1.2904161
1.2904437
1.2904667
1.2904847
1.2904993
1.2905045
1.2530381
1.2530431
1.2530453
1.2530519
1.2530621
1.253075
1.2530861
1.253101
1.2531145
1.2531232
1.2129191
1.2129238
1.2129221
1.2129177
1.2129143
1.2129144
1.2129216
1.2129382
1.2129518
1.2129627
1.1708617
1.1708654
1.1708568
1.1708409
1.1708274
1.1708239
1.1708337
1.1708506
1.1708619
1.1708716
1.1279232
1.1279248
1.1279083
1.1278862
1.1278701
1.1278689
1.1278786
1.1278915
1.1279014
1.1279111
1.0854066
1.085405
1.0853872
1.0853655
1.0853516
1.0853506
1.0853564
1.0853656
1.085378
1.08539
1.0449012
1.0449009
1.0448873
1.0448706
1.0448593
1.0448571
1.04486
1.0448681
1.0448815
1.0448942
1.0083354
1.0083382
1.0083301
1.008319
1.0083111
1.0083098
1.0083112
1.0083171
1.0083248
1.0083342
0.97801195
0.97801645
0.9780126
0.9780068
0.97800375
0.97800445
0.978003
0.9780018
0.9780012
0.9780062
0.9566522
0.9566572
0.95665615
0.95665475
0.9566556
0.9566572
0.95665175
0.95664335
0.95663685
0.95663725
0.9474316
0.9474369
0.94743755
0.94743795
0.94744005
0.9474418
0.9474359
0.94742605
0.9474166
0.9474115
0.9539861
0.95399235
0.95399355
0.9539931
0.95399515
0.95399895
0.95399685
0.9539889
0.95397805
0.95397125
0.9803686
0.98037605
0.9803773
0.98037565
0.98037785
0.98038555
0.9803886
0.98038295
0.9803724
0.9803676
1.0309195
1.0309273
1.0309287
1.0309274
1.0309316
1.030944
1.0309512
1.0309497
1.0309411
1.030932
1.1099957
1.1100021
1.1100047
1.1100066
1.1100151
1.1100324
1.1100435
1.1100465
1.1100375
1.1100232
1.2214729
1.2214773
1.2214831
1.2214893
1.2215028
1.2215233
1.221537
1.2215407
1.2215289
1.2215199
1.3678968
1.3679011
1.3679103
1.3679195
1.3679351
1.3679542
1.3679672
1.3679707
1.3679613
1.3679523
1.5491171
1.5491232
1.5491331
1.5491411
1.5491549
1.5491716
1.549181
1.5491855
1.5491792
1.5491666
1.7602582
1.7602642
1.7602719
1.7602773
1.7602884
1.7603007
1.7603061
1.7603083
1.760299
1.7602898
1.9890455
1.98905
1.9890575
1.98906
1.9890655
1.98907
1.9890725
1.989068
1.9890555
1.9890545
2.213079
2.213085
2.2130885
2.213083
2.2130865
2.2130865
2.2130805
2.21307
2.213069
2.2130725
2.398939
2.3989405
2.3989405
2.3989345
2.398934
2.3989275
2.3989155
2.3989135
2.3989135
2.398917
2.507082
2.507081
2.5070865
2.507076
2.507069
2.5070635
2.5070565
2.507055
2.507055
2.5070465
1.3943262
1.3943123
1.3942908
1.3942837
1.3942854
1.3942951
1.3943012
1.3943154
1.3943374
1.3943603
1.3898437
1.3898209
1.3898078
1.3898099
1.3898168
1.3898261
1.3898387
1.3898603
1.3898902
1.3899084
1.3809528
1.3809355
1.3809357
1.3809375
1.3809488
1.3809691
1.3809972
1.3810301
1.381067
1.38109
1.3678251
1.36781
1.3678086
1.3678194
1.3678456
1.367883
1.367922
1.3679603
1.3679966
1.3680183
1.350682
1.3506697
1.3506801
1.3507053
1.3507469
1.3507934
1.3508375
1.3508736
1.3509026
1.3509134
1.3298618
1.3298603
1.3298811
1.3299141
1.32996
1.3300089
1.3300489
1.3300755
1.3300954
1.3300952
1.3057922
1.3058013
1.3058219
1.3058518
1.3058943
1.3059352
1.3059634
1.3059787
1.30599
1.3059887
1.2790141
1.2790216
1.2790357
1.279058
1.2790891
1.2791141
1.2791301
1.2791384
1.2791464
1.2791498
1.2501974
1.2502024
1.2502067
1.2502166
1.2502306
1.2502414
1.2502531
1.2502614
1.2502702
1.2502757
1.2202035
1.2202032
1.2201977
1.2201923
1.2201929
1.2201985
1.2202121
1.2202204
1.2202287
1.2202353
1.1900949
1.1900893
1.1900726
1.1900581
1.1900552
1.190063
1.190077
1.190083
1.1900913
1.1901028
1.1611791
1.1611689
1.1611468
1.1611321
1.1611322
1.1611405
1.1611508
1.1611555
1.1611674
1.1611832
1.1350472
1.1350361
1.1350176
1.1350068
1.1350086
1.1350132
1.1350215
1.1350289
1.1350442
1.1350579
1.1136209
1.1136144
1.113602
1.1135948
1.1135968
1.1135995
1.1136077
1.1136155
1.1136287
1.1136398
1.0992039
1.0992018
1.0991948
1.0991914
1.0991947
1.0991965
1.0992012
1.0992021
1.0992093
1.0992186
1.0945338
1.0945347
1.0945319
1.0945321
1.0945353
1.0945343
1.094532
1.0945251
1.0945267
1.0945271
1.1028457
1.1028483
1.1028473
1.1028478
1.102849
1.1028458
1.1028383
1.1028277
1.1028223
1.1028163
1.1279217
1.1279247
1.1279223
1.1279194
1.1279199
1.1279165
1.1279098
1.1278958
1.1278826
1.1278832
1.1741213
1.1741244
1.1741187
1.174112
1.1741129
1.1741112
1.1741068
1.1740897
1.1740774
1.174077
1.2463765
1.2463795
1.2463711
1.2463623
1.2463642
1.2463664
1.2463628
1.2463477
1.2463382
1.2463274
1.3501152
1.3501181
1.3501088
1.3501016
1.3501063
1.3501125
1.3501117
1.3501007
1.3500839
1.3500749
1.4910561
1.4910593
1.4910525
1.4910504
1.4910582
1.4910666
1.491069
1.4910577
1.4910374
1.4910323
1.6747699
1.6747743
1.6747726
1.6747747
1.6747843
1.6747924
1.6747944
1.6747832
1.6747702
1.6747607
1.905819
1.9058262
1.9058291
1.9058326
1.9058405
1.9058457
1.9058486
1.9058406
1.9058257
1.9058152
2.1861726
2.1861825
2.1861864
2.1861888
2.1861946
2.186199
2.1862016
2.186193
2.1861749
2.1861651
2.5124362
2.5124468
2.51245
2.5124512
2.5124555
2.5124559
2.5124527
2.5124405
2.5124252
2.5124188
2.8713503
2.8713605
2.8713634
2.8713629
2.8713626
2.8713582
2.871354
2.8713383
2.8713281
2.8713329
3.233387
3.2333935
3.2333935
3.2333935
3.2333885
3.2333775
3.2333685
3.2333625
3.233361
3.2333525
3.5463215
3.546323
3.54633
3.5463235
3.5463125
3.546302
3.546294
3.546295
3.546283
3.54628
3.7366685
3.7366715
3.7366815
3.7366725
3.7366585
3.7366485
3.736649
3.736637
3.73663
3.736635
1.3610068
1.3609955
1.3609918
1.3610071
1.3610141
1.3610304
1.3610437
1.3610638
1.3610899
1.361111
1.3573047
1.3572964
1.3573005
1.3573148
1.3573292
1.3573475
1.3573685
1.3573948
1.3574207
1.3574328
1.3500057
1.3500017
1.3500136
1.3500304
1.3500531
1.3500832
1.3501155
1.3501443
1.3501702
1.3501776
1.3393014
1.3392962
1.3393124
1.3393415
1.3393778
1.339419
1.3394537
1.3394771
1.3394999
1.3394996
1.3254568
1.3254646
1.3254932
1.3255329
1.3255763
1.3256165
1.3256419
1.3256546
1.3256671
1.32566
1.3088892
1.3089046
1.3089366
1.3089784
1.3090177
1.3090503
1.3090619
1.3090651
1.3090705
1.3090663
1.2900907
1.2901044
1.2901336
1.290168
1.2901973
1.2902168
1.2902171
1.2902162
1.2902221
1.2902243
1.2696963
1.2697042
1.269726
1.2697488
1.2697647
1.2697732
1.2697706
1.2697689
1.2697762
1.2697744
1.248518
1.2485205
1.2485316
1.2485415
1.2485462
1.2485531
1.2485536
1.2485494
1.2485558
1.2485508
1.2275722
1.2275669
1.2275686
1.2275699
1.2275715
1.2275822
1.2275845
1.2275762
1.227583
1.2275861
1.2080986
1.2080881
1.2080841
1.2080861
1.2080906
1.2081035
1.2081032
1.2080965
1.2081081
1.2081175
1.1916138
1.1916016
1.1915991
1.1916055
1.1916121
1.1916237
1.1916222
1.1916233
1.1916377
1.1916471
1.1799464
1.1799361
1.1799399
1.1799491
1.1799556
1.1799653
1.1799674
1.1799725
1.1799862
1.1799982
1.1752944
1.1752882
1.1752957
1.1753052
1.1753103
1.1753183
1.1753226
1.1753244
1.1753404
1.1753468
1.1802808
1.180277
1.1802853
1.1802926
1.1802952
1.1803009
1.1803024
1.1803003
1.1803153
1.1803082
1.1980246
1.1980226
1.1980282
1.1980327
1.1980318
1.1980362
1.1980333
1.198028
1.1980329
1.1980273
1.232226
1.2322229
1.2322235
1.2322264
1.2322228
1.2322269
1.2322189
1.2322099
1.2322102
1.2322139
1.2872391
1.287232
1.2872301
1.2872307
1.2872261
1.2872273
1.2872152
1.2872047
1.2872093
1.2872137
1.3681499
1.3681421
1.3681395
1.3681356
1.3681305
1.3681284
1.3681187
1.368107
1.3681081
1.3681094
1.4808473
1.4808415
1.4808379
1.4808308
1.4808269
1.4808263
1.4808185
1.4808045
1.4807981
1.4807941
1.6320556
1.6320517
1.6320471
1.632042
1.6320403
1.6320417
1.6320305
1.632013
1.632007
1.6320051
1.8292979
1.8292963
1.8292928
1.8292935
1.8292896
1.8292882
1.8292756
1.8292554
1.8292494
1.8292502
2.0806992
2.0806999
2.0807022
2.0807045
2.0806944
2.0806909
2.0806792
2.0806638
2.0806564
2.0806461
2.3944169
2.3944229
2.3944297
2.3944255
2.3944146
2.3944108
2.3943966
2.3943824
2.394371
2.3943669
2.7773032
2.7773125
2.7773165
2.7773104
2.7773001
2.7772919
2.7772803
2.7772607
2.777248
2.7772506
3.2319481
3.2319566
3.2319592
3.2319557
3.2319404
3.2319313
3.2319229
3.2319039
3.2318982
3.231891
3.7505146
3.7505216
3.7505221
3.7505175
3.7505016
3.7504953
3.7504792
3.7504695
3.7504684
3.7504632
4.3027658
4.3027694
4.3027726
4.3027697
4.3027488
4.3027409
4.3027326
4.3027267
4.3027164
4.3027149
4.816264
4.81627
4.816277
4.816269
4.8162465
4.8162435
4.8162385
4.816225
4.8162305
4.81622
5.1565915
5.1565905
5.1565845
5.156586
5.1565715
5.15656
5.1565595
5.1565515
5.156546
5.156561
1.331384
1.3313921
1.3314039
1.3314306
1.3314374
1.3314542
1.3314679
1.3314866
1.3314997
1.3315078
1.3283983
1.3284121
1.3284266
1.3284406
1.3284557
1.3284769
1.3284946
1.328509
1.3285163
1.3285196
1.3225162
1.3225337
1.3225502
1.3225709
1.3225939
1.3226156
1.3226321
1.3226424
1.3226439
1.3226334
1.313965
1.313981
1.3140054
1.3140297
1.314052
1.3140682
1.3140789
1.3140827
1.3140828
1.3140651
1.3030441
1.3030736
1.3031013
1.3031213
1.303136
1.3031415
1.3031416
1.3031383
1.3031346
1.3031202
1.2902068
1.2902311
1.2902528
1.2902688
1.2902752
1.2902702
1.2902596
1.2902545
1.2902492
1.2902402
1.2760024
1.2760173
1.2760345
1.2760432
1.2760413
1.2760285
1.2760123
1.2760119
1.276008
1.276003
1.2611611
1.2611689
1.2611816
1.2611822
1.261177
1.2611642
1.2611493
1.2611506
1.2611471
1.261146
1.2466038
1.2466094
1.2466179
1.2466145
1.2466123
1.2466038
1.2465914
1.2465886
1.2465891
1.2465865
1.233465
1.2334708
1.2334774
1.2334746
1.2334759
1.2334705
1.2334622
1.233457
1.233459
1.233448
1.2231229
1.22313
1.2231356
1.2231382
1.2231429
1.2231395
1.2231318
1.2231307
1.2231303
1.2231215
1.2172473
1.2172573
1.2172662
1.2172738
1.217278
1.217277
1.2172682
1.217276
1.2172753
1.2172801
1.2178471
1.217859
1.2178752
1.2178845
1.2178883
1.2178878
1.2178807
1.2178938
1.2178976
1.2179062
1.2273389
1.2273507
1.2273689
1.2273738
1.2273777
1.227376
1.2273735
1.2273811
1.2273887
1.2273871
1.2486007
1.2486082
1.2486209
1.2486181
1.2486228
1.2486223
1.2486215
1.2486232
1.2486297
1.2486182
1.2850558
1.2850601
1.2850644
1.2850585
1.2850631
1.2850632
1.2850593
1.2850644
1.2850692
1.2850651
1.3407886
1.3407911
1.340788
1.3407866
1.3407859
1.3407839
1.3407767
1.340785
1.3407914
1.3407978
1.4206511
1.4206483
1.4206428
1.420645
1.4206385
1.420635
1.420624
1.420631
1.4206394
1.4206381
1.5303848
1.530379
1.5303788
1.5303776
1.5303733
1.5303648
1.5303504
1.5303557
1.5303595
1.5303639
1.6767944
1.6767902
1.6767987
1.6767916
1.6767908
1.6767732
1.6767592
1.6767585
1.6767574
1.6767738
1.867939
1.8679404
1.8679512
1.8679413
1.8679345
1.8679145
1.8678993
1.8678933
1.8678987
1.8678976
2.1133547
2.1133649
2.1133681
2.1133575
2.1133443
2.1133294
2.1133102
2.1133057
2.1133081
2.1133011
2.424289
2.4243015
2.4242956
2.4242853
2.4242701
2.4242538
2.4242338
2.4242257
2.4242173
2.4242242
2.8138265
2.8138334
2.8138277
2.8138163
2.8138015
2.8137818
2.8137602
2.8137497
2.8137461
2.8137495
3.2966425
3.2966471
3.2966477
3.2966328
3.2966177
3.2965965
3.2965735
3.2965711
3.2965733
3.2965803
3.8874927
3.8875
3.8874987
3.8874792
3.8874604
3.8874431
3.8874297
3.8874288
3.8874321
3.8874374
4.5959449
4.5959494
4.5959434
4.595925
4.5959047
4.5958949
4.5958863
4.5958886
4.5958897
4.5958772
5.4108541
5.4108602
5.4108494
5.4108315
5.4108242
5.4108206
5.4108153
5.4108124
5.4108036
5.4108111
6.2593462
6.2593497
6.259332
6.2593279
6.2593263
6.2593237
6.2593189
6.2593094
6.2593101
6.2593137
6.9167865
6.916784
6.9167685
6.916762
6.9167665
6.916766
6.9167495
6.9167635
6.9167615
6.916754
1.3047593
1.3047917
1.3048012
1.3048257
1.3048368
1.304857
1.3048679
1.3048821
1.3048801
1.3048664
1.3023988
1.3024219
1.3024351
1.3024481
1.3024589
1.3024829
1.3024889
1.3024822
1.3024669
1.3024631
1.2977275
1.2977611
1.2977701
1.2977835
1.2978014
1.2978134
1.2978097
1.2977971
1.2977726
1.2977565
1.2910069
1.2910396
1.2910495
1.2910521
1.291054
1.2910448
1.2910369
1.2910284
1.2910167
1.2909956
1.2825633
1.2825939
1.2826047
1.2825905
1.2825666
1.2825388
1.2825344
1.2825309
1.2825335
1.2825118
1.2728613
1.2728795
1.2728794
1.2728603
1.2728271
1.2727948
1.2727898
1.2727891
1.2727921
1.2727709
1.2625165
1.26252
1.2625099
1.2624898
1.2624603
1.2624353
1.2624254
1.2624301
1.2624232
1.2624178
1.2523264
1.2523176
1.2523055
1.2522884
1.2522689
1.2522524
1.2522368
1.2522407
1.2522248
1.2522352
1.243273
1.2432704
1.2432661
1.2432499
1.2432376
1.2432233
1.2432053
1.2431946
1.2431802
1.2431842
1.236579
1.2365878
1.2365876
1.2365703
1.236559
1.2365397
1.2365351
1.2365155
1.2365045
1.2364793
1.2337094
1.2337228
1.2337175
1.2337081
1.2336992
1.2336779
1.2336867
1.2336807
1.2336702
1.2336274
1.236429
1.2364523
1.2364515
1.2364494
1.2364347
1.2364201
1.2364306
1.2364487
1.2364388
1.2364061
1.2468761
1.2469041
1.2469129
1.2469177
1.2469041
1.2468994
1.2468978
1.2469262
1.246921
1.2469017
1.2676259
1.2676429
1.2676584
1.2676657
1.2676672
1.2676631
1.2676479
1.2676615
1.2676592
1.267657
1.3017321
1.3017352
1.3017502
1.3017512
1.3017633
1.30175
1.3017457
1.3017399
1.3017399
1.3017475
1.3528213
1.3528249
1.3528347
1.352826
1.3528264
1.3528098
1.3528249
1.3528224
1.3528305
1.3528192
1.425244
1.4252547
1.4252526
1.4252455
1.4252278
1.4252187
1.4252331
1.4252496
1.4252559
1.4252337
1.5242137
1.5242217
1.5242029
1.5242099
1.524192
1.5241898
1.524193
1.5242127
1.5242142
1.5242061
1.6559648
1.6559664
1.655947
1.6559595
1.6559531
1.6559422
1.6559357
1.6559483
1.6559555
1.6559553
1.8280248
1.8280186
1.828023
1.8280219
1.8280217
1.8279926
1.8279849
1.8279992
1.8280062
1.8280126
2.0495632
2.0495584
2.04958
2.0495673
2.0495586
2.049522
2.0495164
2.0495231
2.0495296
2.0495311
2.3318954
2.3319019
2.3319157
2.3319009
2.3318762
2.3318479
2.3318428
2.3318409
2.331846
2.3318331
2.6892554
2.6892717
2.6892601
2.6892467
2.6892194
2.6891966
2.6891892
2.6891885
2.6891877
2.6891795
3.1399209
3.1399291
3.1399051
3.1398945
3.1398721
3.1398495
3.1398477
3.1398517
3.1398548
3.1398416
3.7079074
3.7078965
3.7078849
3.7078717
3.707855
3.7078416
3.7078356
3.7078494
3.7078646
3.7078553
4.4253875
4.4253717
4.4253693
4.4253532
4.4253479
4.4253291
4.4253212
4.4253408
4.4253609
4.4253791
5.3348612
5.3348421
5.3348326
5.3348268
5.3348216
5.334803
5.3348097
5.3348153
5.3348411
5.3348572
6.485313
6.4852921
6.4852728
6.48527
6.4852738
6.4852722
6.4852732
6.4852795
6.485294
6.4852957
7.8934416
7.8934216
7.8933894
7.8933955
7.8934097
7.8934168
7.8934289
7.8934308
7.8934097
7.8933997
9.3343754
9.3343572
9.3343382
9.3343419
9.3343522
9.3343748
9.334382
9.3343854
9.3343635
9.3343407
1.2767111
1.2767128
1.2767561
1.276756
1.2767777
1.276753
1.2767599
1.2767469
1.2767344
1.2767166
1.2748507
1.2748784
1.274911
1.2749295
1.2749378
1.2749073
1.2749113
1.2749256
1.2749342
1.2749113
1.2713185
1.2713368
1.2713599
1.2713656
1.2713443
1.2713211
1.2713182
1.271326
1.2713376
1.2713349
1.2662859
1.2663008
1.2663109
1.2663047
1.26627
1.2662526
1.2662421
1.2662424
1.2662188
1.2662286
1.2601104
1.2601026
1.2600844
1.2600734
1.2600569
1.2600507
1.2600228
1.2600111
1.2599676
1.2599917
1.2532375
1.2532384
1.253222
1.2532002
1.2531867
1.2531774
1.2531549
1.2531492
1.2531246
1.2531457
1.2463699
1.2463884
1.2463839
1.2463629
1.2463417
1.2463206
1.2463238
1.2463222
1.246328
1.2463036
1.2403464
1.2403852
1.2403883
1.2403792
1.2403547
1.2403306
1.2403561
1.2403571
1.2403714
1.2403169
1.2362142
1.2362486
1.2362534
1.2362598
1.2362364
1.2362179
1.2362422
1.2362655
1.2362622
1.2362298
1.2352148
1.2352349
1.2352372
1.2352534
1.2352401
1.2352329
1.2352208
1.2352598
1.2352519
1.2352781
1.2388554
1.2388644
1.2388831
1.2388931
1.2388841
1.2388822
1.2388512
1.2388683
1.2388689
1.2389246
1.2489686
1.248956
1.2489839
1.2489956
1.2490042
1.2489958
1.248983
1.2489531
1.2489591
1.2489848
1.2677571
1.267746
1.2677628
1.2677716
1.267788
1.2677756
1.2677912
1.2677394
1.2677289
1.2677133
1.2978326
1.2978428
1.2978449
1.2978566
1.2978544
1.2978474
1.2978747
1.2978546
1.2978263
1.2977874
1.3423319
1.342364
1.342362
1.3423885
1.3423658
1.3423698
1.3423698
1.3423949
1.3423717
1.342342
1.4050438
1.405065
1.4050664
1.4051021
1.4050961
1.4051001
1.4050705
1.4050978
1.4050831
1.4050913
1.4904468
1.4904446
1.4904612
1.4904753
1.4905036
1.4904902
1.4904732
1.4904709
1.4904677
1.4904915
1.6038844
1.6038857
1.6039339
1.6039169
1.6039467
1.6039177
1.6039236
1.6039133
1.6039175
1.6039221
1.7518716
1.7518922
1.7519482
1.751934
1.7519315
1.7519153
1.7519229
1.751925
1.7519277
1.751925
1.9423559
1.9423972
1.9424101
1.94243
1.9423995
1.9424123
1.9424098
1.9424114
1.9424185
1.9424129
2.1851594
2.1851908
2.1851662
2.1851998
2.1851766
2.1851927
2.1851905
2.1852019
2.1852018
2.1852061
2.4927014
2.4926951
2.4926809
2.4926932
2.4927001
2.4926978
2.4926931
2.4927126
2.4927124
2.492751
2.8811782
2.8811471
2.8811719
2.8811647
2.8811851
2.8811736
2.8811701
2.881177
2.8811987
2.8812462
3.372671
3.3726548
3.3726816
3.3726755
3.3726829
3.3726795
3.3726765
3.3726783
3.3727064
3.372747
3.9989811
3.9989938
3.9989876
3.9989877
3.9989831
3.9989814
3.9989938
3.9989951
3.9989916
3.9990177
4.8093902
4.8094027
4.8093754
4.8093812
4.8093738
4.809399
4.8094177
4.8094075
4.8093846
4.8093751
5.8885204
5.8885319
5.8885162
5.8885167
5.8885275
5.8885631
5.8885665
5.8885754
5.888557
5.8885365
7.4027963
7.4028124
7.4028139
7.402825
7.4028363
7.4028451
7.4028584
7.4028867
7.402891
7.4028719
9.7406324
9.7406481
9.7406754
9.7406894
9.740683
9.7406733
9.7406885
9.7407273
9.740768
9.7407889
14.003009
14.003031
14.003058
14.00306
14.003062
14.003048
14.00306
14.003071
14.003139
14.00314
)
;

boundaryField
{
    block1_in
    {
        type            calculated;
        value           nonuniform List<scalar> 
300
(
2.981852
2.971314
2.95009
2.917558
2.873008
2.815252
2.742908
2.654238
2.54701
2.418548
2.265794
2.084838
1.871188
1.6194894
1.3231692
0.9747014
0.5649604
0.0826818
-0.485714
-1.15708
-1.952792
-2.900558
-4.037554
-5.415838
-7.113058
-9.255146
-12.071514
-16.054374
-22.499834
-35.632328
2.981836
2.971346
2.95009
2.917554
2.872934
2.815206
2.742924
2.654262
2.547016
2.418592
2.265794
2.084792
1.871156
1.6194426
1.3231752
0.9747498
0.5649564
0.0826544
-0.485728
-1.15707
-1.952774
-2.90056
-4.037566
-5.415858
-7.113096
-9.255182
-12.071518
-16.054354
-22.499834
-35.632344
2.981848
2.971332
2.950072
2.917538
2.87292
2.815236
2.74293
2.654278
2.547044
2.418576
2.265786
2.084816
1.871132
1.619404
1.3231576
0.9747234
0.5649374
0.0826882
-0.485654
-1.157046
-1.952842
-2.900648
-4.037588
-5.415848
-7.113094
-9.255202
-12.07155
-16.054382
-22.499836
-35.632322
2.981784
2.971278
2.950018
2.91753
2.872996
2.815248
2.742916
2.654274
2.54703
2.418588
2.265826
2.084834
1.871134
1.6193898
1.3231496
0.974744
0.5649546
0.082689
-0.485666
-1.157066
-1.952846
-2.900634
-4.037586
-5.415854
-7.113092
-9.255196
-12.071566
-16.054394
-22.499818
-35.63232
2.98181
2.971244
2.949994
2.91756
2.873018
2.815248
2.742912
2.654246
2.54705
2.418618
2.265828
2.084832
1.871126
1.6193802
1.3231574
0.9747702
0.5650122
0.082748
-0.48566
-1.157092
-1.952852
-2.900612
-4.037542
-5.415814
-7.11307
-9.255188
-12.071554
-16.054362
-22.4998
-35.632298
2.981766
2.971218
2.950022
2.91756
2.87303
2.815268
2.742902
2.654238
2.547042
2.418618
2.26582
2.084824
1.871146
1.6193912
1.3231284
0.9747522
0.565024
0.0827348
-0.485692
-1.157088
-1.952822
-2.900602
-4.037542
-5.41579
-7.11306
-9.255166
-12.071504
-16.054354
-22.499826
-35.632304
2.981752
2.971266
2.950022
2.917534
2.872994
2.815242
2.742914
2.654272
2.547064
2.418602
2.265766
2.084792
1.871146
1.6193962
1.3231222
0.9747202
0.564962
0.0826692
-0.485746
-1.157132
-1.952856
-2.900636
-4.037576
-5.41583
-7.113086
-9.255156
-12.071502
-16.054366
-22.499832
-35.632318
2.981744
2.971284
2.950026
2.917542
2.872982
2.815276
2.74295
2.654302
2.547096
2.418624
2.265778
2.084786
1.871126
1.6193916
1.3231344
0.9747062
0.5649178
0.0826432
-0.485724
-1.157124
-1.952882
-2.90066
-4.037606
-5.415852
-7.11308
-9.255164
-12.071516
-16.054352
-22.49981
-35.632312
2.981712
2.971256
2.950044
2.917506
2.872952
2.815272
2.742974
2.654312
2.547078
2.418642
2.26583
2.084816
1.87111
1.6193564
1.3231208
0.9746938
0.564896
0.0826252
-0.485742
-1.157122
-1.952866
-2.900652
-4.037598
-5.415824
-7.113084
-9.255206
-12.071542
-16.05434
-22.499764
-35.632198
2.981656
2.97121
2.950014
2.917484
2.872946
2.815256
2.742948
2.65427
2.547068
2.418686
2.265888
2.084862
1.871122
1.6193466
1.3231116
0.9747048
0.564916
0.0826102
-0.485764
-1.157102
-1.95282
-2.900588
-4.03753
-5.41579
-7.113068
-9.255222
-12.071574
-16.054358
-22.499698
-35.632166
)
;
    }
    block1_out
    {
        type            calculated;
        value           nonuniform List<scalar> 
300
(
1.2690102
1.2672588
1.2640196
1.2594172
1.2538164
1.247652
1.2416516
1.2366648
1.2337624
1.234176
1.23942
1.251344
1.272156
1.304454
1.351384
1.416778
1.50513
1.62178
1.773286
1.967658
2.214814
2.527344
2.9217546
3.4207936
4.0577882
4.8857604
6.000173
7.6045052
10.232795
15.623427
1.2689928
1.2672892
1.2640296
1.2594218
1.2537938
1.2476488
1.2416844
1.2367366
1.2338218
1.2342062
1.239432
1.251316
1.272126
1.304466
1.351438
1.416812
1.505122
1.621778
1.773316
1.967726
2.21487
2.52734
2.9217048
3.4207648
4.057818
4.8858
6.000213
7.6045538
10.232836
15.623482
1.2690554
1.2673344
1.2640636
1.2594386
1.2537658
1.2476292
1.2416892
1.236753
1.2338334
1.2342116
1.239466
1.25136
1.272148
1.30446
1.351422
1.416802
1.505144
1.621862
1.773416
1.967746
2.21482
2.527306
2.9217422
3.4208162
4.057818
4.8857582
6.0001904
7.6045608
10.232892
15.623536
1.2690454
1.2673542
1.264067
1.2594324
1.253763
1.2476116
1.241671
1.2367482
1.2338528
1.2342484
1.239488
1.25138
1.272158
1.304468
1.351454
1.416858
1.50517
1.62183
1.773382
1.967774
2.214876
2.527328
2.921734
3.4208124
4.057824
4.885767
6.0001832
7.6045704
10.232908
15.623522
1.2690698
1.2673622
1.264027
1.2593842
1.25376
1.2476184
1.2416604
1.2367258
1.2338298
1.234241
1.239486
1.25141
1.272198
1.304466
1.351414
1.416856
1.505232
1.62189
1.773386
1.967732
2.214846
2.527356
2.9217888
3.4208422
4.057827
4.885755
6.000198
7.6045894
10.232894
15.623528
1.2690208
1.2673034
1.2639874
1.2593664
1.2537696
1.2476226
1.2416386
1.236693
1.2338038
1.2342368
1.239494
1.251404
1.272176
1.304452
1.351428
1.416872
1.505212
1.621842
1.773364
1.967762
2.214886
2.527368
2.9217806
3.420841
4.057822
4.8857998
6.000262
7.6045976
10.232866
15.623488
1.2690266
1.2673096
1.2639884
1.2593556
1.2537268
1.2475872
1.2416458
1.2367396
1.2338516
1.2342208
1.239438
1.251372
1.272198
1.304508
1.351434
1.416812
1.505172
1.621848
1.773376
1.967758
2.214884
2.52736
2.9217732
3.420831
4.0578376
4.8858292
6.0002632
7.6046162
10.232878
15.623484
1.2690008
1.2673392
1.264012
1.2593638
1.2537116
1.2475788
1.2416412
1.2367394
1.233898
1.2343002
1.239472
1.251314
1.272102
1.304472
1.351478
1.41686
1.505164
1.621822
1.773372
1.96775
2.214898
2.527396
2.9217818
3.4208268
4.0578336
4.8858
6.0002726
7.6046548
10.232936
15.62351
1.2689848
1.2673648
1.2640478
1.2593342
1.2536382
1.2475332
1.241649
1.2367692
1.2339054
1.2342974
1.239476
1.251326
1.27209
1.30443
1.35144
1.416834
1.505158
1.621824
1.773368
1.967758
2.214894
2.527388
2.9218112
3.420867
4.057816
4.8857476
6.0002218
7.6046462
10.233005
15.623633
1.2689708
1.2673332
1.2640514
1.2593616
1.2536914
1.2475788
1.2416116
1.2366816
1.2338568
1.2343496
1.239592
1.251404
1.27209
1.30437
1.351388
1.416858
1.505214
1.621838
1.773372
1.967756
2.214896
2.527456
2.9219038
3.420942
4.057868
4.8857284
6.0001688
7.6046168
10.233058
15.623644
)
;
    }
    block1_wall1
    {
        type            calculated;
        value           nonuniform List<scalar> 
600
(
2.9205223
2.9096823
2.8878453
2.8544353
2.8086963
2.7494847
2.675395
2.5846657
2.4751067
2.3440497
2.188398
2.004328
1.7873528
1.5321425
1.2322558
0.88017536
0.46684133
-0.018817333
-0.5902026
-1.2639187
-2.0609457
-3.0083547
-4.1422637
-5.5128843
-7.1939953
-9.3021377
-12.040058
-15.809673
-21.552981
-31.944848
2.7114655
2.6997325
2.6760925
2.6400115
2.590682
2.5270405
2.4476825
2.350845
2.234415
2.095815
1.931959
1.7392221
1.5132589
1.2489398
0.9402358
0.57990767
0.15937185
-0.33160225
-0.90543495
-1.5773055
-2.365977
-3.295073
-4.394992
-5.7058155
-7.281579
-9.1961875
-11.548927
-14.455357
-17.95327
-21.494049
2.544746
2.532578
2.50799
2.470455
2.419213
2.353233
2.2711845
2.1713995
2.0518335
1.9100525
1.7431445
1.5476444
1.3195069
1.0539509
0.7453545
0.38712023
-0.02852135
-0.51073565
-1.0704059
-1.7204936
-2.4764925
-3.357023
-4.384442
-5.5852825
-6.9898235
-8.6286055
-10.519847
-12.631977
-14.784204
-16.427862
2.390338
2.3779485
2.3528495
2.314591
2.262463
2.1954945
2.1124345
2.0117345
1.891502
1.7494651
1.5829381
1.3887543
1.1632221
0.9020325
0.60016325
0.25181071
-0.14975515
-0.6123303
-1.144886
-1.7576947
-2.4624191
-3.272032
-4.200389
-5.2609735
-6.463816
-7.8085775
-9.269871
-10.768507
-12.12371
-13.005339
2.248378
2.23592
2.2107745
2.1725055
2.120468
2.0537735
1.9712755
1.871563
1.7529305
1.6133242
1.4503376
1.2611686
1.0425556
0.7907468
0.50143705
0.16971149
-0.20999605
-0.643946
-1.1390833
-1.7029362
-2.3433987
-3.0682444
-3.8840932
-4.7944133
-5.7958865
-6.8720118
-7.9825654
-9.0484884
-9.9367725
-10.464419
2.1187685
2.106464
2.0817085
2.044101
1.993056
1.9277816
1.8472614
1.750251
1.6352507
1.5004702
1.3438226
1.16291
0.9549715
0.71685655
0.44502247
0.13550683
-0.2160699
-0.6144453
-1.0646068
-1.5715757
-2.1400106
-2.7735065
-3.4733905
-4.2367495
-5.0533467
-5.9010662
-6.7399328
-7.5061147
-8.1104602
-8.451132
2.0013801
1.9894667
1.9654953
1.9291368
1.8798806
1.8170306
1.73973
1.6469225
1.5373209
1.4094278
1.261521
1.0916222
0.897489
0.6766153
0.42622557
0.14329059
-0.17541775
-0.53322345
-0.93338505
-1.3788182
-1.8716404
-2.4124597
-2.9992821
-3.625912
-4.2797465
-4.9390196
-5.5700029
-6.1255676
-6.5478194
-6.7785134
1.8959664
1.8846072
1.8617656
1.8271567
1.7803534
1.7207967
1.6477852
1.5604415
1.4577273
1.3384537
1.201263
1.0446156
0.8667977
0.66593309
0.43999286
0.18683804
-0.09569785
-0.40968905
-0.75694255
-1.1387187
-1.5553109
-2.0054381
-2.4853889
-2.98789
-3.5007179
-4.0052519
-4.4754654
-4.8782988
-5.1767125
-5.336561
1.8019853
1.7913155
1.7698724
1.7374212
1.6936385
1.6380969
1.5702401
1.4893875
1.3947625
1.2854831
1.1605542
1.0188747
0.85924774
0.68039771
0.48100747
0.25976921
0.01546635
-0.2529067
-0.54598625
-0.8638018
-1.2054353
-1.5685714
-1.9489201
-2.3395151
-2.7299516
-3.1057615
-3.4482667
-3.735415
-3.944134
-4.0544255
1.718687
1.7088221
1.6889819
1.65902
1.6187101
1.5677353
1.5056906
1.4321122
1.3464765
1.2481996
1.1366451
1.0111342
0.87096321
0.71543068
0.54388507
0.35577316
0.1507131
-0.0714026
-0.31028005
-0.5650479
-0.83402755
-1.1144583
-1.4021774
-1.6912745
-1.9737845
-2.2395464
-2.4764038
-2.670945
-2.809963
-2.882584
1.645257
1.6362542
1.6181825
1.5909576
1.5544279
1.5083923
1.4526179
1.3868468
1.3107976
1.2241763
1.1266887
1.0180574
0.89804476
0.76648874
0.62334816
0.4687484
0.30304175
0.1268884
-0.0586601
-0.25205715
-0.45114487
-0.65304236
-0.8540544
-1.0496242
-1.2343701
-1.4022476
-1.546875
-1.6620195
-1.742216
-1.783401
1.5807994
1.5727045
1.556508
1.5321533
1.499573
1.458696
1.4094556
1.3517803
1.2856242
1.2109693
1.1278382
1.0363291
0.93664244
0.82911558
0.7142641
0.59282985
0.4658251
0.3345856
0.2008138
0.06661825
-0.06547124
-0.19254121
-0.3114089
-0.4188373
-0.51186865
-0.588253
-0.646885
-0.688097
-0.7135375
-0.7254455
1.5243897
1.5172465
1.5029497
1.4815022
1.4529334
1.4172954
1.3746583
1.3251368
1.2689018
1.2061878
1.1373123
1.0627248
0.9830312
0.89902505
0.8117352
0.7224686
0.63284085
0.54480965
0.46069225
0.3831547
0.31514206
0.25971534
0.2197566
0.1975091
0.1939354
0.207942
0.235643
0.270019
0.301581
0.320586
1.4751341
1.4689261
1.4565008
1.4379366
1.4133475
1.3828807
1.3467405
1.3052182
1.2586701
1.2075609
1.1524843
1.0942113
1.0337155
0.9722074
0.9111885
0.85248455
0.7982759
0.7511273
0.7139916
0.69016815
0.68317893
0.69651964
0.73322595
0.79519
0.8821641
0.99045815
1.1115165
1.230963
1.329274
1.3856405
1.4320919
1.4267702
1.4161584
1.40039
1.3796423
1.3541507
1.3242499
1.2903734
1.2530381
1.2129191
1.1708617
1.1279232
1.0854066
1.0449012
1.0083354
0.97801195
0.9566522
0.9474316
0.9539861
0.9803686
1.0309195
1.1099957
1.2214729
1.3678968
1.5491171
1.7602582
1.9890455
2.213079
2.398939
2.507082
1.3943262
1.3898437
1.3809528
1.3678251
1.350682
1.3298618
1.3057922
1.2790141
1.2501974
1.2202035
1.1900949
1.1611791
1.1350472
1.1136209
1.0992039
1.0945338
1.1028457
1.1279217
1.1741213
1.2463765
1.3501152
1.4910561
1.6747699
1.905819
2.1861726
2.5124362
2.8713503
3.233387
3.5463215
3.7366685
1.3610068
1.3573047
1.3500057
1.3393014
1.3254568
1.3088892
1.2900907
1.2696963
1.248518
1.2275722
1.2080986
1.1916138
1.1799464
1.1752944
1.1802808
1.1980246
1.232226
1.2872391
1.3681499
1.4808473
1.6320556
1.8292979
2.0806992
2.3944169
2.7773032
3.2319481
3.7505146
4.3027658
4.816264
5.1565915
1.331384
1.3283983
1.3225162
1.313965
1.3030441
1.2902068
1.2760024
1.2611611
1.2466038
1.233465
1.2231229
1.2172473
1.2178471
1.2273389
1.2486007
1.2850558
1.3407886
1.4206511
1.5303848
1.6767944
1.867939
2.1133547
2.424289
2.8138265
3.2966425
3.8874927
4.5959449
5.4108541
6.2593462
6.9167865
1.3047593
1.3023988
1.2977275
1.2910069
1.2825633
1.2728613
1.2625165
1.2523264
1.243273
1.236579
1.2337094
1.236429
1.2468761
1.2676259
1.3017321
1.3528213
1.425244
1.5242137
1.6559648
1.8280248
2.0495632
2.3318954
2.6892554
3.1399209
3.7079074
4.4253875
5.3348612
6.485313
7.8934416
9.3343754
1.2767111
1.2748507
1.2713185
1.2662859
1.2601104
1.2532375
1.2463699
1.2403464
1.2362142
1.2352148
1.2388554
1.2489686
1.2677571
1.2978326
1.3423319
1.4050438
1.4904468
1.6038844
1.7518716
1.9423559
2.1851594
2.4927014
2.8811782
3.372671
3.9989811
4.8093902
5.8885204
7.4027963
9.7406324
14.003009
)
;
    }
    block1_wall2
    {
        type            calculated;
        value           nonuniform List<scalar> 
200
(
-31.944848
-21.494049
-16.427862
-13.005339
-10.464419
-8.451132
-6.7785134
-5.336561
-4.0544255
-2.882584
-1.783401
-0.7254455
0.320586
1.3856405
2.507082
3.7366685
5.1565915
6.9167865
9.3343754
14.003009
-31.944855
-21.494045
-16.42786
-13.005331
-10.464417
-8.45114
-6.7785187
-5.336553
-4.054409
-2.882572
-1.783402
-0.725458
0.3205745
1.385638
2.507081
3.7366715
5.1565905
6.916784
9.3343572
14.003031
-31.944843
-21.494051
-16.427863
-13.005334
-10.464421
-8.4511418
-6.7785119
-5.3365385
-4.0543965
-2.8825705
-1.783414
-0.7254755
0.3205655
1.385636
2.5070865
3.7366815
5.1565845
6.9167685
9.3343382
14.003058
-31.944846
-21.494058
-16.427866
-13.005337
-10.46442
-8.4511364
-6.7785038
-5.33653
-4.0543925
-2.882574
-1.783422
-0.72548
0.3205635
1.3856285
2.507076
3.7366725
5.156586
6.916762
9.3343419
14.00306
-31.944835
-21.494068
-16.427869
-13.005333
-10.464418
-8.4511387
-6.7785039
-5.336528
-4.0543935
-2.8825755
-1.78342
-0.7254765
0.320562
1.385626
2.507069
3.7366585
5.1565715
6.9167665
9.3343522
14.003062
-31.944843
-21.49407
-16.427857
-13.005325
-10.464423
-8.4511454
-6.7785049
-5.3365295
-4.0543955
-2.882571
-1.7834115
-0.7254755
0.320553
1.385618
2.5070635
3.7366485
5.15656
6.916766
9.3343748
14.003048
-31.944855
-21.494065
-16.427847
-13.00533
-10.464434
-8.4511511
-6.7785062
-5.336531
-4.0543955
-2.8825645
-1.7834045
-0.725476
0.3205495
1.3856105
2.5070565
3.736649
5.1565595
6.9167495
9.334382
14.00306
-31.944856
-21.494067
-16.427842
-13.005336
-10.464441
-8.4511508
-6.7785041
-5.3365325
-4.054391
-2.8825535
-1.7834005
-0.725481
0.320543
1.3856075
2.507055
3.736637
5.1565515
6.9167635
9.3343854
14.003071
-31.944793
-21.4941
-16.427867
-13.005352
-10.464441
-8.4511448
-6.7785036
-5.336527
-4.0543765
-2.882549
-1.783412
-0.7254895
0.3205435
1.385612
2.507055
3.73663
5.156546
6.9167615
9.3343635
14.003139
-31.944767
-21.49411
-16.427895
-13.005357
-10.464434
-8.451146
-6.7784969
-5.3365115
-4.054375
-2.8825615
-1.783427
-0.7254975
0.3205515
1.3856155
2.5070465
3.736635
5.156561
6.916754
9.3343407
14.00314
)
;
    }
    block1_wall3
    {
        type            calculated;
        value           nonuniform List<scalar> 
600
(
2.9203813
2.9096163
2.88782
2.854426
2.808698
2.7495153
2.6754393
2.5847087
2.475158
2.344145
2.1884783
2.004374
1.7873543
1.5321076
1.2322662
0.88021557
0.46685373
-0.0188232
-0.5902104
-1.2639257
-2.0609543
-3.0083547
-4.142228
-5.512827
-7.1939573
-9.3021413
-12.040072
-15.809669
-21.55292
-31.944767
2.7114815
2.6997785
2.676156
2.64009
2.590757
2.5270915
2.447715
2.3508785
2.2344405
2.0958345
1.9320045
1.7392997
1.5133766
1.2490916
0.94037165
0.5800311
0.1595108
-0.33146735
-0.9053376
-1.577242
-2.365916
-3.2949985
-4.3949075
-5.705719
-7.281467
-9.19608
-11.548853
-14.45534
-17.953312
-21.49411
2.544797
2.532609
2.507985
2.470429
2.419179
2.3531955
2.2711425
2.1713555
2.051801
1.9100325
1.743136
1.5476645
1.3195522
1.054014
0.7454311
0.3872063
-0.02842405
-0.5106334
-1.0703109
-1.7204074
-2.4764115
-3.356941
-4.3843565
-5.585205
-6.9897645
-8.6285525
-10.519802
-12.631946
-14.784207
-16.427895
2.3903205
2.3778815
2.3527555
2.3144845
2.2623505
2.195377
2.1123175
2.011623
1.891397
1.7493694
1.5828518
1.388684
1.1631664
0.9019871
0.6001358
0.25179963
-0.14975535
-0.6123135
-1.144851
-1.7576497
-2.4623728
-3.2719955
-4.200372
-5.2609725
-6.46382
-7.808583
-9.269888
-10.768528
-12.123733
-13.005357
2.2483005
2.235835
2.210682
2.172412
2.1203665
2.053661
1.971162
1.8714543
1.7528188
1.6132106
1.4502244
1.2610528
1.0424408
0.7906372
0.50133815
0.16962908
-0.2100626
-0.6439955
-1.1391111
-1.7029493
-2.3434168
-3.0682822
-3.8841493
-4.7944766
-5.7959547
-6.8720866
-7.9826406
-9.048548
-9.9368076
-10.464434
2.118743
2.106459
2.0817075
2.0440925
1.9930345
1.9277498
1.8472283
1.7502164
1.635206
1.5004133
1.343758
1.1628345
0.9548839
0.716765
0.4449314
0.13541639
-0.2161565
-0.6145234
-1.0646751
-1.5716408
-2.1400789
-2.7735817
-3.4734746
-4.2368404
-5.0534457
-5.901164
-6.7400132
-7.5061644
-8.1104827
-8.451146
2.0014452
1.9895424
1.9655764
1.9292073
1.8799386
1.8170919
1.7397939
1.6469772
1.5373662
1.4094671
1.2615501
1.0916374
0.89748945
0.6765972
0.42618575
0.14323169
-0.17548795
-0.5332959
-0.93345275
-1.3788794
-1.8716947
-2.4125107
-2.9993394
-3.6259788
-4.2798176
-4.9390773
-5.5700373
-6.1255725
-6.5478114
-6.7784969
1.8960649
1.8847167
1.8618685
1.8272526
1.7804555
1.7209077
1.6478915
1.5605391
1.4578246
1.3385536
1.2013581
1.0446969
0.86685685
0.66596079
0.43998784
0.18681032
-0.09573555
-0.40972605
-0.75697185
-1.1387386
-1.5553228
-2.0054477
-2.4854075
-2.9879181
-3.5007426
-4.0052598
-4.4754548
-4.8782736
-5.176678
-5.3365115
1.8020808
1.7914174
1.7699594
1.7375081
1.6937322
1.6381847
1.570314
1.4894598
1.3948456
1.2855772
1.1606498
1.0189578
0.85930768
0.68043284
0.4810233
0.25977527
0.01547065
-0.2529
-0.54597665
-0.86378975
-1.2054233
-1.5685651
-1.9489255
-2.3395238
-2.7299515
-3.1057506
-3.4482442
-3.7353825
-3.9440845
-4.054375
1.71877
1.7088857
1.6890297
1.6590583
1.6187297
1.5677293
1.5056729
1.4321044
1.3464926
1.2482389
1.1366958
1.0111829
0.87100399
0.71546541
0.54391647
0.35580462
0.150747
-0.0713668
-0.31024525
-0.56501915
-0.83401006
-1.1144543
-1.4021828
-1.69128
-1.973787
-2.2395448
-2.4763929
-2.6709195
-2.8099275
-2.8825615
1.6452823
1.6362513
1.6181527
1.5908917
1.5543219
1.5082611
1.4524875
1.3867399
1.3107262
1.2241371
1.12667
1.018048
0.89803972
0.76648801
0.62335391
0.46876485
0.30307075
0.1269243
-0.05862725
-0.2520383
-0.45114295
-0.65305137
-0.85406802
-1.049643
-1.2343932
-1.4022665
-1.546886
-1.6620225
-1.742228
-1.783427
1.580744
1.5726259
1.5563888
1.5319922
1.4993843
1.4585034
1.4092808
1.351639
1.2855173
1.2108868
1.1277712
1.0362702
0.93658976
0.82907264
0.7142383
0.5928263
0.4658409
0.3346078
0.20083005
0.0666247
-0.06546976
-0.1925401
-0.31141085
-0.41884675
-0.51188175
-0.588265
-0.6468995
-0.6881235
-0.7135805
-0.7254975
1.5242931
1.5171256
1.5028041
1.4813472
1.4527892
1.4171721
1.3745673
1.325074
1.2688523
1.206139
1.137263
1.0626752
0.9829838
0.8989875
0.8117163
0.72247015
0.63285565
0.54482785
0.46071225
0.383183
0.31518336
0.25976448
0.2198052
0.19755505
0.19397635
0.207972
0.235653
0.2699975
0.3015445
0.3205515
1.4750398
1.4688259
1.4564178
1.4378849
1.4133406
1.3829148
1.3468031
1.3052777
1.2587091
1.2075757
1.1524811
1.0941942
1.0336914
0.9721891
0.91118285
0.8524892
0.7982833
0.7511364
0.7140125
0.6902075
0.68323582
0.69659036
0.7333049
0.79527155
0.8822398
0.9905144
1.1115395
1.2309575
1.329255
1.3856155
1.4320436
1.4267439
1.4161884
1.4004743
1.3797816
1.3543281
1.3244243
1.2905045
1.2531232
1.2129627
1.1708716
1.1279111
1.08539
1.0448942
1.0083342
0.9780062
0.95663725
0.9474115
0.95397125
0.9803676
1.030932
1.1100232
1.2215199
1.3679523
1.5491666
1.7602898
1.9890545
2.2130725
2.398917
2.5070465
1.3943603
1.3899084
1.38109
1.3680183
1.3509134
1.3300952
1.3059887
1.2791498
1.2502757
1.2202353
1.1901028
1.1611832
1.1350579
1.1136398
1.0992186
1.0945271
1.1028163
1.1278832
1.174077
1.2463274
1.3500749
1.4910323
1.6747607
1.9058152
2.1861651
2.5124188
2.8713329
3.2333525
3.54628
3.736635
1.361111
1.3574328
1.3501776
1.3394996
1.32566
1.3090663
1.2902243
1.2697744
1.2485508
1.2275861
1.2081175
1.1916471
1.1799982
1.1753468
1.1803082
1.1980273
1.2322139
1.2872137
1.3681094
1.4807941
1.6320051
1.8292502
2.0806461
2.3943669
2.7772506
3.231891
3.7504632
4.3027149
4.81622
5.156561
1.3315078
1.3285196
1.3226334
1.3140651
1.3031202
1.2902402
1.276003
1.261146
1.2465865
1.233448
1.2231215
1.2172801
1.2179062
1.2273871
1.2486182
1.2850651
1.3407978
1.4206381
1.5303639
1.6767738
1.8678976
2.1133011
2.4242242
2.8137495
3.2965803
3.8874374
4.5958772
5.4108111
6.2593137
6.916754
1.3048664
1.3024631
1.2977565
1.2909956
1.2825118
1.2727709
1.2624178
1.2522352
1.2431842
1.2364793
1.2336274
1.2364061
1.2469017
1.267657
1.3017475
1.3528192
1.4252337
1.5242061
1.6559553
1.8280126
2.0495311
2.3318331
2.6891795
3.1398416
3.7078553
4.4253791
5.3348572
6.4852957
7.8933997
9.3343407
1.2767166
1.2749113
1.2713349
1.2662286
1.2599917
1.2531457
1.2463036
1.2403169
1.2362298
1.2352781
1.2389246
1.2489848
1.2677133
1.2977874
1.342342
1.4050913
1.4904915
1.6039221
1.751925
1.9424129
2.1852061
2.492751
2.8812462
3.372747
3.9990177
4.8093751
5.8885365
7.4028719
9.7407889
14.00314
)
;
    }
    block1_wall4
    {
        type            calculated;
        value           nonuniform List<scalar> 
200
(
2.9205223
2.7114655
2.544746
2.390338
2.248378
2.1187685
2.0013801
1.8959664
1.8019853
1.718687
1.645257
1.5807994
1.5243897
1.4751341
1.4320919
1.3943262
1.3610068
1.331384
1.3047593
1.2767111
2.9204827
2.71141
2.544765
2.3903905
2.248383
2.1187375
2.0013664
1.8959685
1.8019959
1.7187109
1.6452676
1.5807919
1.5243952
1.4751453
1.4320869
1.3943123
1.3609955
1.3313921
1.3047917
1.2767128
2.9204717
2.7113975
2.544798
2.3904045
2.248369
2.1187225
2.0013684
1.8959883
1.8020226
1.7187248
1.6452669
1.5807913
1.5243917
1.4751292
1.4320623
1.3942908
1.3609918
1.3314039
1.3048012
1.2767561
2.92043
2.711417
2.544822
2.390395
2.2483475
2.1187165
2.0013791
1.8960176
1.8020508
1.7187328
1.6452623
1.5807859
1.5243842
1.475112
1.43204
1.3942837
1.3610071
1.3314306
1.3048257
1.276756
2.920448
2.7114285
2.544828
2.3903825
2.2483265
2.1187105
2.0014064
1.8960499
1.8020601
1.7187254
1.64526
1.5807908
1.5243807
1.4750982
1.4320307
1.3942854
1.3610141
1.3314374
1.3048368
1.2767777
2.920434
2.711455
2.5448265
2.390365
2.2483105
2.118718
2.0014295
1.8960608
1.802053
1.7187224
1.6452699
1.5807991
1.5243768
1.4750879
1.4320277
1.3942951
1.3610304
1.3314542
1.304857
1.276753
2.920435
2.711474
2.5448215
2.3903445
2.2483035
2.1187315
2.0014422
1.8960604
1.8020453
1.7187258
1.6452832
1.5808044
1.5243671
1.4750729
1.432021
1.3943012
1.3610437
1.3314679
1.3048679
1.2767599
2.920429
2.7114775
2.5448155
2.39033
2.248302
2.1187405
2.0014463
1.896053
1.8020447
1.7187404
1.6452956
1.5807965
1.5243442
1.4750556
1.4320212
1.3943154
1.3610638
1.3314866
1.3048821
1.2767469
2.920412
2.711478
2.5448025
2.390321
2.2483025
2.118746
2.0014468
1.8960542
1.8020605
1.7187605
1.6452975
1.5807731
1.524313
1.4750393
1.4320273
1.3943374
1.3610899
1.3314997
1.3048801
1.2767344
2.9203813
2.7114815
2.544797
2.3903205
2.2483005
2.118743
2.0014452
1.8960649
1.8020808
1.71877
1.6452823
1.580744
1.5242931
1.4750398
1.4320436
1.3943603
1.361111
1.3315078
1.3048664
1.2767166
)
;
    }
}


// ************************************************************************* //
