/*--------------------------------*- C++ -*----------------------------------*\
| =========                 |                                                 |
| \\      /  F ield         | OpenFOAM: The Open Source CFD Toolbox           |
|  \\    /   O peration     | Version:  v2106                                 |
|   \\  /    A nd           | Website:  www.openfoam.com                      |
|    \\/     M anipulation  |                                                 |
\*---------------------------------------------------------------------------*/
FoamFile
{
    version     2.0;
    format      ascii;
    arch        "LSB;label=32;scalar=64";
    class       volVectorField;
    location    "0";
    object      gradTmode5;
}
// * * * * * * * * * * * * * * * * * * * * * * * * * * * * * * * * * * * * * //

dimensions      [0 -1 0 1 0 0 0];

internalField   nonuniform List<vector> 
2000
(
(1.4770787 1.4770823 23.171407)
(6.082454 2.6570997 28.963399)
(1.888717 0.88692667 33.140061)
(-6.0818355 -0.93091433 28.276208)
(-14.684988 -4.045977 23.394721)
(-21.802476 -4.1382396 16.786408)
(-16.802131 -2.4818193 13.58961)
(-6.800286 -1.9846027 16.221522)
(1.0409585 -0.71552667 21.535011)
(1.5068787 1.18025 28.117904)
(2.657096 6.082447 28.96341)
(5.1972205 5.1972195 34.554069)
(-3.493304 -3.3002035 35.312128)
(-13.481191 -8.197791 28.267169)
(-19.495976 -12.85798 19.382189)
(-19.45624 -9.6695266 13.60192)
(-13.571675 -4.383891 12.403468)
(-4.150847 -1.314473 13.243444)
(5.7882375 1.572436 17.597572)
(3.4026553 3.0397095 26.76585)
(0.886927 1.8886965 33.140068)
(-3.3001965 -3.4933135 35.312128)
(-11.506294 -11.506304 31.343382)
(-15.639612 -14.325854 24.752729)
(-16.156724 -11.470525 17.220858)
(-13.328387 -5.3659841 15.021445)
(-8.447077 0.773736 13.814688)
(-0.843959 5.366843 14.350972)
(5.395141 3.8963365 17.887356)
(2.485061 0.282709 23.694754)
(-0.93091067 -6.0818535 28.27621)
(-8.1977805 -13.481197 28.267174)
(-14.325844 -15.639617 24.752729)
(-13.445411 -13.445419 19.739133)
(-10.536107 -7.8913012 16.125743)
(-7.2119785 -1.8693805 13.85641)
(-2.838848 3.8791805 14.833589)
(-1.0282465 5.0330615 16.761602)
(0.7041035 0.7052445 15.735648)
(0.99357033 -2.2309285 20.071241)
(-4.0459683 -14.684998 23.394714)
(-12.85796 -19.495983 19.382189)
(-11.470516 -16.156729 17.220872)
(-7.8912962 -10.536109 16.125753)
(-4.5806853 -4.5806915 12.415646)
(-1.557905 0.241987 10.967861)
(-1.544635 1.9459955 12.972337)
(-4.017895 0.588352 12.811307)
(-1.868849 -0.337151 11.12673)
(0.52761233 -1.434036 17.007303)
(-4.1382337 -21.802477 16.7864)
(-9.6695118 -19.456246 13.601919)
(-5.3659702 -13.32839 15.021452)
(-1.8693735 -7.2119783 13.856409)
(0.241989 -1.557907 10.967858)
(-0.6852915 -0.685294 8.0384843)
(-2.492483 -1.621848 6.2075707)
(-3.311393 0.0849115 6.073343)
(-1.3182845 1.3475045 7.342277)
(0.26231367 -0.56269 12.239567)
(-2.4818143 -16.802121 13.589597)
(-4.3838735 -13.571672 12.40346)
(0.7737515 -8.447079 13.814688)
(3.879187 -2.8388505 14.833585)
(1.945999 -1.544632 12.972342)
(-1.621846 -2.492484 6.207575)
(-0.7744295 -0.7744255 2.0199047)
(-1.0485425 0.95283 2.2722493)
(-2.5164505 2.2848805 2.241514)
(-0.74585067 1.090155 4.1427057)
(-1.984601 -6.800266 16.22152)
(-1.31447 -4.150842 13.243445)
(5.366851 -0.8439665 14.350969)
(5.0330735 -1.0282555 16.761598)
(0.5883555 -4.0178995 12.811308)
(0.084915 -3.311397 6.0733423)
(0.952831 -1.048541 2.2722467)
(-0.252087 -0.2520785 -1.4031667)
(-1.1809595 1.5950345 -0.845059)
(-0.53417 1.186084 0.85376767)
(-0.71553167 1.0409765 21.535012)
(1.572426 5.7882425 17.597569)
(3.896338 5.3951375 17.887347)
(0.705254 0.704088 15.735639)
(-0.3371425 -1.868863 11.126724)
(1.3475125 -1.318294 7.3422727)
(2.284889 -2.5164575 2.2415213)
(1.595033 -1.180959 -0.84505067)
(-1.078288 -1.078273 -2.1876677)
(-1.0184843 -0.049715 -3.9319227)
(1.180243 1.5068847 28.117922)
(3.039691 3.4026593 26.765855)
(0.2826965 2.4850613 23.694742)
(-2.230927 0.993565 20.071224)
(-1.4340265 0.52760733 17.007295)
(-0.5626795 0.262309 12.239566)
(1.090166 -0.745854 4.1427247)
(1.1860975 -0.534173 0.85378767)
(-0.0497155 -1.0184777 -3.9318973)
(0.15153533 0.151542 -0.728617)
(2.5073247 2.5073243 18.005064)
(2.764745 1.5150067 15.531372)
(-8.1720165 -1.5117837 7.3179985)
(-14.922203 -1.828814 2.2030115)
(-14.544879 -1.327613 1.205499)
(-14.318121 -2.9052385 8.3670169)
(-12.15065 -1.423907 17.950963)
(-1.8765288 1.7511551 24.474562)
(6.113893 0.7646842 28.457566)
(2.2396279 0.7538362 27.959804)
(1.515007 2.7647395 15.531364)
(-3.263917 -3.2639195 9.6138205)
(-13.187747 -8.0872975 2.5672745)
(-14.645947 -7.9714105 0.1601585)
(-16.159516 -8.3113785 5.3658715)
(-14.462562 -7.3666278 14.481478)
(-5.1660597 -1.9967717 21.539468)
(1.406358 2.067194 28.301287)
(4.6179147 1.1163675 30.893108)
(2.2287799 1.2950242 26.877262)
(-1.5117813 -8.172024 7.318001)
(-8.087292 -13.187755 2.5672775)
(-12.879507 -12.879515 1.2079745)
(-15.146284 -12.006157 3.8229175)
(-13.940096 -10.9121 9.8923048)
(-8.0035143 -4.2096892 15.729177)
(-2.7168283 -0.02844955 21.723941)
(1.2366103 -0.26810635 26.190655)
(5.3417231 0.07845965 26.531179)
(2.3587324 -2.2880474 22.603352)
(-1.828814 -14.922211 2.203021)
(-7.971408 -14.645956 0.1601615)
(-12.006149 -15.146292 3.8229165)
(-12.678531 -12.678541 7.9409882)
(-8.3630475 -6.7358941 11.61921)
(-3.5789119 -2.9238441 15.859304)
(-1.2244768 -1.2758881 18.786381)
(1.5132672 -0.33353805 19.521791)
(2.5979736 -3.1270859 20.81202)
(0.65110857 -7.3894921 18.135596)
(-1.3276113 -14.544883 1.205514)
(-8.3113725 -16.159517 5.3658735)
(-10.912092 -13.940096 9.8923033)
(-6.7358861 -8.3630541 11.619207)
(-4.1853994 -4.1854073 13.028423)
(-2.5435082 -3.2479341 13.581149)
(-0.1265222 -2.1496003 12.823871)
(-0.6145875 -3.7378342 13.718403)
(-1.7142309 -7.8969711 15.166357)
(-0.4828718 -8.7414799 13.082205)
(-2.9052371 -14.318116 8.3670342)
(-7.3666219 -14.462558 14.481486)
(-4.2096864 -8.0035066 15.72918)
(-2.9238421 -3.5789095 15.859303)
(-3.2479274 -2.5435151 13.581151)
(-1.5431049 -1.5431096 11.088702)
(-1.714377 -3.5148267 10.023523)
(-4.2341035 -6.5758635 9.6814924)
(-2.405672 -6.7836077 9.4482535)
(0.088102667 -5.4579505 8.2237965)
(-1.4239062 -12.150646 17.950984)
(-1.9967633 -5.1660532 21.539487)
(-0.02844395 -2.7168249 21.72395)
(-1.2758946 -1.2244749 18.786382)
(-2.1495995 -0.12652535 12.823871)
(-3.5148198 -1.714383 10.02352)
(-5.159276 -5.1592795 8.0293709)
(-3.8833685 -4.7773745 4.9851385)
(-0.596318 -1.9066835 4.7555385)
(0.40089967 -1.8864725 5.8889965)
(1.7511584 -1.8765317 24.474577)
(2.0671997 1.4063583 28.301298)
(-0.2681081 1.2366049 26.190664)
(-0.3335426 1.5132625 19.521785)
(-3.7378356 -0.61458565 13.718394)
(-6.5758591 -4.2341125 9.6814851)
(-4.7773685 -3.88337 4.985135)
(-0.9815075 -0.9815125 2.5837385)
(0.48523 -0.117914 2.22473)
(0.10157667 -0.9885445 3.664122)
(0.76468717 6.1138963 28.457566)
(1.1163733 4.6179117 30.89312)
(0.07846025 5.3417242 26.531195)
(-3.1270852 2.5979715 20.812026)
(-7.8969746 -1.7142361 15.166358)
(-6.7836042 -2.405682 9.4482443)
(-1.906676 -0.5963245 4.755528)
(-0.1179125 0.4852245 2.2247195)
(-0.60335 -0.6033465 1.756182)
(-0.17952067 0.708454 4.2716895)
(0.75383537 2.2396325 27.959801)
(1.2950276 2.2287807 26.877272)
(-2.2880483 2.3587354 22.603363)
(-7.3895029 0.65110833 18.135611)
(-8.7414891 -0.48287643 13.082204)
(-5.4579475 0.088098667 8.2237912)
(-1.886462 0.40089467 5.8889875)
(-0.9885295 0.10157467 3.6641195)
(0.7084595 -0.17951667 4.271684)
(0.97611033 0.97611433 4.8930935)
(-0.17204933 -0.17205133 -5.0005435)
(-4.6046115 -1.2879347 -11.012797)
(-11.439643 -2.2802227 -14.407425)
(-12.194335 -2.2928163 -10.743585)
(-8.520983 -1.2723953 -2.279414)
(-5.057012 -0.061932 6.2836765)
(-0.694585 -0.089483 14.768169)
(3.7063175 0.566547 22.620123)
(4.5261995 0.908168 22.144204)
(1.1750367 0.45855533 17.606141)
(-1.2879327 -4.604616 -11.012797)
(-7.7668685 -7.766875 -17.869888)
(-12.946966 -9.4102275 -15.710264)
(-10.682594 -6.577885 -8.739801)
(-5.1746565 -4.1711745 -0.379534)
(-3.2826435 -2.307367 10.410552)
(0.2481335 -0.610913 17.848036)
(5.202794 0.401619 20.600291)
(4.364212 -0.353951 19.771133)
(0.725424 -2.316742 14.464093)
(-2.280222 -11.439646 -14.407419)
(-9.410223 -12.946973 -15.710264)
(-10.250653 -10.250662 -11.163346)
(-6.955282 -6.545024 -4.2769575)
(-4.250465 -5.217187 4.71868)
(-1.4967505 -3.9881585 12.257004)
(2.014401 -1.97935 16.109457)
(3.9632795 -3.4126535 17.319888)
(1.8078385 -6.1847525 15.0458)
(-0.13349067 -8.4589565 9.5939389)
(-2.292817 -12.194341 -10.74358)
(-6.577885 -10.6826 -8.739799)
(-6.5450175 -6.9552885 -4.2769535)
(-5.6491185 -5.64913 1.6159215)
(-2.617791 -4.7551825 8.1512698)
(-0.0448065 -4.0174079 11.419433)
(0.8236385 -5.0208899 12.059773)
(0.9973915 -7.4391901 11.58639)
(-0.682091 -10.659578 9.3151785)
(-0.790712 -11.752075 6.0821766)
(-1.2723953 -8.520985 -2.279407)
(-4.171171 -5.174658 -0.3795225)
(-5.217183 -4.250466 4.7186855)
(-4.755176 -2.6177945 8.151271)
(-2.6187429 -2.6187501 9.4443596)
(-1.7624579 -4.5286145 9.9616729)
(-1.4073812 -6.8168628 8.5945502)
(-1.675409 -9.2519461 7.222108)
(-2.5050467 -11.700917 6.5188336)
(-0.86182193 -11.345835 5.0739274)
(-0.061932333 -5.057007 6.2836895)
(-2.307366 -3.2826325 10.410555)
(-3.988154 -1.496744 12.257011)
(-4.0174026 -0.0448035 11.419438)
(-4.528611 -1.7624599 9.9616781)
(-4.2429192 -4.2429233 8.3391643)
(-3.8996931 -6.4163477 6.1254693)
(-3.8866627 -8.6483529 5.578813)
(-2.7759803 -9.0633136 6.078726)
(-0.55399097 -7.7558987 4.8698549)
(-0.089479 -0.6945775 14.768177)
(-0.610908 0.24814 17.848048)
(-1.979354 2.0144045 16.109457)
(-5.0208919 0.8236315 12.059778)
(-6.8168627 -1.4073885 8.594558)
(-6.4163457 -3.8997014 6.1254646)
(-5.8128108 -5.8128137 5.2087166)
(-4.3223749 -6.1449239 5.4863423)
(-1.6125925 -4.938643 5.9356775)
(0.009788 -3.4695195 4.8079385)
(0.566546 3.706316 22.620133)
(0.401616 5.2027915 20.600301)
(-3.4126625 3.963279 17.319893)
(-7.4391956 0.9973895 11.586394)
(-9.2519439 -1.6754118 7.2221132)
(-8.6483444 -3.8866725 5.578813)
(-6.1449156 -4.3223839 5.4863399)
(-3.012492 -3.0124975 5.85524)
(-0.100576 -1.404322 5.114608)
(0.42542467 -0.431223 4.618865)
(0.90817133 4.5262 22.144228)
(-0.353945 4.3642165 19.771146)
(-6.184756 1.807837 15.045808)
(-10.659583 -0.6820855 9.3151905)
(-11.700925 -2.505053 6.5188311)
(-9.0633178 -2.7759879 6.078726)
(-4.9386358 -1.612605 5.9356725)
(-1.404313 -0.100578 5.114607)
(0.968682 0.968681 5.259383)
(0.65852067 1.1792565 5.210002)
(0.458557 1.1750413 17.606156)
(-2.316747 0.725427 14.464113)
(-8.4589645 -0.13349333 9.5939471)
(-11.752086 -0.790712 6.0821859)
(-11.345846 -0.86182859 5.073932)
(-7.7558964 -0.5539931 4.869858)
(-3.4695057 0.0097856667 4.8079365)
(-0.431206 0.425427 4.6188685)
(1.1792585 0.65852367 5.2100005)
(0.56580833 0.56581133 3.440968)
(-1.5008443 -1.500845 -22.436036)
(-6.6421365 -3.0563873 -26.830716)
(-7.9028045 -2.3803433 -22.638376)
(-2.7941915 -0.492958 -14.065849)
(2.4823825 -0.061026333 -5.9532565)
(2.7294615 -0.15398833 1.0708795)
(4.1857965 0.629338 4.69166)
(5.4995065 0.40460033 4.3882925)
(1.0999105 -0.817363 0.702694)
(-0.78574767 -1.340862 -3.7578025)
(-3.0563867 -6.642136 -26.830715)
(-7.961384 -7.961387 -26.582287)
(-4.0576605 -4.843218 -20.075297)
(0.684784 -1.504783 -10.599467)
(2.990837 -1.3132845 -3.2156385)
(3.765008 -1.3933 0.7832975)
(5.0236795 -0.6554835 3.0907355)
(3.329455 -3.2330405 1.1578015)
(-1.518283 -5.9820365 -4.124088)
(-1.3092467 -6.7171775 -8.452164)
(-2.380345 -7.902807 -22.638372)
(-4.8432185 -4.0576665 -20.075292)
(-1.4462005 -1.446204 -12.489513)
(0.735742 -1.650435 -6.1811505)
(2.5938655 -2.381296 -1.5962695)
(3.3872625 -3.200808 0.455682)
(2.346056 -5.816713 0.039892)
(0.1729535 -9.2820075 -3.4252695)
(-2.3842265 -10.377495 -7.7784686)
(-1.2758417 -10.669964 -10.33828)
(-0.49295967 -2.794199 -14.065844)
(-1.504781 0.684786 -10.599464)
(-1.650429 0.7357395 -6.1811435)
(-0.250308 -0.2503125 -2.2147905)
(1.440464 -2.0102145 -0.04554)
(0.329591 -5.2191755 -0.763663)
(-1.05752 -8.7907946 -3.1487608)
(-1.231327 -10.431319 -5.8041515)
(-2.9062395 -11.654052 -8.4134858)
(-1.504226 -11.909504 -9.6177985)
(-0.061021667 2.4823875 -5.953244)
(-1.31328 2.990837 -3.215626)
(-2.381299 2.5938685 -1.596259)
(-2.010212 1.4404625 -0.0455305)
(-2.3749975 -2.374999 -0.2513848)
(-3.3933176 -6.3282028 -2.3635019)
(-2.8660871 -8.0839036 -4.2417371)
(-2.6903042 -9.745411 -5.587924)
(-3.8624115 -11.133424 -6.476913)
(-1.4461425 -9.9538016 -7.1088007)
(-0.15399333 2.729468 1.0708885)
(-1.3933 3.765012 0.783314)
(-3.2008035 3.3872645 0.4556955)
(-5.2191755 0.329598 -0.7636535)
(-6.3282013 -3.3933167 -2.363497)
(-5.3793137 -5.379318 -3.7490484)
(-4.4747283 -6.9006603 -4.0278665)
(-4.2808469 -8.3116291 -4.0320699)
(-3.1146302 -7.3667638 -3.932915)
(-0.7178114 -5.7239394 -3.974763)
(0.629341 4.185797 4.69168)
(-0.6554835 5.0236925 3.0907445)
(-5.816713 2.346057 0.039904)
(-8.7907931 -1.057519 -3.1487505)
(-8.0839134 -2.8660903 -4.2417403)
(-6.9006612 -4.4747342 -4.0278624)
(-5.7983982 -5.7984089 -3.2712734)
(-3.1564076 -4.5009475 -2.0370675)
(-1.2747219 -2.8708015 -0.9943225)
(-0.35092633 -2.1374623 -1.7876105)
(0.40460367 5.49952 4.3883075)
(-3.23304 3.3294565 1.157821)
(-9.282015 0.1729565 -3.4252545)
(-10.431323 -1.2313255 -5.8041302)
(-9.7454165 -2.6903126 -5.5879148)
(-8.3116323 -4.2808511 -4.0320621)
(-4.5009416 -3.1564141 -2.0370675)
(-1.3532394 -1.3532479 0.147624)
(-0.751145 -0.7942085 0.3725175)
(-0.22891867 -0.586481 -1.2803305)
(-0.817368 1.099919 0.7027185)
(-5.982047 -1.518276 -4.1240625)
(-10.377495 -2.384222 -7.778452)
(-11.654062 -2.9062365 -8.4134713)
(-11.133439 -3.8624172 -6.4769065)
(-7.3667627 -3.1146371 -3.9329073)
(-2.870795 -1.2747279 -0.994319)
(-0.794202 -0.751147 0.3725195)
(-0.507955 -0.507954 -0.2618875)
(-0.21244133 -0.469443 -2.5083415)
(-1.3408597 -0.78574933 -3.7577705)
(-6.717181 -1.309241 -8.452146)
(-10.669976 -1.2758387 -10.33825)
(-11.909518 -1.504228 -9.6177828)
(-9.953817 -1.4461425 -7.1087829)
(-5.723943 -0.7178133 -3.9747532)
(-2.1374515 -0.35092933 -1.787604)
(-0.5864655 -0.22891767 -1.280328)
(-0.469441 -0.21243833 -2.5083475)
(-0.20324467 -0.20324167 -4.8698005)
(-3.1018358 -3.1018374 -19.842883)
(-4.8069519 -1.1223153 -18.779288)
(1.3252227 -0.57150303 -11.912427)
(4.4907849 0.0181053 -6.1661409)
(6.615746 0.55268333 -4.5217955)
(5.5879045 -0.25365333 -5.5221395)
(2.622828 -1.156766 -8.323486)
(-0.2826485 -1.5871137 -14.148664)
(-3.6198955 -2.3096867 -19.812818)
(-1.7986277 -2.671019 -22.052975)
(-1.1223136 -4.8069518 -18.779287)
(-1.0114503 -1.0114515 -12.731708)
(3.0358536 0.73863615 -6.9399022)
(6.1770645 1.306814 -4.356745)
(6.2081081 0.1858125 -4.5179155)
(3.0237305 -2.9225645 -7.4507605)
(0.6226375 -5.262681 -12.517364)
(-2.0120295 -7.411943 -18.913443)
(-5.2457535 -8.8351136 -23.470688)
(-2.15996 -8.8972195 -24.202328)
(-0.57150217 1.3252251 -11.912422)
(0.7386361 3.0358499 -6.9399016)
(3.6434881 3.6434909 -3.744095)
(3.9379612 1.8396525 -2.6675135)
(2.3863675 -2.0470885 -4.678157)
(0.139411 -5.535119 -9.5384692)
(-1.8665505 -8.2188463 -14.96246)
(-3.8550811 -10.374606 -19.806164)
(-5.105172 -10.47415 -22.990042)
(-1.8400316 -9.624591 -22.742169)
(0.0181029 4.4907874 -6.1661354)
(1.3068155 6.1770656 -4.3567325)
(1.8396562 3.9379652 -2.66751)
(0.486485 0.48649 -2.7252605)
(-1.1666635 -3.4102978 -6.5055241)
(-3.1480273 -6.8365918 -11.440013)
(-4.21685 -9.302519 -15.241219)
(-4.2673334 -9.6018446 -18.338197)
(-4.4957381 -9.3580228 -20.202882)
(-1.5935872 -8.522596 -19.01469)
(0.55268333 6.6157476 -4.5217805)
(0.185814 6.2081202 -4.517911)
(-2.0470875 2.386373 -4.678153)
(-3.4103018 -1.1666575 -6.5055184)
(-4.9367144 -4.9367071 -9.7943415)
(-5.7528102 -7.5139999 -12.644331)
(-4.6318033 -7.6959685 -14.200491)
(-3.9105849 -7.4798646 -15.367177)
(-4.0259233 -7.2203463 -15.801985)
(-1.2830804 -5.7028 -14.481402)
(-0.25364867 5.587917 -5.522129)
(-2.922559 3.023738 -7.4507475)
(-5.5351215 0.139419 -9.5384656)
(-6.8365951 -3.1480235 -11.440001)
(-7.5140059 -5.7528154 -12.644327)
(-5.9072887 -5.9072838 -12.817175)
(-4.1827146 -5.445884 -12.299118)
(-3.7917112 -5.0974964 -11.91335)
(-2.7186735 -3.5807231 -11.650341)
(-0.58188967 -2.4347085 -11.155131)
(-1.1567693 2.6228415 -8.3234665)
(-5.262684 0.622647 -12.517348)
(-8.2188489 -1.8665455 -14.962445)
(-9.3025362 -4.2168452 -15.24121)
(-7.6959747 -4.6318063 -14.200483)
(-5.4458788 -4.1827151 -12.299112)
(-3.8220159 -3.8220147 -10.287352)
(-2.045424 -1.96523 -9.0855728)
(-1.3631355 -0.6332105 -9.4832745)
(-0.51907067 -0.775087 -9.8790805)
(-1.5871117 -0.2826455 -14.148638)
(-7.411946 -2.0120155 -18.913427)
(-10.374614 -3.8550769 -19.806145)
(-9.6018559 -4.2673313 -18.33818)
(-7.4798758 -3.910578 -15.367166)
(-5.0974971 -3.7917173 -11.913345)
(-1.9652295 -2.0454295 -9.0855659)
(-0.602907 -0.6029105 -8.5509605)
(-1.5285305 -0.671887 -9.4839475)
(-0.676474 -1.151954 -10.504834)
(-2.3096827 -3.619878 -19.812794)
(-8.8351155 -5.2457505 -23.470658)
(-10.474165 -5.1051585 -22.990015)
(-9.3580373 -4.4957381 -20.202869)
(-7.2203607 -4.0259211 -15.801967)
(-3.5807303 -2.718679 -11.650328)
(-0.633209 -1.3631415 -9.4832745)
(-0.6718815 -1.52853 -9.4839425)
(-1.912179 -1.912184 -10.925299)
(-0.83911533 -2.4102135 -12.062962)
(-2.6710267 -1.798618 -22.052944)
(-8.8972265 -2.159962 -24.202303)
(-9.6246013 -1.8400253 -22.742145)
(-8.5226186 -1.5935863 -19.01467)
(-5.7028167 -1.2830795 -14.481383)
(-2.4347175 -0.58189033 -11.155116)
(-0.7750805 -0.519071 -9.8790765)
(-1.1519495 -0.67647133 -10.504835)
(-2.410214 -0.83911633 -12.062965)
(-1.0084937 -1.0084947 -12.992743)
(-0.79178083 -0.79178105 -2.6728875)
(1.28832 0.97533243 4.7039086)
(4.7103427 0.93467313 6.9560324)
(4.5964398 0.7133059 4.9778525)
(3.1263838 -0.058439667 -0.0999405)
(-1.072229 -1.4397357 -7.5561535)
(-4.4407282 -2.1665807 -15.294337)
(-5.989826 -2.7719191 -21.586823)
(-6.8044004 -3.2559427 -25.262514)
(-2.2791854 -2.7737636 -24.781016)
(0.97533265 1.2883251 4.7039117)
(3.8780013 3.8779995 9.4799311)
(4.3173029 3.3251138 9.62875)
(3.1067706 1.9938444 5.666759)
(-0.1031785 -1.469646 -1.573626)
(-4.2344406 -5.4096297 -9.9438894)
(-6.4390034 -7.2944575 -17.246157)
(-7.6238689 -8.8905408 -23.111694)
(-6.8071671 -9.15926 -25.398553)
(-1.7970063 -7.4063713 -22.953614)
(0.9346688 4.7103451 6.9560318)
(3.3251088 4.3173094 9.6287501)
(2.8261876 2.8261882 8.0131253)
(-0.19832 -0.0189505 3.4940125)
(-4.2770902 -4.3689046 -3.6315518)
(-6.8970405 -7.19006 -10.95301)
(-7.9216393 -8.5405684 -16.932565)
(-7.8546285 -8.7067606 -20.880535)
(-5.320231 -7.1096895 -21.92783)
(-1.110593 -5.482327 -19.100081)
(0.7133089 4.5964428 4.9778576)
(1.9938444 3.1067765 5.6667642)
(-0.018957 -0.1983185 3.494013)
(-4.088322 -4.0883174 -0.91434)
(-7.274288 -7.126399 -6.9741876)
(-8.4061044 -8.3250373 -11.928356)
(-7.955704 -8.0288255 -15.263241)
(-6.19299 -5.9923315 -17.285733)
(-3.5827335 -4.4659955 -17.45743)
(-0.712098 -3.6487365 -14.932607)
(-0.058442 3.1263939 -0.099942)
(-1.4696525 -0.103178 -1.5736215)
(-4.3689064 -4.2770871 -3.631555)
(-7.1264005 -7.2742777 -6.9741854)
(-8.5138101 -8.5138019 -10.028523)
(-7.799467 -7.7053655 -11.797602)
(-5.5889335 -5.141802 -12.67877)
(-4.2917985 -3.3205645 -13.48385)
(-2.976636 -2.5808825 -13.641562)
(-0.56575367 -2.094242 -11.931877)
(-1.439739 -1.072218 -7.5561364)
(-5.4096366 -4.2344248 -9.9438831)
(-7.1900567 -6.8970272 -10.953004)
(-8.3250369 -8.4060941 -11.928346)
(-7.7053758 -7.7994585 -11.797601)
(-5.0341045 -5.034099 -10.943149)
(-3.570903 -2.987521 -10.566413)
(-3.6320705 -2.0300245 -11.139387)
(-2.356411 -1.048053 -11.574151)
(-0.387671 -1.121618 -11.236034)
(-2.1665798 -4.4407122 -15.294324)
(-7.2944617 -6.4389868 -17.246139)
(-8.5405758 -7.9216229 -16.932552)
(-8.0288318 -7.9556983 -15.263232)
(-5.141815 -5.5889295 -12.678753)
(-2.9875295 -3.5709035 -10.566417)
(-2.584859 -2.584857 -9.875611)
(-2.3523305 -1.138558 -10.597046)
(-2.0682295 -0.7044075 -12.256488)
(-0.614797 -1.487166 -12.299353)
(-2.7719221 -5.9898076 -21.586804)
(-8.8905473 -7.6238537 -23.111675)
(-8.7067682 -7.8546138 -20.880516)
(-5.9923435 -6.192984 -17.285721)
(-3.320581 -4.291796 -13.483838)
(-2.030032 -3.6320675 -11.139377)
(-1.1385575 -2.352337 -10.597044)
(-1.751621 -1.7516175 -12.519712)
(-2.705019 -2.2362325 -14.339289)
(-0.90951 -2.7703625 -14.103601)
(-3.2559439 -6.8043871 -25.262481)
(-9.1592679 -6.8071517 -25.398533)
(-7.109706 -5.3202215 -21.92781)
(-4.466014 -3.5827265 -17.457409)
(-2.5808985 -2.976634 -13.641544)
(-1.0480705 -2.356409 -11.574138)
(-0.704409 -2.0682385 -12.256484)
(-2.236226 -2.705021 -14.339288)
(-3.0869745 -3.0869715 -15.624262)
(-0.97088367 -2.957351 -14.810974)
(-2.7737652 -2.2791827 -24.780995)
(-7.4063818 -1.797004 -22.953587)
(-5.482343 -1.110592 -19.100065)
(-3.648756 -0.71209533 -14.932586)
(-2.0942635 -0.56575333 -11.931856)
(-1.1216365 -0.387672 -11.236024)
(-1.4871695 -0.61479733 -12.299342)
(-2.770354 -0.90951233 -14.103605)
(-2.957349 -0.97088267 -14.810969)
(-0.82309633 -0.82309533 -12.554806)
(1.8160283 1.8160287 16.777481)
(4.821968 2.0616997 22.037421)
(1.5991665 1.2103087 18.763071)
(-2.565188 0.47737633 12.23185)
(-5.91826 -0.42977367 4.054825)
(-9.606492 -1.8454773 -4.1541647)
(-11.407841 -2.457979 -9.9288134)
(-10.250825 -2.6036947 -13.35021)
(-6.814089 -2.4003797 -13.654723)
(-1.4776297 -1.4527507 -10.889272)
(2.0616993 4.8219675 22.037423)
(3.913388 3.91339 22.933705)
(-0.7773185 1.795729 18.473796)
(-5.0253115 -0.177026 11.3487)
(-9.4025404 -3.3457988 2.9605095)
(-12.6488 -6.3194205 -4.0294252)
(-12.545168 -6.900909 -8.6411319)
(-10.164426 -6.705655 -10.722723)
(-5.087673 -5.50043 -9.733387)
(-0.53000067 -3.216284 -6.65386)
(1.21031 1.599171 18.763063)
(1.7957295 -0.777317 18.473802)
(-2.4912495 -2.491246 13.862078)
(-7.7067158 -4.7414465 7.386727)
(-12.060654 -7.4476501 1.02594)
(-13.161602 -7.5195855 -3.5062519)
(-11.794076 -6.235931 -6.035487)
(-8.850346 -4.5486445 -6.645619)
(-3.324718 -2.5330275 -5.5584035)
(0.045134333 -1.603584 -3.3378535)
(0.477374 -2.5651865 12.231854)
(-0.177029 -5.025306 11.3487)
(-4.741448 -7.706715 7.386728)
(-9.9817156 -9.9817079 2.750419)
(-12.180679 -9.8072687 -0.66800405)
(-11.437081 -7.681184 -2.3038252)
(-9.5742265 -5.0487245 -3.0521455)
(-6.4615225 -2.2051595 -3.2853485)
(-2.1426125 -1.071755 -2.9503885)
(0.089628333 -1.354392 -1.754932)
(-0.42976967 -5.9182464 4.054833)
(-3.345799 -9.4025271 2.960514)
(-7.4476514 -12.060644 1.025949)
(-9.8072695 -12.180664 -0.66800005)
(-9.7601306 -9.7601204 -0.90258165)
(-8.403058 -6.5287925 -0.8589915)
(-6.3180515 -2.99914 -1.1573425)
(-4.8733765 -1.333519 -2.100065)
(-2.4739505 -1.3370675 -2.5405025)
(-0.14329033 -2.0062275 -2.0796445)
(-1.8454798 -9.606465 -4.154155)
(-6.3194266 -12.64878 -4.0294121)
(-7.5195849 -13.161578 -3.5062386)
(-7.6811919 -11.43707 -2.3038218)
(-6.528808 -8.4030455 -0.8589925)
(-4.6761005 -4.676099 -0.3552015)
(-4.378953 -2.6427245 -1.2656555)
(-4.79945 -2.210693 -2.8260735)
(-2.815321 -2.1956495 -3.8456695)
(-0.35647833 -2.802185 -3.7970875)
(-2.4579797 -11.407827 -9.9287995)
(-6.9009115 -12.545145 -8.6411202)
(-6.2359415 -11.794057 -6.0354718)
(-5.0487375 -9.57422 -3.0521385)
(-2.9991595 -6.318043 -1.157342)
(-2.642737 -4.378943 -1.2656545)
(-3.8526455 -3.8526455 -2.755115)
(-4.4263015 -3.3455555 -4.956329)
(-3.0654425 -3.3983485 -6.514982)
(-0.54764733 -3.6426535 -5.830451)
(-2.6036923 -10.250802 -13.350187)
(-6.705657 -10.164408 -10.722699)
(-4.5486595 -8.850335 -6.6456005)
(-2.205178 -6.461508 -3.285339)
(-1.333531 -4.8733695 -2.1000585)
(-2.210703 -4.7994385 -2.8260655)
(-3.3455655 -4.426303 -4.9563275)
(-4.345153 -4.3451525 -7.8025755)
(-3.112419 -4.0396605 -8.528563)
(-0.51934833 -3.663575 -6.6883225)
(-2.4003837 -6.8140685 -13.654705)
(-5.500444 -5.087662 -9.733369)
(-2.533041 -3.3247075 -5.5583885)
(-1.071772 -2.142603 -2.9503735)
(-1.33709 -2.4739395 -2.540488)
(-2.1956705 -2.815327 -3.84566)
(-3.3983595 -3.0654405 -6.51498)
(-4.039659 -3.112423 -8.528567)
(-2.383865 -2.3838635 -7.9154205)
(-0.29692367 -0.8614185 -4.967094)
(-1.4527547 -1.4776273 -10.889256)
(-3.216296 -0.52999833 -6.653848)
(-1.6036005 0.045138 -3.337841)
(-1.35441 0.089628667 -1.754921)
(-2.006255 -0.14328733 -2.079629)
(-2.802204 -0.35648133 -3.7970755)
(-3.6426615 -0.547643 -5.8304425)
(-3.663576 -0.51934933 -6.6883175)
(-0.8614145 -0.296921 -4.967098)
(0.495615 0.49561767 -1.190285)
(2.7148457 2.7148467 21.237493)
(3.27391 1.5728553 20.908198)
(-5.095228 0.74182267 15.560627)
(-10.111807 0.124539 9.58494)
(-13.259631 -0.78798333 4.152172)
(-15.055867 -1.356576 0.80763545)
(-13.636773 -1.3081264 0.7104104)
(-9.7157351 -1.0202613 2.3267305)
(-4.343463 -0.641719 4.9210355)
(-0.435552 0.049844667 7.238599)
(1.5728543 3.2739065 20.908194)
(0.314374 0.3143805 18.826351)
(-7.2677025 -1.5758795 13.307356)
(-12.406516 -2.851279 7.8249795)
(-15.481304 -4.498531 3.8113925)
(-15.836082 -4.761717 3.0471879)
(-13.132301 -3.4011311 4.5310638)
(-8.716124 -2.18595 7.0446574)
(-2.738304 -1.062941 9.660771)
(0.25601167 0.1450475 10.607715)
(0.74182833 -5.095224 15.560637)
(-1.575876 -7.267696 13.307356)
(-8.2608875 -8.2608795 8.73273)
(-13.034458 -8.6172315 5.072356)
(-15.170069 -7.9974181 3.9351408)
(-13.958467 -5.46446 5.4707209)
(-11.061006 -2.951582 8.107179)
(-7.377545 -1.269386 10.575374)
(-2.0124655 -0.326691 12.00948)
(0.36977367 -0.583399 11.599463)
(0.12453967 -10.111787 9.58494)
(-2.8512815 -12.406512 7.824981)
(-8.617238 -13.034448 5.07236)
(-12.143054 -12.143044 4.1314995)
(-12.328532 -9.0549207 5.7999316)
(-10.790246 -5.6777769 8.4148593)
(-8.9372273 -3.150681 10.622712)
(-6.091233 -1.4467775 11.799594)
(-2.052317 -1.4480945 11.756356)
(0.084873 -2.3905275 10.741969)
(-0.787988 -13.259615 4.1521825)
(-4.4985365 -15.48129 3.811395)
(-7.9974204 -15.170054 3.9351415)
(-9.0549311 -12.328519 5.7999274)
(-8.7048016 -8.7047904 8.3631653)
(-8.0542278 -5.7567418 10.27362)
(-6.830007 -3.355312 11.043222)
(-5.6749585 -2.8612895 10.506453)
(-2.9562155 -3.4761635 9.946403)
(-0.258515 -4.1363975 9.1936325)
(-1.3565771 -15.05585 0.8076345)
(-4.7617202 -15.836059 3.047188)
(-5.4644664 -13.958448 5.4707255)
(-5.6777907 -10.790233 8.4148536)
(-5.7567555 -8.0542188 10.273625)
(-5.4407675 -5.440762 10.679773)
(-6.041775 -4.5852935 9.5549065)
(-6.2120845 -4.8862885 8.436942)
(-3.327425 -5.0225325 8.01498)
(-0.355283 -4.8724245 8.1328265)
(-1.308127 -13.636744 0.71041695)
(-3.4011341 -13.132274 4.5310684)
(-2.951594 -11.060985 8.1071829)
(-3.150702 -8.9372155 10.622713)
(-3.355331 -6.8299955 11.043212)
(-4.5853025 -6.0417675 9.554912)
(-6.2755335 -6.275529 7.734631)
(-6.1121975 -6.11506 6.540707)
(-2.9423515 -5.387301 6.8616745)
(-0.158443 -4.378401 8.2929775)
(-1.0202637 -9.7157135 2.326745)
(-2.185961 -8.7161025 7.0446647)
(-1.269408 -7.3775305 10.575377)
(-1.4468015 -6.091219 11.799602)
(-2.8613075 -5.674942 10.506455)
(-4.886301 -6.212073 8.436937)
(-6.1150675 -6.112202 6.540701)
(-5.3238565 -5.3238555 6.022394)
(-1.590766 -3.636671 7.9037605)
(0.317317 -1.9070055 10.393202)
(-0.64171967 -4.343456 4.921047)
(-1.062951 -2.7383005 9.6607845)
(-0.3267105 -2.012462 12.009495)
(-1.4481135 -2.0523085 11.75636)
(-3.476185 -2.9562045 9.946406)
(-5.0225625 -3.327419 8.0149775)
(-5.387316 -2.9423535 6.8616745)
(-3.6366665 -1.590763 7.9037615)
(0.4744985 0.4744935 10.654506)
(0.99466733 2.5406865 14.053116)
(0.04984 -0.43554967 7.2386045)
(0.145033 0.25601 10.607723)
(-0.583416 0.369773 11.599469)
(-2.390544 0.084873 10.741975)
(-4.136418 -0.258514 9.1936375)
(-4.87245 -0.35528233 8.1328325)
(-4.3784115 -0.158439 8.2929695)
(-1.9070095 0.31732067 10.393202)
(2.5406835 0.99466567 14.053111)
(1.694779 1.6947773 16.486861)
(1.596498 1.596496 6.865302)
(-0.8548985 0.673802 2.8368165)
(-9.724091 -0.29187133 -0.9702825)
(-13.973643 -0.69593067 -3.029393)
(-14.695565 -0.65696 -2.8796265)
(-13.048254 -0.3524423 1.0391344)
(-9.8887464 0.089123233 6.5482401)
(-6.0401999 0.5415899 11.548243)
(-1.9022205 0.759444 15.055678)
(0.067412667 0.793327 15.886867)
(0.673804 -0.854889 2.8368185)
(-3.6874495 -3.6874515 -0.861252)
(-11.77869 -5.0321675 -4.123977)
(-14.521275 -4.68961 -5.042485)
(-14.180332 -3.56283 -2.14089)
(-11.929129 -1.656335 3.6271262)
(-8.5476981 0.4958595 10.000359)
(-5.0347188 1.5429881 15.140061)
(-1.5246148 1.5880145 17.832529)
(0.10129567 1.14458 16.860639)
(-0.291877 -9.724083 -0.9702815)
(-5.032177 -11.778687 -4.1239805)
(-10.726249 -10.726242 -5.9651215)
(-12.504305 -8.4349265 -4.4809125)
(-11.66229 -5.459111 0.3421065)
(-8.9895641 -2.1519142 7.0188987)
(-6.6894234 -0.1442832 13.023645)
(-4.9480449 0.2062919 17.010651)
(-2.3006286 -0.4374425 18.259545)
(-0.22821033 -1.4693305 16.437701)
(-0.695932 -13.973641 -3.029399)
(-4.689609 -14.521267 -5.0424895)
(-8.4349295 -12.504304 -4.4809175)
(-9.254144 -9.2541365 -0.967952)
(-7.8973197 -5.3792443 4.7872476)
(-6.6143009 -2.8782844 10.531726)
(-6.189492 -2.1126813 14.948487)
(-5.3278781 -2.2740801 17.341183)
(-3.2002373 -3.134832 17.533913)
(-0.58662967 -3.7602225 15.896183)
(-0.65696133 -14.695552 -2.8796405)
(-3.56284 -14.18032 -2.140895)
(-5.459119 -11.662279 0.342103)
(-5.3792458 -7.8973099 4.787241)
(-5.2864375 -5.2864273 9.3961807)
(-5.723001 -4.2638792 13.351181)
(-6.085219 -4.0669451 15.816587)
(-5.9701957 -4.6961708 16.853045)
(-3.786771 -5.0784435 17.24315)
(-0.64513733 -4.61537 16.681742)
(-0.35244413 -13.048231 1.0391286)
(-1.6563357 -11.929107 3.6271211)
(-2.1519193 -8.9895361 7.0188908)
(-2.8782927 -6.614284 10.531726)
(-4.2638891 -5.7229992 13.351175)
(-5.3948187 -5.3948075 15.149949)
(-6.6217835 -5.9513157 15.930801)
(-6.3393765 -6.176439 17.156692)
(-3.1194365 -5.280378 18.578511)
(-0.277914 -3.70284 19.258755)
(0.0891213 -9.8887161 6.5482327)
(0.4958544 -8.5476686 10.000355)
(-0.1442964 -6.6894053 13.023638)
(-2.1127087 -6.189472 14.948481)
(-4.066961 -6.0852127 15.816585)
(-5.9513176 -6.6217785 15.930802)
(-6.8668505 -6.866851 16.823363)
(-5.299258 -5.7601035 19.02293)
(-1.313172 -3.509568 21.817771)
(0.40655467 -1.3822775 23.384749)
(0.5415875 -6.0401725 11.548236)
(1.5429751 -5.0346924 15.140055)
(0.2062774 -4.9480229 17.010646)
(-2.2741002 -5.3278615 17.341183)
(-4.6961956 -5.9701751 16.853037)
(-6.176457 -6.339373 17.15669)
(-5.7601085 -5.2992595 19.022926)
(-2.9820935 -2.982098 22.651862)
(1.2583895 -0.2468295 26.403649)
(1.1402797 2.0965635 28.155733)
(0.75944133 -1.902209 15.055683)
(1.588004 -1.5246038 17.832528)
(-0.4374655 -2.3006161 18.25954)
(-3.134861 -3.2002302 17.533909)
(-5.0784725 -3.786757 17.243149)
(-5.280402 -3.1194315 18.578511)
(-3.5095755 -1.313172 21.817775)
(-0.246828 1.2583845 26.403653)
(3.7654895 3.7654865 30.22045)
(1.9688167 5.23224 31.194876)
(0.79332433 0.067411 15.886865)
(1.144568 0.101294 16.860641)
(-1.469349 -0.228213 16.437703)
(-3.760241 -0.58662833 15.896181)
(-4.615397 -0.645133 16.681737)
(-3.702872 -0.27791133 19.258752)
(-1.3822925 0.40655367 23.384751)
(2.096565 1.1402773 28.155727)
(5.232245 1.9688157 31.194875)
(2.1181153 2.1181143 31.080271)
(0.029188667 0.029191 -16.456972)
(-4.5616745 -0.89252367 -20.87657)
(-10.961437 -1.3606403 -21.979912)
(-12.021151 -1.2175223 -19.517103)
(-9.1911037 -0.29549233 -13.273113)
(-5.6280008 0.36875183 -5.1749697)
(-3.1276644 0.99328623 2.4040747)
(-1.2082971 1.374284 8.2957243)
(-0.0048393 1.2095149 11.652076)
(0.118574 0.69902573 11.707642)
(-0.892526 -4.561677 -20.876568)
(-6.6464215 -6.6464165 -24.995044)
(-11.448935 -6.5707185 -24.444938)
(-10.423428 -4.3027985 -20.021048)
(-6.8116925 -1.276798 -12.374034)
(-3.694833 1.2180472 -3.7826361)
(-1.6193661 3.0742738 3.9125556)
(-0.88395415 3.2764574 9.3731092)
(-1.0177267 2.140926 11.819774)
(-0.39191513 0.69588145 10.987025)
(-1.3606377 -10.961441 -21.979921)
(-6.570716 -11.448933 -24.444938)
(-8.6178195 -8.61782 -22.489324)
(-6.72723 -4.5426985 -16.975615)
(-3.670258 -1.0692805 -9.0896945)
(-1.276929 1.4401395 -0.9904372)
(-1.0692542 1.9965455 5.5635696)
(-2.1416449 0.93173605 10.028527)
(-2.5854153 -0.62530665 11.906195)
(-0.84478907 -1.5478547 11.199596)
(-1.2175207 -12.021146 -19.517107)
(-4.3028 -10.423426 -20.021056)
(-4.5427005 -6.727223 -16.975624)
(-2.874889 -2.874891 -11.176293)
(-0.8288545 -0.0008465 -4.1389062)
(-0.629007 0.654505 2.4437202)
(-2.1277695 -0.357739 7.8160739)
(-3.5058063 -1.6043836 11.547232)
(-3.4973174 -2.4644893 13.327295)
(-1.0069472 -2.1464869 13.355932)
(-0.295491 -9.1910874 -13.273119)
(-1.276793 -6.8116795 -12.374044)
(-1.0692845 -3.6702455 -9.0896959)
(-0.0008535 -0.828841 -4.1389042)
(-0.140862 -0.1408635 1.2696164)
(-1.6338215 -1.1385185 6.504591)
(-3.3281428 -2.3729972 10.87545)
(-4.2483951 -3.0457809 14.405278)
(-3.1275186 -2.431566 16.990678)
(-0.63278747 -0.7738251 17.959533)
(0.36875127 -5.6279772 -5.1749771)
(1.2180419 -3.694809 -3.7826418)
(1.440138 -1.276913 -0.99044815)
(0.654493 -0.6289925 2.4437159)
(-1.138532 -1.6338145 6.5045863)
(-2.8611407 -2.861141 10.562829)
(-4.035032 -3.5785176 14.64838)
(-3.5643751 -2.7164035 19.125629)
(-1.2253617 -0.44791207 22.832618)
(0.098213457 1.830583 24.159831)
(0.99328787 -3.1276363 2.4040642)
(3.0742713 -1.6193396 3.912543)
(1.9965319 -1.0692299 5.5635607)
(-0.357755 -2.1277578 7.8160715)
(-2.3730105 -3.3281326 10.875457)
(-3.5785246 -4.035026 14.648384)
(-3.1834052 -3.1834046 19.745913)
(-1.1177896 -0.6198899 25.424482)
(1.4194679 2.4378374 29.696726)
(0.88620925 4.5185769 30.464434)
(1.3742824 -1.2082635 8.2957183)
(3.2764484 -0.88392925 9.3731048)
(0.9317197 -2.1416288 10.028521)
(-1.6044098 -3.5057915 11.547228)
(-3.0458002 -4.2483779 14.405281)
(-2.7164127 -3.5643637 19.125633)
(-0.61989585 -1.1177903 25.424488)
(2.056867 2.0568675 31.762951)
(3.9131052 4.7660087 35.370319)
(1.4853731 5.9031208 35.093384)
(1.2095107 -0.00482705 11.652066)
(2.1409059 -1.0177148 11.819766)
(-0.62533025 -2.5854043 11.906183)
(-2.4645041 -3.4973103 13.32729)
(-2.4315827 -3.1275044 16.990675)
(-0.44793701 -1.2253574 22.832628)
(2.437826 1.4194717 29.696735)
(4.7660094 3.9131015 35.370324)
(5.2657212 5.2657199 37.923509)
(1.644284 5.4652242 35.648403)
(0.69902397 0.118572 11.707636)
(0.69587105 -0.39191473 10.987015)
(-1.5478758 -0.84478457 11.199581)
(-2.1465098 -1.0069451 13.355925)
(-0.77384726 -0.6327884 17.959527)
(1.8305634 0.098211873 24.159837)
(4.518563 0.88621187 30.464443)
(5.9031151 1.4853699 35.093386)
(5.4652279 1.6442823 35.6484)
(1.618376 1.6183743 32.526497)
(-1.3499007 -1.3499013 -33.961119)
(-6.3778383 -2.0718473 -37.734662)
(-8.3646239 -1.9352218 -35.452409)
(-5.2668436 -1.0318937 -29.213761)
(-0.35343085 -0.057573833 -20.736237)
(2.6289345 0.57578007 -13.05936)
(3.5819475 1.0947772 -6.6449797)
(3.2078017 1.2598465 -1.8760902)
(1.5096971 0.8712424 0.719259)
(0.1044563 0.31291577 1.1087625)
(-2.0718467 -6.377838 -37.734664)
(-7.255819 -7.255819 -39.617381)
(-6.8046934 -5.5415793 -35.979161)
(-2.4503716 -2.1481216 -28.465758)
(2.0580797 0.62058885 -20.498163)
(4.357461 2.5281975 -13.197348)
(4.6080471 3.6553543 -7.191557)
(2.8724996 3.2757908 -2.874797)
(0.089301 1.8421331 -0.44355365)
(-0.45387033 0.63653365 0.3840931)
(-1.9352214 -8.3646219 -35.452405)
(-5.5415796 -6.8046983 -35.979163)
(-3.2569265 -3.2569281 -31.507249)
(0.89532455 0.40982805 -24.956088)
(4.3228882 2.7760169 -17.880701)
(5.6637 4.0744421 -11.526586)
(4.3295408 3.7592351 -6.30912)
(1.3945805 2.3804145 -2.088416)
(-1.12956 1.070079 0.8398522)
(-0.69927667 0.8995765 2.3821998)
(-1.0318976 -5.2668377 -29.21376)
(-2.1481252 -2.4503726 -28.465763)
(0.4098329 0.89532465 -24.956088)
(3.5825735 3.5825743 -19.498734)
(5.7226938 4.9800666 -13.737349)
(5.3406792 4.6167438 -8.2619711)
(2.9140196 3.199199 -3.1587931)
(0.1833435 2.102671 1.4005746)
(-1.391537 1.949651 4.9670498)
(-0.56753867 2.9997155 7.0447485)
(-0.057577933 -0.35342161 -20.736238)
(0.62058275 2.0580939 -20.498167)
(2.7760203 4.3228969 -17.880712)
(4.9800665 5.7226993 -13.737345)
(5.3570577 5.3570652 -8.8201582)
(3.8828324 3.8552291 -3.4783)
(1.815468 2.765361 2.003512)
(0.1450325 2.882226 7.2317193)
(-0.2325155 4.426879 11.480367)
(0.00076633333 6.188529 13.485891)
(0.57577939 2.6289523 -13.059363)
(2.5281932 4.3574799 -13.19735)
(4.0744383 5.6637204 -11.526586)
(4.6167418 5.3406917 -8.2619776)
(3.8552236 3.8828414 -3.4782929)
(2.748975 2.748985 2.2200635)
(1.9410165 2.9191475 8.4884587)
(1.8448615 4.8427645 14.55273)
(1.914766 7.4256705 18.860544)
(0.60689467 8.8020605 19.834211)
(1.0947738 3.5819793 -6.6449798)
(3.6553508 4.6080779 -7.1915561)
(3.7592321 4.3295637 -6.3091268)
(3.1991875 2.9140406 -3.1587883)
(2.765351 1.8154815 2.0035125)
(2.9191385 1.941026 8.4884585)
(3.9092475 3.9092565 15.671372)
(4.6515555 6.8772195 21.853298)
(3.7267805 9.028133 25.076965)
(0.91835967 9.551275 24.431379)
(1.2598451 3.2078292 -1.8760938)
(3.2757777 2.8725306 -2.8748021)
(2.380401 1.3945995 -2.0884154)
(2.1026595 0.1833565 1.4005743)
(2.882209 0.145043 7.2317211)
(4.84275 1.844872 14.552734)
(6.87721 4.651562 21.853301)
(6.963738 6.963745 26.962259)
(4.5888215 7.979953 28.338463)
(0.955656 7.2805325 25.782532)
(0.87124147 1.5097082 0.7192493)
(1.8421212 0.0893065 -0.44355935)
(1.070058 -1.129556 0.8398521)
(1.949631 -1.391533 4.9670469)
(4.4268665 -0.2325105 11.480359)
(7.4256575 1.914772 18.860543)
(9.0281205 3.726784 25.076974)
(7.9799465 4.5888195 28.338467)
(4.043568 4.043568 27.568946)
(0.45207933 2.6653535 23.874026)
(0.31291067 0.10445747 1.1087505)
(0.6365135 -0.45387333 0.3840843)
(0.8995615 -0.699281 2.3821943)
(2.999705 -0.56753767 7.0447426)
(6.188514 0.00076833333 13.485885)
(8.8020445 0.606894 19.834216)
(9.5512575 0.91835967 24.431391)
(7.280522 0.955652 25.782537)
(2.6653555 0.45207667 23.874035)
(0.036846333 0.036843667 19.018201)
(-2.4865067 -2.4865057 -37.318339)
(-6.052964 -2.1476693 -38.800475)
(-2.440536 -1.7118083 -34.040179)
(2.695021 -0.71885367 -26.835793)
(6.9632965 -0.13677633 -20.62822)
(8.4632565 0.27676033 -15.913019)
(8.0556057 0.6289014 -12.335401)
(6.1559416 0.70847943 -9.6993158)
(2.9800134 0.43430643 -8.0074348)
(0.37824297 0.21591283 -6.7609707)
(-2.1476703 -6.0529625 -38.80047)
(-4.890918 -4.8909175 -37.987714)
(-0.2973125 -2.6255585 -32.499318)
(5.057569 -0.045126 -25.952331)
(8.4567175 1.5787385 -20.644701)
(9.6117731 2.750822 -16.485471)
(8.7031844 3.4101335 -13.348667)
(5.8640492 3.0641316 -10.902249)
(2.2411634 2.2615193 -8.6755001)
(0.15984937 1.9693188 -6.4287809)
(-1.71181 -2.4405375 -34.040179)
(-2.62556 -0.2973155 -32.499317)
(2.4052555 2.4052525 -27.810827)
(6.899318 4.424325 -22.708166)
(9.7592445 5.6915335 -18.246012)
(10.294652 6.3755159 -14.833318)
(8.3689153 6.0293093 -12.078019)
(5.0073274 5.2071076 -9.2105345)
(1.8852006 4.7852967 -6.1147136)
(0.18344267 5.1128007 -3.4284186)
(-0.71885567 2.6950205 -26.835791)
(-0.045128 5.0575705 -25.952328)
(4.424328 6.8993135 -22.708165)
(8.34385 8.343852 -18.647011)
(10.407908 9.0596958 -15.029999)
(9.9495489 8.7027906 -11.883101)
(7.5347761 7.954893 -8.6015367)
(4.6200366 7.7157518 -4.9231672)
(2.1468565 8.1760252 -1.3612265)
(0.37818533 8.9572042 1.103075)
(-0.13677667 6.96331 -20.628221)
(1.578733 8.456733 -20.644699)
(5.691537 9.759257 -18.24601)
(9.0597003 10.407915 -15.030002)
(10.118183 10.118193 -11.5711)
(9.1898487 9.3435161 -7.8177649)
(7.3818765 9.2742546 -3.5667912)
(5.2284595 10.106375 0.64543)
(3.126653 11.461928 3.9722085)
(0.70422867 12.015638 5.354425)
(0.27675967 8.463281 -15.913011)
(2.750819 9.6118015 -16.485468)
(6.3755104 10.294672 -14.833319)
(8.7027857 9.9495642 -11.883099)
(9.3435091 9.1898562 -7.8177691)
(9.1056109 9.1056175 -3.033632)
(8.297635 10.089342 1.848559)
(6.80771 11.905176 5.8944625)
(4.056119 13.148686 8.026963)
(0.747325 12.776071 7.677506)
(0.62890363 8.0556325 -12.3354)
(3.4101242 8.7032084 -13.34866)
(6.0292997 8.3689403 -12.078023)
(7.9548843 7.5347941 -8.6015411)
(9.2742363 7.3818814 -3.5667903)
(10.089334 8.2976445 1.8485545)
(10.181435 10.181438 6.629728)
(8.2878035 11.789639 9.436088)
(3.9975485 11.915757 9.572867)
(0.45581867 10.466898 7.73069)
(0.70847693 6.1559656 -9.6993138)
(3.0641268 5.8640675 -10.90225)
(5.2070962 5.0073501 -9.2105243)
(7.7157268 4.6200438 -4.9231699)
(10.106359 5.2284685 0.6454195)
(11.905168 6.807721 5.894456)
(11.789629 8.2878125 9.436089)
(8.542029 8.5420365 10.114003)
(2.7333785 7.2579895 8.3483735)
(-0.218581 5.3457685 5.1137755)
(0.43430493 2.9800173 -8.0074349)
(2.2615087 2.2411716 -8.6754994)
(4.785276 1.8852054 -6.1147128)
(8.1760028 2.146858 -1.361229)
(11.461913 3.126659 3.972203)
(13.148679 4.0561245 8.0269555)
(11.91575 3.997561 9.572869)
(7.2579805 2.7333795 8.348374)
(0.8012805 0.8012915 5.122616)
(-0.81899533 -1.2991065 1.6882)
(0.21591317 0.37823947 -6.7609733)
(1.9693149 0.1598477 -6.4287759)
(5.1127825 0.1834436 -3.4284098)
(8.9571804 0.37818533 1.1030745)
(12.015626 0.70422867 5.3544215)
(12.77607 0.747327 7.677504)
(10.466884 0.45582267 7.7306915)
(5.3457595 -0.21858367 5.1137835)
(-1.2991075 -0.81899133 1.6882075)
(-1.6188463 -1.6188423 -1.7311105)
(-2.3379917 -2.3379887 -25.66562)
(-3.099679 -1.5300063 -23.295279)
(3.600058 -0.907981 -18.497203)
(8.145116 -0.44291867 -13.855629)
(10.569344 -0.068561333 -11.195256)
(10.921753 0.19414533 -9.8224825)
(9.7956505 0.41926633 -9.1665655)
(7.5357681 0.457891 -8.7715937)
(4.4480422 0.42586557 -8.1069806)
(0.93543237 0.53437563 -6.6409438)
(-1.5300093 -3.0996785 -23.295276)
(-0.9546675 -0.954661 -20.614011)
(5.2306895 0.687773 -15.67468)
(9.4042455 1.9795055 -12.218889)
(11.524939 3.0027965 -10.022329)
(11.653495 3.6078985 -9.1312305)
(10.191269 3.9127365 -9.0077236)
(7.5456669 3.764572 -8.7852734)
(4.5627691 3.7348543 -7.5577187)
(1.0439424 3.9690857 -5.4790144)
(-0.90798 3.600057 -18.497198)
(0.6877725 5.230687 -15.674676)
(6.5342245 6.5342245 -12.233572)
(10.46014 7.7151475 -9.2616595)
(12.197736 8.390719 -7.6678705)
(11.831693 8.676812 -7.492968)
(9.952324 8.5063658 -7.6872995)
(7.3578859 8.3594963 -7.0865024)
(4.6525559 8.3843526 -5.4599484)
(1.0915867 8.4314324 -3.5120026)
(-0.44292267 8.14512 -13.855621)
(1.9795 9.404245 -12.218883)
(7.71515 10.460142 -9.2616575)
(11.26074 11.260738 -6.9656845)
(12.486604 11.654979 -6.0197225)
(11.769141 11.632297 -6.0611184)
(9.8739533 11.710427 -5.8508088)
(7.4236537 11.958636 -4.8651774)
(4.6347052 12.036573 -3.5627723)
(1.075329 11.782559 -2.383502)
(-0.068563333 10.569358 -11.195245)
(3.0027945 11.524955 -10.022323)
(8.3907175 12.197744 -7.6678665)
(11.654977 12.486611 -6.0197265)
(12.569295 12.569295 -5.3188238)
(11.887141 12.704698 -4.9450938)
(10.278663 13.215457 -4.2974053)
(7.6840322 13.699856 -3.650318)
(4.4764795 13.815069 -3.319245)
(0.922244 12.76296 -3.434608)
(0.19414167 10.921774 -9.8224775)
(3.6078855 11.653519 -9.1312295)
(8.676807 11.831707 -7.492969)
(11.632291 11.769153 -6.0611209)
(12.704691 11.887151 -4.9450917)
(12.415303 12.415304 -4.12364)
(10.869111 13.115667 -3.728471)
(8.0232655 13.633422 -4.1377485)
(3.6978095 13.026329 -5.3312975)
(0.37392333 11.178325 -6.4555585)
(0.41926667 9.7956765 -9.166558)
(3.912727 10.191296 -9.0077269)
(8.5063514 9.9523582 -7.6872947)
(11.710421 9.8739696 -5.8508069)
(13.215447 10.27867 -4.2974021)
(13.115657 10.869114 -3.7284665)
(11.496781 11.496787 -4.3356875)
(7.5946945 11.09676 -6.4622675)
(2.0213825 9.3495435 -9.1758545)
(-0.30975833 6.9875445 -11.069088)
(0.45788767 7.5357939 -8.7715864)
(3.7645672 7.5456916 -8.7852628)
(8.3594811 7.3579102 -7.0864993)
(11.958603 7.4236686 -4.8651777)
(13.699835 7.6840362 -3.650315)
(13.63342 8.023273 -4.137755)
(11.096757 7.594703 -6.462268)
(5.8760225 5.876031 -10.341754)
(-0.411406 3.529702 -14.007625)
(-1.2007427 1.2380425 -15.81477)
(0.4258652 4.4480487 -8.1069755)
(3.7348434 4.5627806 -7.5577139)
(8.3843284 4.6525585 -5.45994)
(12.036547 4.6347114 -3.562768)
(13.815051 4.4764915 -3.3192485)
(13.026324 3.69782 -5.3313035)
(9.349539 2.0213865 -9.1758545)
(3.5296935 -0.4114 -14.00763)
(-2.616606 -2.616598 -17.465307)
(-1.8375313 -4.1795325 -19.078903)
(0.53437553 0.93543193 -6.6409303)
(3.969077 1.0439423 -5.4790048)
(8.4314119 1.0915876 -3.5119956)
(11.782536 1.0753313 -2.383499)
(12.762944 0.92224733 -3.4346095)
(11.178314 0.37392633 -6.4555635)
(6.987537 -0.30975867 -11.069101)
(1.238038 -1.2007417 -15.814768)
(-4.1795385 -1.837529 -19.078906)
(-2.242699 -2.2426967 -18.945133)
(-0.90627967 -0.906277 -3.2906985)
(1.115452 -0.36015733 1.205117)
(6.999114 0.16987367 4.2611465)
(9.996968 0.372306 5.4036715)
(10.996443 0.64517533 5.1689915)
(10.491948 0.737595 3.821396)
(9.1064945 0.734796 2.088281)
(7.2155265 0.69935967 0.447136)
(5.1106633 0.800481 -0.2692143)
(1.3556008 0.99053243 0.20736315)
(-0.36016 1.115459 1.2051175)
(2.729678 2.7296855 5.2104775)
(8.097809 3.6380725 7.453531)
(10.70992 4.5488435 8.225093)
(11.544376 5.1061245 7.580768)
(10.626378 5.0803365 5.656453)
(9.0491415 4.8893995 3.2190725)
(7.314054 4.7492228 1.3215257)
(5.5474224 4.9085514 0.69426985)
(1.5456523 5.09826 1.1297994)
(0.16987133 6.999118 4.2611575)
(3.6380655 8.0978125 7.4535345)
(8.818272 8.8182755 9.294026)
(11.46502 9.67753 9.800176)
(11.527936 9.69414 8.3785425)
(10.275223 9.445628 5.623789)
(8.7753808 9.1862241 2.7845058)
(7.2346784 9.1272036 0.9005771)
(5.4597004 8.7802432 0.04017779)
(1.4820732 8.2083131 0.04662025)
(0.372303 9.9969735 5.40368)
(4.5488355 10.709923 8.225102)
(9.6775265 11.46502 9.80018)
(11.585785 11.585785 9.379354)
(11.312474 11.408743 7.026578)
(10.118463 11.250665 3.6627211)
(8.7307171 11.344787 0.7137805)
(6.9080731 11.151936 -1.5454334)
(4.6285319 10.316729 -2.9889763)
(1.1643655 9.0345987 -3.4798249)
(0.645171 10.996453 5.1689965)
(5.1061115 11.544387 7.580773)
(9.694134 11.527946 8.37855)
(11.408743 11.312479 7.0265795)
(11.192816 11.192823 3.88557)
(10.211267 11.280994 0.32011115)
(8.6766523 11.396592 -3.0394686)
(6.2066198 10.833804 -6.1206787)
(3.342363 9.6934028 -8.1752092)
(0.62732 7.943581 -8.9069451)
(0.73759167 10.491968 3.8214015)
(5.0803275 10.626398 5.656463)
(9.445619 10.275244 5.6237975)
(11.250663 10.118484 3.6627261)
(11.28099 10.211278 0.3201179)
(10.322232 10.322245 -3.6676502)
(8.2835266 10.05106 -7.9014836)
(5.2048835 9.093226 -11.945647)
(1.738309 7.2920765 -14.753701)
(-0.0021823333 5.1415915 -15.397622)
(0.734791 9.1065235 2.0882905)
(4.8893875 9.049175 3.219081)
(9.1862198 8.77541 2.7845172)
(11.344777 8.7307373 0.71378565)
(11.396577 8.6766581 -3.0394685)
(10.051049 8.2835296 -7.9014829)
(7.4476335 7.447641 -13.209175)
(3.4476365 5.5856325 -18.366536)
(-0.6092715 3.239429 -21.573562)
(-0.80633667 1.1076865 -22.188225)
(0.69935933 7.215548 0.44714)
(4.749214 7.3140805 1.3215324)
(9.1271813 7.2347048 0.90057495)
(11.151911 6.9080827 -1.5454334)
(10.833782 6.2066221 -6.1206743)
(9.0932145 5.204884 -11.945648)
(5.5856295 3.4476455 -18.366537)
(0.9966715 0.996674 -24.024481)
(-2.739637 -1.031463 -26.96317)
(-1.423344 -2.664047 -26.387757)
(0.80047933 5.1106735 -0.2692095)
(4.9085443 5.5474296 0.69427005)
(8.7802219 5.4597091 0.04018294)
(10.316694 4.6285367 -2.988973)
(9.6933781 3.3423645 -8.1752116)
(7.2920725 1.738316 -14.753709)
(3.2394235 -0.609272 -21.573569)
(-1.031472 -2.739634 -26.963172)
(-4.2699925 -4.2699885 -29.32406)
(-1.894726 -4.429469 -27.205112)
(0.9905301 1.355603 0.20736635)
(5.0982496 1.5456538 1.129796)
(8.2082884 1.4820732 0.0466266)
(9.0345665 1.1643647 -3.4798257)
(7.9435615 0.62732133 -8.9069457)
(5.141578 -0.0021796667 -15.397631)
(1.1076795 -0.80634167 -22.18823)
(-2.664045 -1.4233423 -26.387757)
(-4.429472 -1.8947237 -27.205115)
(-1.5296643 -1.529662 -24.339589)
(0.65921867 0.659222 18.911827)
(4.452166 1.140234 23.132418)
(7.7986125 1.2202753 23.919044)
(9.052961 1.438029 22.70062)
(8.987068 1.5392897 20.316465)
(7.8410425 1.4175167 17.249127)
(6.4213905 1.1731273 13.867591)
(5.1782728 1.0408175 10.793815)
(4.2082693 1.0681883 8.6453458)
(1.2531507 1.1493331 7.519044)
(1.1402307 4.4521775 23.132421)
(5.293746 5.2937565 26.703063)
(8.245305 5.7206525 26.60434)
(9.5314825 6.37601 25.253189)
(8.9562995 6.2123475 22.284914)
(7.291799 5.4102915 18.394832)
(5.8563417 4.6089613 14.364694)
(5.0208643 4.2180131 10.903835)
(4.3710428 4.0442464 8.3659522)
(1.3342955 3.8083428 6.7625605)
(1.2202713 7.7986195 23.919046)
(5.720641 8.2453115 26.604342)
(8.880866 8.8808735 26.60333)
(9.544656 8.8694085 24.228711)
(8.0213495 7.836529 20.044801)
(6.2376563 6.68308 15.333439)
(5.2291121 6.0010738 10.799824)
(4.6135579 5.4925371 7.0615258)
(3.798599 4.7011064 4.5803574)
(1.0958816 3.8218081 3.0116177)
(1.4380253 9.052959 22.700628)
(6.376 9.5314835 25.253193)
(8.869402 9.544666 24.228713)
(8.487138 8.4871415 20.423203)
(6.769971 7.1620065 15.228997)
(5.4563439 6.3286188 9.7281681)
(4.6657988 5.8864524 4.7853981)
(3.7208968 4.9373797 0.83939365)
(2.7003137 3.8211861 -1.3847011)
(0.7480966 2.8289938 -2.6162868)
(1.5392877 8.9870795 20.316469)
(6.212348 8.9563155 22.284919)
(7.836524 8.021361 20.044818)
(7.1619965 6.7699835 15.229003)
(5.8628268 5.8628348 9.1100876)
(4.9621022 5.3743267 3.0723408)
(3.837873 4.6001926 -2.4059567)
(2.5482916 3.2996417 -6.46913)
(1.6902131 2.0503437 -8.507465)
(0.43442013 0.8451627 -9.1860978)
(1.417516 7.841068 17.249132)
(5.4102815 7.291827 18.394847)
(6.68307 6.2376737 15.333449)
(6.3286119 5.4563591 9.7281799)
(5.3743142 4.9621123 3.0723378)
(4.1937016 4.1937103 -3.6255997)
(2.5911138 2.9459605 -9.5754329)
(1.1710479 1.3875649 -13.781009)
(0.2458347 -0.3720238 -15.641156)
(-0.055357367 -2.1029542 -15.53718)
(1.173127 6.421415 13.867597)
(4.6089537 5.8563649 14.364703)
(6.0010561 5.2291357 10.799829)
(5.8864351 4.6658101 4.7853884)
(4.600178 3.8378778 -2.4059533)
(2.9459504 2.5911164 -9.575436)
(1.0317276 1.0317332 -15.819399)
(-0.76969275 -0.98207355 -20.280962)
(-1.8003059 -2.8599253 -21.682128)
(-0.71953343 -4.0025903 -19.940915)
(1.0408159 5.1782938 10.793815)
(4.2180022 5.0208807 10.903832)
(5.4925153 4.613576 7.0615187)
(4.937354 3.7209099 0.8393922)
(3.2996206 2.5482931 -6.4691309)
(1.387557 1.1710469 -13.781009)
(-0.98207615 -0.76969095 -20.280958)
(-2.7206106 -2.7206048 -24.222127)
(-2.7746821 -4.220796 -24.615945)
(-0.81713407 -3.7788446 -22.094211)
(1.0681849 4.2082751 8.645342)
(4.0442358 4.3710442 8.3659472)
(4.7010853 3.7986101 4.5803483)
(3.8211522 2.7003191 -1.3847037)
(2.050315 1.6902201 -8.5074631)
(-0.3720336 0.24583715 -15.641154)
(-2.8599241 -1.8003069 -21.682134)
(-4.2207978 -2.7746758 -24.615943)
(-2.8585457 -2.858543 -24.309262)
(-0.42489917 -2.1313643 -20.601699)
(1.1493286 1.2531492 7.5190338)
(3.8083372 1.3342929 6.7625501)
(3.8217902 1.0958834 3.0116112)
(2.828964 0.74809617 -2.6162837)
(0.8451386 0.43442463 -9.1861)
(-2.10297 -0.055354733 -15.537187)
(-4.0025892 -0.71953293 -19.940912)
(-3.7788468 -0.81713147 -22.094214)
(-2.1313706 -0.42489897 -20.601699)
(-0.33234827 -0.33234807 -16.224178)
(1.9074473 1.907452 29.515876)
(6.122669 2.0202727 32.270323)
(6.5673165 1.9600707 30.890613)
(6.3943886 2.0740186 28.329381)
(5.5449498 1.9574753 24.692287)
(4.0430742 1.5013983 20.920385)
(2.6511823 1.066198 17.089628)
(1.993281 0.7727063 13.651413)
(1.8358927 0.6142186 10.975039)
(0.60473297 0.48621007 9.0644957)
(2.020268 6.122678 32.270325)
(6.201597 6.20161 33.53248)
(6.6479353 6.3223589 32.168322)
(6.3904955 6.0769342 28.656745)
(4.6860193 4.8344606 24.313584)
(2.7061583 3.1646486 19.763138)
(1.5581444 1.8216323 15.391127)
(1.3153119 1.016934 11.802409)
(1.4061483 0.843563 9.3365772)
(0.47672443 0.5908337 7.0642605)
(1.9600687 6.5673255 30.89061)
(6.3223499 6.6479432 32.168319)
(6.4426407 6.4426493 29.57814)
(4.9064904 4.8475441 24.909012)
(2.6326642 2.6382227 19.547097)
(1.0302458 0.7789644 14.405529)
(0.5034677 -0.3930721 9.9547542)
(1.0152117 -0.93723735 6.9235904)
(1.4097924 -0.9704101 5.0534608)
(0.43624677 -1.1705341 3.1507464)
(2.0740131 6.3943963 28.329381)
(6.0769208 6.3905 28.656744)
(4.8475363 4.9065066 24.909018)
(2.5860689 2.586077 19.185039)
(0.6174396 0.4740293 13.17184)
(-0.3251365 -1.0104334 7.7039778)
(-0.15805735 -1.8609935 3.5466482)
(0.7379739 -2.3787196 1.1325756)
(1.1728516 -2.7710938 -0.3316836)
(0.34330843 -3.1631167 -1.1863747)
(1.9574711 5.5449576 24.692288)
(4.8344602 4.68604 24.313591)
(2.6382177 2.6326815 19.547097)
(0.47401305 0.6174559 13.171846)
(-0.96384625 -0.963836 6.734738)
(-1.304777 -2.0727733 1.3075267)
(-0.86481849 -2.9642386 -2.5701533)
(0.10511141 -3.7865983 -4.5864409)
(0.62539529 -4.5630521 -5.1636247)
(0.17489818 -4.9773126 -4.7950265)
(1.5014013 4.043096 20.920383)
(3.1646447 2.706182 19.763138)
(0.7789522 1.0302552 14.405532)
(-1.0104486 -0.32513055 7.7039766)
(-2.0727896 -1.304763 1.3075273)
(-2.3255391 -2.325532 -4.0049682)
(-1.8718824 -3.3623829 -7.6106435)
(-0.8608396 -4.7186058 -9.0826482)
(-0.01786265 -5.8825865 -8.5178931)
(0.067134833 -5.6132258 -7.7639967)
(1.0661951 2.6512062 17.089627)
(1.8216194 1.5581603 15.391124)
(-0.3930948 0.5034793 9.9547483)
(-1.8610052 -0.15805035 3.5466434)
(-2.9642477 -0.86481055 -2.5701585)
(-3.3623969 -1.8718797 -7.610648)
(-3.2578923 -3.2578843 -11.048217)
(-2.4150922 -4.8554854 -11.968202)
(-0.26922475 -5.73536 -10.805162)
(0.35447193 -5.4493437 -8.8175183)
(0.7727041 1.9932931 13.651412)
(1.0169177 1.3153247 11.8024)
(-0.9372585 1.0152243 6.9235739)
(-2.3787385 0.7379906 1.1325704)
(-3.7866189 0.10511237 -4.5864487)
(-4.7186129 -0.8608336 -9.0826512)
(-4.8554881 -2.4150887 -11.968203)
(-3.3383153 -3.3383067 -12.373145)
(-0.611721 -3.658597 -11.033118)
(0.25781233 -3.3248309 -7.995492)
(0.61421613 1.8358924 10.975029)
(0.84355055 1.4061477 9.3365638)
(-0.9704289 1.4098016 5.0534483)
(-2.7711171 1.1728608 -0.3316922)
(-4.5630718 0.6253953 -5.1636271)
(-5.8825979 -0.0178622 -8.517889)
(-5.7353654 -0.26922605 -10.805163)
(-3.6586005 -0.611722 -11.033117)
(-0.255749 -0.255743 -8.3656585)
(0.57698267 1.440563 -6.2882117)
(0.48620763 0.60473087 9.0644764)
(0.59082695 0.47672237 7.0642519)
(-1.1705454 0.43624847 3.1507302)
(-3.1631447 0.34331137 -1.1863824)
(-4.9773419 0.17489667 -4.7950337)
(-5.6132343 0.067131333 -7.7639994)
(-5.4493479 0.35447247 -8.8175178)
(-3.3248322 0.25780967 -7.9954917)
(1.440564 0.57698467 -6.2882085)
(1.388683 1.388685 -5.3136956)
(2.4955167 2.4955211 25.128834)
(5.8269027 1.9816717 24.945675)
(3.8576705 2.0720813 21.949424)
(2.8546345 1.6562713 18.311597)
(1.578071 1.286821 14.71091)
(0.238384 0.646019 11.392539)
(-0.847581 0.040793667 8.7755642)
(-0.9363165 -0.191852 7.0391059)
(-0.378648 -0.024119333 5.9033872)
(-0.020544667 -0.184157 4.4577672)
(1.9816673 5.8269107 24.945672)
(5.191743 5.1917515 23.389318)
(3.36957 4.408179 20.137475)
(1.676744 2.9556405 15.748833)
(0.0626925 1.067158 11.529278)
(-1.630657 -1.1045645 8.1940939)
(-2.1043875 -2.5259125 6.0584932)
(-1.033686 -2.5098095 4.9470364)
(-0.3671055 -1.8773315 3.9853273)
(-0.18058233 -2.1054065 2.6671587)
(2.0720773 3.857676 21.949421)
(4.408171 3.369575 20.137476)
(1.6215595 1.6215695 15.826689)
(-0.4863865 -0.602297 11.006297)
(-2.482134 -3.3052145 6.7355307)
(-3.3546865 -5.3760801 3.8367081)
(-2.252826 -5.8434055 2.3333991)
(-0.2877355 -5.177296 1.8302804)
(0.025755 -4.9671544 1.2142377)
(-0.17259467 -4.4288271 1.2303295)
(1.6562667 2.8546375 18.311595)
(2.9556365 1.676756 15.748835)
(-0.602302 -0.4863765 11.0063)
(-3.25004 -3.2500245 6.0640511)
(-4.7110907 -5.6503526 2.2125561)
(-4.168848 -6.769383 -0.0001937)
(-1.9056034 -6.6384551 -0.7945655)
(-0.1574349 -6.5726516 -0.5519727)
(0.38136345 -6.3958995 -0.0923464)
(0.17830253 -5.1167791 -0.0217172)
(1.286823 1.578081 14.710903)
(1.067157 0.0627095 11.529282)
(-3.305221 -2.482125 6.7355265)
(-5.6503626 -4.7110794 2.2125614)
(-6.0014925 -6.0014778 -0.85534985)
(-4.3427891 -6.3346193 -2.5091565)
(-2.0560946 -6.5570991 -2.5250174)
(-0.04517985 -6.9155821 -1.312569)
(1.4816275 -6.1358658 0.25171347)
(0.68015224 -5.7324593 0.34030875)
(0.646019 0.2384075 11.392534)
(-1.1045695 -1.6306405 8.1940793)
(-5.3760909 -3.354675 3.8367072)
(-6.7693929 -4.1688436 -0.00019965)
(-6.3346305 -4.3427843 -2.5091628)
(-4.7244692 -4.7244644 -3.5905865)
(-2.4865662 -5.5321029 -2.8216494)
(0.26379835 -5.9941964 -1.0942847)
(1.5644862 -6.0135611 0.2586831)
(0.4472402 -6.1254459 1.7897329)
(0.040791 -0.847556 8.7755512)
(-2.5259255 -2.104373 6.058474)
(-5.843424 -2.2528225 2.3333799)
(-6.6384718 -1.9055961 -0.7945721)
(-6.5571133 -2.0560981 -2.5250311)
(-5.5321077 -2.4865665 -2.8216586)
(-3.3258266 -3.325826 -2.1905857)
(-0.526638 -4.2725699 -0.10104315)
(1.350378 -5.3751498 1.8868252)
(0.60556233 -4.2340856 2.367764)
(-0.191859 -0.9363045 7.0390856)
(-2.509836 -1.033679 4.9470105)
(-5.177314 -0.287724 1.8302636)
(-6.5726685 -0.15742565 -0.55198905)
(-6.915601 -0.0451754 -1.3125852)
(-5.9941971 0.26380585 -1.0942915)
(-4.2725696 -0.526637 -0.10104815)
(-1.7855255 -1.78552 1.838151)
(1.6029705 -1.7812925 3.751175)
(1.2079497 -1.249538 3.6444739)
(-0.024125333 -0.3786605 5.9033675)
(-1.877345 -0.3671035 3.9853023)
(-4.9671707 0.0257665 1.2142189)
(-6.3959232 0.38136635 -0.09236195)
(-6.1358819 1.481635 0.251697)
(-6.0135693 1.5644889 0.25866715)
(-5.3751524 1.350378 1.8868243)
(-1.7812935 1.602977 3.7511727)
(1.88636 1.886366 3.927345)
(0.96006533 0.550432 3.2095495)
(-0.18415433 -0.020552667 4.4577467)
(-2.105409 -0.18058167 2.6671358)
(-4.4288441 -0.17259533 1.2303073)
(-5.1167999 0.17830273 -0.02173975)
(-5.7324785 0.68015353 0.3402986)
(-6.1254541 0.44723833 1.7897302)
(-4.2340814 0.60556367 2.3677623)
(-1.2495375 1.2079523 3.6444772)
(0.5504255 0.96006767 3.2095517)
(0.317327 0.31732933 0.355129)
(1.785341 1.785344 10.001615)
(2.943259 0.98270167 6.04071)
(-0.066761 0.75210467 2.540825)
(-0.844126 0.36550867 -1.1113915)
(-1.374109 -0.16361267 -3.3729154)
(-1.8922715 -0.63089833 -4.3138752)
(-1.7022505 -0.74518267 -3.8147639)
(-0.878896 -0.62200667 -2.790292)
(-0.745446 -0.664488 -2.065547)
(-0.35901367 -0.707529 -2.14981)
(0.98269867 2.943265 6.0407035)
(1.3934 1.3934115 2.5276975)
(-0.9925505 0.199623 -1.930879)
(-2.217702 -1.228366 -5.2888745)
(-2.8687195 -3.1409185 -7.0302535)
(-2.7646265 -4.391182 -6.8156531)
(-1.688913 -4.6205328 -5.5933521)
(-0.757854 -4.1918915 -4.0894531)
(-0.8737295 -3.8455865 -3.3833879)
(-0.40205467 -2.636604 -3.1554695)
(0.75210533 -0.066752 2.5408295)
(0.199617 -0.9925405 -1.930876)
(-2.6885385 -2.688526 -5.8715698)
(-4.1846675 -4.8372375 -8.3054252)
(-4.536925 -6.6784992 -8.641986)
(-3.3718858 -7.4153232 -7.5230662)
(-1.50296 -7.2461308 -5.5379156)
(-0.10394975 -6.4362465 -3.647585)
(0.8098415 -5.0480838 -2.6415501)
(0.4469747 -3.85941 -2.9999361)
(0.36550633 -0.844122 -1.1113995)
(-1.228374 -2.217695 -5.2888705)
(-4.8372475 -4.1846555 -8.3054255)
(-6.2076752 -6.2076589 -9.2149834)
(-5.4468052 -7.1168513 -8.3877892)
(-3.3322582 -7.356298 -6.3666894)
(-0.70983635 -6.7194101 -3.3737906)
(1.440193 -5.521569 -1.7014614)
(1.703107 -3.733618 -0.3630417)
(0.39039457 -4.0531375 0.34414475)
(-0.16361 -1.3741035 -3.3729188)
(-3.1409165 -2.8687155 -7.0302595)
(-6.6785024 -4.5369115 -8.6419836)
(-7.1168633 -5.4467948 -8.3877905)
(-5.6855642 -5.6855549 -6.7908579)
(-2.9744445 -5.6631661 -3.9197862)
(0.33176905 -4.9913225 -1.0375861)
(2.8818423 -4.3289103 1.209322)
(2.278273 -4.2120226 2.7084421)
(0.2339617 -3.1658625 3.0189835)
(-0.63090167 -1.892256 -4.3138914)
(-4.391182 -2.7646255 -6.8156745)
(-7.4153268 -3.3718913 -7.5230813)
(-7.3563185 -3.3322641 -6.3667046)
(-5.6631764 -2.9744443 -3.9197927)
(-2.6380257 -2.6380341 -1.1133412)
(0.6244194 -3.0279511 1.476176)
(2.2194929 -3.50708 4.3730515)
(2.8661549 -4.2474747 5.6530179)
(1.0878347 -3.5857707 4.9394161)
(-0.74518967 -1.702242 -3.8147952)
(-4.6205518 -1.6889085 -5.5933756)
(-7.2461409 -1.5029642 -5.537936)
(-6.7194163 -0.70983975 -3.3738028)
(-4.9913342 0.331767 -1.0375998)
(-3.0279514 0.62441535 1.4761748)
(-0.53727685 -0.5372831 5.045412)
(1.6623187 -1.9230497 7.1521989)
(2.1995824 -2.2428681 7.4172242)
(0.67509777 -3.5946027 6.6422387)
(-0.62201267 -0.8788905 -2.7903212)
(-4.1919043 -0.757847 -4.0894834)
(-6.4362581 -0.10393675 -3.6475988)
(-5.5215873 1.4402007 -1.7014803)
(-4.3289213 2.8818405 1.2093084)
(-3.5070758 2.2194922 4.3730474)
(-1.9230457 1.6623213 7.1521979)
(0.51390785 0.51390915 8.4442307)
(1.1946019 -1.6180772 8.1807157)
(0.1866783 -2.4830454 5.0062025)
(-0.664494 -0.7454465 -2.0655885)
(-3.8455981 -0.873727 -3.3834177)
(-5.0480932 0.80984525 -2.6415755)
(-3.733639 1.7031101 -0.36306585)
(-4.2120427 2.2782791 2.7084288)
(-4.2474707 2.8661594 5.6530108)
(-2.2428599 2.1995844 7.4172217)
(-1.6180798 1.1946042 8.1807134)
(-0.79737215 -0.79736625 5.5883309)
(0.098452333 -1.8487819 1.392192)
(-0.707533 -0.35901633 -2.149837)
(-2.6366125 -0.40205533 -3.1555046)
(-3.859421 0.44697403 -2.9999655)
(-4.0531535 0.39039283 0.34412435)
(-3.165872 0.2339644 3.0189745)
(-3.5857706 1.08784 4.9394129)
(-3.5946009 0.67509783 6.6422355)
(-2.4830428 0.18667937 5.0062018)
(-1.8487842 0.0984558 1.392192)
(-0.51426547 -0.514262 -1.179668)
(-0.14508633 -0.14508633 -6.5635159)
(-1.633887 -0.36033667 -12.077753)
(-3.294431 -0.90905467 -15.680038)
(-3.0591059 -1.1287173 -17.048911)
(-1.6244127 -1.1514044 -16.317684)
(-0.20346445 -1.0218329 -14.525868)
(0.6760023 -1.1449318 -11.561147)
(0.81290035 -1.0579594 -8.5774106)
(0.26183395 -0.9026799 -7.3849434)
(-0.07672 -0.8545967 -6.7130588)
(-0.36033667 -1.6338745 -12.077757)
(-2.7798395 -2.7798345 -17.153695)
(-4.4470019 -4.0042157 -19.643934)
(-3.4226305 -4.2383932 -19.137376)
(-1.4640861 -4.2019126 -17.326286)
(-0.1937556 -4.3137554 -14.32251)
(0.62181255 -4.2490643 -10.488262)
(1.1762782 -3.3671025 -8.4332103)
(0.566878 -2.4533345 -7.5946558)
(-0.0286368 -2.9555326 -6.2911642)
(-0.90905967 -3.294427 -15.680041)
(-4.0042282 -4.446993 -19.643939)
(-4.7529897 -4.752977 -19.853841)
(-3.2568028 -4.5284059 -17.73495)
(-1.699775 -4.6627502 -14.595818)
(-0.25061608 -4.9271164 -10.087483)
(1.6226552 -3.623844 -6.3588745)
(2.6086301 -2.7893044 -5.2030606)
(0.6734039 -1.9468083 -4.4495685)
(-0.4115187 -0.9292128 -4.1195832)
(-1.128714 -3.0591108 -17.048917)
(-4.2383895 -3.4226275 -19.137381)
(-4.5284149 -3.2567903 -17.734953)
(-3.3324037 -3.3323898 -14.208652)
(-1.8627966 -3.7992244 -9.6820643)
(0.84515055 -3.166103 -5.0523378)
(2.7596246 -2.1381255 -2.0829429)
(2.853314 -1.7157446 -0.89008581)
(2.4269696 -1.0459074 -1.1278412)
(0.64976017 0.90214055 -0.8149321)
(-1.1514041 -1.6244109 -16.317691)
(-4.2019078 -1.4640945 -17.326299)
(-4.6627521 -1.6997808 -14.595824)
(-3.7992369 -1.8628006 -9.6820711)
(-1.5334882 -1.5334814 -4.9787186)
(1.4104828 -1.0812711 -0.85440145)
(3.0730136 -1.7071325 1.8499315)
(3.7008483 -0.84106913 2.4874657)
(3.2912891 -0.1198062 1.4521295)
(0.8871799 -1.137188 2.1386971)
(-1.0218364 -0.2034689 -14.525892)
(-4.3137594 -0.19375665 -14.32253)
(-4.927121 -0.25062739 -10.087506)
(-3.1661043 0.84514415 -5.0523535)
(-1.0812671 1.4104738 -0.8544061)
(0.6714995 0.67149665 2.7831477)
(2.9998266 0.5508951 4.4731628)
(4.4406403 -0.05131951 4.6105982)
(2.1308508 -1.3047789 4.5662386)
(-0.028494333 -2.5021908 3.2989182)
(-1.1449293 0.6760142 -11.561184)
(-4.2490663 0.62181815 -10.488288)
(-3.6238513 1.62266 -6.3588938)
(-2.1381357 2.7596283 -2.0829581)
(-1.7071357 3.073003 1.8499282)
(0.5509041 2.9998221 4.4731671)
(2.3501974 2.3501959 5.6644036)
(1.8451743 -0.20139078 5.9959865)
(0.84041784 -2.847452 4.6101395)
(0.088905303 -4.1672993 2.1230984)
(-1.0579671 0.8129022 -8.5774476)
(-3.3671136 1.1762789 -8.4332418)
(-2.7893109 2.6086365 -5.2030901)
(-1.7157613 2.8533113 -0.89010467)
(-0.84107329 3.7008533 2.4874612)
(-0.051307545 4.4406418 4.6105962)
(-0.20138632 1.8451728 5.9959834)
(-0.75700767 -0.75700547 4.9787408)
(-1.8350577 -3.6101858 1.5101769)
(-0.9083925 -6.4995847 -1.8153934)
(-0.90267813 0.2618237 -7.3849909)
(-2.4533319 0.56687525 -7.594691)
(-1.9468188 0.67339975 -4.4496015)
(-1.045919 2.426971 -1.1278636)
(-0.1198052 3.2913012 1.4521218)
(-1.3047764 2.1308543 4.5662406)
(-2.8474499 0.84041558 4.610137)
(-3.6101843 -1.8350518 1.510179)
(-4.9021614 -4.9021577 -2.631645)
(-1.8373606 -5.6354385 -6.7773045)
(-0.8545994 -0.076718333 -6.7130952)
(-2.9555375 -0.0286396 -6.2911985)
(-0.92921515 -0.41152203 -4.1196166)
(0.9021401 0.64976287 -0.81495335)
(-1.13719 0.887184 2.138692)
(-2.5021931 -0.028493633 3.2989211)
(-4.1672925 0.08890616 2.1231081)
(-6.499581 -0.90838873 -1.8153827)
(-5.6354443 -1.8373583 -6.7773037)
(-1.3972463 -1.397244 -8.698127)
(-1.8908174 -1.8908168 -15.421492)
(-6.1732634 -2.4012593 -16.672252)
(-5.037918 -1.8904928 -16.053531)
(-1.4817712 -1.026802 -13.731134)
(1.148934 -0.83601433 -12.569983)
(2.8642646 -0.495327 -9.1949082)
(4.2462064 -0.0299259 -6.4082103)
(3.297308 -0.52587311 -6.8557078)
(1.1189058 -0.80429628 -8.2349615)
(0.088909367 -0.42626589 -9.5486766)
(-2.40126 -6.1732596 -16.672259)
(-6.1727775 -6.172774 -16.763815)
(-2.976232 -3.9741797 -14.574334)
(0.0999465 -1.914405 -12.209568)
(1.9461465 -1.4190535 -8.8994693)
(4.0733973 0.0472023 -5.2043023)
(4.2003872 0.58174015 -4.5656712)
(2.1357524 -0.81754142 -5.175694)
(1.2683166 -0.91021166 -6.5369751)
(0.46693975 -0.0431283 -8.7978132)
(-1.8904937 -5.0379125 -16.053543)
(-3.9741835 -2.9762265 -14.574336)
(-0.779549 -0.779545 -11.239637)
(1.073355 0.0914875 -7.7822819)
(3.1105413 0.9657225 -3.3050453)
(4.8650582 1.8548495 -1.9189218)
(3.3814626 1.1591885 -2.7809542)
(1.8053562 1.106878 -3.4703186)
(1.8933189 1.4187308 -6.1378882)
(0.66696494 1.6168221 -8.3029446)
(-1.0268027 -1.481772 -13.731135)
(-1.91441 0.099945 -12.209577)
(0.091482 1.0733615 -7.7822887)
(1.845214 1.8452195 -2.6825444)
(3.7095085 2.5002485 0.75437643)
(4.2668633 1.8767837 0.85413847)
(3.4524157 1.4893959 -0.73006747)
(2.3952947 2.1689573 -3.3640312)
(1.7782608 2.1680801 -5.5301162)
(0.59900067 2.2051427 -7.3835869)
(-0.83601567 1.1489222 -12.569984)
(-1.41905 1.946136 -8.8994807)
(0.9657255 3.1105363 -3.3050693)
(2.5002421 3.7095032 0.75436433)
(3.1421055 3.1421034 3.1033631)
(3.8542056 2.1723195 2.4951932)
(3.6736363 1.5647832 -0.64385849)
(2.4840403 1.1717737 -3.443459)
(1.9295043 1.4820571 -4.7173308)
(0.69167337 0.94798785 -6.8723958)
(-0.49532683 2.8642502 -9.1949042)
(0.047204 4.0733858 -5.204306)
(1.8548492 4.865039 -1.9189328)
(1.8767811 4.266849 0.85413427)
(2.1723248 3.8542026 2.4951913)
(2.6895431 2.6895344 1.0906193)
(2.4518699 0.78652087 -1.1600809)
(2.3125686 0.0014407 -3.1426125)
(1.5544749 -1.0894647 -5.6816731)
(0.24295447 -3.6013693 -7.5492234)
(-0.0299253 4.2462022 -6.4082027)
(0.58173875 4.2003792 -4.5656816)
(1.1591887 3.3814514 -2.7809623)
(1.4894057 3.4524091 -0.7300759)
(1.5647909 3.6736343 -0.64385513)
(0.78652389 2.4518639 -1.1600802)
(0.98554253 0.98553751 -1.9857479)
(0.60805468 -1.5549071 -5.1110883)
(-1.6733057 -5.2989298 -7.5264348)
(-0.98292966 -8.7089143 -8.3255829)
(-0.52587548 3.2973029 -6.8557275)
(-0.81754682 2.1357497 -5.1757118)
(1.1068791 1.8053555 -3.4703256)
(2.168964 2.3952952 -3.3640357)
(1.1717796 2.4840341 -3.4434592)
(0.00144635 2.3125657 -3.1426099)
(-1.5549011 0.60805469 -5.1110947)
(-3.9718987 -3.9718982 -7.5554243)
(-5.5995323 -8.8598618 -9.1835705)
(-2.0303686 -11.383448 -8.422311)
(-0.80429407 1.1189059 -8.2349777)
(-0.91020866 1.2683163 -6.5369893)
(1.4187342 1.8933187 -6.1378936)
(2.1680844 1.7782614 -5.5301104)
(1.4820614 1.9295099 -4.7173315)
(-1.0894555 1.5544843 -5.6816702)
(-5.2989215 -1.6732909 -7.5264356)
(-8.8598618 -5.5995193 -9.1835737)
(-9.0848557 -9.0848469 -9.1844413)
(-2.6653207 -8.7315155 -7.4656427)
(-0.42626852 0.088914133 -9.5486983)
(-0.04313395 0.46693968 -8.7978256)
(1.6168242 0.66696394 -8.3029467)
(2.2051552 0.59899967 -7.383575)
(0.94800245 0.6916778 -6.8723896)
(-3.6013544 0.24296033 -7.5492184)
(-8.7089047 -0.98292142 -8.3255838)
(-11.383455 -2.0303618 -8.4223249)
(-8.7315285 -2.6653167 -7.465653)
(-1.7948143 -1.7948103 -7.5045703)
)
;

boundaryField
{
    block1_in
    {
        type            extrapolatedCalculated;
        value           nonuniform List<vector> 
100
(
(1.4770787 1.4770823 21.684114)
(2.657096 6.082447 28.826756)
(0.886927 1.8886965 39.954814)
(-0.93091067 -6.0818535 37.856676)
(-4.0459683 -14.684998 34.17714)
(-4.1382337 -21.802477 20.481846)
(-2.4818143 -16.802121 11.985104)
(-1.984601 -6.800266 14.983052)
(-0.71553167 1.0409765 18.979492)
(1.180243 1.5068847 27.754734)
(6.082454 2.6570997 28.826734)
(5.1972205 5.1972195 38.925878)
(-3.3001965 -3.4933135 46.810966)
(-8.1977805 -13.481197 39.189978)
(-12.85796 -19.495983 24.080818)
(-9.6695118 -19.456246 13.855629)
(-4.3838735 -13.571672 8.619036)
(-1.31447 -4.150842 4.9123)
(1.572426 5.7882425 10.852998)
(3.039691 3.4026593 26.366246)
(1.888717 0.88692667 39.954804)
(-3.493304 -3.3002035 46.81097)
(-11.506294 -11.506304 42.04688)
(-14.325844 -15.639617 32.345082)
(-11.470516 -16.156729 20.369789)
(-5.3659702 -13.32839 15.531534)
(0.7737515 -8.447079 9.93563)
(5.366851 -0.8439665 8.795556)
(3.896338 5.3951375 13.964046)
(0.2826965 2.4850613 22.864628)
(-6.0818355 -0.93091433 37.85668)
(-13.481191 -8.197791 39.189972)
(-15.639612 -14.325854 32.345081)
(-13.445411 -13.445419 24.078221)
(-7.8912962 -10.536109 18.637739)
(-1.8693735 -7.2119783 13.08108)
(3.879187 -2.8388505 13.066418)
(5.0330735 -1.0282555 15.824488)
(0.705254 0.704088 11.877982)
(-2.230927 0.993565 18.895044)
(-14.684988 -4.045977 34.177162)
(-19.495976 -12.85798 24.080818)
(-16.156724 -11.470525 20.369765)
(-10.536107 -7.8913012 18.637724)
(-4.5806853 -4.5806915 12.00654)
(0.241989 -1.557907 10.505612)
(1.945999 -1.544632 13.827192)
(0.5883555 -4.0178995 11.85268)
(-0.3371425 -1.868863 7.655452)
(-1.4340265 0.52760733 17.992034)
(-21.802476 -4.1382396 20.481871)
(-19.45624 -9.6695266 13.855637)
(-13.328387 -5.3659841 15.531528)
(-7.2119785 -1.8693805 13.081078)
(-1.557905 0.241987 10.505616)
(-0.6852915 -0.685294 7.84411)
(-1.621846 -2.492484 4.223002)
(0.084915 -3.311397 4.118296)
(1.3475125 -1.318294 6.847764)
(-0.5626795 0.262309 14.45502)
(-16.802131 -2.4818193 11.98514)
(-13.571675 -4.383891 8.619058)
(-8.447077 0.773736 9.935638)
(-2.838848 3.8791805 13.066426)
(-1.544635 1.9459955 13.82718)
(-2.492483 -1.621848 4.222994)
(-0.7744295 -0.7744255 -0.70849)
(0.952831 -1.048541 2.704862)
(2.284889 -2.5164575 2.458764)
(1.090166 -0.745854 3.590446)
(-6.800286 -1.9846027 14.983062)
(-4.150847 -1.314473 4.912308)
(-0.843959 5.366843 8.79557)
(-1.0282465 5.0330615 15.824494)
(-4.017895 0.588352 11.852672)
(-3.311393 0.0849115 4.118292)
(-1.0485425 0.95283 2.70486)
(-0.252087 -0.2520785 -1.366268)
(1.595033 -1.180959 -1.241656)
(1.1860975 -0.534173 0.35298)
(1.0409585 -0.71552667 18.979484)
(5.7882375 1.572436 10.85301)
(5.395141 3.8963365 13.96407)
(0.7041035 0.7052445 11.878)
(-1.868849 -0.337151 7.655462)
(-1.3182845 1.3475045 6.847764)
(-2.5164505 2.2848805 2.45875)
(-1.1809595 1.5950345 -1.241676)
(-1.078288 -1.078273 -2.472074)
(-0.0497155 -1.0184777 -6.34686)
(1.5068787 1.18025 27.7547)
(3.4026553 3.0397095 26.36624)
(2.485061 0.282709 22.86466)
(0.99357033 -2.2309285 18.895082)
(0.52761233 -1.434036 17.992048)
(0.26231367 -0.56269 14.455016)
(-0.74585067 1.090155 3.590412)
(-0.53417 1.186084 0.352944)
(-1.0184843 -0.049715 -6.346902)
(0.15153533 0.151542 -2.778802)
)
;
    }
    block1_out
    {
        type            extrapolatedCalculated;
        value           nonuniform List<vector> 
100
(
(-1.8908174 -1.8908168 -16.269883)
(-2.40126 -6.1732596 -15.527438)
(-1.8904937 -5.0379125 -12.678574)
(-1.0268027 -1.481772 -9.372266)
(-0.83601567 1.1489222 -9.030574)
(-0.49532683 2.8642502 -5.341253)
(-0.0299253 4.2462022 -2.8556214)
(-0.52587548 3.2973029 -5.4026759)
(-0.80429407 1.1189059 -8.0801846)
(-0.42626852 0.088914133 -10.299214)
(-6.1732634 -2.4012593 -15.527426)
(-6.1727775 -6.172774 -12.603386)
(-3.9741835 -2.9762265 -8.987612)
(-1.91441 0.099945 -7.242796)
(-1.41905 1.946136 -3.997902)
(0.047204 4.0733858 -0.14512)
(0.58173875 4.2003792 -1.7643458)
(-0.81754682 2.1357497 -3.6807898)
(-0.91020866 1.2683163 -5.6807782)
(-0.04313395 0.46693968 -9.8154015)
(-5.037918 -1.8904928 -12.678565)
(-2.976232 -3.9741797 -8.987612)
(-0.779549 -0.779545 -5.48776)
(0.091482 1.0733615 -2.772976)
(0.9657255 3.1105363 2.08394)
(1.8548492 4.865039 1.2117408)
(1.1591887 3.3814514 -2.2455658)
(1.1068791 1.8053555 -2.8741398)
(1.4187342 1.8933187 -6.4776818)
(1.6168242 0.66696394 -11.34299)
(-1.4817712 -1.026802 -9.372262)
(0.0999465 -1.914405 -7.242786)
(1.073355 0.0914875 -2.772972)
(1.845214 1.8452195 2.427856)
(2.5002421 3.7095032 4.854388)
(1.8767811 4.266849 2.1605702)
(1.4894057 3.4524091 -0.7939772)
(2.168964 2.3952952 -4.8594655)
(2.1680844 1.7782614 -7.5360128)
(2.2051552 0.59899967 -10.240065)
(1.148934 -0.83601433 -9.030578)
(1.9461465 -1.4190535 -3.997892)
(3.1105413 0.9657225 2.08397)
(3.7095085 2.5002485 4.854404)
(3.1421055 3.1421034 5.3971096)
(2.1723248 3.8542026 2.7900416)
(1.5647909 3.6736343 -2.6674465)
(1.1717796 2.4840341 -6.7185655)
(1.4820614 1.9295099 -7.5608419)
(0.94800245 0.6916778 -10.50017)
(2.8642646 -0.495327 -5.34127)
(4.0733973 0.0472023 -0.14512)
(4.8650582 1.8548495 1.2117518)
(4.2668633 1.8767837 2.1605752)
(3.8542056 2.1723195 2.7900376)
(2.6895431 2.6895344 -0.7382942)
(0.78652389 2.4518639 -4.7109103)
(0.00144635 2.3125657 -6.5401798)
(-1.0894555 1.5544843 -9.3652192)
(-3.6013544 0.24296033 -12.573722)
(4.2462064 -0.0299259 -2.8556474)
(4.2003872 0.58174015 -1.7643476)
(3.3814626 1.1591885 -2.2455676)
(3.4524157 1.4893959 -0.7939746)
(3.6736363 1.5647832 -2.6674456)
(2.4518699 0.78652087 -4.7109104)
(0.98554253 0.98553751 -4.9159055)
(-1.5549011 0.60805469 -9.2727726)
(-5.2989215 -1.6732909 -11.989819)
(-8.7089047 -0.98292142 -11.5808)
(3.297308 -0.52587311 -5.4026735)
(2.1357524 -0.81754142 -3.6807822)
(1.8053562 1.106878 -2.8741508)
(2.3952947 2.1689573 -4.8594704)
(2.4840403 1.1717737 -6.7185634)
(2.3125686 0.0014407 -6.5401852)
(0.60805468 -1.5549071 -9.2727676)
(-3.9718987 -3.9718982 -11.805887)
(-8.8598618 -5.5995193 -12.166603)
(-11.383455 -2.0303618 -9.34177)
(1.1189058 -0.80429628 -8.0801818)
(1.2683166 -0.91021166 -5.6807777)
(1.8933189 1.4187308 -6.4776948)
(1.7782608 2.1680801 -7.5360284)
(1.9295043 1.4820571 -7.5608461)
(1.5544749 -1.0894647 -9.365227)
(-1.6733057 -5.2989298 -11.989816)
(-5.5995323 -8.8598618 -12.166595)
(-9.0848557 -9.0848469 -9.22715)
(-8.7315285 -2.6653167 -5.40703)
(0.088909367 -0.42626589 -10.299199)
(0.46693975 -0.0431283 -9.8153996)
(0.66696494 1.6168221 -11.343005)
(0.59900067 2.2051427 -10.240095)
(0.69167337 0.94798785 -10.500184)
(0.24295447 -3.6013693 -12.573726)
(-0.98292966 -8.7089143 -11.580786)
(-2.0303686 -11.383448 -9.341742)
(-2.6653207 -8.7315155 -5.407012)
(-1.7948143 -1.7948103 -4.869054)
)
;
    }
    block1_wall1
    {
        type            extrapolatedCalculated;
        value           nonuniform List<vector> 
200
(
(0 1.4770823 23.171407)
(0 6.082447 28.96341)
(0 1.8886965 33.140068)
(0 -6.0818535 28.27621)
(0 -14.684998 23.394714)
(0 -21.802477 16.7864)
(0 -16.802121 13.589597)
(0 -6.800266 16.22152)
(0 1.0409765 21.535012)
(0 1.5068847 28.117922)
(0 2.5073243 18.005064)
(0 2.7647395 15.531364)
(0 -8.172024 7.318001)
(0 -14.922211 2.203021)
(0 -14.544883 1.205514)
(0 -14.318116 8.3670342)
(0 -12.150646 17.950984)
(0 -1.8765317 24.474577)
(0 6.1138963 28.457566)
(0 2.2396325 27.959801)
(0 -0.17205133 -5.0005435)
(0 -4.604616 -11.012797)
(0 -11.439646 -14.407419)
(0 -12.194341 -10.74358)
(0 -8.520985 -2.279407)
(0 -5.057007 6.2836895)
(0 -0.6945775 14.768177)
(0 3.706316 22.620133)
(0 4.5262 22.144228)
(0 1.1750413 17.606156)
(0 -1.500845 -22.436036)
(0 -6.642136 -26.830715)
(0 -7.902807 -22.638372)
(0 -2.794199 -14.065844)
(0 2.4823875 -5.953244)
(0 2.729468 1.0708885)
(0 4.185797 4.69168)
(0 5.49952 4.3883075)
(0 1.099919 0.7027185)
(0 -0.78574933 -3.7577705)
(0 -3.1018374 -19.842883)
(0 -4.8069518 -18.779287)
(0 1.3252251 -11.912422)
(0 4.4907874 -6.1661354)
(0 6.6157476 -4.5217805)
(0 5.587917 -5.522129)
(0 2.6228415 -8.3234665)
(0 -0.2826455 -14.148638)
(0 -3.619878 -19.812794)
(0 -1.798618 -22.052944)
(0 -0.79178105 -2.6728875)
(0 1.2883251 4.7039117)
(0 4.7103451 6.9560318)
(0 4.5964428 4.9778576)
(0 3.1263939 -0.099942)
(0 -1.072218 -7.5561364)
(0 -4.4407122 -15.294324)
(0 -5.9898076 -21.586804)
(0 -6.8043871 -25.262481)
(0 -2.2791827 -24.780995)
(0 1.8160287 16.777481)
(0 4.8219675 22.037423)
(0 1.599171 18.763063)
(0 -2.5651865 12.231854)
(0 -5.9182464 4.054833)
(0 -9.606465 -4.154155)
(0 -11.407827 -9.9287995)
(0 -10.250802 -13.350187)
(0 -6.8140685 -13.654705)
(0 -1.4776273 -10.889256)
(0 2.7148467 21.237493)
(0 3.2739065 20.908194)
(0 -5.095224 15.560637)
(0 -10.111787 9.58494)
(0 -13.259615 4.1521825)
(0 -15.05585 0.8076345)
(0 -13.636744 0.71041695)
(0 -9.7157135 2.326745)
(0 -4.343456 4.921047)
(0 -0.43554967 7.2386045)
(0 1.596496 6.865302)
(0 -0.854889 2.8368185)
(0 -9.724083 -0.9702815)
(0 -13.973641 -3.029399)
(0 -14.695552 -2.8796405)
(0 -13.048231 1.0391286)
(0 -9.8887161 6.5482327)
(0 -6.0401725 11.548236)
(0 -1.902209 15.055683)
(0 0.067411 15.886865)
(0 0.029191 -16.456972)
(0 -4.561677 -20.876568)
(0 -10.961441 -21.979921)
(0 -12.021146 -19.517107)
(0 -9.1910874 -13.273119)
(0 -5.6279772 -5.1749771)
(0 -3.1276363 2.4040642)
(0 -1.2082635 8.2957183)
(0 -0.00482705 11.652066)
(0 0.118572 11.707636)
(0 -1.3499013 -33.961119)
(0 -6.377838 -37.734664)
(0 -8.3646219 -35.452405)
(0 -5.2668377 -29.21376)
(0 -0.35342161 -20.736238)
(0 2.6289523 -13.059363)
(0 3.5819793 -6.6449798)
(0 3.2078292 -1.8760938)
(0 1.5097082 0.7192493)
(0 0.10445747 1.1087505)
(0 -2.4865057 -37.318339)
(0 -6.0529625 -38.80047)
(0 -2.4405375 -34.040179)
(0 2.6950205 -26.835791)
(0 6.96331 -20.628221)
(0 8.463281 -15.913011)
(0 8.0556325 -12.3354)
(0 6.1559656 -9.6993138)
(0 2.9800173 -8.0074349)
(0 0.37823947 -6.7609733)
(0 -2.3379887 -25.66562)
(0 -3.0996785 -23.295276)
(0 3.600057 -18.497198)
(0 8.14512 -13.855621)
(0 10.569358 -11.195245)
(0 10.921774 -9.8224775)
(0 9.7956765 -9.166558)
(0 7.5357939 -8.7715864)
(0 4.4480487 -8.1069755)
(0 0.93543193 -6.6409303)
(0 -0.906277 -3.2906985)
(0 1.115459 1.2051175)
(0 6.999118 4.2611575)
(0 9.9969735 5.40368)
(0 10.996453 5.1689965)
(0 10.491968 3.8214015)
(0 9.1065235 2.0882905)
(0 7.215548 0.44714)
(0 5.1106735 -0.2692095)
(0 1.355603 0.20736635)
(0 0.659222 18.911827)
(0 4.4521775 23.132421)
(0 7.7986195 23.919046)
(0 9.052959 22.700628)
(0 8.9870795 20.316469)
(0 7.841068 17.249132)
(0 6.421415 13.867597)
(0 5.1782938 10.793815)
(0 4.2082751 8.645342)
(0 1.2531492 7.5190338)
(0 1.907452 29.515876)
(0 6.122678 32.270325)
(0 6.5673255 30.89061)
(0 6.3943963 28.329381)
(0 5.5449576 24.692288)
(0 4.043096 20.920383)
(0 2.6512062 17.089627)
(0 1.9932931 13.651412)
(0 1.8358924 10.975029)
(0 0.60473087 9.0644764)
(0 2.4955211 25.128834)
(0 5.8269107 24.945672)
(0 3.857676 21.949421)
(0 2.8546375 18.311595)
(0 1.578081 14.710903)
(0 0.2384075 11.392534)
(0 -0.847556 8.7755512)
(0 -0.9363045 7.0390856)
(0 -0.3786605 5.9033675)
(0 -0.020552667 4.4577467)
(0 1.785344 10.001615)
(0 2.943265 6.0407035)
(0 -0.066752 2.5408295)
(0 -0.844122 -1.1113995)
(0 -1.3741035 -3.3729188)
(0 -1.892256 -4.3138914)
(0 -1.702242 -3.8147952)
(0 -0.8788905 -2.7903212)
(0 -0.7454465 -2.0655885)
(0 -0.35901633 -2.149837)
(0 -0.14508633 -6.5635159)
(0 -1.6338745 -12.077757)
(0 -3.294427 -15.680041)
(0 -3.0591108 -17.048917)
(0 -1.6244109 -16.317691)
(0 -0.2034689 -14.525892)
(0 0.6760142 -11.561184)
(0 0.8129022 -8.5774476)
(0 0.2618237 -7.3849909)
(0 -0.076718333 -6.7130952)
(0 -1.8908168 -15.421492)
(0 -6.1732596 -16.672259)
(0 -5.0379125 -16.053543)
(0 -1.481772 -13.731135)
(0 1.1489222 -12.569984)
(0 2.8642502 -9.1949042)
(0 4.2462022 -6.4082027)
(0 3.2973029 -6.8557275)
(0 1.1189059 -8.2349777)
(0 0.088914133 -9.5486983)
)
;
    }
    block1_wall2
    {
        type            extrapolatedCalculated;
        value           nonuniform List<vector> 
200
(
(1.180243 0 28.117922)
(0.75383537 0 27.959801)
(0.458557 0 17.606156)
(-1.3408597 0 -3.7577705)
(-2.6710267 0 -22.052944)
(-2.7737652 0 -24.780995)
(-1.4527547 0 -10.889256)
(0.04984 0 7.2386045)
(0.79332433 0 15.886865)
(0.69902397 0 11.707636)
(0.31291067 0 1.1087505)
(0.21591317 0 -6.7609733)
(0.53437553 0 -6.6409303)
(0.9905301 0 0.20736635)
(1.1493286 0 7.5190338)
(0.48620763 0 9.0644764)
(-0.18415433 0 4.4577467)
(-0.707533 0 -2.149837)
(-0.8545994 0 -6.7130952)
(-0.42626852 0 -9.5486983)
(3.039691 0 26.765855)
(1.2950276 0 26.877272)
(-2.316747 0 14.464113)
(-6.717181 0 -8.452146)
(-8.8972265 0 -24.202303)
(-7.4063818 0 -22.953587)
(-3.216296 0 -6.653848)
(0.145033 0 10.607723)
(1.144568 0 16.860641)
(0.69587105 0 10.987015)
(0.6365135 0 0.3840843)
(1.9693149 0 -6.4287759)
(3.969077 0 -5.4790048)
(5.0982496 0 1.129796)
(3.8083372 0 6.7625501)
(0.59082695 0 7.0642519)
(-2.105409 0 2.6671358)
(-2.6366125 0 -3.1555046)
(-2.9555375 0 -6.2911985)
(-0.04313395 0 -8.7978256)
(0.2826965 0 23.694742)
(-2.2880483 0 22.603363)
(-8.4589645 0 9.5939471)
(-10.669976 0 -10.33825)
(-9.6246013 0 -22.742145)
(-5.482343 0 -19.100065)
(-1.6036005 0 -3.337841)
(-0.583416 0 11.599469)
(-1.469349 0 16.437703)
(-1.5478758 0 11.199581)
(0.8995615 0 2.3821943)
(5.1127825 0 -3.4284098)
(8.4314119 0 -3.5119956)
(8.2082884 0 0.0466266)
(3.8217902 0 3.0116112)
(-1.1705454 0 3.1507302)
(-4.4288441 0 1.2303073)
(-3.859421 0 -2.9999655)
(-0.92921515 0 -4.1196166)
(1.6168242 0 -8.3029467)
(-2.230927 0 20.071224)
(-7.3895029 0 18.135611)
(-11.752086 0 6.0821859)
(-11.909518 0 -9.6177828)
(-8.5226186 0 -19.01467)
(-3.648756 0 -14.932586)
(-1.35441 0 -1.754921)
(-2.390544 0 10.741975)
(-3.760241 0 15.896181)
(-2.1465098 0 13.355925)
(2.999705 0 7.0447426)
(8.9571804 0 1.1030745)
(11.782536 0 -2.383499)
(9.0345665 0 -3.4798257)
(2.828964 0 -2.6162837)
(-3.1631447 0 -1.1863824)
(-5.1167999 0 -0.02173975)
(-4.0531535 0 0.34412435)
(0.9021401 0 -0.81495335)
(2.2051552 0 -7.383575)
(-1.4340265 0 17.007295)
(-8.7414891 0 13.082204)
(-11.345846 0 5.073932)
(-9.953817 0 -7.1087829)
(-5.7028167 0 -14.481383)
(-2.0942635 0 -11.931856)
(-2.006255 0 -2.079629)
(-4.136418 0 9.1936375)
(-4.615397 0 16.681737)
(-0.77384726 0 17.959527)
(6.188514 0 13.485885)
(12.015626 0 5.3544215)
(12.762944 0 -3.4346095)
(7.9435615 0 -8.9069457)
(0.8451386 0 -9.1861)
(-4.9773419 0 -4.7950337)
(-5.7324785 0 0.3402986)
(-3.165872 0 3.0189745)
(-1.13719 0 2.138692)
(0.94800245 0 -6.8723896)
(-0.5626795 0 12.239566)
(-5.4579475 0 8.2237912)
(-7.7558964 0 4.869858)
(-5.723943 0 -3.9747532)
(-2.4347175 0 -11.155116)
(-1.1216365 0 -11.236024)
(-2.802204 0 -3.7970755)
(-4.87245 0 8.1328325)
(-3.702872 0 19.258752)
(1.8305634 0 24.159837)
(8.8020445 0 19.834216)
(12.77607 0 7.677504)
(11.178314 0 -6.4555635)
(5.141578 0 -15.397631)
(-2.10297 0 -15.537187)
(-5.6132343 0 -7.7639994)
(-6.1254541 0 1.7897302)
(-3.5857706 0 4.9394129)
(-2.5021931 0 3.2989211)
(-3.6013544 0 -7.5492184)
(1.090166 0 4.1427247)
(-1.886462 0 5.8889875)
(-3.4695057 0 4.8079365)
(-2.1374515 0 -1.787604)
(-0.7750805 0 -9.8790765)
(-1.4871695 0 -12.299342)
(-3.6426615 0 -5.8304425)
(-4.3784115 0 8.2929695)
(-1.3822925 0 23.384751)
(4.518563 0 30.464443)
(9.5512575 0 24.431391)
(10.466884 0 7.7306915)
(6.987537 0 -11.069101)
(1.1076795 0 -22.18823)
(-4.0025892 0 -19.940912)
(-5.4493479 0 -8.8175178)
(-4.2340814 0 2.3677623)
(-3.5946009 0 6.6422355)
(-4.1672925 0 2.1231081)
(-8.7089047 0 -8.3255838)
(1.1860975 0 0.85378767)
(-0.9885295 0 3.6641195)
(-0.431206 0 4.6188685)
(-0.5864655 0 -1.280328)
(-1.1519495 0 -10.504835)
(-2.770354 0 -14.103605)
(-3.663576 0 -6.6883175)
(-1.9070095 0 10.393202)
(2.096565 0 28.155727)
(5.9031151 0 35.093386)
(7.280522 0 25.782537)
(5.3457595 0 5.1137835)
(1.238038 0 -15.814768)
(-2.664045 0 -26.387757)
(-3.7788468 0 -22.094214)
(-3.3248322 0 -7.9954917)
(-1.2495375 0 3.6444772)
(-2.4830428 0 5.0062018)
(-6.499581 0 -1.8153827)
(-11.383455 0 -8.4223249)
(-0.0497155 0 -3.9318973)
(0.7084595 0 4.271684)
(1.1792585 0 5.2100005)
(-0.469441 0 -2.5083475)
(-2.410214 0 -12.062965)
(-2.957349 0 -14.810969)
(-0.8614145 0 -4.967098)
(2.5406835 0 14.053111)
(5.232245 0 31.194875)
(5.4652279 0 35.6484)
(2.6653555 0 23.874035)
(-1.2991075 0 1.6882075)
(-4.1795385 0 -19.078906)
(-4.429472 0 -27.205115)
(-2.1313706 0 -20.601699)
(1.440564 0 -6.2882085)
(0.5504255 0 3.2095517)
(-1.8487842 0 1.392192)
(-5.6354443 0 -6.7773037)
(-8.7315285 0 -7.465653)
(0.15153533 0 -0.728617)
(0.97611033 0 4.8930935)
(0.56580833 0 3.440968)
(-0.20324467 0 -4.8698005)
(-1.0084937 0 -12.992743)
(-0.82309633 0 -12.554806)
(0.495615 0 -1.190285)
(1.694779 0 16.486861)
(2.1181153 0 31.080271)
(1.618376 0 32.526497)
(0.036846333 0 19.018201)
(-1.6188463 0 -1.7311105)
(-2.242699 0 -18.945133)
(-1.5296643 0 -24.339589)
(-0.33234827 0 -16.224178)
(1.388683 0 -5.3136956)
(0.317327 0 0.355129)
(-0.51426547 0 -1.179668)
(-1.3972463 0 -8.698127)
(-1.7948143 0 -7.5045703)
)
;
    }
    block1_wall3
    {
        type            extrapolatedCalculated;
        value           nonuniform List<vector> 
200
(
(0 1.18025 28.117904)
(0 3.0397095 26.76585)
(0 0.282709 23.694754)
(0 -2.2309285 20.071241)
(0 -1.434036 17.007303)
(0 -0.56269 12.239567)
(0 1.090155 4.1427057)
(0 1.186084 0.85376767)
(0 -0.049715 -3.9319227)
(0 0.151542 -0.728617)
(0 0.7538362 27.959804)
(0 1.2950242 26.877262)
(0 -2.2880474 22.603352)
(0 -7.3894921 18.135596)
(0 -8.7414799 13.082205)
(0 -5.4579505 8.2237965)
(0 -1.8864725 5.8889965)
(0 -0.9885445 3.664122)
(0 0.708454 4.2716895)
(0 0.97611433 4.8930935)
(0 0.45855533 17.606141)
(0 -2.316742 14.464093)
(0 -8.4589565 9.5939389)
(0 -11.752075 6.0821766)
(0 -11.345835 5.0739274)
(0 -7.7558987 4.8698549)
(0 -3.4695195 4.8079385)
(0 -0.431223 4.618865)
(0 1.1792565 5.210002)
(0 0.56581133 3.440968)
(0 -1.340862 -3.7578025)
(0 -6.7171775 -8.452164)
(0 -10.669964 -10.33828)
(0 -11.909504 -9.6177985)
(0 -9.9538016 -7.1088007)
(0 -5.7239394 -3.974763)
(0 -2.1374623 -1.7876105)
(0 -0.586481 -1.2803305)
(0 -0.469443 -2.5083415)
(0 -0.20324167 -4.8698005)
(0 -2.671019 -22.052975)
(0 -8.8972195 -24.202328)
(0 -9.624591 -22.742169)
(0 -8.522596 -19.01469)
(0 -5.7028 -14.481402)
(0 -2.4347085 -11.155131)
(0 -0.775087 -9.8790805)
(0 -1.151954 -10.504834)
(0 -2.4102135 -12.062962)
(0 -1.0084947 -12.992743)
(0 -2.7737636 -24.781016)
(0 -7.4063713 -22.953614)
(0 -5.482327 -19.100081)
(0 -3.6487365 -14.932607)
(0 -2.094242 -11.931877)
(0 -1.121618 -11.236034)
(0 -1.487166 -12.299353)
(0 -2.7703625 -14.103601)
(0 -2.957351 -14.810974)
(0 -0.82309533 -12.554806)
(0 -1.4527507 -10.889272)
(0 -3.216284 -6.65386)
(0 -1.603584 -3.3378535)
(0 -1.354392 -1.754932)
(0 -2.0062275 -2.0796445)
(0 -2.802185 -3.7970875)
(0 -3.6426535 -5.830451)
(0 -3.663575 -6.6883225)
(0 -0.8614185 -4.967094)
(0 0.49561767 -1.190285)
(0 0.049844667 7.238599)
(0 0.1450475 10.607715)
(0 -0.583399 11.599463)
(0 -2.3905275 10.741969)
(0 -4.1363975 9.1936325)
(0 -4.8724245 8.1328265)
(0 -4.378401 8.2929775)
(0 -1.9070055 10.393202)
(0 2.5406865 14.053116)
(0 1.6947773 16.486861)
(0 0.793327 15.886867)
(0 1.14458 16.860639)
(0 -1.4693305 16.437701)
(0 -3.7602225 15.896183)
(0 -4.61537 16.681742)
(0 -3.70284 19.258755)
(0 -1.3822775 23.384749)
(0 2.0965635 28.155733)
(0 5.23224 31.194876)
(0 2.1181143 31.080271)
(0 0.69902573 11.707642)
(0 0.69588145 10.987025)
(0 -1.5478547 11.199596)
(0 -2.1464869 13.355932)
(0 -0.7738251 17.959533)
(0 1.830583 24.159831)
(0 4.5185769 30.464434)
(0 5.9031208 35.093384)
(0 5.4652242 35.648403)
(0 1.6183743 32.526497)
(0 0.31291577 1.1087625)
(0 0.63653365 0.3840931)
(0 0.8995765 2.3821998)
(0 2.9997155 7.0447485)
(0 6.188529 13.485891)
(0 8.8020605 19.834211)
(0 9.551275 24.431379)
(0 7.2805325 25.782532)
(0 2.6653535 23.874026)
(0 0.036843667 19.018201)
(0 0.21591283 -6.7609707)
(0 1.9693188 -6.4287809)
(0 5.1128007 -3.4284186)
(0 8.9572042 1.103075)
(0 12.015638 5.354425)
(0 12.776071 7.677506)
(0 10.466898 7.73069)
(0 5.3457685 5.1137755)
(0 -1.2991065 1.6882)
(0 -1.6188423 -1.7311105)
(0 0.53437563 -6.6409438)
(0 3.9690857 -5.4790144)
(0 8.4314324 -3.5120026)
(0 11.782559 -2.383502)
(0 12.76296 -3.434608)
(0 11.178325 -6.4555585)
(0 6.9875445 -11.069088)
(0 1.2380425 -15.81477)
(0 -4.1795325 -19.078903)
(0 -2.2426967 -18.945133)
(0 0.99053243 0.20736315)
(0 5.09826 1.1297994)
(0 8.2083131 0.04662025)
(0 9.0345987 -3.4798249)
(0 7.943581 -8.9069451)
(0 5.1415915 -15.397622)
(0 1.1076865 -22.188225)
(0 -2.664047 -26.387757)
(0 -4.429469 -27.205112)
(0 -1.529662 -24.339589)
(0 1.1493331 7.519044)
(0 3.8083428 6.7625605)
(0 3.8218081 3.0116177)
(0 2.8289938 -2.6162868)
(0 0.8451627 -9.1860978)
(0 -2.1029542 -15.53718)
(0 -4.0025903 -19.940915)
(0 -3.7788446 -22.094211)
(0 -2.1313643 -20.601699)
(0 -0.33234807 -16.224178)
(0 0.48621007 9.0644957)
(0 0.5908337 7.0642605)
(0 -1.1705341 3.1507464)
(0 -3.1631167 -1.1863747)
(0 -4.9773126 -4.7950265)
(0 -5.6132258 -7.7639967)
(0 -5.4493437 -8.8175183)
(0 -3.3248309 -7.995492)
(0 1.440563 -6.2882117)
(0 1.388685 -5.3136956)
(0 -0.184157 4.4577672)
(0 -2.1054065 2.6671587)
(0 -4.4288271 1.2303295)
(0 -5.1167791 -0.0217172)
(0 -5.7324593 0.34030875)
(0 -6.1254459 1.7897329)
(0 -4.2340856 2.367764)
(0 -1.249538 3.6444739)
(0 0.550432 3.2095495)
(0 0.31732933 0.355129)
(0 -0.707529 -2.14981)
(0 -2.636604 -3.1554695)
(0 -3.85941 -2.9999361)
(0 -4.0531375 0.34414475)
(0 -3.1658625 3.0189835)
(0 -3.5857707 4.9394161)
(0 -3.5946027 6.6422387)
(0 -2.4830454 5.0062025)
(0 -1.8487819 1.392192)
(0 -0.514262 -1.179668)
(0 -0.8545967 -6.7130588)
(0 -2.9555326 -6.2911642)
(0 -0.9292128 -4.1195832)
(0 0.90214055 -0.8149321)
(0 -1.137188 2.1386971)
(0 -2.5021908 3.2989182)
(0 -4.1672993 2.1230984)
(0 -6.4995847 -1.8153934)
(0 -5.6354385 -6.7773045)
(0 -1.397244 -8.698127)
(0 -0.42626589 -9.5486766)
(0 -0.0431283 -8.7978132)
(0 1.6168221 -8.3029446)
(0 2.2051427 -7.3835869)
(0 0.94798785 -6.8723958)
(0 -3.6013693 -7.5492234)
(0 -8.7089143 -8.3255829)
(0 -11.383448 -8.422311)
(0 -8.7315155 -7.4656427)
(0 -1.7948103 -7.5045703)
)
;
    }
    block1_wall4
    {
        type            extrapolatedCalculated;
        value           nonuniform List<vector> 
200
(
(1.4770787 0 23.171407)
(2.5073247 0 18.005064)
(-0.17204933 0 -5.0005435)
(-1.5008443 0 -22.436036)
(-3.1018358 0 -19.842883)
(-0.79178083 0 -2.6728875)
(1.8160283 0 16.777481)
(2.7148457 0 21.237493)
(1.596498 0 6.865302)
(0.029188667 0 -16.456972)
(-1.3499007 0 -33.961119)
(-2.4865067 0 -37.318339)
(-2.3379917 0 -25.66562)
(-0.90627967 0 -3.2906985)
(0.65921867 0 18.911827)
(1.9074473 0 29.515876)
(2.4955167 0 25.128834)
(1.785341 0 10.001615)
(-0.14508633 0 -6.5635159)
(-1.8908174 0 -15.421492)
(6.082454 0 28.963399)
(2.764745 0 15.531372)
(-4.6046115 0 -11.012797)
(-6.6421365 0 -26.830716)
(-4.8069519 0 -18.779288)
(1.28832 0 4.7039086)
(4.821968 0 22.037421)
(3.27391 0 20.908198)
(-0.8548985 0 2.8368165)
(-4.5616745 0 -20.87657)
(-6.3778383 0 -37.734662)
(-6.052964 0 -38.800475)
(-3.099679 0 -23.295279)
(1.115452 0 1.205117)
(4.452166 0 23.132418)
(6.122669 0 32.270323)
(5.8269027 0 24.945675)
(2.943259 0 6.04071)
(-1.633887 0 -12.077753)
(-6.1732634 0 -16.672252)
(1.888717 0 33.140061)
(-8.1720165 0 7.3179985)
(-11.439643 0 -14.407425)
(-7.9028045 0 -22.638376)
(1.3252227 0 -11.912427)
(4.7103427 0 6.9560324)
(1.5991665 0 18.763071)
(-5.095228 0 15.560627)
(-9.724091 0 -0.9702825)
(-10.961437 0 -21.979912)
(-8.3646239 0 -35.452409)
(-2.440536 0 -34.040179)
(3.600058 0 -18.497203)
(6.999114 0 4.2611465)
(7.7986125 0 23.919044)
(6.5673165 0 30.890613)
(3.8576705 0 21.949424)
(-0.066761 0 2.540825)
(-3.294431 0 -15.680038)
(-5.037918 0 -16.053531)
(-6.0818355 0 28.276208)
(-14.922203 0 2.2030115)
(-12.194335 0 -10.743585)
(-2.7941915 0 -14.065849)
(4.4907849 0 -6.1661409)
(4.5964398 0 4.9778525)
(-2.565188 0 12.23185)
(-10.111807 0 9.58494)
(-13.973643 0 -3.029393)
(-12.021151 0 -19.517103)
(-5.2668436 0 -29.213761)
(2.695021 0 -26.835793)
(8.145116 0 -13.855629)
(9.996968 0 5.4036715)
(9.052961 0 22.70062)
(6.3943886 0 28.329381)
(2.8546345 0 18.311597)
(-0.844126 0 -1.1113915)
(-3.0591059 0 -17.048911)
(-1.4817712 0 -13.731134)
(-14.684988 0 23.394721)
(-14.544879 0 1.205499)
(-8.520983 0 -2.279414)
(2.4823825 0 -5.9532565)
(6.615746 0 -4.5217955)
(3.1263838 0 -0.0999405)
(-5.91826 0 4.054825)
(-13.259631 0 4.152172)
(-14.695565 0 -2.8796265)
(-9.1911037 0 -13.273113)
(-0.35343085 0 -20.736237)
(6.9632965 0 -20.62822)
(10.569344 0 -11.195256)
(10.996443 0 5.1689915)
(8.987068 0 20.316465)
(5.5449498 0 24.692287)
(1.578071 0 14.71091)
(-1.374109 0 -3.3729154)
(-1.6244127 0 -16.317684)
(1.148934 0 -12.569983)
(-21.802476 0 16.786408)
(-14.318121 0 8.3670169)
(-5.057012 0 6.2836765)
(2.7294615 0 1.0708795)
(5.5879045 0 -5.5221395)
(-1.072229 0 -7.5561535)
(-9.606492 0 -4.1541647)
(-15.055867 0 0.80763545)
(-13.048254 0 1.0391344)
(-5.6280008 0 -5.1749697)
(2.6289345 0 -13.05936)
(8.4632565 0 -15.913019)
(10.921753 0 -9.8224825)
(10.491948 0 3.821396)
(7.8410425 0 17.249127)
(4.0430742 0 20.920385)
(0.238384 0 11.392539)
(-1.8922715 0 -4.3138752)
(-0.20346445 0 -14.525868)
(2.8642646 0 -9.1949082)
(-16.802131 0 13.58961)
(-12.15065 0 17.950963)
(-0.694585 0 14.768169)
(4.1857965 0 4.69166)
(2.622828 0 -8.323486)
(-4.4407282 0 -15.294337)
(-11.407841 0 -9.9288134)
(-13.636773 0 0.7104104)
(-9.8887464 0 6.5482401)
(-3.1276644 0 2.4040747)
(3.5819475 0 -6.6449797)
(8.0556057 0 -12.335401)
(9.7956505 0 -9.1665655)
(9.1064945 0 2.088281)
(6.4213905 0 13.867591)
(2.6511823 0 17.089628)
(-0.847581 0 8.7755642)
(-1.7022505 0 -3.8147639)
(0.6760023 0 -11.561147)
(4.2462064 0 -6.4082103)
(-6.800286 0 16.221522)
(-1.8765288 0 24.474562)
(3.7063175 0 22.620123)
(5.4995065 0 4.3882925)
(-0.2826485 0 -14.148664)
(-5.989826 0 -21.586823)
(-10.250825 0 -13.35021)
(-9.7157351 0 2.3267305)
(-6.0401999 0 11.548243)
(-1.2082971 0 8.2957243)
(3.2078017 0 -1.8760902)
(6.1559416 0 -9.6993158)
(7.5357681 0 -8.7715937)
(7.2155265 0 0.447136)
(5.1782728 0 10.793815)
(1.993281 0 13.651413)
(-0.9363165 0 7.0391059)
(-0.878896 0 -2.790292)
(0.81290035 0 -8.5774106)
(3.297308 0 -6.8557078)
(1.0409585 0 21.535011)
(6.113893 0 28.457566)
(4.5261995 0 22.144204)
(1.0999105 0 0.702694)
(-3.6198955 0 -19.812818)
(-6.8044004 0 -25.262514)
(-6.814089 0 -13.654723)
(-4.343463 0 4.9210355)
(-1.9022205 0 15.055678)
(-0.0048393 0 11.652076)
(1.5096971 0 0.719259)
(2.9800134 0 -8.0074348)
(4.4480422 0 -8.1069806)
(5.1106633 0 -0.2692143)
(4.2082693 0 8.6453458)
(1.8358927 0 10.975039)
(-0.378648 0 5.9033872)
(-0.745446 0 -2.065547)
(0.26183395 0 -7.3849434)
(1.1189058 0 -8.2349615)
(1.5068787 0 28.117904)
(2.2396279 0 27.959804)
(1.1750367 0 17.606141)
(-0.78574767 0 -3.7578025)
(-1.7986277 0 -22.052975)
(-2.2791854 0 -24.781016)
(-1.4776297 0 -10.889272)
(-0.435552 0 7.238599)
(0.067412667 0 15.886867)
(0.118574 0 11.707642)
(0.1044563 0 1.1087625)
(0.37824297 0 -6.7609707)
(0.93543237 0 -6.6409438)
(1.3556008 0 0.20736315)
(1.2531507 0 7.519044)
(0.60473297 0 9.0644957)
(-0.020544667 0 4.4577672)
(-0.35901367 0 -2.14981)
(-0.07672 0 -6.7130588)
(0.088909367 0 -9.5486766)
)
;
    }
}


// ************************************************************************* //
