/*--------------------------------*- C++ -*----------------------------------*\
| =========                 |                                                 |
| \\      /  F ield         | OpenFOAM: The Open Source CFD Toolbox           |
|  \\    /   O peration     | Version:  v2106                                 |
|   \\  /    A nd           | Website:  www.openfoam.com                      |
|    \\/     M anipulation  |                                                 |
\*---------------------------------------------------------------------------*/
FoamFile
{
    version     2.0;
    format      ascii;
    arch        "LSB;label=32;scalar=64";
    class       volScalarField;
    location    "0";
    object      gradz_Tmode1;
}
// * * * * * * * * * * * * * * * * * * * * * * * * * * * * * * * * * * * * * //

dimensions      [0 -1 0 1 0 0 0];

internalField   nonuniform List<scalar> 
2000
(
-0.15234633
-0.15234633
-0.152346
-0.152346
-0.152345
-0.152346
-0.15234633
-0.15234633
-0.15234633
-0.15234633
-0.15234633
-0.152345
-0.152346
-0.152345
-0.152346
-0.152346
-0.15234633
-0.15234633
-0.15234633
-0.15234633
-0.152346
-0.152346
-0.15234467
-0.152346
-0.152346
-0.152346
-0.152346
-0.152346
-0.15234633
-0.15234633
-0.152346
-0.152345
-0.152346
-0.152346
-0.152346
-0.152346
-0.152346
-0.152346
-0.15234633
-0.15234633
-0.152345
-0.152346
-0.152346
-0.152346
-0.152346
-0.15234633
-0.15234633
-0.15234633
-0.15234633
-0.152346
-0.152346
-0.152346
-0.152346
-0.152346
-0.15234633
-0.15234633
-0.15234633
-0.15234633
-0.152346
-0.152346
-0.15234633
-0.15234633
-0.152346
-0.152346
-0.15234633
-0.15234633
-0.15234633
-0.15234633
-0.152346
-0.152346
-0.15234633
-0.15234633
-0.152346
-0.152346
-0.15234633
-0.15234633
-0.15234633
-0.152346
-0.152346
-0.15234633
-0.15234633
-0.15234633
-0.15234633
-0.15234633
-0.15234633
-0.152346
-0.152346
-0.152346
-0.15234633
-0.15234633
-0.15234633
-0.15234633
-0.15234633
-0.15234633
-0.152346
-0.152346
-0.152346
-0.15234633
-0.15234633
-0.15234633
-0.1523465
-0.1523465
-0.1523465
-0.1523465
-0.152347
-0.1523465
-0.1523465
-0.152347
-0.152347
-0.152347
-0.1523465
-0.1523465
-0.1523465
-0.1523465
-0.1523465
-0.1523465
-0.152347
-0.152347
-0.152347
-0.152347
-0.1523465
-0.1523465
-0.1523465
-0.1523465
-0.1523465
-0.1523465
-0.1523465
-0.1523465
-0.152347
-0.152347
-0.1523465
-0.1523465
-0.1523465
-0.1523465
-0.1523465
-0.1523465
-0.1523465
-0.1523465
-0.152347
-0.152347
-0.152347
-0.1523465
-0.1523465
-0.1523465
-0.1523465
-0.152347
-0.152347
-0.152347
-0.152347
-0.152347
-0.1523465
-0.1523465
-0.1523465
-0.1523465
-0.152347
-0.152347
-0.152347
-0.152347
-0.152347
-0.152347
-0.1523465
-0.152347
-0.1523465
-0.1523465
-0.152347
-0.152347
-0.152347
-0.152347
-0.152347
-0.1523465
-0.152347
-0.152347
-0.1523465
-0.1523465
-0.152347
-0.152347
-0.152347
-0.1523465
-0.1523465
-0.152347
-0.152347
-0.152347
-0.152347
-0.152347
-0.152347
-0.152347
-0.152347
-0.1523465
-0.152347
-0.152347
-0.152347
-0.152347
-0.152347
-0.152347
-0.152347
-0.152347
-0.1523465
-0.152347
-0.152347
-0.152347
-0.152347
-0.152347
-0.152347
-0.1523475
-0.152347
-0.1523475
-0.152347
-0.152347
-0.152347
-0.152347
-0.152347
-0.152347
-0.152347
-0.152347
-0.152347
-0.1523475
-0.152347
-0.152347
-0.152347
-0.152347
-0.152347
-0.152347
-0.1523475
-0.152347
-0.1523475
-0.1523475
-0.152347
-0.152347
-0.152347
-0.152347
-0.1523475
-0.152347
-0.152347
-0.152347
-0.1523475
-0.1523475
-0.152347
-0.152347
-0.152347
-0.152347
-0.152347
-0.152347
-0.1523475
-0.1523475
-0.1523475
-0.152347
-0.152347
-0.152347
-0.152347
-0.1523475
-0.1523475
-0.1523475
-0.1523475
-0.1523475
-0.152347
-0.152347
-0.152347
-0.152347
-0.1523475
-0.1523475
-0.152347
-0.152347
-0.152347
-0.152347
-0.152347
-0.152347
-0.152347
-0.152347
-0.1523475
-0.1523475
-0.152347
-0.152347
-0.152347
-0.152347
-0.152347
-0.152347
-0.152347
-0.1523475
-0.1523475
-0.1523475
-0.152347
-0.152347
-0.152347
-0.152347
-0.152347
-0.1523475
-0.1523475
-0.1523475
-0.1523475
-0.1523475
-0.152347
-0.152347
-0.152347
-0.152347
-0.1523475
-0.1523475
-0.1523475
-0.1523475
-0.1523475
-0.1523475
-0.152348
-0.152348
-0.152348
-0.152348
-0.152348
-0.152348
-0.152348
-0.152348
-0.152348
-0.152348
-0.152348
-0.1523485
-0.152348
-0.152348
-0.152348
-0.152348
-0.1523475
-0.152348
-0.152348
-0.152348
-0.152348
-0.152348
-0.152348
-0.1523475
-0.152348
-0.152348
-0.1523475
-0.152348
-0.152348
-0.152348
-0.152348
-0.152348
-0.1523475
-0.152348
-0.152348
-0.152348
-0.1523475
-0.152348
-0.152348
-0.152348
-0.152348
-0.152348
-0.152348
-0.152348
-0.152348
-0.1523475
-0.1523475
-0.152348
-0.152348
-0.152348
-0.152348
-0.152348
-0.152348
-0.152348
-0.1523475
-0.1523475
-0.1523475
-0.152348
-0.152348
-0.152348
-0.152348
-0.1523475
-0.1523475
-0.1523475
-0.1523475
-0.1523475
-0.1523475
-0.1523475
-0.152348
-0.1523485
-0.152348
-0.152348
-0.152348
-0.152348
-0.152348
-0.152348
-0.1523475
-0.1523485
-0.1523485
-0.1523485
-0.152348
-0.152348
-0.152348
-0.152348
-0.152348
-0.152348
-0.152348
-0.1523485
-0.1523485
-0.1523485
-0.152348
-0.152348
-0.152348
-0.152348
-0.152348
-0.152348
-0.1523485
-0.1523485
-0.1523485
-0.1523485
-0.1523485
-0.152349
-0.152349
-0.1523485
-0.152349
-0.1523485
-0.1523485
-0.152349
-0.152349
-0.152349
-0.152349
-0.152349
-0.152349
-0.1523485
-0.152349
-0.1523485
-0.1523485
-0.152349
-0.152349
-0.152349
-0.152349
-0.152349
-0.1523485
-0.152349
-0.1523485
-0.1523485
-0.1523485
-0.152349
-0.152349
-0.152349
-0.1523485
-0.1523485
-0.152349
-0.152349
-0.1523485
-0.1523485
-0.1523485
-0.152349
-0.152349
-0.152349
-0.152349
-0.152349
-0.1523485
-0.1523485
-0.1523485
-0.1523485
-0.1523485
-0.152349
-0.152349
-0.152349
-0.1523485
-0.1523485
-0.1523485
-0.1523485
-0.1523485
-0.1523485
-0.1523485
-0.152349
-0.152349
-0.152349
-0.1523485
-0.1523485
-0.1523485
-0.1523485
-0.1523485
-0.1523485
-0.1523485
-0.152349
-0.152349
-0.152349
-0.152349
-0.152349
-0.152349
-0.152349
-0.152349
-0.152349
-0.152349
-0.152349
-0.152349
-0.152349
-0.152349
-0.152349
-0.152349
-0.152349
-0.152349
-0.152349
-0.152349
-0.152349
-0.152349
-0.152349
-0.152349
-0.152349
-0.152349
-0.152349
-0.152349
-0.152349
-0.152349
-0.152349
-0.152349
-0.152349
-0.1523495
-0.1523495
-0.1523495
-0.1523495
-0.152349
-0.1523495
-0.1523495
-0.152349
-0.1523495
-0.1523495
-0.1523495
-0.152349
-0.1523495
-0.1523495
-0.1523495
-0.1523495
-0.1523495
-0.152349
-0.1523495
-0.1523495
-0.1523495
-0.1523495
-0.1523495
-0.1523495
-0.1523495
-0.1523495
-0.1523495
-0.152349
-0.1523495
-0.1523495
-0.1523495
-0.1523495
-0.1523495
-0.152349
-0.1523495
-0.1523495
-0.1523495
-0.152349
-0.152349
-0.1523495
-0.152349
-0.1523495
-0.1523495
-0.1523495
-0.1523495
-0.1523495
-0.1523495
-0.152349
-0.152349
-0.1523495
-0.1523495
-0.1523495
-0.1523495
-0.1523495
-0.1523495
-0.1523495
-0.1523495
-0.152349
-0.152349
-0.152349
-0.1523495
-0.1523495
-0.1523495
-0.1523495
-0.1523495
-0.1523495
-0.1523495
-0.1523495
-0.152349
-0.152349
-0.152349
-0.152349
-0.152349
-0.152349
-0.152349
-0.152349
-0.1523495
-0.152349
-0.152349
-0.152349
-0.1523495
-0.1523495
-0.1523495
-0.152349
-0.152349
-0.152349
-0.152349
-0.152349
-0.152349
-0.152349
-0.1523495
-0.1523495
-0.1523495
-0.1523495
-0.1523495
-0.152349
-0.152349
-0.152349
-0.152349
-0.152349
-0.1523505
-0.15235
-0.15235
-0.1523505
-0.15235
-0.15235
-0.15235
-0.15235
-0.15235
-0.15235
-0.15235
-0.15235
-0.15235
-0.1523505
-0.15235
-0.15235
-0.15235
-0.15235
-0.15235
-0.15235
-0.15235
-0.15235
-0.15235
-0.15235
-0.15235
-0.15235
-0.15235
-0.15235
-0.15235
-0.15235
-0.1523505
-0.1523505
-0.15235
-0.15235
-0.15235
-0.15235
-0.15235
-0.1523495
-0.15235
-0.15235
-0.15235
-0.15235
-0.15235
-0.15235
-0.15235
-0.15235
-0.15235
-0.1523495
-0.15235
-0.15235
-0.15235
-0.15235
-0.15235
-0.15235
-0.15235
-0.15235
-0.15235
-0.1523495
-0.1523495
-0.15235
-0.15235
-0.15235
-0.15235
-0.15235
-0.15235
-0.15235
-0.15235
-0.1523495
-0.1523495
-0.1523495
-0.15235
-0.15235
-0.15235
-0.1523495
-0.1523495
-0.1523495
-0.1523495
-0.1523495
-0.1523495
-0.1523495
-0.15235
-0.15235
-0.15235
-0.15235
-0.15235
-0.1523495
-0.1523495
-0.1523495
-0.1523495
-0.1523495
-0.15235
-0.15235
-0.15235
-0.15235
-0.15235
-0.15235
-0.1523495
-0.1523495
-0.1523495
-0.1523495
-0.152351
-0.152351
-0.1523505
-0.152351
-0.152351
-0.1523505
-0.1523505
-0.152351
-0.1523505
-0.1523505
-0.152351
-0.152351
-0.1523505
-0.152351
-0.1523505
-0.1523505
-0.1523505
-0.152351
-0.1523505
-0.1523505
-0.1523505
-0.1523505
-0.152351
-0.152351
-0.1523505
-0.1523505
-0.1523505
-0.152351
-0.1523505
-0.1523505
-0.152351
-0.152351
-0.152351
-0.152351
-0.1523505
-0.1523505
-0.1523505
-0.1523505
-0.1523505
-0.1523505
-0.152351
-0.1523505
-0.1523505
-0.1523505
-0.1523505
-0.1523505
-0.1523505
-0.1523505
-0.1523505
-0.15235
-0.1523505
-0.1523505
-0.1523505
-0.1523505
-0.1523505
-0.1523505
-0.1523505
-0.1523505
-0.1523505
-0.1523505
-0.1523505
-0.1523505
-0.1523505
-0.1523505
-0.1523505
-0.1523505
-0.1523505
-0.1523505
-0.1523505
-0.1523505
-0.152351
-0.152351
-0.152351
-0.1523505
-0.1523505
-0.1523505
-0.1523505
-0.1523505
-0.1523505
-0.1523505
-0.1523505
-0.1523505
-0.1523505
-0.1523505
-0.1523505
-0.1523505
-0.1523505
-0.1523505
-0.1523505
-0.1523505
-0.1523505
-0.1523505
-0.1523505
-0.1523505
-0.15235
-0.1523505
-0.1523505
-0.1523505
-0.1523505
-0.1523505
-0.1523515
-0.1523515
-0.1523515
-0.152351
-0.1523515
-0.1523515
-0.1523515
-0.152351
-0.1523515
-0.1523515
-0.1523515
-0.1523515
-0.1523515
-0.1523515
-0.1523515
-0.1523515
-0.1523515
-0.152351
-0.1523515
-0.1523515
-0.1523515
-0.1523515
-0.152352
-0.1523515
-0.1523515
-0.1523515
-0.1523515
-0.152351
-0.152351
-0.152351
-0.152351
-0.1523515
-0.1523515
-0.1523515
-0.1523515
-0.1523515
-0.1523515
-0.1523515
-0.152351
-0.152351
-0.1523515
-0.1523515
-0.1523515
-0.1523515
-0.1523515
-0.1523515
-0.1523515
-0.1523515
-0.152351
-0.152351
-0.1523515
-0.1523515
-0.1523515
-0.1523515
-0.1523515
-0.1523515
-0.1523515
-0.1523515
-0.1523515
-0.152351
-0.1523515
-0.1523515
-0.1523515
-0.1523515
-0.1523515
-0.1523515
-0.1523515
-0.1523515
-0.1523515
-0.1523515
-0.152351
-0.152351
-0.152351
-0.1523515
-0.1523515
-0.1523515
-0.1523515
-0.1523515
-0.152351
-0.152351
-0.1523515
-0.1523515
-0.152351
-0.152351
-0.152351
-0.1523515
-0.1523515
-0.152351
-0.152351
-0.152351
-0.1523515
-0.1523515
-0.152351
-0.152351
-0.152351
-0.152351
-0.1523515
-0.152351
-0.152351
-0.152351
-0.152352
-0.152352
-0.1523525
-0.152352
-0.152352
-0.152352
-0.152352
-0.1523515
-0.152352
-0.152352
-0.152352
-0.152352
-0.1523525
-0.152352
-0.152352
-0.152352
-0.152352
-0.152352
-0.152352
-0.152352
-0.1523525
-0.1523525
-0.152352
-0.152352
-0.152352
-0.152352
-0.152352
-0.1523515
-0.1523515
-0.1523515
-0.152352
-0.152352
-0.152352
-0.152352
-0.152352
-0.152352
-0.152352
-0.152352
-0.152352
-0.1523515
-0.152352
-0.152352
-0.152352
-0.152352
-0.152352
-0.152352
-0.152352
-0.152352
-0.152352
-0.152352
-0.152352
-0.152352
-0.152352
-0.152352
-0.152352
-0.152352
-0.152352
-0.152352
-0.152352
-0.152352
-0.152352
-0.152352
-0.152352
-0.152352
-0.152352
-0.152352
-0.152352
-0.1523515
-0.1523515
-0.1523515
-0.1523515
-0.152352
-0.1523515
-0.152352
-0.152352
-0.152352
-0.1523515
-0.1523515
-0.1523515
-0.1523515
-0.152352
-0.152352
-0.1523515
-0.152352
-0.152352
-0.152352
-0.1523515
-0.1523515
-0.1523515
-0.1523515
-0.152352
-0.152352
-0.1523515
-0.1523515
-0.152352
-0.152352
-0.1523515
-0.1523515
-0.1523515
-0.1523515
-0.1523525
-0.1523525
-0.1523525
-0.152353
-0.1523525
-0.1523525
-0.1523525
-0.1523525
-0.152352
-0.1523525
-0.1523525
-0.1523525
-0.152353
-0.1523525
-0.1523525
-0.1523525
-0.1523525
-0.1523525
-0.152352
-0.152352
-0.1523525
-0.152353
-0.1523525
-0.1523525
-0.1523525
-0.1523525
-0.1523525
-0.1523525
-0.1523525
-0.1523525
-0.152353
-0.1523525
-0.1523525
-0.1523525
-0.1523525
-0.1523525
-0.1523525
-0.1523525
-0.1523525
-0.1523525
-0.1523525
-0.1523525
-0.1523525
-0.1523525
-0.152352
-0.152352
-0.152352
-0.152352
-0.152352
-0.152352
-0.1523525
-0.1523525
-0.1523525
-0.1523525
-0.152352
-0.152352
-0.152352
-0.152352
-0.152352
-0.152352
-0.1523525
-0.1523525
-0.1523525
-0.1523525
-0.152352
-0.152352
-0.152352
-0.152352
-0.152352
-0.152352
-0.1523525
-0.1523525
-0.1523525
-0.1523525
-0.152352
-0.152352
-0.152352
-0.152352
-0.1523525
-0.1523525
-0.152352
-0.152352
-0.1523525
-0.1523525
-0.152352
-0.152352
-0.152352
-0.1523525
-0.1523525
-0.1523525
-0.1523525
-0.152352
-0.1523525
-0.1523525
-0.152352
-0.152352
-0.152352
-0.1523525
-0.1523525
-0.1523525
-0.152353
-0.152353
-0.152353
-0.152353
-0.152353
-0.152353
-0.152353
-0.1523535
-0.152353
-0.152353
-0.152353
-0.1523535
-0.152353
-0.152353
-0.152353
-0.152353
-0.152353
-0.152353
-0.152353
-0.152353
-0.152353
-0.152353
-0.152353
-0.152353
-0.152353
-0.152353
-0.152353
-0.152353
-0.152353
-0.152353
-0.152353
-0.152353
-0.152353
-0.152353
-0.152353
-0.152353
-0.152353
-0.152353
-0.152353
-0.152353
-0.152353
-0.152353
-0.152353
-0.152353
-0.152353
-0.152353
-0.152353
-0.152353
-0.152353
-0.152353
-0.152353
-0.152353
-0.152353
-0.152353
-0.152353
-0.152353
-0.152353
-0.1523525
-0.1523525
-0.1523525
-0.152353
-0.152353
-0.152353
-0.152353
-0.152353
-0.152353
-0.1523525
-0.152353
-0.152353
-0.152353
-0.1523535
-0.152353
-0.152353
-0.152353
-0.152353
-0.1523525
-0.152353
-0.152353
-0.152353
-0.152353
-0.152353
-0.152353
-0.152353
-0.152353
-0.152353
-0.1523525
-0.152353
-0.152353
-0.152353
-0.152353
-0.152353
-0.152353
-0.152353
-0.152353
-0.152353
-0.1523525
-0.152353
-0.152353
-0.152353
-0.152353
-0.1523535
-0.1523535
-0.152354
-0.1523535
-0.1523535
-0.1523535
-0.1523535
-0.1523535
-0.152354
-0.1523535
-0.1523535
-0.152354
-0.1523535
-0.1523535
-0.1523535
-0.1523535
-0.1523535
-0.1523535
-0.1523535
-0.1523535
-0.152354
-0.1523535
-0.1523535
-0.1523535
-0.1523535
-0.1523535
-0.1523535
-0.1523535
-0.1523535
-0.1523535
-0.1523535
-0.1523535
-0.1523535
-0.1523535
-0.1523535
-0.1523535
-0.1523535
-0.1523535
-0.1523535
-0.1523535
-0.1523535
-0.1523535
-0.1523535
-0.1523535
-0.152354
-0.152354
-0.152354
-0.152354
-0.152354
-0.152354
-0.1523535
-0.1523535
-0.1523535
-0.1523535
-0.152354
-0.1523535
-0.1523535
-0.1523535
-0.1523535
-0.1523535
-0.1523535
-0.1523535
-0.1523535
-0.1523535
-0.152354
-0.1523535
-0.1523535
-0.1523535
-0.1523535
-0.1523535
-0.1523535
-0.1523535
-0.1523535
-0.1523535
-0.152354
-0.1523535
-0.1523535
-0.1523535
-0.1523535
-0.1523535
-0.152354
-0.1523535
-0.1523535
-0.1523535
-0.152354
-0.1523535
-0.1523535
-0.1523535
-0.1523535
-0.1523535
-0.1523535
-0.1523535
-0.1523535
-0.1523535
-0.152354
-0.1523535
-0.1523535
-0.1523535
-0.1523535
-0.1523535
-0.1523545
-0.1523545
-0.152354
-0.152354
-0.152354
-0.1523545
-0.1523545
-0.152354
-0.152354
-0.152354
-0.1523545
-0.152354
-0.152354
-0.152354
-0.152354
-0.152354
-0.1523545
-0.152354
-0.152354
-0.152354
-0.152354
-0.152354
-0.152354
-0.152354
-0.152354
-0.152354
-0.152354
-0.152354
-0.152354
-0.152354
-0.152354
-0.152354
-0.152354
-0.152354
-0.152354
-0.152354
-0.152354
-0.152354
-0.152354
-0.152354
-0.152354
-0.152354
-0.152354
-0.152354
-0.152354
-0.152354
-0.152354
-0.152354
-0.152354
-0.152354
-0.1523545
-0.152354
-0.152354
-0.152354
-0.152354
-0.152354
-0.152354
-0.1523545
-0.1523545
-0.1523545
-0.1523545
-0.1523545
-0.152354
-0.152354
-0.152354
-0.152354
-0.1523545
-0.1523545
-0.1523545
-0.1523545
-0.152354
-0.152354
-0.152354
-0.152354
-0.152354
-0.1523545
-0.1523545
-0.152354
-0.152354
-0.152354
-0.152354
-0.152354
-0.152354
-0.152354
-0.152354
-0.1523545
-0.1523545
-0.152354
-0.152354
-0.152354
-0.152354
-0.152354
-0.152354
-0.152354
-0.152354
-0.1523545
-0.1523545
-0.152354
-0.152354
-0.152354
-0.152355
-0.152355
-0.1523545
-0.1523545
-0.1523545
-0.152355
-0.152355
-0.152355
-0.1523545
-0.1523545
-0.152355
-0.1523545
-0.1523545
-0.1523545
-0.1523545
-0.1523545
-0.152355
-0.152355
-0.152355
-0.152355
-0.1523545
-0.1523545
-0.1523545
-0.1523545
-0.1523545
-0.1523545
-0.1523545
-0.1523545
-0.152355
-0.1523545
-0.1523545
-0.1523545
-0.1523545
-0.1523545
-0.1523545
-0.1523545
-0.1523545
-0.1523545
-0.1523545
-0.1523545
-0.1523545
-0.1523545
-0.1523545
-0.1523545
-0.1523545
-0.1523545
-0.1523545
-0.1523545
-0.1523545
-0.1523545
-0.152355
-0.1523545
-0.1523545
-0.1523545
-0.1523545
-0.152355
-0.152355
-0.152355
-0.152355
-0.152355
-0.152355
-0.152355
-0.1523545
-0.1523545
-0.1523545
-0.152355
-0.152355
-0.152355
-0.152355
-0.152355
-0.152355
-0.152355
-0.1523545
-0.1523545
-0.1523545
-0.152355
-0.152355
-0.152355
-0.1523545
-0.1523545
-0.1523545
-0.152355
-0.152355
-0.1523545
-0.1523545
-0.152355
-0.152355
-0.1523545
-0.1523545
-0.1523545
-0.1523545
-0.152355
-0.1523545
-0.1523545
-0.1523545
-0.152355
-0.152355
-0.1523545
-0.1523545
-0.1523545
-0.152355
-0.1523555
-0.1523555
-0.1523555
-0.1523555
-0.152355
-0.152355
-0.152355
-0.152355
-0.1523555
-0.1523555
-0.1523555
-0.1523555
-0.1523555
-0.1523555
-0.1523555
-0.152355
-0.152355
-0.152355
-0.152355
-0.1523555
-0.1523555
-0.1523555
-0.1523555
-0.1523555
-0.1523555
-0.1523555
-0.1523555
-0.1523555
-0.1523555
-0.1523555
-0.1523555
-0.1523555
-0.1523555
-0.1523555
-0.1523555
-0.1523555
-0.1523555
-0.1523555
-0.1523555
-0.1523555
-0.1523555
-0.1523555
-0.1523555
-0.1523555
-0.1523555
-0.1523555
-0.1523555
-0.1523555
-0.1523555
-0.152355
-0.1523555
-0.1523555
-0.1523555
-0.1523555
-0.1523555
-0.1523555
-0.1523555
-0.1523555
-0.1523555
-0.152355
-0.152355
-0.1523555
-0.1523555
-0.1523555
-0.1523555
-0.1523555
-0.1523555
-0.152355
-0.152355
-0.152355
-0.152355
-0.1523555
-0.1523555
-0.1523555
-0.1523555
-0.1523555
-0.1523555
-0.1523555
-0.1523555
-0.152355
-0.152355
-0.1523555
-0.1523555
-0.1523555
-0.1523555
-0.152355
-0.1523555
-0.1523555
-0.1523555
-0.1523555
-0.152355
-0.1523555
-0.1523555
-0.1523555
-0.1523555
-0.152355
-0.1523555
-0.1523555
-0.1523555
-0.152356
-0.152356
-0.152356
-0.152356
-0.152356
-0.152356
-0.152356
-0.152356
-0.152356
-0.152356
-0.152356
-0.152356
-0.152356
-0.152356
-0.152356
-0.1523565
-0.152356
-0.152356
-0.152356
-0.152356
-0.152356
-0.152356
-0.152356
-0.152356
-0.1523565
-0.1523565
-0.1523565
-0.1523565
-0.152356
-0.1523565
-0.152356
-0.152356
-0.152356
-0.1523565
-0.1523565
-0.1523565
-0.1523565
-0.1523565
-0.1523565
-0.1523565
-0.152356
-0.152356
-0.1523565
-0.1523565
-0.1523565
-0.1523565
-0.1523565
-0.1523565
-0.1523565
-0.152356
-0.152356
-0.1523565
-0.1523565
-0.1523565
-0.1523565
-0.1523565
-0.152356
-0.152356
-0.152356
-0.152356
-0.152356
-0.152356
-0.1523565
-0.1523565
-0.1523565
-0.152356
-0.152356
-0.152356
-0.152356
-0.152356
-0.152356
-0.152356
-0.1523565
-0.1523565
-0.1523565
-0.152356
-0.152356
-0.152356
-0.1523565
-0.1523565
-0.152356
-0.152356
-0.152356
-0.1523565
-0.1523565
-0.152356
-0.152356
-0.1523565
-0.152356
-0.152356
-0.152356
-0.152356
-0.1523565
-0.1523565
-0.152356
-0.152356
-0.152356
-0.1523565
-0.152356
-0.152356
-0.1523565
-0.152356
-0.1523565
-0.1523565
-0.1523565
-0.1523565
-0.152357
-0.152357
-0.152357
-0.1523565
-0.152356
-0.1523565
-0.1523565
-0.1523565
-0.1523565
-0.152357
-0.152357
-0.152357
-0.152357
-0.152357
-0.1523565
-0.1523565
-0.1523565
-0.1523565
-0.152357
-0.152357
-0.152357
-0.152357
-0.152357
-0.152357
-0.1523565
-0.1523565
-0.1523565
-0.152357
-0.152357
-0.152357
-0.152357
-0.152357
-0.152357
-0.152357
-0.1523565
-0.1523565
-0.152357
-0.152357
-0.152357
-0.152357
-0.152357
-0.152357
-0.152357
-0.1523565
-0.1523565
-0.152357
-0.152357
-0.152357
-0.152357
-0.152357
-0.1523565
-0.1523565
-0.1523565
-0.1523565
-0.152357
-0.152357
-0.152357
-0.152357
-0.152357
-0.1523565
-0.1523565
-0.1523565
-0.152357
-0.152357
-0.152357
-0.152357
-0.152357
-0.152357
-0.152357
-0.1523565
-0.1523565
-0.152357
-0.152357
-0.152357
-0.152357
-0.152357
-0.152357
-0.152357
-0.152357
-0.1523565
-0.152357
-0.152357
-0.152357
-0.1523565
-0.1523565
-0.152357
-0.152357
-0.152357
-0.1523565
-0.1523565
-0.152357
-0.152357
-0.1523565
-0.1523565
-0.152357
-0.152357
-0.152357
-0.1523575
-0.1523575
-0.152357
-0.152357
-0.152357
-0.152357
-0.152357
-0.152357
-0.152357
-0.152357
-0.1523575
-0.1523575
-0.152357
-0.152357
-0.152357
-0.152357
-0.152357
-0.152357
-0.152357
-0.1523575
-0.1523575
-0.152357
-0.152357
-0.1523575
-0.1523575
-0.152357
-0.152357
-0.1523575
-0.1523575
-0.1523575
-0.152357
-0.152357
-0.152357
-0.1523575
-0.1523575
-0.152357
-0.152357
-0.1523575
-0.1523575
-0.152357
-0.152357
-0.152357
-0.152357
-0.152357
-0.152357
-0.152357
-0.1523575
-0.152357
-0.152357
-0.152357
-0.152357
-0.152357
-0.152357
-0.1523575
-0.1523575
-0.1523575
-0.1523575
-0.152357
-0.152357
-0.1523575
-0.1523575
-0.152357
-0.1523575
-0.1523575
-0.1523575
-0.1523575
-0.1523575
-0.152357
-0.152357
-0.1523575
-0.1523575
-0.152357
-0.1523575
-0.1523575
-0.1523575
-0.152357
-0.152357
-0.152357
-0.152357
-0.152357
-0.152357
-0.152357
-0.1523575
-0.1523575
-0.152357
-0.1523575
-0.1523575
-0.152357
-0.152357
-0.152357
-0.152357
-0.1523575
-0.1523575
-0.1523575
-0.152357
-0.1523575
-0.1523575
-0.152358
-0.152358
-0.15235767
-0.152358
-0.152358
-0.152358
-0.15235767
-0.15235767
-0.15235767
-0.15235767
-0.152358
-0.15235767
-0.15235767
-0.152358
-0.152358
-0.15235767
-0.15235767
-0.152359
-0.15235767
-0.15235767
-0.15235767
-0.15235767
-0.152358
-0.152358
-0.15235767
-0.15235767
-0.152358
-0.152358
-0.15235767
-0.15235767
-0.152358
-0.152358
-0.152358
-0.15235767
-0.15235767
-0.15235767
-0.152358
-0.152358
-0.15235767
-0.15235767
-0.152358
-0.152358
-0.15235767
-0.15235767
-0.15235767
-0.15235767
-0.15235767
-0.15235767
-0.15235767
-0.152358
-0.152358
-0.15235767
-0.15235767
-0.15235767
-0.15235767
-0.15235767
-0.152358
-0.152358
-0.152358
-0.152358
-0.15235767
-0.15235767
-0.152358
-0.152358
-0.15235767
-0.152358
-0.152358
-0.152358
-0.152358
-0.152358
-0.15235767
-0.152359
-0.152358
-0.152358
-0.15235767
-0.152358
-0.152358
-0.152358
-0.152359
-0.15235767
-0.15235767
-0.15235767
-0.15235767
-0.15235767
-0.15235767
-0.152358
-0.152358
-0.152359
-0.15235767
-0.152358
-0.15235767
-0.15235767
-0.15235767
-0.15235767
-0.152358
-0.152358
-0.152358
-0.15235767
-0.152358
-0.152358
)
;

boundaryField
{
    block1_in
    {
        type            calculated;
        value           nonuniform List<scalar> 
100
(
-0.152346
-0.152346
-0.152346
-0.152346
-0.152344
-0.152346
-0.152346
-0.152346
-0.152346
-0.152346
-0.152346
-0.152344
-0.152346
-0.152344
-0.152346
-0.152346
-0.152346
-0.152346
-0.152346
-0.152346
-0.152346
-0.152346
-0.152344
-0.152346
-0.152346
-0.152346
-0.152346
-0.152346
-0.152346
-0.152346
-0.152346
-0.152344
-0.152346
-0.152346
-0.152346
-0.152346
-0.152346
-0.152346
-0.152346
-0.152346
-0.152344
-0.152346
-0.152346
-0.152346
-0.152346
-0.152346
-0.152346
-0.152346
-0.152346
-0.152346
-0.152346
-0.152346
-0.152346
-0.152346
-0.152346
-0.152346
-0.152346
-0.152346
-0.152346
-0.152346
-0.152346
-0.152346
-0.152346
-0.152346
-0.152346
-0.152346
-0.152346
-0.152346
-0.152346
-0.152346
-0.152346
-0.152346
-0.152346
-0.152346
-0.152346
-0.152346
-0.152346
-0.152346
-0.152346
-0.152346
-0.152346
-0.152346
-0.152346
-0.152346
-0.152346
-0.152346
-0.152346
-0.152346
-0.152346
-0.152346
-0.152346
-0.152346
-0.152346
-0.152346
-0.152346
-0.152346
-0.152346
-0.152346
-0.152346
-0.152346
)
;
    }
    block1_out
    {
        type            calculated;
        value           nonuniform List<scalar> 
100
(
-0.152358
-0.152358
-0.152358
-0.152358
-0.152358
-0.152358
-0.152358
-0.152358
-0.152358
-0.152358
-0.152358
-0.152358
-0.152358
-0.152358
-0.152358
-0.152358
-0.152358
-0.15236
-0.152358
-0.152358
-0.152358
-0.152358
-0.152358
-0.152358
-0.152358
-0.152358
-0.152358
-0.152358
-0.152358
-0.152358
-0.152358
-0.152358
-0.152358
-0.152358
-0.152358
-0.152358
-0.152358
-0.152358
-0.152358
-0.152358
-0.152358
-0.152358
-0.152358
-0.152358
-0.152358
-0.152358
-0.152358
-0.152358
-0.152358
-0.152358
-0.152358
-0.152358
-0.152358
-0.152358
-0.152358
-0.152358
-0.152358
-0.152358
-0.152358
-0.152358
-0.152358
-0.152358
-0.152358
-0.152358
-0.152358
-0.152358
-0.152358
-0.152358
-0.152358
-0.152358
-0.152358
-0.15236
-0.152358
-0.152358
-0.152358
-0.152358
-0.152358
-0.152358
-0.15236
-0.152358
-0.152358
-0.152358
-0.152358
-0.152358
-0.152358
-0.152358
-0.152358
-0.15236
-0.152358
-0.152358
-0.152358
-0.152358
-0.152358
-0.152358
-0.152358
-0.152358
-0.152358
-0.152358
-0.152358
-0.152358
)
;
    }
    block1_wall1
    {
        type            calculated;
        value           nonuniform List<scalar> 
200
(
-0.15234633
-0.15234633
-0.152346
-0.152346
-0.152345
-0.152346
-0.15234633
-0.15234633
-0.15234633
-0.15234633
-0.1523465
-0.1523465
-0.1523465
-0.1523465
-0.152347
-0.1523465
-0.1523465
-0.152347
-0.152347
-0.152347
-0.152347
-0.152347
-0.152347
-0.1523475
-0.152347
-0.1523475
-0.152347
-0.152347
-0.152347
-0.152347
-0.152348
-0.152348
-0.152348
-0.152348
-0.152348
-0.152348
-0.152348
-0.152348
-0.152348
-0.152348
-0.1523485
-0.152349
-0.152349
-0.1523485
-0.152349
-0.1523485
-0.1523485
-0.152349
-0.152349
-0.152349
-0.1523495
-0.1523495
-0.1523495
-0.1523495
-0.152349
-0.1523495
-0.1523495
-0.152349
-0.1523495
-0.1523495
-0.1523505
-0.15235
-0.15235
-0.1523505
-0.15235
-0.15235
-0.15235
-0.15235
-0.15235
-0.15235
-0.152351
-0.152351
-0.1523505
-0.152351
-0.152351
-0.1523505
-0.1523505
-0.152351
-0.1523505
-0.1523505
-0.1523515
-0.1523515
-0.1523515
-0.152351
-0.1523515
-0.1523515
-0.1523515
-0.152351
-0.1523515
-0.1523515
-0.152352
-0.152352
-0.1523525
-0.152352
-0.152352
-0.152352
-0.152352
-0.1523515
-0.152352
-0.152352
-0.1523525
-0.1523525
-0.1523525
-0.152353
-0.1523525
-0.1523525
-0.1523525
-0.1523525
-0.152352
-0.1523525
-0.152353
-0.152353
-0.152353
-0.152353
-0.152353
-0.152353
-0.152353
-0.1523535
-0.152353
-0.152353
-0.1523535
-0.1523535
-0.152354
-0.1523535
-0.1523535
-0.1523535
-0.1523535
-0.1523535
-0.152354
-0.1523535
-0.1523545
-0.1523545
-0.152354
-0.152354
-0.152354
-0.1523545
-0.1523545
-0.152354
-0.152354
-0.152354
-0.152355
-0.152355
-0.1523545
-0.1523545
-0.1523545
-0.152355
-0.152355
-0.152355
-0.1523545
-0.1523545
-0.152355
-0.1523555
-0.1523555
-0.1523555
-0.1523555
-0.152355
-0.152355
-0.152355
-0.152355
-0.1523555
-0.152356
-0.152356
-0.152356
-0.152356
-0.152356
-0.152356
-0.152356
-0.152356
-0.152356
-0.152356
-0.1523565
-0.152356
-0.1523565
-0.1523565
-0.1523565
-0.1523565
-0.152357
-0.152357
-0.152357
-0.1523565
-0.152357
-0.152357
-0.152357
-0.1523575
-0.1523575
-0.152357
-0.152357
-0.152357
-0.152357
-0.152357
-0.152358
-0.152358
-0.15235767
-0.152358
-0.152358
-0.152358
-0.15235767
-0.15235767
-0.15235767
-0.15235767
)
;
    }
    block1_wall2
    {
        type            calculated;
        value           nonuniform List<scalar> 
200
(
-0.15234633
-0.152347
-0.152347
-0.152348
-0.152349
-0.1523495
-0.15235
-0.1523505
-0.1523515
-0.152352
-0.1523525
-0.152353
-0.1523535
-0.152354
-0.1523545
-0.1523555
-0.152356
-0.1523565
-0.152357
-0.15235767
-0.15234633
-0.152347
-0.152347
-0.152348
-0.152349
-0.1523495
-0.15235
-0.1523505
-0.1523515
-0.152352
-0.152352
-0.152353
-0.1523535
-0.152354
-0.152355
-0.152355
-0.152356
-0.152357
-0.152357
-0.15235767
-0.15234633
-0.152347
-0.152347
-0.152348
-0.152349
-0.1523495
-0.15235
-0.1523505
-0.152351
-0.1523515
-0.1523525
-0.152353
-0.1523535
-0.152354
-0.1523545
-0.1523555
-0.1523565
-0.152357
-0.152357
-0.15235767
-0.15234633
-0.152347
-0.152347
-0.152348
-0.152349
-0.1523495
-0.15235
-0.1523505
-0.152351
-0.1523515
-0.1523525
-0.152353
-0.1523535
-0.152354
-0.1523545
-0.1523555
-0.1523565
-0.152357
-0.152357
-0.15235767
-0.152346
-0.152347
-0.1523475
-0.152348
-0.152349
-0.1523495
-0.15235
-0.15235
-0.152351
-0.152352
-0.152352
-0.152353
-0.152354
-0.152354
-0.1523545
-0.1523555
-0.152356
-0.1523565
-0.1523575
-0.152358
-0.152346
-0.152347
-0.1523475
-0.152348
-0.152349
-0.152349
-0.15235
-0.1523505
-0.152351
-0.152352
-0.152352
-0.1523525
-0.1523535
-0.1523545
-0.152355
-0.1523555
-0.152356
-0.1523565
-0.1523575
-0.152358
-0.152346
-0.1523465
-0.1523475
-0.1523485
-0.152349
-0.152349
-0.1523495
-0.1523505
-0.1523515
-0.1523515
-0.152352
-0.152353
-0.1523535
-0.1523545
-0.152355
-0.152355
-0.152356
-0.152357
-0.1523575
-0.152358
-0.15234633
-0.152347
-0.1523475
-0.1523485
-0.152349
-0.152349
-0.1523495
-0.1523505
-0.152351
-0.1523515
-0.1523525
-0.152353
-0.1523535
-0.152354
-0.1523545
-0.1523555
-0.1523565
-0.152357
-0.152357
-0.15235767
-0.15234633
-0.152347
-0.1523475
-0.1523485
-0.152349
-0.152349
-0.1523495
-0.1523505
-0.152351
-0.1523515
-0.1523525
-0.152353
-0.1523535
-0.152354
-0.1523545
-0.1523555
-0.152356
-0.1523565
-0.1523575
-0.152358
-0.15234633
-0.152347
-0.1523475
-0.1523485
-0.152349
-0.152349
-0.1523495
-0.1523505
-0.152351
-0.1523515
-0.1523525
-0.152353
-0.1523535
-0.152354
-0.1523545
-0.1523555
-0.152356
-0.1523565
-0.1523575
-0.152358
)
;
    }
    block1_wall3
    {
        type            calculated;
        value           nonuniform List<scalar> 
200
(
-0.15234633
-0.15234633
-0.15234633
-0.15234633
-0.152346
-0.152346
-0.152346
-0.15234633
-0.15234633
-0.15234633
-0.152347
-0.152347
-0.152347
-0.152347
-0.152347
-0.152347
-0.1523465
-0.152347
-0.152347
-0.152347
-0.152347
-0.152347
-0.152347
-0.152347
-0.1523475
-0.1523475
-0.1523475
-0.1523475
-0.1523475
-0.1523475
-0.152348
-0.152348
-0.152348
-0.152348
-0.152348
-0.152348
-0.1523485
-0.1523485
-0.1523485
-0.1523485
-0.152349
-0.152349
-0.152349
-0.152349
-0.152349
-0.152349
-0.152349
-0.152349
-0.152349
-0.152349
-0.1523495
-0.1523495
-0.1523495
-0.1523495
-0.1523495
-0.152349
-0.152349
-0.152349
-0.152349
-0.152349
-0.15235
-0.15235
-0.15235
-0.15235
-0.15235
-0.15235
-0.1523495
-0.1523495
-0.1523495
-0.1523495
-0.1523505
-0.1523505
-0.1523505
-0.1523505
-0.15235
-0.1523505
-0.1523505
-0.1523505
-0.1523505
-0.1523505
-0.1523515
-0.1523515
-0.152351
-0.152351
-0.152351
-0.152351
-0.1523515
-0.152351
-0.152351
-0.152351
-0.152352
-0.152352
-0.1523515
-0.1523515
-0.152352
-0.152352
-0.1523515
-0.1523515
-0.1523515
-0.1523515
-0.1523525
-0.152352
-0.1523525
-0.1523525
-0.152352
-0.152352
-0.152352
-0.1523525
-0.1523525
-0.1523525
-0.152353
-0.152353
-0.152353
-0.152353
-0.152353
-0.1523525
-0.152353
-0.152353
-0.152353
-0.152353
-0.1523535
-0.1523535
-0.1523535
-0.1523535
-0.152354
-0.1523535
-0.1523535
-0.1523535
-0.1523535
-0.1523535
-0.152354
-0.152354
-0.152354
-0.152354
-0.152354
-0.1523545
-0.1523545
-0.152354
-0.152354
-0.152354
-0.1523545
-0.152355
-0.1523545
-0.1523545
-0.1523545
-0.152355
-0.152355
-0.1523545
-0.1523545
-0.1523545
-0.1523555
-0.152355
-0.1523555
-0.1523555
-0.1523555
-0.1523555
-0.152355
-0.1523555
-0.1523555
-0.1523555
-0.152356
-0.152356
-0.1523565
-0.1523565
-0.152356
-0.152356
-0.152356
-0.1523565
-0.152356
-0.152356
-0.1523565
-0.152357
-0.152357
-0.152357
-0.1523565
-0.1523565
-0.152357
-0.152357
-0.1523565
-0.1523565
-0.152357
-0.152357
-0.152357
-0.152357
-0.1523575
-0.1523575
-0.1523575
-0.152357
-0.1523575
-0.1523575
-0.15235767
-0.15235767
-0.15235767
-0.15235767
-0.152358
-0.152358
-0.152358
-0.15235767
-0.152358
-0.152358
)
;
    }
    block1_wall4
    {
        type            calculated;
        value           nonuniform List<scalar> 
200
(
-0.15234633
-0.1523465
-0.152347
-0.152348
-0.1523485
-0.1523495
-0.1523505
-0.152351
-0.1523515
-0.152352
-0.1523525
-0.152353
-0.1523535
-0.1523545
-0.152355
-0.152355
-0.152356
-0.1523565
-0.152357
-0.152358
-0.15234633
-0.1523465
-0.152347
-0.152348
-0.152349
-0.1523495
-0.15235
-0.152351
-0.1523515
-0.152352
-0.1523525
-0.152353
-0.1523535
-0.1523545
-0.152355
-0.1523555
-0.152356
-0.152356
-0.152357
-0.152358
-0.152346
-0.1523465
-0.152347
-0.152348
-0.152349
-0.1523495
-0.15235
-0.1523505
-0.1523515
-0.1523525
-0.1523525
-0.152353
-0.152354
-0.152354
-0.1523545
-0.1523555
-0.152356
-0.1523565
-0.152357
-0.15235767
-0.152346
-0.1523465
-0.1523475
-0.152348
-0.1523485
-0.1523495
-0.1523505
-0.152351
-0.152351
-0.152352
-0.152353
-0.152353
-0.1523535
-0.152354
-0.1523545
-0.1523555
-0.152356
-0.1523565
-0.1523575
-0.152358
-0.152345
-0.152347
-0.152347
-0.152348
-0.152349
-0.152349
-0.15235
-0.152351
-0.1523515
-0.152352
-0.1523525
-0.152353
-0.1523535
-0.152354
-0.1523545
-0.1523555
-0.152356
-0.1523565
-0.1523575
-0.152358
-0.152346
-0.1523465
-0.1523475
-0.152348
-0.1523485
-0.1523495
-0.15235
-0.1523505
-0.1523515
-0.152352
-0.1523525
-0.152353
-0.1523535
-0.1523545
-0.152355
-0.152355
-0.152356
-0.1523565
-0.152357
-0.152358
-0.15234633
-0.1523465
-0.152347
-0.152348
-0.1523485
-0.1523495
-0.15235
-0.1523505
-0.1523515
-0.152352
-0.1523525
-0.152353
-0.1523535
-0.1523545
-0.152355
-0.152355
-0.152356
-0.152357
-0.152357
-0.15235767
-0.15234633
-0.152347
-0.152347
-0.152348
-0.152349
-0.152349
-0.15235
-0.152351
-0.152351
-0.1523515
-0.1523525
-0.1523535
-0.1523535
-0.152354
-0.152355
-0.152355
-0.152356
-0.152357
-0.152357
-0.15235767
-0.15234633
-0.152347
-0.152347
-0.152348
-0.152349
-0.1523495
-0.15235
-0.1523505
-0.1523515
-0.152352
-0.152352
-0.152353
-0.152354
-0.152354
-0.1523545
-0.152355
-0.152356
-0.152357
-0.152357
-0.15235767
-0.15234633
-0.152347
-0.152347
-0.152348
-0.152349
-0.1523495
-0.15235
-0.1523505
-0.1523515
-0.152352
-0.1523525
-0.152353
-0.1523535
-0.152354
-0.1523545
-0.1523555
-0.152356
-0.1523565
-0.152357
-0.15235767
)
;
    }
}


// ************************************************************************* //
