/*--------------------------------*- C++ -*----------------------------------*\
| =========                 |                                                 |
| \\      /  F ield         | OpenFOAM: The Open Source CFD Toolbox           |
|  \\    /   O peration     | Version:  v2106                                 |
|   \\  /    A nd           | Website:  www.openfoam.com                      |
|    \\/     M anipulation  |                                                 |
\*---------------------------------------------------------------------------*/
FoamFile
{
    version     2.0;
    format      ascii;
    arch        "LSB;label=32;scalar=64";
    class       volScalarField;
    location    "0";
    object      gradz_Tmode5;
}
// * * * * * * * * * * * * * * * * * * * * * * * * * * * * * * * * * * * * * //

dimensions      [0 -1 0 1 0 0 0];

internalField   nonuniform List<scalar> 
6000
(
-1.3866329
-1.3866993
-1.386728
-1.3867336
-1.3867309
-1.3867075
-1.3866867
-1.3866835
-1.3866814
-1.3866756
-1.3841198
-1.3841672
-1.3841947
-1.3841823
-1.3841635
-1.3841599
-1.3841602
-1.3841524
-1.3841452
-1.3841387
-1.3791333
-1.3791771
-1.3791566
-1.3791269
-1.3791229
-1.379141
-1.379135
-1.3791321
-1.379135
-1.3791361
-1.371911
-1.3719292
-1.3718987
-1.3718856
-1.3718944
-1.371901
-1.3719009
-1.371901
-1.3718938
-1.3719097
-1.3628384
-1.3628272
-1.3628101
-1.3628163
-1.3628247
-1.3628271
-1.3628239
-1.3628068
-1.3627977
-1.3628199
-1.3524153
-1.3524057
-1.3524126
-1.3524048
-1.3524055
-1.3524112
-1.3524118
-1.3524101
-1.3523974
-1.3523954
-1.3413512
-1.341345
-1.3413433
-1.3413426
-1.3413416
-1.3413333
-1.341339
-1.3413468
-1.3413422
-1.3413226
-1.3304778
-1.3304619
-1.3304631
-1.3304733
-1.3304645
-1.3304708
-1.3304794
-1.3304808
-1.3304877
-1.3304665
-1.3208608
-1.3208395
-1.3208345
-1.3208352
-1.3208353
-1.3208364
-1.3208494
-1.3208438
-1.3208585
-1.3208519
-1.3137619
-1.3137568
-1.3137406
-1.3137448
-1.3137566
-1.3137479
-1.3137505
-1.3137406
-1.3137492
-1.3137604
-1.3107617
-1.3107655
-1.3107558
-1.3107551
-1.3107657
-1.3107602
-1.3107505
-1.3107411
-1.3107293
-1.3107448
-1.3137023
-1.3137186
-1.313733
-1.3137216
-1.3137286
-1.3137224
-1.3137136
-1.3137096
-1.3136852
-1.3136942
-1.3248835
-1.32491
-1.3249219
-1.324922
-1.3249249
-1.3249181
-1.3249065
-1.3248995
-1.3248846
-1.3248805
-1.3470208
-1.3470294
-1.3470472
-1.3470501
-1.3470556
-1.3470494
-1.3470294
-1.3470223
-1.3470177
-1.347006
-1.383271
-1.383284
-1.3833038
-1.3833143
-1.3833221
-1.3833236
-1.3833037
-1.3833034
-1.383301
-1.3832865
-1.4375153
-1.437535
-1.4375445
-1.4375646
-1.4375657
-1.437578
-1.4375653
-1.4375647
-1.4375624
-1.4375576
-1.514348
-1.5143556
-1.5143723
-1.514387
-1.5143855
-1.5143922
-1.5143849
-1.5143792
-1.5143803
-1.5143881
-1.6192416
-1.6192473
-1.6192657
-1.6192732
-1.6192806
-1.6192721
-1.6192688
-1.6192609
-1.619262
-1.6192651
-1.7588315
-1.7588443
-1.7588557
-1.7588554
-1.758866
-1.758857
-1.7588603
-1.7588532
-1.7588462
-1.7588323
-1.9411851
-1.9412072
-1.9412071
-1.9412008
-1.9412102
-1.9412145
-1.9412235
-1.9412214
-1.9412164
-1.9411884
-2.1762979
-2.1763221
-2.1763138
-2.176307
-2.1763145
-2.1763278
-2.1763349
-2.1763407
-2.1763453
-2.1763217
-2.4768012
-2.476812
-2.4768028
-2.4767987
-2.4768075
-2.4768297
-2.4768358
-2.4768459
-2.4768488
-2.476841
-2.859125
-2.8591164
-2.8591138
-2.8591063
-2.8591174
-2.8591479
-2.859164
-2.8591825
-2.859187
-2.8591919
-3.3455804
-3.3455656
-3.3455644
-3.3455607
-3.3455768
-3.345602
-3.3456244
-3.3456494
-3.3456682
-3.3456765
-3.9682
-3.968205
-3.9682097
-3.9682083
-3.9682335
-3.9682499
-3.9682746
-3.9683007
-3.9683142
-3.9683285
-4.7766402
-4.7766743
-4.7766881
-4.7766879
-4.7767133
-4.7767391
-4.7767694
-4.7767817
-4.7767646
-4.7767636
-5.8560875
-5.8561283
-5.8561437
-5.8561484
-5.8561702
-5.8562182
-5.8562431
-5.8562381
-5.856197
-5.8561865
-7.373851
-7.3738833
-7.3738921
-7.3739029
-7.3739118
-7.3739452
-7.3739563
-7.3739476
-7.37391
-7.3739003
-9.7201828
-9.7202105
-9.7202239
-9.7202424
-9.7202382
-9.7202392
-9.7202262
-9.720224
-9.7202216
-9.7202277
-14.001267
-14.001297
-14.001326
-14.001348
-14.001338
-14.00132
-14.001297
-14.001302
-14.001324
-14.001308
-1.4053175
-1.40529
-1.4052613
-1.4052472
-1.4052383
-1.4052419
-1.4052445
-1.4052363
-1.4052309
-1.4052336
-1.4022424
-1.4022132
-1.4022001
-1.4021933
-1.4021906
-1.4021934
-1.402188
-1.4021818
-1.402186
-1.4021816
-1.3962141
-1.3961962
-1.396196
-1.3961993
-1.396197
-1.3961879
-1.3961903
-1.3961896
-1.3961853
-1.396172
-1.3874772
-1.3874666
-1.3874718
-1.3874745
-1.3874628
-1.387466
-1.3874734
-1.387478
-1.3874781
-1.3874569
-1.3763857
-1.3763845
-1.3763873
-1.3763751
-1.3763721
-1.376382
-1.3763978
-1.3764157
-1.3764165
-1.3763953
-1.3634413
-1.3634424
-1.3634298
-1.363427
-1.363428
-1.3634401
-1.363459
-1.363468
-1.3634731
-1.3634662
-1.3492671
-1.3492638
-1.3492586
-1.3492583
-1.3492615
-1.3492818
-1.349294
-1.3493003
-1.3493059
-1.3493067
-1.3346893
-1.334691
-1.334691
-1.3346864
-1.3346909
-1.3347023
-1.3347159
-1.3347292
-1.3347275
-1.3347294
-1.3207227
-1.320736
-1.3207388
-1.3207334
-1.3207288
-1.320744
-1.3207613
-1.3207744
-1.3207657
-1.32076
-1.3086214
-1.3086265
-1.3086354
-1.3086241
-1.3086141
-1.3086347
-1.3086532
-1.3086625
-1.3086535
-1.3086378
-1.2998653
-1.2998685
-1.2998719
-1.2998629
-1.2998541
-1.2998697
-1.2998869
-1.2998921
-1.2998914
-1.299874
-1.2962922
-1.2962909
-1.2962848
-1.2962828
-1.2962731
-1.296284
-1.2962945
-1.296297
-1.2963036
-1.2962909
-1.3000786
-1.3000738
-1.300073
-1.3000644
-1.3000542
-1.3000624
-1.300072
-1.300075
-1.3000774
-1.3000697
-1.3138353
-1.3138417
-1.3138386
-1.3138301
-1.3138218
-1.3138306
-1.3138441
-1.3138422
-1.3138359
-1.3138288
-1.3407219
-1.3407258
-1.3407245
-1.3407196
-1.3407134
-1.3407205
-1.3407313
-1.3407211
-1.3407085
-1.3406977
-1.3844404
-1.3844452
-1.3844549
-1.384449
-1.3844476
-1.3844512
-1.3844568
-1.3844462
-1.3844298
-1.3844117
-1.4494373
-1.4494571
-1.4494647
-1.4494582
-1.4494573
-1.4494641
-1.4494727
-1.4494674
-1.4494479
-1.4494217
-1.5410416
-1.5410604
-1.5410612
-1.5410546
-1.5410476
-1.541065
-1.5410795
-1.5410785
-1.5410611
-1.5410364
-1.6655873
-1.6655942
-1.6655945
-1.6655898
-1.6655834
-1.6656055
-1.6656217
-1.6656265
-1.6656191
-1.6656048
-1.8307257
-1.8307276
-1.8307324
-1.830731
-1.8307295
-1.830748
-1.8307658
-1.830777
-1.8307774
-1.8307699
-2.0457836
-2.0457843
-2.0457954
-2.0457953
-2.0457947
-2.0458115
-2.0458371
-2.0458534
-2.0458554
-2.0458457
-2.3222436
-2.322249
-2.3222608
-2.32226
-2.3222593
-2.3222781
-2.3223133
-2.3223356
-2.3223415
-2.3223284
-2.6745076
-2.67452
-2.6745287
-2.6745309
-2.6745349
-2.6745604
-2.6746009
-2.6746277
-2.6746356
-2.6746204
-3.1210477
-3.121061
-3.1210711
-3.1210797
-3.1210926
-3.1211296
-3.1211727
-3.1211992
-3.1212003
-3.1211807
-3.6861336
-3.6861408
-3.6861556
-3.6861724
-3.6861887
-3.6862288
-3.6862676
-3.6862893
-3.6862855
-3.6862588
-4.4021896
-4.4021905
-4.4022084
-4.4022291
-4.4022433
-4.4022688
-4.4022936
-4.402307
-4.402308
-4.4022822
-5.3119732
-5.3119785
-5.3119984
-5.312013
-5.3120194
-5.3120198
-5.3120247
-5.3120291
-5.312035
-5.312013
-6.4647639
-6.4647761
-6.4647939
-6.4647985
-6.4647995
-6.4647885
-6.4647819
-6.4647785
-6.46478
-6.4647562
-7.8774249
-7.8774356
-7.8774402
-7.8774337
-7.8774331
-7.87743
-7.8774277
-7.877416
-7.8773904
-7.8773676
-9.3240853
-9.3240934
-9.3240811
-9.324068
-9.3240686
-9.3240728
-9.3240741
-9.3240532
-9.3240186
-9.3240031
-1.424231
-1.424269
-1.4242705
-1.4242555
-1.4242481
-1.4242338
-1.4242216
-1.4242208
-1.4242064
-1.4241816
-1.4206805
-1.4206898
-1.4206848
-1.4206785
-1.4206611
-1.4206556
-1.420646
-1.4206339
-1.4206187
-1.4205933
-1.4136025
-1.4136038
-1.4136053
-1.4135935
-1.4135871
-1.4135766
-1.4135699
-1.4135647
-1.4135451
-1.4135197
-1.4032344
-1.4032465
-1.40324
-1.4032326
-1.4032293
-1.4032242
-1.4032231
-1.4032159
-1.403199
-1.4031779
-1.3899341
-1.3899346
-1.3899394
-1.3899342
-1.3899323
-1.3899315
-1.3899293
-1.3899278
-1.3899176
-1.3898958
-1.3741383
-1.3741462
-1.3741456
-1.3741417
-1.3741455
-1.3741468
-1.3741497
-1.3741504
-1.3741404
-1.3741213
-1.3564461
-1.3564572
-1.3564589
-1.3564565
-1.356458
-1.3564656
-1.3564721
-1.3564742
-1.3564651
-1.3564491
-1.3376378
-1.3376402
-1.3376438
-1.3376349
-1.3376384
-1.3376477
-1.3376565
-1.3376622
-1.3376508
-1.3376358
-1.3186333
-1.3186443
-1.3186376
-1.3186276
-1.3186319
-1.318642
-1.3186517
-1.3186566
-1.3186438
-1.3186301
-1.3005954
-1.3006031
-1.3005975
-1.3005897
-1.300591
-1.3006042
-1.3006128
-1.3006164
-1.3006057
-1.3005924
-1.284952
-1.2849474
-1.2849472
-1.2849363
-1.2849371
-1.2849469
-1.2849534
-1.2849568
-1.2849496
-1.2849361
-1.2733964
-1.273403
-1.2733943
-1.2733808
-1.2733802
-1.2733856
-1.2733919
-1.2733934
-1.2733893
-1.2733775
-1.2680087
-1.2680163
-1.2680059
-1.2679918
-1.2679876
-1.2679921
-1.2679953
-1.2679954
-1.2679917
-1.2679812
-1.2712654
-1.2712661
-1.2712588
-1.2712431
-1.2712381
-1.271239
-1.2712366
-1.2712363
-1.2712298
-1.271219
-1.286095
-1.2861031
-1.2860974
-1.28608
-1.2860739
-1.2860673
-1.2860634
-1.2860618
-1.2860515
-1.2860393
-1.3160195
-1.3160311
-1.3160252
-1.3160065
-1.3159964
-1.3159869
-1.3159839
-1.3159796
-1.3159664
-1.3159512
-1.3652071
-1.3652163
-1.3652068
-1.3651864
-1.3651748
-1.3651681
-1.3651643
-1.3651577
-1.365143
-1.3651254
-1.4385831
-1.4385886
-1.4385786
-1.4385595
-1.4385491
-1.4385465
-1.4385431
-1.4385372
-1.4385235
-1.4385072
-1.5419919
-1.5419949
-1.5419885
-1.5419732
-1.541966
-1.5419681
-1.5419682
-1.5419667
-1.5419564
-1.5419423
-1.6823644
-1.6823681
-1.6823635
-1.6823507
-1.6823491
-1.6823563
-1.6823614
-1.682365
-1.6823559
-1.6823433
-1.8678961
-1.8678978
-1.8678945
-1.8678842
-1.8678883
-1.8678998
-1.86791
-1.8679154
-1.867906
-1.8678937
-2.1082552
-2.1082572
-2.1082566
-2.1082498
-2.1082574
-2.1082717
-2.108285
-2.1082904
-2.1082825
-2.1082687
-2.4148272
-2.4148391
-2.4148393
-2.4148354
-2.4148455
-2.4148613
-2.4148748
-2.4148785
-2.4148702
-2.4148542
-2.8008623
-2.8008809
-2.8008822
-2.8008807
-2.8008912
-2.8009064
-2.800917
-2.8009163
-2.8009041
-2.8008854
-3.2811982
-3.2812136
-3.2812185
-3.2812178
-3.2812231
-3.2812349
-3.28124
-3.2812332
-3.2812176
-3.2811957
-3.8707241
-3.8707369
-3.870742
-3.8707386
-3.8707379
-3.8707427
-3.8707406
-3.87073
-3.8707155
-3.870699
-4.5791203
-4.5791333
-4.5791333
-4.5791244
-4.5791176
-4.5791122
-4.5791059
-4.5790976
-4.5790899
-4.5790797
-5.3952557
-5.3952637
-5.3952587
-5.3952448
-5.3952339
-5.3952258
-5.3952218
-5.3952177
-5.3952139
-5.3952028
-6.2459621
-6.2459635
-6.2459548
-6.2459396
-6.2459303
-6.2459258
-6.245928
-6.2459247
-6.2459135
-6.2459001
-6.905589
-6.905588
-6.905577
-6.9055625
-6.905557
-6.905557
-6.905561
-6.905552
-6.905536
-6.905531
-1.4467856
-1.4468025
-1.4468036
-1.4467979
-1.446772
-1.446754
-1.4467372
-1.4467138
-1.4466871
-1.4466638
-1.4425772
-1.4425991
-1.4425873
-1.4425734
-1.4425505
-1.4425268
-1.4425136
-1.4424898
-1.4424543
-1.4424338
-1.4342198
-1.434232
-1.4342271
-1.4342068
-1.4341886
-1.4341698
-1.4341532
-1.4341266
-1.4340987
-1.434087
-1.4219183
-1.4219225
-1.4219113
-1.4218988
-1.4218885
-1.4218682
-1.4218511
-1.4218281
-1.4218073
-1.4217976
-1.4059407
-1.4059507
-1.4059459
-1.4059405
-1.405925
-1.4059087
-1.4058955
-1.4058769
-1.4058594
-1.4058461
-1.3867161
-1.3867225
-1.3867215
-1.3867147
-1.3867038
-1.3866918
-1.3866813
-1.3866679
-1.38665
-1.3866341
-1.364765
-1.364777
-1.3647712
-1.3647622
-1.3647554
-1.3647461
-1.3647418
-1.3647287
-1.3647075
-1.364693
-1.3407614
-1.3407731
-1.3407653
-1.3407568
-1.3407527
-1.3407488
-1.3407459
-1.3407304
-1.3407108
-1.3406996
-1.3155533
-1.3155559
-1.3155473
-1.3155424
-1.3155419
-1.3155404
-1.3155358
-1.3155234
-1.3155078
-1.3154971
-1.2901778
-1.290183
-1.2901712
-1.2901656
-1.2901652
-1.2901635
-1.2901609
-1.2901522
-1.2901384
-1.2901275
-1.2659196
-1.2659209
-1.26591
-1.2659016
-1.265901
-1.2659009
-1.2659009
-1.2658936
-1.2658816
-1.2658713
-1.2443398
-1.244339
-1.2443225
-1.2443129
-1.2443133
-1.2443127
-1.244313
-1.2443061
-1.2442954
-1.2442872
-1.2273147
-1.227315
-1.2272959
-1.2272857
-1.227283
-1.2272783
-1.227277
-1.2272701
-1.2272601
-1.2272536
-1.2170976
-1.2170974
-1.2170818
-1.2170673
-1.2170573
-1.2170483
-1.2170448
-1.2170377
-1.2170273
-1.217022
-1.2163721
-1.2163778
-1.2163578
-1.2163374
-1.2163225
-1.2163091
-1.2163032
-1.2162952
-1.2162837
-1.2162805
-1.2283335
-1.2283384
-1.2283119
-1.228289
-1.2282707
-1.2282533
-1.2282452
-1.228235
-1.228224
-1.228223
-1.2567485
-1.2567435
-1.2567189
-1.256696
-1.2566752
-1.2566568
-1.256647
-1.2566357
-1.2566265
-1.2566278
-1.3060414
-1.3060361
-1.3060151
-1.3059925
-1.3059746
-1.3059584
-1.3059486
-1.3059388
-1.3059321
-1.3059356
-1.3814011
-1.3813999
-1.3813807
-1.3813628
-1.3813504
-1.3813376
-1.3813306
-1.3813241
-1.3813194
-1.381322
-1.4888305
-1.4888288
-1.4888136
-1.488802
-1.4887932
-1.4887837
-1.4887808
-1.488777
-1.4887703
-1.4887702
-1.6351634
-1.6351659
-1.6351535
-1.6351445
-1.635138
-1.6351312
-1.6351302
-1.6351245
-1.6351129
-1.6351102
-1.8280405
-1.8280499
-1.8280369
-1.8280284
-1.8280231
-1.8280161
-1.8280108
-1.8279988
-1.8279838
-1.8279778
-2.075699
-2.0757089
-2.0756962
-2.075687
-2.0756803
-2.0756678
-2.0756542
-2.075636
-2.0756188
-2.0756112
-2.3863915
-2.3864008
-2.3863896
-2.3863766
-2.3863642
-2.3863433
-2.3863229
-2.3863015
-2.3862837
-2.3862764
-2.7670574
-2.7670687
-2.7670552
-2.7670355
-2.7670149
-2.7669891
-2.7669667
-2.7669456
-2.766932
-2.766926
-3.2203669
-3.2203756
-3.2203548
-3.2203286
-3.2203036
-3.2202786
-3.2202598
-3.2202469
-3.2202406
-3.220238
-3.7385083
-3.7385066
-3.7384804
-3.7384528
-3.7384286
-3.7384091
-3.7384017
-3.7383994
-3.7383974
-3.7383933
-4.2911502
-4.2911381
-4.291113
-4.2910896
-4.291072
-4.2910642
-4.2910665
-4.2910668
-4.2910617
-4.2910594
-4.8055585
-4.8055455
-4.805527
-4.8055095
-4.8055015
-4.8055005
-4.805503
-4.8055
-4.8054995
-4.805502
-5.146717
-5.1467085
-5.1466945
-5.146683
-5.1466775
-5.1466765
-5.146678
-5.1466775
-5.1466815
-5.146684
-1.4734987
-1.4734985
-1.4734916
-1.4734758
-1.4734512
-1.473435
-1.4734107
-1.4733843
-1.4733619
-1.4733527
-1.4685504
-1.4685565
-1.4685446
-1.4685216
-1.468504
-1.468482
-1.4684551
-1.4684268
-1.4684099
-1.4684085
-1.4587282
-1.4587308
-1.4587174
-1.4587027
-1.458683
-1.4586615
-1.4586305
-1.4586038
-1.4585941
-1.4585915
-1.4441814
-1.4441793
-1.4441752
-1.4441635
-1.4441424
-1.4441157
-1.4440856
-1.4440652
-1.4440563
-1.4440482
-1.4251455
-1.4251554
-1.425149
-1.4251345
-1.425113
-1.4250886
-1.4250621
-1.4250426
-1.4250301
-1.4250179
-1.4019712
-1.4019764
-1.4019716
-1.4019567
-1.4019363
-1.4019144
-1.401889
-1.4018674
-1.4018517
-1.4018369
-1.375078
-1.3750843
-1.3750757
-1.3750652
-1.375051
-1.3750315
-1.3750051
-1.3749818
-1.3749652
-1.3749503
-1.3450398
-1.345047
-1.3450403
-1.3450351
-1.3450241
-1.3450047
-1.344978
-1.3449559
-1.3449411
-1.3449263
-1.3125808
-1.3125829
-1.3125819
-1.3125767
-1.3125671
-1.3125504
-1.3125261
-1.312508
-1.312495
-1.3124798
-1.2785917
-1.2785948
-1.2785884
-1.278583
-1.2785783
-1.2785647
-1.2785448
-1.2785307
-1.2785188
-1.2785041
-1.2441771
-1.2441787
-1.2441685
-1.2441668
-1.2441651
-1.244155
-1.2441399
-1.244128
-1.2441171
-1.2441039
-1.2106963
-1.2106907
-1.2106833
-1.2106822
-1.2106801
-1.2106735
-1.2106613
-1.2106509
-1.2106409
-1.21063
-1.1797809
-1.1797779
-1.1797689
-1.1797634
-1.1797606
-1.179755
-1.1797446
-1.1797354
-1.1797267
-1.1797187
-1.1534047
-1.1534054
-1.1533899
-1.1533803
-1.1533747
-1.1533679
-1.1533583
-1.1533504
-1.153344
-1.1533387
-1.1339273
-1.1339228
-1.1339034
-1.1338901
-1.1338788
-1.1338694
-1.1338595
-1.1338534
-1.1338495
-1.1338468
-1.1241387
-1.1241301
-1.1241089
-1.1240903
-1.1240751
-1.1240633
-1.1240531
-1.1240483
-1.1240469
-1.124046
-1.1273366
-1.1273265
-1.1273046
-1.1272837
-1.1272689
-1.1272566
-1.1272459
-1.1272417
-1.1272426
-1.127244
-1.1473799
-1.1473689
-1.1473491
-1.1473323
-1.14732
-1.1473078
-1.1472963
-1.1472933
-1.1472968
-1.1472995
-1.1887164
-1.1887096
-1.1886928
-1.1886809
-1.1886696
-1.1886574
-1.1886476
-1.1886459
-1.1886497
-1.1886497
-1.2563746
-1.2563742
-1.2563587
-1.2563478
-1.2563363
-1.2563259
-1.2563178
-1.2563146
-1.2563137
-1.2563108
-1.3558792
-1.3558805
-1.3558651
-1.3558531
-1.3558415
-1.3558312
-1.3558198
-1.3558111
-1.3558039
-1.3557993
-1.4930363
-1.4930366
-1.4930214
-1.4930072
-1.4929921
-1.492975
-1.4929554
-1.4929397
-1.4929289
-1.4929223
-1.6734923
-1.6734941
-1.6734772
-1.6734569
-1.6734337
-1.6734062
-1.6733786
-1.6733585
-1.6733452
-1.6733394
-1.901875
-1.9018784
-1.9018546
-1.9018253
-1.9017933
-1.9017584
-1.9017279
-1.9017073
-1.901695
-1.9016922
-2.1802047
-2.1802029
-2.180169
-2.1801332
-2.1800974
-2.180062
-2.1800345
-2.180019
-2.1800129
-2.180015
-2.5051135
-2.505101
-2.5050621
-2.5050248
-2.5049919
-2.5049631
-2.5049457
-2.5049418
-2.5049424
-2.5049454
-2.8633268
-2.8633079
-2.8632706
-2.8632384
-2.8632137
-2.863197
-2.8631939
-2.8631972
-2.8631991
-2.8632011
-3.2252265
-3.225208
-3.225178
-3.225155
-3.225141
-3.2251365
-3.22514
-3.2251435
-3.2251445
-3.225152
-3.538391
-3.5383785
-3.5383565
-3.5383415
-3.538336
-3.538335
-3.538338
-3.538343
-3.5383525
-3.5383615
-3.729014
-3.7290035
-3.728987
-3.728977
-3.7289735
-3.728973
-3.728977
-3.7289875
-3.7289975
-3.7290015
-1.5050796
-1.5050763
-1.5050634
-1.5050519
-1.5050448
-1.5050292
-1.5050135
-1.5049995
-1.504995
-1.5050011
-1.49933
-1.4993219
-1.4993101
-1.4993037
-1.4992984
-1.4992819
-1.4992613
-1.4992504
-1.4992518
-1.4992561
-1.4878821
-1.4878761
-1.4878714
-1.4878693
-1.4878574
-1.4878337
-1.4878123
-1.4878055
-1.4878049
-1.4878024
-1.4708572
-1.4708608
-1.470859
-1.4708494
-1.4708296
-1.4708038
-1.4707839
-1.4707735
-1.4707659
-1.4707585
-1.448439
-1.4484434
-1.4484343
-1.4484198
-1.4484013
-1.4483722
-1.4483474
-1.4483325
-1.4483196
-1.4483091
-1.4208548
-1.4208595
-1.4208498
-1.4208385
-1.42082
-1.4207881
-1.4207595
-1.4207394
-1.4207222
-1.4207097
-1.3884492
-1.3884499
-1.3884469
-1.3884404
-1.3884212
-1.388387
-1.3883545
-1.3883319
-1.3883139
-1.3883013
-1.3516623
-1.351667
-1.3516659
-1.3516601
-1.3516414
-1.3516055
-1.3515733
-1.3515524
-1.3515361
-1.351523
-1.3110612
-1.3110675
-1.3110649
-1.3110601
-1.3110442
-1.3110114
-1.3109832
-1.3109657
-1.3109511
-1.3109373
-1.2673621
-1.2673611
-1.2673595
-1.2673593
-1.267348
-1.2673203
-1.2672971
-1.2672829
-1.2672695
-1.2672563
-1.2214496
-1.2214482
-1.2214483
-1.2214523
-1.221446
-1.2214242
-1.2214057
-1.2213935
-1.2213812
-1.2213696
-1.1744317
-1.1744318
-1.1744325
-1.1744382
-1.1744372
-1.1744216
-1.174407
-1.1743964
-1.1743859
-1.1743764
-1.1276601
-1.1276575
-1.1276572
-1.1276639
-1.1276666
-1.1276551
-1.1276442
-1.1276359
-1.1276282
-1.12762
-1.0827665
-1.0827622
-1.082759
-1.0827643
-1.0827672
-1.0827579
-1.0827502
-1.0827455
-1.0827403
-1.0827322
-1.0417213
-1.0417156
-1.0417089
-1.0417095
-1.0417105
-1.0417026
-1.0416973
-1.0416955
-1.0416919
-1.0416832
-1.0068769
-1.0068684
-1.006858
-1.0068561
-1.0068564
-1.0068485
-1.0068439
-1.006843
-1.0068403
-1.0068311
-0.9810118
-0.9810027
-0.98099095
-0.98099065
-0.98099095
-0.9809813
-0.98097555
-0.98097485
-0.9809733
-0.9809649
-0.9673732
-0.9673669
-0.967357
-0.9673583
-0.9673567
-0.9673449
-0.9673384
-0.96733835
-0.9673379
-0.96733
-0.96967785
-0.9696737
-0.96966435
-0.969664
-0.96966025
-0.96964845
-0.9696422
-0.96964145
-0.96964025
-0.96963115
-0.9920524
-0.99204655
-0.9920353
-0.99203215
-0.9920284
-0.99201795
-0.9920102
-0.9920067
-0.9920022
-0.9919936
-1.0389046
-1.0388963
-1.0388834
-1.0388781
-1.038874
-1.0388616
-1.0388495
-1.0388419
-1.0388349
-1.0388268
-1.1146613
-1.1146538
-1.1146384
-1.114629
-1.1146196
-1.1146007
-1.1145839
-1.1145723
-1.1145643
-1.1145565
-1.2232649
-1.2232577
-1.223236
-1.2232191
-1.2232015
-1.223176
-1.2231559
-1.2231425
-1.2231338
-1.2231289
-1.3673069
-1.3672941
-1.3672636
-1.3672403
-1.3672168
-1.3671891
-1.3671695
-1.3671566
-1.367151
-1.3671494
-1.5466589
-1.5466363
-1.5466008
-1.5465757
-1.5465516
-1.5465278
-1.5465132
-1.546506
-1.5465055
-1.546508
-1.7564496
-1.756422
-1.7563882
-1.7563665
-1.7563476
-1.7563321
-1.7563259
-1.7563259
-1.7563276
-1.7563318
-1.9843895
-1.9843655
-1.9843375
-1.984322
-1.984311
-1.9843045
-1.9843055
-1.9843055
-1.984311
-1.9843185
-2.208011
-2.207995
-2.207975
-2.2079655
-2.2079615
-2.2079605
-2.2079595
-2.2079635
-2.2079755
-2.2079835
-2.393762
-2.3937515
-2.3937365
-2.393733
-2.393733
-2.393731
-2.3937345
-2.3937435
-2.3937555
-2.3937575
-2.5019235
-2.501912
-2.5019035
-2.501904
-2.5019055
-2.501905
-2.501911
-2.501919
-2.5019235
-2.501919
-1.5423738
-1.5423647
-1.5423634
-1.5423725
-1.5423765
-1.5423773
-1.5423782
-1.5423829
-1.542393
-1.5424001
-1.5357597
-1.5357525
-1.535759
-1.5357714
-1.535771
-1.5357715
-1.5357718
-1.535779
-1.5357886
-1.5357919
-1.522581
-1.5225837
-1.5225902
-1.5225937
-1.5225884
-1.5225816
-1.5225813
-1.5225866
-1.5225886
-1.5225878
-1.5029095
-1.5029148
-1.5029116
-1.5029077
-1.5028959
-1.5028844
-1.5028783
-1.5028745
-1.5028694
-1.5028667
-1.4768303
-1.4768276
-1.476826
-1.4768209
-1.4768041
-1.4767854
-1.4767721
-1.4767594
-1.476748
-1.4767456
-1.4444943
-1.4444959
-1.4444951
-1.4444897
-1.4444684
-1.4444434
-1.4444213
-1.4444019
-1.4443897
-1.4443884
-1.4061303
-1.4061335
-1.4061359
-1.4061285
-1.4061025
-1.4060714
-1.4060454
-1.4060262
-1.4060153
-1.4060143
-1.3620325
-1.3620344
-1.3620367
-1.3620273
-1.361999
-1.361967
-1.3619431
-1.3619259
-1.3619163
-1.3619155
-1.3125829
-1.312584
-1.3125846
-1.3125773
-1.3125509
-1.3125221
-1.3125013
-1.3124864
-1.3124788
-1.3124792
-1.2582842
-1.2582843
-1.2582871
-1.2582841
-1.2582622
-1.2582374
-1.2582202
-1.2582081
-1.2582031
-1.2582057
-1.1997827
-1.1997807
-1.1997881
-1.1997909
-1.1997748
-1.1997553
-1.1997415
-1.1997318
-1.1997297
-1.1997332
-1.1378893
-1.1378886
-1.1378994
-1.137908
-1.1378993
-1.1378849
-1.137874
-1.1378671
-1.1378661
-1.1378679
-1.0736216
-1.0736235
-1.0736354
-1.0736484
-1.0736448
-1.0736349
-1.0736278
-1.0736227
-1.0736211
-1.073619
-1.0082381
-1.0082384
-1.0082492
-1.008264
-1.0082627
-1.0082568
-1.0082525
-1.0082484
-1.0082455
-1.0082393
-0.9432724
-0.94327015
-0.9432788
-0.9432934
-0.9432938
-0.9432897
-0.9432861
-0.94328225
-0.9432784
-0.94327035
-0.88058865
-0.88058615
-0.88059355
-0.88060885
-0.88060945
-0.88060365
-0.88059915
-0.880595
-0.88059115
-0.8805835
-0.8224238
-0.82242095
-0.82242945
-0.82244535
-0.82244305
-0.82243485
-0.82242905
-0.8224249
-0.8224215
-0.8224163
-0.7714041
-0.7714003
-0.77141015
-0.77142405
-0.7714191
-0.7714099
-0.77140375
-0.77139975
-0.7713972
-0.77139475
-0.7305454
-0.73053965
-0.73054845
-0.7305597
-0.7305554
-0.730547
-0.73054055
-0.7305357
-0.73053405
-0.7305337
-0.7032061
-0.70319695
-0.70320315
-0.70321455
-0.7032131
-0.7032058
-0.7031982
-0.7031928
-0.70319155
-0.70319405
-0.69296429
-0.69295252
-0.69295648
-0.69296919
-0.69296967
-0.69296203
-0.69295316
-0.6929475
-0.69294754
-0.69295058
-0.70337344
-0.70335935
-0.7033603
-0.70337188
-0.70337124
-0.70336223
-0.70335221
-0.70334595
-0.70334698
-0.70335001
-0.7375203
-0.7375018
-0.73749865
-0.73750735
-0.7375042
-0.73749345
-0.73748275
-0.73747715
-0.7374783
-0.73748325
-0.7973315
-0.7973077
-0.79730245
-0.79730875
-0.79730445
-0.7972934
-0.7972841
-0.7972793
-0.7972829
-0.79729
-0.88257855
-0.88255265
-0.88254875
-0.88255495
-0.8825517
-0.88254375
-0.8825372
-0.88253515
-0.8825414
-0.8825503
-0.989575
-0.989553
-0.9895525
-0.9895605
-0.98956
-0.989556
-0.989551
-0.989551
-0.9895585
-0.9895695
-1.1097475
-1.1097335
-1.1097365
-1.1097465
-1.1097475
-1.109743
-1.109739
-1.1097385
-1.1097515
-1.109762
-1.2286665
-1.2286595
-1.2286645
-1.2286735
-1.2286755
-1.2286705
-1.228664
-1.2286695
-1.228682
-1.2286855
-1.3267165
-1.3267125
-1.326718
-1.3267295
-1.3267315
-1.326725
-1.326722
-1.326725
-1.32673
-1.326727
-1.382984
-1.382982
-1.382993
-1.383005
-1.3830045
-1.382998
-1.3829935
-1.382989
-1.3829915
-1.3829835
-1.5862759
-1.5862775
-1.586293
-1.5863095
-1.5863225
-1.5863385
-1.5863505
-1.586368
-1.5863836
-1.5863911
-1.5787774
-1.578784
-1.5788052
-1.578817
-1.5788276
-1.5788385
-1.5788516
-1.5788712
-1.5788852
-1.5788898
-1.5638015
-1.5638132
-1.5638239
-1.5638274
-1.5638305
-1.5638386
-1.5638502
-1.5638609
-1.5638691
-1.5638744
-1.5413479
-1.541353
-1.5413591
-1.5413592
-1.5413578
-1.5413591
-1.5413606
-1.5413633
-1.5413681
-1.5413744
-1.5114353
-1.5114412
-1.5114485
-1.5114462
-1.5114373
-1.5114296
-1.5114223
-1.5114177
-1.511421
-1.5114308
-1.4741303
-1.4741354
-1.4741444
-1.4741354
-1.4741184
-1.4741034
-1.4740904
-1.4740847
-1.4740901
-1.4741015
-1.4295126
-1.4295204
-1.4295249
-1.4295097
-1.4294882
-1.4294704
-1.4294578
-1.4294537
-1.4294592
-1.4294713
-1.3777143
-1.3777201
-1.37772
-1.3777036
-1.3776812
-1.3776646
-1.3776533
-1.3776494
-1.377656
-1.3776708
-1.3189186
-1.3189202
-1.3189224
-1.3189082
-1.3188866
-1.3188718
-1.3188609
-1.3188592
-1.318869
-1.3188868
-1.2533879
-1.253391
-1.2533965
-1.2533854
-1.2533667
-1.253353
-1.2533439
-1.2533459
-1.253359
-1.253378
-1.1814891
-1.1814948
-1.1815047
-1.1814991
-1.1814835
-1.1814714
-1.1814646
-1.1814691
-1.1814832
-1.1815003
-1.1037123
-1.1037201
-1.103735
-1.1037357
-1.1037231
-1.1037129
-1.1037076
-1.1037127
-1.103724
-1.1037359
-1.0207004
-1.0207107
-1.0207287
-1.0207335
-1.0207238
-1.0207159
-1.0207116
-1.0207145
-1.0207203
-1.0207267
-0.93328615
-0.93329595
-0.9333158
-0.9333231
-0.9333156
-0.9333093
-0.9333049
-0.9333049
-0.93330645
-0.9333104
-0.84253195
-0.8425397
-0.8425618
-0.8425703
-0.84256385
-0.8425575
-0.8425519
-0.84255095
-0.84255245
-0.84255815
-0.74977905
-0.74978745
-0.7498114
-0.7498202
-0.74981265
-0.74980455
-0.74979845
-0.7497989
-0.7498032
-0.7498129
-0.6566882
-0.65669685
-0.65672235
-0.6567304
-0.65672105
-0.65671215
-0.65670685
-0.6567094
-0.65671675
-0.65673095
-0.5652633
-0.56527095
-0.56529755
-0.5653051
-0.56529645
-0.5652889
-0.56528485
-0.56528855
-0.5652988
-0.56531635
-0.4778737
-0.4778807
-0.47790725
-0.47791715
-0.47791215
-0.4779064
-0.4779029
-0.477907
-0.47792035
-0.4779397
-0.3972413
-0.39724585
-0.39727305
-0.3972883
-0.3972876
-0.3972837
-0.3972804
-0.39728635
-0.39730155
-0.39732155
-0.32636136
-0.3263621
-0.3263916
-0.32641221
-0.32641557
-0.32641355
-0.32641127
-0.32641912
-0.32643593
-0.32645376
-0.26833983
-0.26833709
-0.26836813
-0.2683925
-0.268399
-0.26839806
-0.26839656
-0.26840552
-0.26842226
-0.26843842
-0.22609765
-0.22609235
-0.2261245
-0.2261513
-0.2261591
-0.2261581
-0.226157
-0.2261668
-0.22618265
-0.22620015
-0.2019081
-0.20190345
-0.20193755
-0.20196525
-0.201973
-0.2019711
-0.20197025
-0.20197935
-0.20199705
-0.20201635
-0.19675615
-0.19675605
-0.19679165
-0.196819
-0.19682575
-0.19682235
-0.19682015
-0.19682995
-0.19684965
-0.19686995
-0.209556
-0.2095625
-0.2095985
-0.209623
-0.209626
-0.2096195
-0.2096155
-0.2096265
-0.2096465
-0.2096665
-0.236398
-0.23641
-0.2364425
-0.2364625
-0.2364605
-0.2364505
-0.236446
-0.2364565
-0.236475
-0.2364865
-0.2702165
-0.27023
-0.2702565
-0.2702715
-0.2702675
-0.2702555
-0.2702485
-0.270256
-0.270264
-0.2702715
-0.3014595
-0.3014725
-0.3014965
-0.30151
-0.301503
-0.301487
-0.301476
-0.3014755
-0.3014795
-0.301487
-0.3203225
-0.3203405
-0.320365
-0.320371
-0.320358
-0.3203395
-0.3203245
-0.320325
-0.3203325
-0.3203425
-1.6377069
-1.6377246
-1.6377454
-1.6377585
-1.6377729
-1.6377858
-1.6378018
-1.6378232
-1.6378407
-1.6378477
-1.6293206
-1.6293444
-1.6293567
-1.6293654
-1.6293758
-1.6293869
-1.6294051
-1.6294248
-1.6294409
-1.6294463
-1.612511
-1.612525
-1.6125324
-1.6125401
-1.6125472
-1.6125566
-1.612568
-1.6125813
-1.612599
-1.6126058
-1.5872269
-1.5872382
-1.58725
-1.5872541
-1.5872552
-1.5872575
-1.587262
-1.5872734
-1.5872915
-1.5872994
-1.5534302
-1.553445
-1.5534534
-1.5534515
-1.553446
-1.5534419
-1.5534428
-1.5534539
-1.5534731
-1.553483
-1.5110636
-1.5110778
-1.5110815
-1.5110715
-1.5110612
-1.5110558
-1.5110578
-1.51107
-1.5110897
-1.5110999
-1.460066
-1.4600767
-1.4600731
-1.4600595
-1.4600494
-1.4600464
-1.4600492
-1.4600608
-1.4600796
-1.4600907
-1.4003815
-1.4003873
-1.4003815
-1.4003703
-1.4003625
-1.4003602
-1.4003614
-1.4003723
-1.4003924
-1.4004049
-1.3319762
-1.3319812
-1.3319807
-1.331972
-1.3319645
-1.3319612
-1.3319617
-1.331974
-1.3319959
-1.3320074
-1.2548577
-1.2548667
-1.2548705
-1.2548631
-1.2548548
-1.2548499
-1.2548509
-1.2548646
-1.2548864
-1.2548948
-1.1690841
-1.1690974
-1.1691037
-1.1690978
-1.1690876
-1.169081
-1.1690818
-1.1690947
-1.169114
-1.1691186
-1.0747856
-1.0747994
-1.0748098
-1.0748048
-1.0747928
-1.0747848
-1.0747847
-1.0747948
-1.0748089
-1.0748102
-0.97219343
-0.97220784
-0.97222176
-0.97221647
-0.97220414
-0.97219627
-0.97219504
-0.97220053
-0.97220926
-0.97221067
-0.8616796
-0.86169535
-0.8617108
-0.86170595
-0.86169425
-0.86168735
-0.86168475
-0.861687
-0.8616949
-0.8617005
-0.743795
-0.7438115
-0.74382895
-0.74382415
-0.74381335
-0.743807
-0.7438047
-0.743809
-0.74382175
-0.74383245
-0.61931555
-0.6193346
-0.61935285
-0.6193477
-0.61933705
-0.6193316
-0.6193327
-0.61934285
-0.6193621
-0.6193758
-0.489291
-0.4893121
-0.4893301
-0.48932555
-0.4893158
-0.4893127
-0.48931825
-0.4893338
-0.48935765
-0.4893725
-0.3550908
-0.3551122
-0.35513185
-0.35512995
-0.3551232
-0.35512325
-0.3551317
-0.3551503
-0.3551771
-0.3551912
-0.2184591
-0.2184808
-0.218504
-0.2185072
-0.21850415
-0.2185061
-0.21851575
-0.2185362
-0.21856445
-0.2185764
-0.08155225
-0.0815739
-0.08160245
-0.08161135
-0.0816115
-0.08161515
-0.08162595
-0.08164835
-0.0816752
-0.08168525
0.05305649
0.05303486
0.05300041
0.052986045
0.052982115
0.052976395
0.052964
0.052940935
0.052914885
0.05290733
0.18241458
0.18239271
0.18235333
0.18233384
0.18232663
0.18231963
0.18230584
0.18228181
0.18225756
0.18225064
0.30330545
0.3032827
0.30323905
0.30321605
0.3032078
0.30320035
0.3031857
0.3031616
0.3031385
0.3031284
0.412466
0.4124398
0.41239355
0.41236995
0.4123629
0.41235705
0.41234365
0.4123204
0.41229485
0.41228255
0.50692
0.50688925
0.5068438
0.50682265
0.5068199
0.5068187
0.5068082
0.506783
0.5067559
0.5067449
0.5844125
0.584378
0.5843365
0.584322
0.5843265
0.584331
0.5843205
0.584295
0.5842725
0.5842665
0.6438575
0.6438245
0.6437905
0.643784
0.6437945
0.6438
0.643792
0.6437725
0.6437595
0.643758
0.6856255
0.685596
0.6855705
0.6855685
0.685581
0.6855915
0.685591
0.685581
0.685572
0.6855685
0.7114055
0.711378
0.7113575
0.711361
0.7113805
0.7113985
0.7114035
0.711395
0.711383
0.7113765
0.723468
0.72344
0.7234285
0.723443
0.7234675
0.723486
0.723488
0.7234715
0.7234615
0.7234535
-1.6975508
-1.6975712
-1.6975821
-1.697587
-1.6975934
-1.6976004
-1.6976158
-1.6976313
-1.6976437
-1.6976445
-1.6882804
-1.6882964
-1.6882988
-1.688305
-1.6883093
-1.6883188
-1.688332
-1.688346
-1.6883593
-1.6883555
-1.6696562
-1.6696653
-1.6696729
-1.6696785
-1.6696816
-1.6696883
-1.6696988
-1.6697135
-1.6697281
-1.6697218
-1.641599
-1.6416118
-1.641618
-1.6416181
-1.6416184
-1.6416242
-1.6416336
-1.6416494
-1.6416641
-1.6416576
-1.6039783
-1.6039881
-1.6039894
-1.6039853
-1.6039853
-1.6039907
-1.6040022
-1.604019
-1.6040337
-1.6040272
-1.5566102
-1.5566183
-1.5566119
-1.5566064
-1.5566073
-1.5566165
-1.5566292
-1.5566455
-1.5566594
-1.5566522
-1.4992822
-1.4992828
-1.4992753
-1.4992711
-1.4992763
-1.4992865
-1.499298
-1.4993127
-1.4993256
-1.4993177
-1.4317436
-1.4317421
-1.4317379
-1.4317377
-1.4317447
-1.4317535
-1.431763
-1.4317761
-1.4317872
-1.4317772
-1.3537325
-1.3537346
-1.3537353
-1.3537367
-1.3537428
-1.3537495
-1.3537572
-1.3537682
-1.3537758
-1.3537616
-1.2649768
-1.2649833
-1.2649868
-1.2649865
-1.2649895
-1.2649933
-1.2649987
-1.2650064
-1.2650092
-1.2649918
-1.1651996
-1.1652084
-1.1652119
-1.1652085
-1.1652069
-1.1652076
-1.1652097
-1.1652133
-1.1652123
-1.165194
-1.0541414
-1.0541498
-1.0541536
-1.0541468
-1.0541421
-1.0541404
-1.0541398
-1.0541394
-1.0541357
-1.05412
-0.93159269
-0.93160199
-0.93160507
-0.93159579
-0.93159052
-0.93158886
-0.93158661
-0.9315834
-0.93158014
-0.93157024
-0.7974293
-0.79744018
-0.79744113
-0.79743148
-0.79742747
-0.79742767
-0.79742563
-0.7974232
-0.7974252
-0.79742091
-0.65164294
-0.65165409
-0.65165418
-0.65164442
-0.65164263
-0.65164596
-0.65164794
-0.65165192
-0.65166128
-0.65165859
-0.4943918
-0.49440415
-0.4944026
-0.494393
-0.4943938
-0.4944017
-0.49441085
-0.49442335
-0.4944378
-0.4944331
-0.32606405
-0.32607655
-0.32607435
-0.32606655
-0.32606985
-0.3260826
-0.3260984
-0.3261172
-0.32613345
-0.3261261
-0.14734785
-0.14736075
-0.1473615
-0.14735635
-0.14736235
-0.1473783
-0.147398
-0.1474197
-0.1474359
-0.14742535
0.0406729
0.04065685
0.0406516
0.04065385
0.0406462
0.0406293
0.04060845
0.04058625
0.0405725
0.04058505
0.2364145
0.2363944
0.23638475
0.23638445
0.23637595
0.2363589
0.23633805
0.2363171
0.2363071
0.2363188
0.43768609
0.43766247
0.43764831
0.43764545
0.43763572
0.43761844
0.43759782
0.43757869
0.43756963
0.43758063
0.64157621
0.64154926
0.64153092
0.64152581
0.64151544
0.64149767
0.64147635
0.64145661
0.64144859
0.64145875
0.84436045
0.84433035
0.844309
0.8443032
0.84429305
0.8442744
0.844252
0.844232
0.844224
0.84423235
1.0414584
1.0414253
1.0414034
1.0413991
1.0413905
1.041373
1.0413508
1.0413305
1.041321
1.0413301
1.2274757
1.2274416
1.2274224
1.2274217
1.2274176
1.2274029
1.227381
1.227359
1.227352
1.2273664
1.3963699
1.3963373
1.3963231
1.3963279
1.3963284
1.3963162
1.3962935
1.3962756
1.3962763
1.3962957
1.5417695
1.5417425
1.5417345
1.541743
1.5417465
1.541736
1.541719
1.54171
1.5417155
1.541728
1.657466
1.657443
1.65744
1.6574525
1.6574605
1.657458
1.657448
1.65744
1.6574395
1.657448
1.7380125
1.737992
1.7379965
1.738018
1.738034
1.7380365
1.7380245
1.73801
1.7380055
1.7380175
1.779362
1.779351
1.779369
1.7793955
1.77941
1.7794065
1.779386
1.7793735
1.779377
1.7794015
-1.7666391
-1.7666476
-1.7666423
-1.7666417
-1.7666431
-1.7666491
-1.7666565
-1.7666614
-1.7666625
-1.7666524
-1.7565176
-1.7565129
-1.7565153
-1.7565143
-1.7565172
-1.7565238
-1.7565306
-1.7565372
-1.7565349
-1.756516
-1.7361796
-1.7361834
-1.7361847
-1.7361798
-1.7361827
-1.736192
-1.7362025
-1.7362079
-1.736202
-1.7361815
-1.705496
-1.7054979
-1.7054908
-1.7054853
-1.7054934
-1.7055082
-1.7055191
-1.7055242
-1.7055184
-1.7054973
-1.664228
-1.664224
-1.6642141
-1.6642113
-1.6642264
-1.664243
-1.6642558
-1.6642607
-1.6642539
-1.6642322
-1.6120761
-1.6120666
-1.6120571
-1.6120604
-1.6120777
-1.6120967
-1.6121082
-1.612112
-1.6121048
-1.6120824
-1.5486618
-1.5486524
-1.5486483
-1.5486532
-1.5486726
-1.5486892
-1.5486993
-1.5487028
-1.5486936
-1.5486695
-1.4735443
-1.4735396
-1.4735369
-1.473543
-1.4735616
-1.4735763
-1.4735854
-1.4735856
-1.4735718
-1.4735458
-1.3862143
-1.3862116
-1.3862103
-1.3862164
-1.386233
-1.3862463
-1.3862522
-1.3862465
-1.3862266
-1.3861997
-1.286097
-1.2860966
-1.2860958
-1.2860982
-1.2861125
-1.2861234
-1.2861239
-1.2861115
-1.2860867
-1.2860624
-1.1725657
-1.1725673
-1.1725628
-1.1725622
-1.1725739
-1.1725806
-1.1725753
-1.1725578
-1.1725325
-1.1725128
-1.044954
-1.0449544
-1.0449477
-1.0449448
-1.0449543
-1.0449575
-1.0449483
-1.044929
-1.0449065
-1.0448918
-0.90258062
-0.90257972
-0.90257074
-0.90256648
-0.90257571
-0.90257823
-0.90256856
-0.90255113
-0.90253364
-0.90252258
-0.74478096
-0.74477878
-0.74476622
-0.74476222
-0.74477337
-0.74477847
-0.74477183
-0.74475945
-0.74474774
-0.74473763
-0.57093598
-0.57092995
-0.57091577
-0.5709127
-0.57092751
-0.57093791
-0.57093768
-0.57093281
-0.57092504
-0.57091292
-0.38052387
-0.38051548
-0.38050014
-0.38049846
-0.38051749
-0.38053421
-0.38054198
-0.38054378
-0.38053639
-0.38052099
-0.17319805
-0.1731894
-0.173174
-0.17317335
-0.17319505
-0.17321705
-0.1732311
-0.1732357
-0.1732264
-0.173209
0.0511204
0.05112685
0.05114095
0.0511416
0.05111865
0.05109425
0.0510785
0.05107475
0.0510859
0.05110435
0.2921096
0.2921118
0.29212495
0.29212595
0.2921037
0.2920808
0.29206765
0.29206655
0.29207955
0.2920973
0.548872
0.5488706
0.54888315
0.5488845
0.5488649
0.5488458
0.54883655
0.54883835
0.54885175
0.5488673
0.81971095
0.81970636
0.81971783
0.81972005
0.8197033
0.81968739
0.81968051
0.81968397
0.8196955
0.8197099
1.1018473
1.1018396
1.1018505
1.1018541
1.1018392
1.101824
1.1018168
1.1018193
1.1018301
1.1018438
1.3910962
1.3910865
1.3910979
1.3911031
1.3910887
1.3910721
1.3910626
1.3910643
1.3910756
1.3910904
1.681527
1.6815172
1.6815305
1.6815374
1.6815227
1.6815042
1.6814917
1.6814937
1.6815073
1.681527
1.9651661
1.9651587
1.9651749
1.9651828
1.9651677
1.9651457
1.9651318
1.9651364
1.9651569
1.9651803
2.2318556
2.2318532
2.2318707
2.2318772
2.2318601
2.2318375
2.2318256
2.2318361
2.2318605
2.2318803
2.4694435
2.4694455
2.469462
2.4694665
2.469451
2.4694325
2.4694245
2.4694355
2.469453
2.4694685
2.6645225
2.664525
2.664542
2.6645515
2.664543
2.664528
2.6645165
2.6645185
2.6645335
2.6645505
2.8038905
2.803897
2.8039225
2.803939
2.803932
2.803913
2.803893
2.803894
2.8039145
2.803937
2.876691
2.8767115
2.876742
2.8767535
2.8767385
2.876713
2.876696
2.8767085
2.876731
2.876754
-1.8457973
-1.8457909
-1.8457815
-1.8457771
-1.8457754
-1.8457772
-1.8457728
-1.8457657
-1.845753
-1.845733
-1.8349044
-1.8349011
-1.8348927
-1.8348849
-1.8348856
-1.8348866
-1.8348847
-1.8348767
-1.834856
-1.8348318
-1.8130248
-1.8130209
-1.8130045
-1.8129978
-1.8130036
-1.813011
-1.8130118
-1.8130005
-1.8129769
-1.8129554
-1.7799402
-1.7799275
-1.7799108
-1.7799103
-1.779924
-1.779938
-1.7799386
-1.7799266
-1.7799036
-1.7798814
-1.7353296
-1.735316
-1.7353004
-1.7353074
-1.7353299
-1.7353436
-1.7353442
-1.7353323
-1.7353092
-1.7352874
-1.6787729
-1.6787581
-1.6787492
-1.6787634
-1.6787848
-1.678797
-1.6787976
-1.6787862
-1.678764
-1.678743
-1.6097303
-1.6097222
-1.6097174
-1.6097296
-1.6097481
-1.6097589
-1.6097596
-1.6097493
-1.6097266
-1.609705
-1.5275567
-1.5275527
-1.5275447
-1.527554
-1.5275706
-1.5275809
-1.5275817
-1.5275681
-1.5275427
-1.5275218
-1.4314818
-1.4314769
-1.4314659
-1.4314738
-1.4314901
-1.4314998
-1.4314968
-1.4314774
-1.4314494
-1.431432
-1.3206246
-1.320619
-1.3206073
-1.3206137
-1.3206299
-1.320637
-1.3206272
-1.3206019
-1.3205753
-1.3205633
-1.193999
-1.1939942
-1.1939796
-1.1939864
-1.1940011
-1.1940023
-1.1939862
-1.1939595
-1.1939381
-1.1939292
-1.0505135
-1.0505064
-1.0504919
-1.0504981
-1.0505096
-1.0505063
-1.0504877
-1.050464
-1.0504476
-1.0504396
-0.88898591
-0.88897601
-0.88896069
-0.88896596
-0.88897639
-0.88897254
-0.88895599
-0.88893749
-0.88892436
-0.88891711
-0.70817075
-0.70815738
-0.70813972
-0.70814617
-0.70815879
-0.70815779
-0.70814608
-0.70813235
-0.70812095
-0.70811394
-0.50678519
-0.50676649
-0.50674917
-0.5067579
-0.50677444
-0.5067785
-0.50677231
-0.50676236
-0.50674993
-0.50674085
-0.28355794
-0.28353746
-0.28352059
-0.28353121
-0.28355162
-0.28356073
-0.28355909
-0.28354951
-0.2835332
-0.28352108
-0.0373121
-0.03729245
-0.03727435
-0.03728455
-0.0373067
-0.03731875
-0.03731765
-0.0373042
-0.03728405
-0.03727165
0.2329326
0.2329511
0.23297145
0.23296325
0.23294185
0.23293145
0.2329374
0.23295575
0.2329758
0.2329879
0.5277942
0.52781115
0.52783375
0.52782815
0.5278109
0.52780735
0.52782005
0.52784095
0.5278584
0.52787045
0.84728545
0.84730145
0.84732545
0.84732335
0.84731285
0.84731705
0.847334
0.84735525
0.84737005
0.84737995
1.190479
1.190494
1.1905192
1.190521
1.1905159
1.1905242
1.1905423
1.1905628
1.190575
1.1905832
1.5550514
1.5550663
1.555093
1.5550972
1.555094
1.5551023
1.5551193
1.5551379
1.5551484
1.5551581
1.9367018
1.9367177
1.9367456
1.9367508
1.9367463
1.9367515
1.9367647
1.9367825
1.9367955
1.936808
2.3284483
2.3284667
2.3284962
2.3285007
2.3284918
2.3284901
2.3284995
2.3285206
2.3285395
2.3285547
2.7198775
2.7199004
2.7199294
2.7199291
2.7199125
2.7199038
2.7199151
2.7199416
2.719964
2.7199783
3.0965215
3.0965479
3.0965714
3.0965632
3.0965405
3.0965322
3.096546
3.0965729
3.0965924
3.096602
3.4397012
3.4397271
3.4397426
3.4397307
3.4397112
3.4397041
3.4397128
3.4397315
3.4397468
3.4397607
3.7273535
3.7273775
3.7273915
3.727386
3.727368
3.727353
3.7273515
3.727367
3.7273855
3.727405
3.9364065
3.9364335
3.936454
3.936446
3.93642
3.9363965
3.936394
3.9364165
3.936439
3.936454
4.046879
4.0469115
4.046923
4.0469045
4.046875
4.046857
4.046868
4.046893
4.046908
4.046903
-1.9358241
-1.9358126
-1.9358037
-1.9357915
-1.935785
-1.9357767
-1.9357625
-1.9357442
-1.9357214
-1.935703
-1.9242796
-1.9242747
-1.9242541
-1.9242434
-1.9242398
-1.9242329
-1.924218
-1.9241961
-1.9241701
-1.9241569
-1.9010663
-1.9010486
-1.9010295
-1.9010278
-1.9010307
-1.9010266
-1.9010116
-1.9009899
-1.9009652
-1.900956
-1.8658993
-1.8658807
-1.8658703
-1.8658759
-1.8658833
-1.8658821
-1.8658687
-1.8658482
-1.8658247
-1.865817
-1.8183854
-1.8183702
-1.8183647
-1.8183761
-1.8183868
-1.8183851
-1.8183727
-1.818355
-1.8183347
-1.8183295
-1.7579725
-1.7579618
-1.7579605
-1.7579733
-1.757981
-1.7579784
-1.75797
-1.7579568
-1.7579396
-1.7579373
-1.6839612
-1.6839536
-1.6839509
-1.6839594
-1.6839645
-1.6839641
-1.6839592
-1.6839494
-1.6839331
-1.683932
-1.595492
-1.5954836
-1.5954765
-1.5954823
-1.5954873
-1.5954886
-1.5954849
-1.5954736
-1.5954578
-1.5954586
-1.4915424
-1.4915317
-1.4915212
-1.4915267
-1.4915333
-1.4915339
-1.4915268
-1.4915138
-1.4915004
-1.4915032
-1.3709262
-1.3709141
-1.3709047
-1.3709112
-1.3709173
-1.3709142
-1.3709023
-1.3708902
-1.3708827
-1.3708852
-1.2322919
-1.2322811
-1.2322716
-1.2322789
-1.2322813
-1.2322728
-1.2322594
-1.2322522
-1.232249
-1.2322497
-1.0741094
-1.0740974
-1.0740896
-1.074095
-1.0740937
-1.0740828
-1.0740709
-1.0740696
-1.0740678
-1.0740686
-0.8946758
-0.89466175
-0.89465375
-0.89465805
-0.8946565
-0.89464645
-0.89463835
-0.89464015
-0.8946388
-0.8946408
-0.69213309
-0.69211657
-0.69210803
-0.69211428
-0.69211473
-0.69210683
-0.69210156
-0.69210325
-0.69210031
-0.69210182
-0.46448516
-0.46446563
-0.46445906
-0.46446807
-0.46447074
-0.46446527
-0.4644599
-0.46445847
-0.46445043
-0.46444941
-0.20963459
-0.20961477
-0.20960936
-0.20961983
-0.20962429
-0.20961944
-0.20961107
-0.20960243
-0.20958818
-0.20958488
0.07454465
0.07456465
0.0745721
0.07456245
0.0745584
0.07456615
0.07458145
0.0745991
0.07461625
0.07461815
0.3901047
0.39012605
0.3901368
0.3901299
0.3901298
0.39014485
0.39016905
0.3901921
0.39020725
0.3902052
0.73884055
0.7388624
0.73887605
0.73887375
0.7388813
0.7389059
0.73893605
0.73895845
0.73897005
0.73896605
1.1220054
1.1220272
1.1220433
1.122047
1.122063
1.1220939
1.122125
1.1221446
1.1221539
1.1221503
1.5398908
1.5399126
1.5399312
1.5399396
1.5399603
1.5399923
1.5400221
1.5400398
1.5400482
1.5400452
1.9912126
1.9912355
1.9912556
1.9912654
1.9912861
1.9913164
1.991344
1.9913602
1.9913686
1.9913684
2.4722552
2.47228
2.4723001
2.4723085
2.4723257
2.4723519
2.4723768
2.4723931
2.4724034
2.4724072
2.9757355
2.9757629
2.9757818
2.9757859
2.9757962
2.9758158
2.9758401
2.9758602
2.9758737
2.9758769
3.48942
3.4894494
3.4894636
3.4894601
3.489462
3.4894781
3.4895053
3.489527
3.4895392
3.4895398
3.9946816
3.9947092
3.9947158
3.9947054
3.9947031
3.9947192
3.9947445
3.994761
3.99477
3.9947735
4.4654906
4.465514
4.4655151
4.4655034
4.4655005
4.4655095
4.4655244
4.4655378
4.4655509
4.4655557
4.8687767
4.8687986
4.8688003
4.8687881
4.8687759
4.8687727
4.8687845
4.8688042
4.8688173
4.8688171
5.167497
5.1675205
5.167518
5.1674955
5.167475
5.1674715
5.167494
5.167513
5.167515
5.1675015
5.3275065
5.32752
5.3275045
5.3274785
5.327466
5.327475
5.327496
5.3275025
5.327493
5.3274805
-2.0373963
-2.0373885
-2.0373701
-2.0373543
-2.0373467
-2.0373358
-2.0373187
-2.0372944
-2.0372746
-2.0372705
-2.0253388
-2.0253187
-2.0252998
-2.0252917
-2.0252904
-2.0252785
-2.0252563
-2.0252325
-2.0252153
-2.0252204
-2.0010514
-2.0010307
-2.0010243
-2.0010275
-2.0010253
-2.0010126
-2.000993
-2.0009719
-2.0009606
-2.000969
-1.9642241
-1.9642129
-1.9642159
-1.9642203
-1.9642194
-1.9642079
-1.9641908
-1.9641752
-1.9641699
-1.9641821
-1.914369
-1.914364
-1.9143691
-1.9143752
-1.9143716
-1.9143617
-1.9143515
-1.9143438
-1.9143426
-1.9143586
-1.8508079
-1.8508043
-1.8508099
-1.8508122
-1.8508076
-1.8508037
-1.8508015
-1.8507997
-1.8508017
-1.8508188
-1.7726772
-1.7726723
-1.7726751
-1.7726747
-1.7726728
-1.7726737
-1.7726767
-1.7726773
-1.7726804
-1.772696
-1.6789184
-1.6789132
-1.6789122
-1.6789122
-1.6789129
-1.6789153
-1.678919
-1.67892
-1.6789247
-1.6789385
-1.5682701
-1.5682626
-1.5682611
-1.568262
-1.5682621
-1.5682635
-1.5682665
-1.5682706
-1.5682775
-1.5682889
-1.4392443
-1.439237
-1.4392365
-1.4392365
-1.4392338
-1.4392327
-1.4392381
-1.4392486
-1.4392575
-1.4392668
-1.2901254
-1.29012
-1.2901188
-1.2901158
-1.2901096
-1.2901079
-1.2901185
-1.2901349
-1.2901426
-1.2901509
-1.1189443
-1.1189379
-1.1189362
-1.1189308
-1.118923
-1.1189229
-1.1189375
-1.1189563
-1.1189626
-1.1189706
-0.92346865
-0.92346135
-0.92345935
-0.9234541
-0.9234479
-0.92344905
-0.9234656
-0.9234825
-0.9234883
-0.92349485
-0.70120905
-0.70120155
-0.70120025
-0.70119735
-0.7011923
-0.7011939
-0.7012079
-0.70122055
-0.70122375
-0.70122865
-0.44941417
-0.44940557
-0.44940655
-0.44940618
-0.44940168
-0.44940214
-0.44941034
-0.44941592
-0.44941364
-0.44941887
-0.16508564
-0.16507703
-0.16508026
-0.16508124
-0.16507696
-0.16507338
-0.16507408
-0.16506955
-0.16506171
-0.16507073
0.15496975
0.1549788
0.15497565
0.1549749
0.1549818
0.1549923
0.15500135
0.1550143
0.1550235
0.1550088
0.51405665
0.51406685
0.51406525
0.5140677
0.5140812
0.5141005
0.51411795
0.5141329
0.51413875
0.5141203
0.91542415
0.9154347
0.9154361
0.915445
0.9154675
0.91549425
0.9155137
0.9155259
0.91552975
0.9155107
1.3619843
1.3619951
1.3620012
1.3620175
1.3620476
1.3620763
1.3620931
1.3621032
1.3621082
1.3620921
1.8558573
1.8558696
1.8558801
1.8559014
1.8559338
1.8559603
1.8559751
1.8559852
1.8559907
1.8559784
2.3976525
2.3976669
2.3976794
2.3977012
2.3977315
2.3977556
2.3977695
2.3977792
2.3977856
2.3977751
2.9853726
2.9853887
2.9854
2.9854186
2.9854455
2.985468
2.9854816
2.9854911
2.9854985
2.9854904
3.6128147
3.6128308
3.6128387
3.6128526
3.6128757
3.6128971
3.6129126
3.6129223
3.6129284
3.6129202
4.2673642
4.267378
4.2673819
4.2673914
4.2674115
4.2674332
4.2674483
4.2674558
4.2674601
4.267449
4.9272461
4.9272565
4.9272579
4.9272644
4.9272822
4.9273003
4.9273096
4.9273153
4.9273201
4.9273099
5.5587313
5.5587403
5.5587406
5.5587438
5.5587536
5.5587616
5.5587699
5.558779
5.5587819
5.5587676
6.1146879
6.114697
6.1146942
6.1146873
6.1146871
6.1146937
6.1147073
6.1147159
6.1147116
6.1146828
6.5372158
6.5372212
6.5372073
6.5371941
6.5371954
6.5372088
6.5372208
6.5372174
6.5372017
6.5371684
6.768044
6.768037
6.768022
6.7680155
6.768023
6.7680345
6.7680335
6.768015
6.767995
6.767979
-2.151045
-2.151028
-2.1510075
-2.1510015
-2.151
-2.150995
-2.15098
-2.150961
-2.150956
-2.150967
-2.1386215
-2.138599
-2.1385895
-2.1385895
-2.1385935
-2.1385835
-2.1385665
-2.1385535
-2.138554
-2.13857
-2.1136
-2.113589
-2.113587
-2.1135945
-2.1135915
-2.1135835
-2.113574
-2.1135665
-2.1135745
-2.1135945
-2.0756205
-2.075615
-2.07562
-2.0756215
-2.0756195
-2.075617
-2.0756135
-2.0756155
-2.0756325
-2.075657
-2.0240959
-2.0240969
-2.0240973
-2.0240985
-2.0240988
-2.0241019
-2.0241082
-2.0241175
-2.0241371
-2.0241615
-1.9582377
-1.9582367
-1.9582371
-1.9582391
-1.9582427
-1.9582537
-1.9582658
-1.9582762
-1.958296
-1.9583142
-1.877034
-1.8770333
-1.8770356
-1.8770374
-1.8770441
-1.8770584
-1.8770716
-1.8770806
-1.8770989
-1.8771101
-1.779245
-1.7792471
-1.7792463
-1.7792485
-1.7792564
-1.77927
-1.7792821
-1.7792926
-1.7793092
-1.7793164
-1.6633779
-1.6633766
-1.6633756
-1.6633766
-1.6633808
-1.663394
-1.6634091
-1.6634231
-1.6634392
-1.6634452
-1.5276572
-1.5276549
-1.5276515
-1.5276482
-1.5276497
-1.5276649
-1.5276874
-1.5277044
-1.5277183
-1.5277237
-1.3700172
-1.3700149
-1.3700082
-1.3700004
-1.3700017
-1.370022
-1.3700495
-1.3700667
-1.3700774
-1.3700826
-1.1880642
-1.1880602
-1.1880514
-1.1880435
-1.1880463
-1.1880699
-1.1880986
-1.1881135
-1.1881244
-1.1881283
-0.9790454
-0.97904135
-0.97903405
-0.97902815
-0.97903345
-0.9790569
-0.97908475
-0.9790979
-0.9791104
-0.97911195
-0.7398359
-0.73983335
-0.73982775
-0.73982455
-0.7398304
-0.7398532
-0.7398784
-0.7398896
-0.7399001
-0.7399027
-0.46690566
-0.46690291
-0.46689977
-0.46689943
-0.46690605
-0.46692717
-0.46694777
-0.46695392
-0.46696063
-0.46696772
-0.15630624
-0.15630434
-0.15630514
-0.15630682
-0.15631374
-0.15633041
-0.15634367
-0.15634368
-0.15634956
-0.1563622
0.19631485
0.1963147
0.1963119
0.1963105
0.19630765
0.1962977
0.19629125
0.19629355
0.19628555
0.19626865
0.59567905
0.59567805
0.5956768
0.5956804
0.595685
0.595681
0.59567575
0.59567615
0.59566635
0.59565195
1.0467706
1.0467708
1.0467748
1.0467868
1.0467978
1.0467955
1.046788
1.0467872
1.0467789
1.0467691
1.5546154
1.5546191
1.5546302
1.5546494
1.5546634
1.554659
1.5546498
1.5546501
1.5546458
1.554635
2.1238771
2.1238855
2.1239016
2.1239237
2.1239374
2.1239305
2.123921
2.1239224
2.1239199
2.1239103
2.7581469
2.7581586
2.7581753
2.7581969
2.7582085
2.7582006
2.7581927
2.7581945
2.7581917
2.7581852
3.4587428
3.4587549
3.4587697
3.4587893
3.4587997
3.458794
3.4587883
3.4587901
3.4587876
3.4587757
4.2227482
4.222758
4.2227692
4.2227871
4.2227991
4.2227974
4.2227925
4.2227927
4.2227867
4.2227721
5.0399204
5.0399271
5.0399369
5.0399537
5.0399662
5.0399649
5.0399587
5.0399562
5.0399468
5.0399354
5.8881378
5.888143
5.8881525
5.8881664
5.8881763
5.8881723
5.888164
5.8881634
5.8881549
5.8881357
6.7274244
6.7274295
6.7274359
6.7274426
6.7274465
6.727441
6.7274381
6.7274388
6.7274221
6.7273923
7.4939452
7.4939485
7.4939472
7.4939465
7.493949
7.4939496
7.49395
7.4939383
7.4939107
7.493884
8.0985404
8.098538
8.0985333
8.0985324
8.0985387
8.098541
8.0985248
8.0985004
8.0984748
8.0984636
8.4393361
8.4393347
8.4393338
8.4393347
8.4393387
8.4393254
8.4393002
8.4392826
8.4392695
8.4392517
-2.277129
-2.2771005
-2.2770965
-2.2770995
-2.277105
-2.2771025
-2.277095
-2.2770925
-2.277103
-2.2771185
-2.2645285
-2.2645165
-2.2645155
-2.26452
-2.2645225
-2.2645205
-2.2645185
-2.2645235
-2.2645405
-2.2645585
-2.239169
-2.239159
-2.2391555
-2.239161
-2.2391625
-2.2391675
-2.239174
-2.239188
-2.23921
-2.2392305
-2.200606
-2.200596
-2.2005945
-2.200596
-2.200603
-2.200619
-2.2006345
-2.2006545
-2.2006805
-2.200699
-2.1481895
-2.148178
-2.1481745
-2.14818
-2.148197
-2.148221
-2.1482405
-2.1482595
-2.1482825
-2.148293
-2.0810265
-2.081017
-2.081017
-2.081029
-2.081051
-2.081076
-2.0810915
-2.0811055
-2.0811245
-2.081128
-1.997987
-1.9979805
-1.997983
-1.9979955
-1.998017
-1.998038
-1.998048
-1.998061
-1.9980755
-1.9980795
-1.89766
-1.8976537
-1.897655
-1.8976647
-1.8976814
-1.8976981
-1.8977085
-1.8977219
-1.897734
-1.8977383
-1.7783367
-1.7783271
-1.7783234
-1.7783299
-1.7783424
-1.7783596
-1.7783732
-1.7783857
-1.7783957
-1.7783967
-1.6379846
-1.6379707
-1.6379626
-1.6379634
-1.6379762
-1.6379994
-1.6380158
-1.6380249
-1.6380317
-1.6380297
-1.4742168
-1.4742005
-1.4741891
-1.4741885
-1.4742046
-1.4742328
-1.4742467
-1.4742523
-1.4742603
-1.4742634
-1.2842416
-1.2842246
-1.2842125
-1.2842147
-1.2842337
-1.2842617
-1.2842747
-1.2842809
-1.2842935
-1.2843019
-1.0648133
-1.0647981
-1.0647905
-1.0647942
-1.0648147
-1.0648421
-1.0648573
-1.0648679
-1.0648821
-1.0648872
-0.812191
-0.8121786
-0.81217275
-0.8121791
-0.81220095
-0.81222995
-0.8122469
-0.81225935
-0.8122721
-0.81227395
-0.52207765
-0.52206575
-0.5220622
-0.52207295
-0.5220967
-0.52212505
-0.5221419
-0.5221522
-0.5221654
-0.52217055
-0.18956936
-0.18955915
-0.18956048
-0.18957345
-0.18959551
-0.18962226
-0.1896382
-0.18965048
-0.18966753
-0.18967084
0.1908888
0.1908956
0.19089375
0.19088375
0.1908655
0.1908376
0.1908195
0.1908014
0.19078455
0.19078545
0.62554565
0.6255528
0.6255558
0.625552
0.6255339
0.6255036
0.6254801
0.6254615
0.62545065
0.6254486
1.1213406
1.1213522
1.1213615
1.1213616
1.1213418
1.1213096
1.1212841
1.1212692
1.121261
1.1212608
1.6858144
1.6858308
1.6858444
1.6858455
1.6858254
1.6857914
1.6857685
1.6857552
1.6857475
1.6857526
2.3268766
2.3268954
2.3269108
2.3269122
2.3268919
2.3268574
2.3268363
2.3268248
2.3268213
2.3268202
3.0522964
3.0523153
3.0523308
3.0523324
3.052312
3.0522808
3.0522628
3.0522531
3.0522479
3.0522395
3.8686745
3.8686923
3.8687064
3.8687083
3.8686896
3.8686634
3.8686503
3.8686382
3.8686257
3.8686166
4.7794741
4.7794894
4.7795014
4.7795031
4.7794882
4.7794677
4.7794523
4.7794384
4.7794249
4.7794135
5.7813871
5.7813989
5.7814085
5.7814101
5.7813985
5.7813777
5.7813606
5.7813485
5.7813355
5.7813221
6.8579191
6.8579283
6.857936
6.857937
6.8579225
6.8579024
6.8578933
6.8578812
6.8578617
6.8578468
7.9688415
7.9688486
7.9688534
7.968848
7.9688342
7.9688243
7.9688168
7.968797
7.9687774
7.9687617
9.0350812
9.0350855
9.0350838
9.0350782
9.0350724
9.0350638
9.0350462
9.0350201
9.0350044
9.0350072
9.9236147
9.9236173
9.9236187
9.9236189
9.9236101
9.9235892
9.9235687
9.9235486
9.9235438
9.923554
10.451406
10.451412
10.451415
10.451411
10.451394
10.451369
10.451353
10.451352
10.451354
10.45136
-2.4158265
-2.4158085
-2.415822
-2.4158215
-2.415826
-2.4158235
-2.4158295
-2.415841
-2.4158565
-2.415868
-2.403282
-2.4032875
-2.403289
-2.4032885
-2.403285
-2.403291
-2.4033045
-2.403321
-2.40334
-2.403357
-2.3780085
-2.378001
-2.3780015
-2.3779965
-2.378001
-2.378017
-2.378038
-2.378058
-2.378078
-2.378093
-2.3394995
-2.3394955
-2.3394885
-2.339488
-2.339506
-2.3395325
-2.3395535
-2.339572
-2.3395895
-2.3395895
-2.2870675
-2.287053
-2.287053
-2.2870655
-2.287089
-2.287117
-2.2871325
-2.2871425
-2.2871525
-2.2871465
-2.2197305
-2.2197205
-2.2197275
-2.2197445
-2.2197675
-2.2197885
-2.2197955
-2.2197995
-2.219805
-2.219805
-2.1362555
-2.1362465
-2.1362535
-2.136267
-2.136287
-2.136299
-2.1362995
-2.136304
-2.136311
-2.136319
-2.035084
-2.0350725
-2.0350765
-2.035086
-2.035099
-2.035104
-2.0351075
-2.035111
-2.035118
-2.035126
-1.914329
-1.914314
-1.914312
-1.914319
-1.9143285
-1.914334
-1.9143355
-1.9143355
-1.9143425
-1.914348
-1.7717373
-1.7717173
-1.7717137
-1.7717177
-1.7717278
-1.771736
-1.7717325
-1.7717291
-1.771739
-1.7717482
-1.6046407
-1.6046183
-1.6046142
-1.6046205
-1.6046314
-1.604638
-1.6046315
-1.6046293
-1.6046432
-1.6046554
-1.4098907
-1.4098708
-1.4098676
-1.4098751
-1.409886
-1.4098915
-1.4098862
-1.40989
-1.4099044
-1.4099189
-1.1837977
-1.1837804
-1.183782
-1.183787
-1.1837998
-1.1838079
-1.1838057
-1.1838117
-1.1838246
-1.1838441
-0.9220566
-0.9220435
-0.92204545
-0.9220533
-0.92206895
-0.92207655
-0.9220781
-0.92208355
-0.9221013
-0.9221155
-0.6196628
-0.61965145
-0.61965485
-0.619666
-0.6196825
-0.6196899
-0.6196965
-0.61970605
-0.61972805
-0.61973045
-0.27080722
-0.2707969
-0.27080211
-0.27081401
-0.27083012
-0.27084499
-0.27085784
-0.27087417
-0.27089208
-0.27089387
0.1312372
0.131248
0.13124555
0.1312333
0.13121385
0.13118825
0.13117025
0.1311494
0.1311351
0.1311325
0.5942542
0.59426945
0.5942684
0.5942555
0.5942291
0.59419755
0.59417595
0.594154
0.59414125
0.59414295
1.1272167
1.1272351
1.1272329
1.1272186
1.1271863
1.1271527
1.1271275
1.1271103
1.1271042
1.1271031
1.7404057
1.7404236
1.7404207
1.7404044
1.7403686
1.7403343
1.7403113
1.7403014
1.7402969
1.7402928
2.4454881
2.4455041
2.4455028
2.445484
2.4454477
2.4454166
2.4454011
2.4453929
2.4453795
2.4453714
3.255445
3.2554595
3.25546
3.2554385
3.255407
3.2553835
3.2553715
3.255359
3.2553415
3.255326
4.1841345
4.1841495
4.184146
4.184126
4.184101
4.184081
4.184068
4.184052
4.1840335
4.184022
5.245038
5.245049
5.2450435
5.245028
5.245004
5.2449835
5.244973
5.2449565
5.2449385
5.244927
6.4481915
6.4481995
6.4481945
6.448181
6.4481565
6.448141
6.4481315
6.4481185
6.448104
6.448087
7.793276
7.7932835
7.793278
7.7932615
7.7932425
7.7932325
7.793225
7.7932125
7.7931995
7.7931965
9.2549135
9.254918
9.2549095
9.2548975
9.2548845
9.254878
9.2548725
9.254858
9.2548535
9.2548655
10.753899
10.753899
10.753893
10.753888
10.753879
10.753869
10.753858
10.753857
10.753869
10.753883
12.109411
12.109414
12.109412
12.109407
12.109395
12.109383
12.109383
12.1094
12.10942
12.109428
12.99125
12.991251
12.991248
12.991241
12.991225
12.99123
12.991244
12.991258
12.991276
12.99129
-2.5671305
-2.5671135
-2.567128
-2.567122
-2.567122
-2.5671295
-2.5671445
-2.5671555
-2.5671615
-2.567166
-2.554864
-2.554875
-2.554874
-2.554869
-2.5548695
-2.5548825
-2.554899
-2.5549095
-2.5549115
-2.554913
-2.5301295
-2.530128
-2.53013
-2.5301245
-2.5301355
-2.5301545
-2.5301685
-2.5301695
-2.53017
-2.5301675
-2.492389
-2.492392
-2.492389
-2.492391
-2.492409
-2.492425
-2.4924285
-2.4924285
-2.492424
-2.4924165
-2.440907
-2.440907
-2.4409105
-2.44092
-2.44093
-2.4409345
-2.4409325
-2.440933
-2.4409305
-2.4409265
-2.3746465
-2.3746485
-2.374654
-2.374658
-2.374659
-2.3746585
-2.374657
-2.374657
-2.3746525
-2.374649
-2.292279
-2.292278
-2.2922815
-2.292276
-2.292276
-2.2922755
-2.292271
-2.292266
-2.292262
-2.2922635
-2.1921425
-2.1921435
-2.192139
-2.19213
-2.1921305
-2.1921255
-2.1921165
-2.192109
-2.1921075
-2.1921255
-2.0722135
-2.072213
-2.0722095
-2.0722015
-2.072202
-2.072189
-2.072171
-2.072166
-2.072177
-2.0722055
-1.9300665
-1.9300655
-1.930063
-1.930055
-1.930047
-1.930026
-1.930007
-1.9300075
-1.930032
-1.9300515
-1.7628007
-1.7627979
-1.7627917
-1.7627864
-1.7627687
-1.7627432
-1.7627289
-1.7627342
-1.7627589
-1.7627717
-1.5669704
-1.5669655
-1.5669584
-1.5669514
-1.5669294
-1.5669075
-1.5668937
-1.5669008
-1.5669192
-1.5669385
-1.3385113
-1.3385053
-1.3385024
-1.3384893
-1.3384691
-1.3384516
-1.3384368
-1.3384439
-1.3384569
-1.3384812
-1.0726469
-1.0726469
-1.072644
-1.0726298
-1.0726158
-1.0725966
-1.0725856
-1.0725858
-1.0726007
-1.072625
-0.7637771
-0.76378055
-0.76377645
-0.7637633
-0.7637568
-0.763738
-0.7637302
-0.7637268
-0.76374895
-0.7637686
-0.40530239
-0.40530511
-0.40530022
-0.40529339
-0.40529454
-0.4052807
-0.40527243
-0.40527896
-0.40530449
-0.40531793
0.0105499
0.0105484
0.0105543
0.01055015
0.010546
0.01055195
0.01055675
0.01053985
0.01051915
0.0105083
0.4929574
0.49295875
0.4929587
0.4929469
0.49294275
0.49293885
0.4929381
0.49292035
0.4929055
0.49289855
1.0527981
1.0528008
1.052789
1.0527777
1.0527664
1.0527583
1.0527567
1.0527416
1.0527284
1.0527142
1.7030233
1.7030245
1.7030056
1.7029967
1.7029765
1.7029727
1.7029706
1.7029606
1.7029442
1.7029178
2.4591415
2.459137
2.459121
2.4591085
2.4590905
2.4590895
2.459086
2.4590785
2.4590515
2.459032
3.339777
3.339768
3.3397595
3.339742
3.339727
3.339725
3.339724
3.33971
3.3396795
3.339663
4.3672995
4.367293
4.3672865
4.367265
4.3672485
4.3672485
4.3672505
4.367237
4.367209
4.367187
5.5682755
5.5682765
5.5682615
5.5682395
5.5682265
5.568228
5.5682335
5.56822
5.568194
5.568182
6.9730075
6.9730085
6.972988
6.9729725
6.9729655
6.972972
6.9729805
6.972964
6.9729465
6.9729415
8.612037
8.6120345
8.6120205
8.6120135
8.612014
8.6120235
8.612025
8.6120195
8.612019
8.612019
10.503601
10.503599
10.503592
10.503594
10.503597
10.503602
10.50361
10.503626
10.503632
10.503642
12.616154
12.616157
12.616159
12.616162
12.616156
12.616167
12.616193
12.616221
12.616239
12.616235
14.768855
14.768865
14.768863
14.768858
14.768858
14.768886
14.768921
14.768957
14.768964
14.768958
16.412899
16.412902
16.412889
16.412896
16.41291
16.412946
16.412986
16.413007
16.413011
16.412984
-2.7307785
-2.730714
-2.730704
-2.730702
-2.730709
-2.7307305
-2.730745
-2.7307495
-2.730748
-2.7307415
-2.7189925
-2.718979
-2.7189725
-2.7189715
-2.718981
-2.71899
-2.7190035
-2.719007
-2.718989
-2.7189715
-2.6952755
-2.695268
-2.695265
-2.6952715
-2.6952855
-2.6952935
-2.6952915
-2.6952735
-2.695249
-2.6952305
-2.659066
-2.659059
-2.65906
-2.6590675
-2.659076
-2.659072
-2.6590575
-2.6590345
-2.6590105
-2.658993
-2.609571
-2.6095675
-2.6095605
-2.6095705
-2.6095625
-2.609544
-2.609526
-2.609516
-2.609515
-2.6094985
-2.5457185
-2.5457125
-2.545707
-2.5457095
-2.545685
-2.5456595
-2.54565
-2.54565
-2.54566
-2.545643
-2.466124
-2.466116
-2.4661075
-2.4660955
-2.466069
-2.4660595
-2.4660535
-2.466051
-2.466057
-2.466056
-2.3690535
-2.369062
-2.3690555
-2.3690275
-2.3690025
-2.368993
-2.368984
-2.368988
-2.3689795
-2.368999
-2.2523925
-2.2524085
-2.2524105
-2.25238
-2.2523635
-2.252347
-2.2523295
-2.2523345
-2.2523215
-2.252351
-2.113596
-2.113614
-2.113611
-2.1135835
-2.113558
-2.1135345
-2.113521
-2.1135225
-2.1135325
-2.113552
-1.949604
-1.949607
-1.949587
-1.9495715
-1.949535
-1.9495015
-1.9494945
-1.9495005
-1.949541
-1.9495435
-1.7567571
-1.7567428
-1.7567093
-1.7566995
-1.7566535
-1.7566219
-1.7566141
-1.7566308
-1.7566733
-1.756672
-1.5307056
-1.5306839
-1.5306498
-1.5306339
-1.5305811
-1.5305607
-1.5305506
-1.5305738
-1.5305934
-1.5305973
-1.2663181
-1.2663025
-1.2662778
-1.266256
-1.2662118
-1.2661903
-1.266179
-1.2661943
-1.2661958
-1.2662166
-0.95755965
-0.9575549
-0.9575433
-0.95751455
-0.95748525
-0.9574447
-0.9574412
-0.95743495
-0.95743925
-0.9574735
-0.59723303
-0.5972378
-0.5972281
-0.59720003
-0.59718001
-0.59713445
-0.59713274
-0.59711674
-0.59713218
-0.59714416
-0.17675145
-0.1767613
-0.1767396
-0.1767259
-0.1767096
-0.1766859
-0.176672
-0.1766691
-0.1766826
-0.17667255
0.3141635
0.3141577
0.31418145
0.3141742
0.31418965
0.3141969
0.31421905
0.31420485
0.3141935
0.31419375
0.8879216
0.88792585
0.88792875
0.88791585
0.88793135
0.88794585
0.8879657
0.887939
0.8879182
0.88790455
1.559673
1.559682
1.559663
1.559663
1.5596765
1.559702
1.559712
1.5596815
1.559658
1.5596275
2.348197
2.3481945
2.348176
2.3481785
2.3481905
2.3482155
2.3482105
2.3481945
2.3481695
2.348132
3.277147
3.277133
3.277128
3.277118
3.2771275
3.277146
3.2771385
3.277132
3.2770985
3.277078
4.3769525
4.3769365
4.3769385
4.3769175
4.376915
4.3769305
4.37694
4.3769335
4.3769025
4.3768905
5.687708
5.687705
5.6877005
5.687672
5.6876695
5.687683
5.6877
5.6876975
5.6876755
5.6876745
7.2634775
7.2634895
7.2634775
7.263454
7.2634655
7.2634785
7.263503
7.2635
7.2634805
7.2634925
9.178218
9.178234
9.1782295
9.178226
9.1782405
9.17827
9.178298
9.1782915
9.1782775
9.1782765
11.531259
11.531278
11.531292
11.531296
11.531314
11.531356
11.531388
11.531402
11.531382
11.531362
14.438236
14.438256
14.438273
14.438279
14.438294
14.438334
14.438376
14.438399
14.438382
14.438352
17.936914
17.936934
17.936952
17.936967
17.936978
17.937019
17.937055
17.937078
17.937061
17.937021
21.478535
21.47856
21.478575
21.478605
21.478638
21.478663
21.47868
21.478687
21.478663
21.478625
-2.9357777
-2.935949
-2.935982
-2.9360203
-2.9360347
-2.936018
-2.936013
-2.936035
-2.9360493
-2.936061
-2.9251313
-2.925154
-2.925204
-2.9252503
-2.9252713
-2.925269
-2.9252497
-2.9252483
-2.9252747
-2.9252833
-2.9033027
-2.9033397
-2.903375
-2.903403
-2.9033957
-2.9033763
-2.9033613
-2.903383
-2.903403
-2.903403
-2.8699047
-2.8699317
-2.8699607
-2.8699687
-2.8699373
-2.8699093
-2.8699143
-2.869924
-2.8699273
-2.8699497
-2.8241077
-2.8241307
-2.8241523
-2.82412
-2.824099
-2.8241007
-2.8241037
-2.8240873
-2.824057
-2.8240897
-2.7648207
-2.7648353
-2.7648403
-2.764814
-2.7648303
-2.764838
-2.764824
-2.764801
-2.7647663
-2.7648073
-2.690652
-2.690664
-2.6906737
-2.690687
-2.6906947
-2.69067
-2.6906627
-2.6906547
-2.690649
-2.6906607
-2.5998563
-2.5998347
-2.5998543
-2.5998943
-2.5998953
-2.5998767
-2.5998673
-2.599865
-2.599912
-2.5998867
-2.4902613
-2.4902413
-2.490245
-2.4902767
-2.490257
-2.490235
-2.4902453
-2.490261
-2.4903283
-2.4902983
-2.359225
-2.3592027
-2.3591947
-2.3592217
-2.359208
-2.35919
-2.3592023
-2.3592383
-2.359262
-2.3592697
-2.2035553
-2.2035557
-2.2035727
-2.2035603
-2.2035687
-2.203577
-2.203587
-2.2036127
-2.203576
-2.2036163
-2.0195077
-2.01953
-2.0195683
-2.019539
-2.0195723
-2.01958
-2.0195927
-2.0195813
-2.0195347
-2.019565
-1.8026382
-1.8026652
-1.8026922
-1.8026959
-1.802742
-1.8027212
-1.802721
-1.8026862
-1.8026779
-1.8026856
-1.5476066
-1.5476226
-1.5476507
-1.5476748
-1.547698
-1.5476708
-1.5476545
-1.5476388
-1.5476581
-1.5476423
-1.2480231
-1.2480355
-1.2480535
-1.2480907
-1.248076
-1.2480812
-1.2480402
-1.2480675
-1.2480782
-1.2480546
-0.89631498
-0.89630993
-0.89632577
-0.8963579
-0.89632464
-0.89633495
-0.8962919
-0.8963318
-0.89633279
-0.89635354
-0.4833386
-0.48332217
-0.48336447
-0.48336977
-0.4833463
-0.48331317
-0.48330347
-0.48331883
-0.4833366
-0.48338513
0.0019140667
0.0019182667
0.0018703
0.0018901667
0.0018969667
0.0019511333
0.0019343667
0.0019438333
0.0019250667
0.0018945333
0.57285823
0.57284357
0.57282943
0.57284473
0.5728428
0.5728645
0.57284603
0.5728717
0.57286513
0.57285473
1.246131
1.2461047
1.2461287
1.2461097
1.246109
1.246098
1.2460927
1.2461177
1.246096
1.2461153
2.042679
2.042676
2.0426943
2.042671
2.042667
2.0426507
2.0426683
2.0426537
2.042638
2.0426533
2.9896063
2.9896333
2.9896137
2.989615
2.9895997
2.9895827
2.9895993
2.9895743
2.989575
2.9895583
4.1230753
4.1231027
4.123068
4.1230787
4.1230717
4.1230557
4.1230457
4.1230347
4.123035
4.1230217
5.4933463
5.493342
5.4933263
5.4933423
5.493339
5.4933387
5.493325
5.4933157
5.4933213
5.4932923
7.1742453
7.174212
7.1742207
7.1742367
7.1742233
7.1742293
7.1742123
7.17423
7.174247
7.1742013
9.282359
9.282333
9.28234
9.2823423
9.2823267
9.2823033
9.2823127
9.2823617
9.2823683
9.282332
12.020517
12.0205
12.020491
12.020498
12.020478
12.020456
12.020467
12.020469
12.020492
12.020477
15.790698
15.790688
15.790683
15.790691
15.790708
15.790706
15.790685
15.790658
15.790658
15.790646
21.535257
21.53523
21.535207
21.535223
21.535279
21.535275
21.535261
21.535207
21.535175
21.535169
31.929742
31.929702
31.929697
31.929697
31.92972
31.929731
31.92973
31.929683
31.929645
31.929618
)
;

boundaryField
{
    block1_in
    {
        type            calculated;
        value           nonuniform List<scalar> 
300
(
-1.381592
-1.37927
-1.374576
-1.367738
-1.359186
-1.349388
-1.339092
-1.329144
-1.320594
-1.31469
-1.313076
-1.317542
-1.330442
-1.354534
-1.392908
-1.449506
-1.528952
-1.636708
-1.779456
-1.965326
-2.204424
-2.5095572
-2.8974794
-3.391197
-4.024242
-4.8500234
-5.964673
-7.5727586
-10.210794
-15.625341
-1.381738
-1.379366
-1.374656
-1.367782
-1.359164
-1.349376
-1.339092
-1.329112
-1.320554
-1.314684
-1.313074
-1.317568
-1.330492
-1.354544
-1.392924
-1.449534
-1.528954
-1.636702
-1.779466
-1.965362
-2.204462
-2.5095624
-2.8974566
-3.3911742
-4.0242508
-4.8500768
-5.964736
-7.572805
-10.210832
-15.625382
-1.38181
-1.379424
-1.374624
-1.36773
-1.359144
-1.3494
-1.339096
-1.32912
-1.320546
-1.314652
-1.313058
-1.317598
-1.330514
-1.354572
-1.392956
-1.449546
-1.528974
-1.636728
-1.779486
-1.96536
-2.20444
-2.5095416
-2.8974508
-3.3911678
-4.0242494
-4.8500888
-5.9647482
-7.5728054
-10.210846
-15.625431
-1.38182
-1.379408
-1.374574
-1.367708
-1.359162
-1.349388
-1.339096
-1.329138
-1.320546
-1.314664
-1.313062
-1.317578
-1.330514
-1.354576
-1.392972
-1.449576
-1.528992
-1.636738
-1.779486
-1.965346
-2.204424
-2.5095334
-2.8974362
-3.3911538
-4.0242336
-4.8500716
-5.9647412
-7.5728132
-10.210874
-15.625469
-1.381826
-1.379372
-1.37457
-1.36773
-1.359178
-1.34939
-1.339092
-1.329122
-1.32055
-1.31469
-1.313086
-1.317594
-1.330522
-1.35459
-1.392988
-1.449574
-1.528986
-1.636752
-1.779504
-1.96536
-2.204438
-2.5095514
-2.8974542
-3.3911724
-4.0242624
-4.8501018
-5.9647702
-7.5728232
-10.210863
-15.625451
-1.381784
-1.379372
-1.374608
-1.36774
-1.359178
-1.349394
-1.339072
-1.32913
-1.320546
-1.31467
-1.313072
-1.31758
-1.330512
-1.35458
-1.392986
-1.44959
-1.528994
-1.63673
-1.779478
-1.96536
-2.204456
-2.5095818
-2.8974918
-3.391193
-4.0242662
-4.8501284
-5.9648446
-7.57288
-10.210864
-15.62542
-1.381742
-1.379372
-1.374592
-1.367732
-1.359158
-1.34938
-1.33907
-1.329132
-1.320554
-1.31466
-1.313042
-1.317558
-1.330486
-1.354534
-1.392942
-1.449564
-1.528974
-1.63671
-1.779468
-1.96536
-2.204448
-2.5095654
-2.8974882
-3.3911976
-4.0242754
-4.8501534
-5.9648746
-7.5728994
-10.210848
-15.625387
-1.381754
-1.37936
-1.37459
-1.36773
-1.35912
-1.34937
-1.339078
-1.32913
-1.32054
-1.31464
-1.313026
-1.317552
-1.330474
-1.354526
-1.392952
-1.449574
-1.52897
-1.636698
-1.779454
-1.96535
-2.204446
-2.5095662
-2.897499
-3.3912166
-4.0242964
-4.8501564
-5.9648584
-7.5728872
-10.210856
-15.625409
-1.381754
-1.37935
-1.374598
-1.367718
-1.359106
-1.349346
-1.33907
-1.329144
-1.320568
-1.31466
-1.31301
-1.317512
-1.330452
-1.354526
-1.39296
-1.449584
-1.528986
-1.636712
-1.779448
-1.96534
-2.20445
-2.5095662
-2.8974996
-3.3912416
-4.0243138
-4.8501216
-5.9647862
-7.5728282
-10.210869
-15.625464
-1.38173
-1.379336
-1.374598
-1.367748
-1.359146
-1.34934
-1.339032
-1.3291
-1.320554
-1.314684
-1.313042
-1.31753
-1.330446
-1.354508
-1.39294
-1.449582
-1.529008
-1.636726
-1.779428
-1.965294
-2.204414
-2.5095572
-2.8975106
-3.3912604
-4.0243464
-4.8501334
-5.9647852
-7.5728296
-10.21089
-15.62545
)
;
    }
    block1_out
    {
        type            calculated;
        value           nonuniform List<scalar> 
300
(
-2.995848
-2.985626
-2.964426
-2.931954
-2.887376
-2.8296
-2.757236
-2.66855
-2.561356
-2.432988
-2.280216
-2.099294
-1.88579
-1.6343328
-1.3384414
-0.9904752
-0.5811802
-0.0994136
0.4684224
1.139246
1.934388
2.881574
4.018014
5.395856
7.092818
9.234838
12.051414
16.03481
22.481676
35.617514
-2.996156
-2.985676
-2.964488
-2.932002
-2.887418
-2.829632
-2.757264
-2.668514
-2.561316
-2.432944
-2.28022
-2.099344
-1.885852
-1.6343758
-1.3384702
-0.9904674
-0.581151
-0.0994072
0.4683918
1.139194
1.934378
2.881616
4.01806
5.395852
7.092756
9.234778
12.051368
16.03478
22.481624
35.617432
-2.99622
-2.985756
-2.964544
-2.932046
-2.88746
-2.829646
-2.757286
-2.668544
-2.561316
-2.432932
-2.280258
-2.099426
-1.88592
-1.6344362
-1.3385008
-0.9904928
-0.5812292
-0.0994998
0.468363
1.139238
1.934414
2.881588
4.018008
5.395828
7.092768
9.234786
12.051344
16.034762
22.481572
35.617402
-2.996276
-2.985824
-2.96458
-2.932054
-2.887404
-2.8296
-2.757308
-2.66862
-2.561384
-2.43299
-2.280246
-2.099382
-1.885928
-1.6344782
-1.3385698
-0.99056
-0.5812498
-0.0994658
0.4683968
1.13921
1.934376
2.881598
4.018038
5.395868
7.092808
9.234798
12.051356
16.03477
22.481582
35.617384
-2.99629
-2.98585
-2.964564
-2.932006
-2.88738
-2.829642
-2.75734
-2.668644
-2.56137
-2.432986
-2.280278
-2.099458
-1.88603
-1.6345416
-1.3385694
-0.9905286
-0.5812276
-0.0994644
0.4683802
1.139192
1.934358
2.881564
4.018022
5.395862
7.092782
9.234766
12.051314
16.034778
22.481658
35.6174
-2.996252
-2.985846
-2.964536
-2.93197
-2.887394
-2.829672
-2.75731
-2.668622
-2.561342
-2.432964
-2.280304
-2.099484
-1.886004
-1.6345078
-1.3386034
-0.9905728
-0.5811862
-0.0993832
0.4684028
1.13916
1.934318
2.881524
4.017988
5.395858
7.092788
9.23471
12.051246
16.034752
22.481636
35.617412
-2.996238
-2.98581
-2.964516
-2.931986
-2.88741
-2.829658
-2.757302
-2.668608
-2.56136
-2.432984
-2.280318
-2.099502
-1.886004
-1.6344866
-1.3385364
-0.9904968
-0.5811748
-0.0994244
0.4683642
1.13915
1.93435
2.881558
4.017972
5.395828
7.092746
9.234702
12.05124
16.034702
22.481604
35.61742
-2.99627
-2.985806
-2.96456
-2.932018
-2.887396
-2.829626
-2.75729
-2.668596
-2.561378
-2.433042
-2.280358
-2.099474
-1.885936
-1.63445
-1.3385774
-0.990573
-0.5812118
-0.0994056
0.4684212
1.139208
1.934336
2.881518
4.017954
5.395808
7.092764
9.23478
12.051244
16.034652
22.481518
35.617352
-2.996292
-2.985858
-2.964608
-2.932038
-2.887348
-2.82956
-2.757268
-2.66867
-2.561498
-2.433082
-2.280276
-2.099372
-1.88591
-1.63448
-1.338597
-0.9905766
-0.5812384
-0.0994262
0.4684234
1.139184
1.934324
2.881538
4.017968
5.395824
7.092802
9.234806
12.051302
16.034678
22.481482
35.61731
-2.996316
-2.985882
-2.964618
-2.932086
-2.887414
-2.829632
-2.757282
-2.668626
-2.561446
-2.433082
-2.280338
-2.099432
-1.885928
-1.6344466
-1.3385462
-0.9906058
-0.5813238
-0.0994804
0.468408
1.139228
1.934374
2.881524
4.017946
5.395778
7.092724
9.23475
12.0513
16.034682
22.481504
35.61728
)
;
    }
    block1_wall1
    {
        type            calculated;
        value           nonuniform List<scalar> 
600
(
-1.3866329
-1.3841198
-1.3791333
-1.371911
-1.3628384
-1.3524153
-1.3413512
-1.3304778
-1.3208608
-1.3137619
-1.3107617
-1.3137023
-1.3248835
-1.3470208
-1.383271
-1.4375153
-1.514348
-1.6192416
-1.7588315
-1.9411851
-2.1762979
-2.4768012
-2.859125
-3.3455804
-3.9682
-4.7766402
-5.8560875
-7.373851
-9.7201828
-14.001267
-1.4053175
-1.4022424
-1.3962141
-1.3874772
-1.3763857
-1.3634413
-1.3492671
-1.3346893
-1.3207227
-1.3086214
-1.2998653
-1.2962922
-1.3000786
-1.3138353
-1.3407219
-1.3844404
-1.4494373
-1.5410416
-1.6655873
-1.8307257
-2.0457836
-2.3222436
-2.6745076
-3.1210477
-3.6861336
-4.4021896
-5.3119732
-6.4647639
-7.8774249
-9.3240853
-1.424231
-1.4206805
-1.4136025
-1.4032344
-1.3899341
-1.3741383
-1.3564461
-1.3376378
-1.3186333
-1.3005954
-1.284952
-1.2733964
-1.2680087
-1.2712654
-1.286095
-1.3160195
-1.3652071
-1.4385831
-1.5419919
-1.6823644
-1.8678961
-2.1082552
-2.4148272
-2.8008623
-3.2811982
-3.8707241
-4.5791203
-5.3952557
-6.2459621
-6.905589
-1.4467856
-1.4425772
-1.4342198
-1.4219183
-1.4059407
-1.3867161
-1.364765
-1.3407614
-1.3155533
-1.2901778
-1.2659196
-1.2443398
-1.2273147
-1.2170976
-1.2163721
-1.2283335
-1.2567485
-1.3060414
-1.3814011
-1.4888305
-1.6351634
-1.8280405
-2.075699
-2.3863915
-2.7670574
-3.2203669
-3.7385083
-4.2911502
-4.8055585
-5.146717
-1.4734987
-1.4685504
-1.4587282
-1.4441814
-1.4251455
-1.4019712
-1.375078
-1.3450398
-1.3125808
-1.2785917
-1.2441771
-1.2106963
-1.1797809
-1.1534047
-1.1339273
-1.1241387
-1.1273366
-1.1473799
-1.1887164
-1.2563746
-1.3558792
-1.4930363
-1.6734923
-1.901875
-2.1802047
-2.5051135
-2.8633268
-3.2252265
-3.538391
-3.729014
-1.5050796
-1.49933
-1.4878821
-1.4708572
-1.448439
-1.4208548
-1.3884492
-1.3516623
-1.3110612
-1.2673621
-1.2214496
-1.1744317
-1.1276601
-1.0827665
-1.0417213
-1.0068769
-0.9810118
-0.9673732
-0.96967785
-0.9920524
-1.0389046
-1.1146613
-1.2232649
-1.3673069
-1.5466589
-1.7564496
-1.9843895
-2.208011
-2.393762
-2.5019235
-1.5423738
-1.5357597
-1.522581
-1.5029095
-1.4768303
-1.4444943
-1.4061303
-1.3620325
-1.3125829
-1.2582842
-1.1997827
-1.1378893
-1.0736216
-1.0082381
-0.9432724
-0.88058865
-0.8224238
-0.7714041
-0.7305454
-0.7032061
-0.69296429
-0.70337344
-0.7375203
-0.7973315
-0.88257855
-0.989575
-1.1097475
-1.2286665
-1.3267165
-1.382984
-1.5862759
-1.5787774
-1.5638015
-1.5413479
-1.5114353
-1.4741303
-1.4295126
-1.3777143
-1.3189186
-1.2533879
-1.1814891
-1.1037123
-1.0207004
-0.93328615
-0.84253195
-0.74977905
-0.6566882
-0.5652633
-0.4778737
-0.3972413
-0.32636136
-0.26833983
-0.22609765
-0.2019081
-0.19675615
-0.209556
-0.236398
-0.2702165
-0.3014595
-0.3203225
-1.6377069
-1.6293206
-1.612511
-1.5872269
-1.5534302
-1.5110636
-1.460066
-1.4003815
-1.3319762
-1.2548577
-1.1690841
-1.0747856
-0.97219343
-0.8616796
-0.743795
-0.61931555
-0.489291
-0.3550908
-0.2184591
-0.08155225
0.05305649
0.18241458
0.30330545
0.412466
0.50692
0.5844125
0.6438575
0.6856255
0.7114055
0.723468
-1.6975508
-1.6882804
-1.6696562
-1.641599
-1.6039783
-1.5566102
-1.4992822
-1.4317436
-1.3537325
-1.2649768
-1.1651996
-1.0541414
-0.93159269
-0.7974293
-0.65164294
-0.4943918
-0.32606405
-0.14734785
0.0406729
0.2364145
0.43768609
0.64157621
0.84436045
1.0414584
1.2274757
1.3963699
1.5417695
1.657466
1.7380125
1.779362
-1.7666391
-1.7565176
-1.7361796
-1.705496
-1.664228
-1.6120761
-1.5486618
-1.4735443
-1.3862143
-1.286097
-1.1725657
-1.044954
-0.90258062
-0.74478096
-0.57093598
-0.38052387
-0.17319805
0.0511204
0.2921096
0.548872
0.81971095
1.1018473
1.3910962
1.681527
1.9651661
2.2318556
2.4694435
2.6645225
2.8038905
2.876691
-1.8457973
-1.8349044
-1.8130248
-1.7799402
-1.7353296
-1.6787729
-1.6097303
-1.5275567
-1.4314818
-1.3206246
-1.193999
-1.0505135
-0.88898591
-0.70817075
-0.50678519
-0.28355794
-0.0373121
0.2329326
0.5277942
0.84728545
1.190479
1.5550514
1.9367018
2.3284483
2.7198775
3.0965215
3.4397012
3.7273535
3.9364065
4.046879
-1.9358241
-1.9242796
-1.9010663
-1.8658993
-1.8183854
-1.7579725
-1.6839612
-1.595492
-1.4915424
-1.3709262
-1.2322919
-1.0741094
-0.8946758
-0.69213309
-0.46448516
-0.20963459
0.07454465
0.3901047
0.73884055
1.1220054
1.5398908
1.9912126
2.4722552
2.9757355
3.48942
3.9946816
4.4654906
4.8687767
5.167497
5.3275065
-2.0373963
-2.0253388
-2.0010514
-1.9642241
-1.914369
-1.8508079
-1.7726772
-1.6789184
-1.5682701
-1.4392443
-1.2901254
-1.1189443
-0.92346865
-0.70120905
-0.44941417
-0.16508564
0.15496975
0.51405665
0.91542415
1.3619843
1.8558573
2.3976525
2.9853726
3.6128147
4.2673642
4.9272461
5.5587313
6.1146879
6.5372158
6.768044
-2.151045
-2.1386215
-2.1136
-2.0756205
-2.0240959
-1.9582377
-1.877034
-1.779245
-1.6633779
-1.5276572
-1.3700172
-1.1880642
-0.9790454
-0.7398359
-0.46690566
-0.15630624
0.19631485
0.59567905
1.0467706
1.5546154
2.1238771
2.7581469
3.4587428
4.2227482
5.0399204
5.8881378
6.7274244
7.4939452
8.0985404
8.4393361
-2.277129
-2.2645285
-2.239169
-2.200606
-2.1481895
-2.0810265
-1.997987
-1.89766
-1.7783367
-1.6379846
-1.4742168
-1.2842416
-1.0648133
-0.812191
-0.52207765
-0.18956936
0.1908888
0.62554565
1.1213406
1.6858144
2.3268766
3.0522964
3.8686745
4.7794741
5.7813871
6.8579191
7.9688415
9.0350812
9.9236147
10.451406
-2.4158265
-2.403282
-2.3780085
-2.3394995
-2.2870675
-2.2197305
-2.1362555
-2.035084
-1.914329
-1.7717373
-1.6046407
-1.4098907
-1.1837977
-0.9220566
-0.6196628
-0.27080722
0.1312372
0.5942542
1.1272167
1.7404057
2.4454881
3.255445
4.1841345
5.245038
6.4481915
7.793276
9.2549135
10.753899
12.109411
12.99125
-2.5671305
-2.554864
-2.5301295
-2.492389
-2.440907
-2.3746465
-2.292279
-2.1921425
-2.0722135
-1.9300665
-1.7628007
-1.5669704
-1.3385113
-1.0726469
-0.7637771
-0.40530239
0.0105499
0.4929574
1.0527981
1.7030233
2.4591415
3.339777
4.3672995
5.5682755
6.9730075
8.612037
10.503601
12.616154
14.768855
16.412899
-2.7307785
-2.7189925
-2.6952755
-2.659066
-2.609571
-2.5457185
-2.466124
-2.3690535
-2.2523925
-2.113596
-1.949604
-1.7567571
-1.5307056
-1.2663181
-0.95755965
-0.59723303
-0.17675145
0.3141635
0.8879216
1.559673
2.348197
3.277147
4.3769525
5.687708
7.2634775
9.178218
11.531259
14.438236
17.936914
21.478535
-2.9357777
-2.9251313
-2.9033027
-2.8699047
-2.8241077
-2.7648207
-2.690652
-2.5998563
-2.4902613
-2.359225
-2.2035553
-2.0195077
-1.8026382
-1.5476066
-1.2480231
-0.89631498
-0.4833386
0.0019140667
0.57285823
1.246131
2.042679
2.9896063
4.1230753
5.4933463
7.1742453
9.282359
12.020517
15.790698
21.535257
31.929742
)
;
    }
    block1_wall2
    {
        type            calculated;
        value           nonuniform List<scalar> 
200
(
-14.001267
-9.3240853
-6.905589
-5.146717
-3.729014
-2.5019235
-1.382984
-0.3203225
0.723468
1.779362
2.876691
4.046879
5.3275065
6.768044
8.4393361
10.451406
12.99125
16.412899
21.478535
31.929742
-14.001297
-9.3240934
-6.905588
-5.1467085
-3.7290035
-2.501912
-1.382982
-0.3203405
0.72344
1.779351
2.8767115
4.0469115
5.32752
6.768037
8.4393347
10.451412
12.991251
16.412902
21.47856
31.929702
-14.001326
-9.3240811
-6.905577
-5.1466945
-3.728987
-2.5019035
-1.382993
-0.320365
0.7234285
1.779369
2.876742
4.046923
5.3275045
6.768022
8.4393338
10.451415
12.991248
16.412889
21.478575
31.929697
-14.001348
-9.324068
-6.9055625
-5.146683
-3.728977
-2.501904
-1.383005
-0.320371
0.723443
1.7793955
2.8767535
4.0469045
5.3274785
6.7680155
8.4393347
10.451411
12.991241
16.412896
21.478605
31.929697
-14.001338
-9.3240686
-6.905557
-5.1466775
-3.7289735
-2.5019055
-1.3830045
-0.320358
0.7234675
1.77941
2.8767385
4.046875
5.327466
6.768023
8.4393387
10.451394
12.991225
16.41291
21.478638
31.92972
-14.00132
-9.3240728
-6.905557
-5.1466765
-3.728973
-2.501905
-1.382998
-0.3203395
0.723486
1.7794065
2.876713
4.046857
5.327475
6.7680345
8.4393254
10.451369
12.99123
16.412946
21.478663
31.929731
-14.001297
-9.3240741
-6.905561
-5.146678
-3.728977
-2.501911
-1.3829935
-0.3203245
0.723488
1.779386
2.876696
4.046868
5.327496
6.7680335
8.4393002
10.451353
12.991244
16.412986
21.47868
31.92973
-14.001302
-9.3240532
-6.905552
-5.1466775
-3.7289875
-2.501919
-1.382989
-0.320325
0.7234715
1.7793735
2.8767085
4.046893
5.3275025
6.768015
8.4392826
10.451352
12.991258
16.413007
21.478687
31.929683
-14.001324
-9.3240186
-6.905536
-5.1466815
-3.7289975
-2.5019235
-1.3829915
-0.3203325
0.7234615
1.779377
2.876731
4.046908
5.327493
6.767995
8.4392695
10.451354
12.991276
16.413011
21.478663
31.929645
-14.001308
-9.3240031
-6.905531
-5.146684
-3.7290015
-2.501919
-1.3829835
-0.3203425
0.7234535
1.7794015
2.876754
4.046903
5.3274805
6.767979
8.4392517
10.45136
12.99129
16.412984
21.478625
31.929618
)
;
    }
    block1_wall3
    {
        type            calculated;
        value           nonuniform List<scalar> 
600
(
-1.3866756
-1.3841387
-1.3791361
-1.3719097
-1.3628199
-1.3523954
-1.3413226
-1.3304665
-1.3208519
-1.3137604
-1.3107448
-1.3136942
-1.3248805
-1.347006
-1.3832865
-1.4375576
-1.5143881
-1.6192651
-1.7588323
-1.9411884
-2.1763217
-2.476841
-2.8591919
-3.3456765
-3.9683285
-4.7767636
-5.8561865
-7.3739003
-9.7202277
-14.001308
-1.4052336
-1.4021816
-1.396172
-1.3874569
-1.3763953
-1.3634662
-1.3493067
-1.3347294
-1.32076
-1.3086378
-1.299874
-1.2962909
-1.3000697
-1.3138288
-1.3406977
-1.3844117
-1.4494217
-1.5410364
-1.6656048
-1.8307699
-2.0458457
-2.3223284
-2.6746204
-3.1211807
-3.6862588
-4.4022822
-5.312013
-6.4647562
-7.8773676
-9.3240031
-1.4241816
-1.4205933
-1.4135197
-1.4031779
-1.3898958
-1.3741213
-1.3564491
-1.3376358
-1.3186301
-1.3005924
-1.2849361
-1.2733775
-1.2679812
-1.271219
-1.2860393
-1.3159512
-1.3651254
-1.4385072
-1.5419423
-1.6823433
-1.8678937
-2.1082687
-2.4148542
-2.8008854
-3.2811957
-3.870699
-4.5790797
-5.3952028
-6.2459001
-6.905531
-1.4466638
-1.4424338
-1.434087
-1.4217976
-1.4058461
-1.3866341
-1.364693
-1.3406996
-1.3154971
-1.2901275
-1.2658713
-1.2442872
-1.2272536
-1.217022
-1.2162805
-1.228223
-1.2566278
-1.3059356
-1.381322
-1.4887702
-1.6351102
-1.8279778
-2.0756112
-2.3862764
-2.766926
-3.220238
-3.7383933
-4.2910594
-4.805502
-5.146684
-1.4733527
-1.4684085
-1.4585915
-1.4440482
-1.4250179
-1.4018369
-1.3749503
-1.3449263
-1.3124798
-1.2785041
-1.2441039
-1.21063
-1.1797187
-1.1533387
-1.1338468
-1.124046
-1.127244
-1.1472995
-1.1886497
-1.2563108
-1.3557993
-1.4929223
-1.6733394
-1.9016922
-2.180015
-2.5049454
-2.8632011
-3.225152
-3.5383615
-3.7290015
-1.5050011
-1.4992561
-1.4878024
-1.4707585
-1.4483091
-1.4207097
-1.3883013
-1.351523
-1.3109373
-1.2672563
-1.2213696
-1.1743764
-1.12762
-1.0827322
-1.0416832
-1.0068311
-0.9809649
-0.96733
-0.96963115
-0.9919936
-1.0388268
-1.1145565
-1.2231289
-1.3671494
-1.546508
-1.7563318
-1.9843185
-2.2079835
-2.3937575
-2.501919
-1.5424001
-1.5357919
-1.5225878
-1.5028667
-1.4767456
-1.4443884
-1.4060143
-1.3619155
-1.3124792
-1.2582057
-1.1997332
-1.1378679
-1.073619
-1.0082393
-0.94327035
-0.8805835
-0.8224163
-0.77139475
-0.7305337
-0.70319405
-0.69295058
-0.70335001
-0.73748325
-0.79729
-0.8825503
-0.9895695
-1.109762
-1.2286855
-1.326727
-1.3829835
-1.5863911
-1.5788898
-1.5638744
-1.5413744
-1.5114308
-1.4741015
-1.4294713
-1.3776708
-1.3188868
-1.253378
-1.1815003
-1.1037359
-1.0207267
-0.9333104
-0.84255815
-0.7498129
-0.65673095
-0.56531635
-0.4779397
-0.39732155
-0.32645376
-0.26843842
-0.22620015
-0.20201635
-0.19686995
-0.2096665
-0.2364865
-0.2702715
-0.301487
-0.3203425
-1.6378477
-1.6294463
-1.6126058
-1.5872994
-1.553483
-1.5110999
-1.4600907
-1.4004049
-1.3320074
-1.2548948
-1.1691186
-1.0748102
-0.97221067
-0.8617005
-0.74383245
-0.6193758
-0.4893725
-0.3551912
-0.2185764
-0.08168525
0.05290733
0.18225064
0.3031284
0.41228255
0.5067449
0.5842665
0.643758
0.6855685
0.7113765
0.7234535
-1.6976445
-1.6883555
-1.6697218
-1.6416576
-1.6040272
-1.5566522
-1.4993177
-1.4317772
-1.3537616
-1.2649918
-1.165194
-1.05412
-0.93157024
-0.79742091
-0.65165859
-0.4944331
-0.3261261
-0.14742535
0.04058505
0.2363188
0.43758063
0.64145875
0.84423235
1.0413301
1.2273664
1.3962957
1.541728
1.657448
1.7380175
1.7794015
-1.7666524
-1.756516
-1.7361815
-1.7054973
-1.6642322
-1.6120824
-1.5486695
-1.4735458
-1.3861997
-1.2860624
-1.1725128
-1.0448918
-0.90252258
-0.74473763
-0.57091292
-0.38052099
-0.173209
0.05110435
0.2920973
0.5488673
0.8197099
1.1018438
1.3910904
1.681527
1.9651803
2.2318803
2.4694685
2.6645505
2.803937
2.876754
-1.845733
-1.8348318
-1.8129554
-1.7798814
-1.7352874
-1.678743
-1.609705
-1.5275218
-1.431432
-1.3205633
-1.1939292
-1.0504396
-0.88891711
-0.70811394
-0.50674085
-0.28352108
-0.03727165
0.2329879
0.52787045
0.84737995
1.1905832
1.5551581
1.936808
2.3285547
2.7199783
3.096602
3.4397607
3.727405
3.936454
4.046903
-1.935703
-1.9241569
-1.900956
-1.865817
-1.8183295
-1.7579373
-1.683932
-1.5954586
-1.4915032
-1.3708852
-1.2322497
-1.0740686
-0.8946408
-0.69210182
-0.46444941
-0.20958488
0.07461815
0.3902052
0.73896605
1.1221503
1.5400452
1.9913684
2.4724072
2.9758769
3.4895398
3.9947735
4.4655557
4.8688171
5.1675015
5.3274805
-2.0372705
-2.0252204
-2.000969
-1.9641821
-1.9143586
-1.8508188
-1.772696
-1.6789385
-1.5682889
-1.4392668
-1.2901509
-1.1189706
-0.92349485
-0.70122865
-0.44941887
-0.16507073
0.1550088
0.5141203
0.9155107
1.3620921
1.8559784
2.3977751
2.9854904
3.6129202
4.267449
4.9273099
5.5587676
6.1146828
6.5371684
6.767979
-2.150967
-2.13857
-2.1135945
-2.075657
-2.0241615
-1.9583142
-1.8771101
-1.7793164
-1.6634452
-1.5277237
-1.3700826
-1.1881283
-0.97911195
-0.7399027
-0.46696772
-0.1563622
0.19626865
0.59565195
1.0467691
1.554635
2.1239103
2.7581852
3.4587757
4.2227721
5.0399354
5.8881357
6.7273923
7.493884
8.0984636
8.4392517
-2.2771185
-2.2645585
-2.2392305
-2.200699
-2.148293
-2.081128
-1.9980795
-1.8977383
-1.7783967
-1.6380297
-1.4742634
-1.2843019
-1.0648872
-0.81227395
-0.52217055
-0.18967084
0.19078545
0.6254486
1.1212608
1.6857526
2.3268202
3.0522395
3.8686166
4.7794135
5.7813221
6.8578468
7.9687617
9.0350072
9.923554
10.45136
-2.415868
-2.403357
-2.378093
-2.3395895
-2.2871465
-2.219805
-2.136319
-2.035126
-1.914348
-1.7717482
-1.6046554
-1.4099189
-1.1838441
-0.9221155
-0.61973045
-0.27089387
0.1311325
0.59414295
1.1271031
1.7402928
2.4453714
3.255326
4.184022
5.244927
6.448087
7.7931965
9.2548655
10.753883
12.109428
12.99129
-2.567166
-2.554913
-2.5301675
-2.4924165
-2.4409265
-2.374649
-2.2922635
-2.1921255
-2.0722055
-1.9300515
-1.7627717
-1.5669385
-1.3384812
-1.072625
-0.7637686
-0.40531793
0.0105083
0.49289855
1.0527142
1.7029178
2.459032
3.339663
4.367187
5.568182
6.9729415
8.612019
10.503642
12.616235
14.768958
16.412984
-2.7307415
-2.7189715
-2.6952305
-2.658993
-2.6094985
-2.545643
-2.466056
-2.368999
-2.252351
-2.113552
-1.9495435
-1.756672
-1.5305973
-1.2662166
-0.9574735
-0.59714416
-0.17667255
0.31419375
0.88790455
1.5596275
2.348132
3.277078
4.3768905
5.6876745
7.2634925
9.1782765
11.531362
14.438352
17.937021
21.478625
-2.936061
-2.9252833
-2.903403
-2.8699497
-2.8240897
-2.7648073
-2.6906607
-2.5998867
-2.4902983
-2.3592697
-2.2036163
-2.019565
-1.8026856
-1.5476423
-1.2480546
-0.89635354
-0.48338513
0.0018945333
0.57285473
1.2461153
2.0426533
2.9895583
4.1230217
5.4932923
7.1742013
9.282332
12.020477
15.790646
21.535169
31.929618
)
;
    }
    block1_wall4
    {
        type            calculated;
        value           nonuniform List<scalar> 
200
(
-1.3866329
-1.4053175
-1.424231
-1.4467856
-1.4734987
-1.5050796
-1.5423738
-1.5862759
-1.6377069
-1.6975508
-1.7666391
-1.8457973
-1.9358241
-2.0373963
-2.151045
-2.277129
-2.4158265
-2.5671305
-2.7307785
-2.9357777
-1.3866993
-1.40529
-1.424269
-1.4468025
-1.4734985
-1.5050763
-1.5423647
-1.5862775
-1.6377246
-1.6975712
-1.7666476
-1.8457909
-1.9358126
-2.0373885
-2.151028
-2.2771005
-2.4158085
-2.5671135
-2.730714
-2.935949
-1.386728
-1.4052613
-1.4242705
-1.4468036
-1.4734916
-1.5050634
-1.5423634
-1.586293
-1.6377454
-1.6975821
-1.7666423
-1.8457815
-1.9358037
-2.0373701
-2.1510075
-2.2770965
-2.415822
-2.567128
-2.730704
-2.935982
-1.3867336
-1.4052472
-1.4242555
-1.4467979
-1.4734758
-1.5050519
-1.5423725
-1.5863095
-1.6377585
-1.697587
-1.7666417
-1.8457771
-1.9357915
-2.0373543
-2.1510015
-2.2770995
-2.4158215
-2.567122
-2.730702
-2.9360203
-1.3867309
-1.4052383
-1.4242481
-1.446772
-1.4734512
-1.5050448
-1.5423765
-1.5863225
-1.6377729
-1.6975934
-1.7666431
-1.8457754
-1.935785
-2.0373467
-2.151
-2.277105
-2.415826
-2.567122
-2.730709
-2.9360347
-1.3867075
-1.4052419
-1.4242338
-1.446754
-1.473435
-1.5050292
-1.5423773
-1.5863385
-1.6377858
-1.6976004
-1.7666491
-1.8457772
-1.9357767
-2.0373358
-2.150995
-2.2771025
-2.4158235
-2.5671295
-2.7307305
-2.936018
-1.3866867
-1.4052445
-1.4242216
-1.4467372
-1.4734107
-1.5050135
-1.5423782
-1.5863505
-1.6378018
-1.6976158
-1.7666565
-1.8457728
-1.9357625
-2.0373187
-2.15098
-2.277095
-2.4158295
-2.5671445
-2.730745
-2.936013
-1.3866835
-1.4052363
-1.4242208
-1.4467138
-1.4733843
-1.5049995
-1.5423829
-1.586368
-1.6378232
-1.6976313
-1.7666614
-1.8457657
-1.9357442
-2.0372944
-2.150961
-2.2770925
-2.415841
-2.5671555
-2.7307495
-2.936035
-1.3866814
-1.4052309
-1.4242064
-1.4466871
-1.4733619
-1.504995
-1.542393
-1.5863836
-1.6378407
-1.6976437
-1.7666625
-1.845753
-1.9357214
-2.0372746
-2.150956
-2.277103
-2.4158565
-2.5671615
-2.730748
-2.9360493
-1.3866756
-1.4052336
-1.4241816
-1.4466638
-1.4733527
-1.5050011
-1.5424001
-1.5863911
-1.6378477
-1.6976445
-1.7666524
-1.845733
-1.935703
-2.0372705
-2.150967
-2.2771185
-2.415868
-2.567166
-2.7307415
-2.936061
)
;
    }
}


// ************************************************************************* //
