/*--------------------------------*- C++ -*----------------------------------*\
| =========                 |                                                 |
| \\      /  F ield         | OpenFOAM: The Open Source CFD Toolbox           |
|  \\    /   O peration     | Version:  v2106                                 |
|   \\  /    A nd           | Website:  www.openfoam.com                      |
|    \\/     M anipulation  |                                                 |
\*---------------------------------------------------------------------------*/
FoamFile
{
    version     2.0;
    format      ascii;
    arch        "LSB;label=32;scalar=64";
    class       volVectorField;
    location    "0";
    object      gradTmode4;
}
// * * * * * * * * * * * * * * * * * * * * * * * * * * * * * * * * * * * * * //

dimensions      [0 -1 0 1 0 0 0];

internalField   nonuniform List<vector> 
2000
(
(1.4962343 1.496236 -14.466756)
(5.50556 1.361874 -19.816937)
(8.9725814 1.8448273 -26.980752)
(9.4808027 1.8238523 -26.986313)
(11.212778 3.1165534 -27.472765)
(15.843556 2.8836367 -25.132125)
(11.813181 1.4516607 -22.648199)
(2.880846 1.1056227 -24.103745)
(-3.040704 0.424402 -27.096502)
(-1.6723843 -0.43345067 -30.887639)
(1.3618723 5.5055635 -19.816935)
(6.028447 6.0284505 -24.90781)
(9.6655488 9.2455884 -30.343337)
(11.388392 8.5690175 -30.114534)
(12.802455 9.8790438 -27.818036)
(13.346217 7.252809 -25.429343)
(9.14616 2.908182 -23.976248)
(1.339958 1.335937 -23.265607)
(-5.349314 -0.0154725 -24.699976)
(-2.530237 -0.5440055 -30.076774)
(1.8448257 8.9725831 -26.980748)
(9.2455849 9.665553 -30.343335)
(11.513148 11.513152 -31.967835)
(10.114258 9.9215612 -32.090224)
(9.8965696 7.0734107 -28.882602)
(8.872694 2.804144 -27.440319)
(5.896309 -0.91809 -26.688406)
(-0.0428085 -3.176 -24.838428)
(-4.9206465 -1.6702215 -24.535189)
(-2.0247397 0.6526015 -27.912291)
(1.8238523 9.480807 -26.98631)
(8.5690156 11.388399 -30.114531)
(9.9215569 10.114266 -32.090222)
(6.9486508 6.9486566 -32.182525)
(5.6850375 2.1916975 -29.983518)
(5.354716 -2.213766 -28.044856)
(3.166016 -5.202691 -27.583319)
(0.5878265 -5.6749985 -25.88846)
(-1.5207125 -1.753509 -22.595565)
(-0.98168833 1.0889015 -25.374034)
(3.1165539 11.212783 -27.472761)
(9.8790434 12.802461 -27.818034)
(7.0734056 9.8965787 -28.882599)
(2.19169 5.685044 -29.983519)
(0.734147 0.7341545 -27.505132)
(1.4783055 -2.7973985 -25.809154)
(2.4350765 -3.692254 -25.409375)
(3.4063735 -2.496003 -23.151565)
(1.8432535 -0.897471 -18.697766)
(-0.12979933 0.6140015 -21.576999)
(2.8836377 15.84356 -25.132125)
(7.252811 13.346223 -25.429341)
(2.8041395 8.8726985 -27.440316)
(-2.2137735 5.354721 -28.044856)
(-2.797405 1.4783105 -25.809155)
(0.9283075 0.9283125 -22.249112)
(3.4674115 2.10744 -18.894242)
(3.3826095 1.0171715 -16.991596)
(1.589292 -0.2068095 -15.24178)
(0.02596 1.2828775 -18.277312)
(1.4516623 11.813185 -22.648198)
(2.908182 9.1461645 -23.976246)
(-0.918096 5.8963105 -26.688405)
(-5.202698 3.1660185 -27.583317)
(-3.6922615 2.435079 -25.409375)
(2.107435 3.467415 -18.894246)
(2.5239355 2.523938 -13.766556)
(1.092124 1.0010875 -13.062742)
(2.1089595 -0.1534475 -12.337704)
(0.86332533 1.4660005 -14.468774)
(1.1056243 2.8808475 -24.103741)
(1.335937 1.3399575 -23.265603)
(-3.1760065 -0.042809 -24.838429)
(-5.675005 0.5878255 -25.888461)
(-2.4960085 3.4063765 -23.151569)
(1.0171665 3.3826115 -16.991601)
(1.001084 1.0921245 -13.062741)
(0.705224 0.705224 -10.865887)
(2.054205 0.2921895 -11.630338)
(1.105592 1.398219 -13.163337)
(0.42440233 -3.040709 -27.096506)
(-0.0154745 -5.3493185 -24.699974)
(-1.670228 -4.9206485 -24.53519)
(-1.7535125 -1.5207145 -22.595566)
(-0.8974755 1.843252 -18.697766)
(-0.206817 1.5892905 -15.241783)
(-0.153452 2.1089565 -12.337706)
(0.292189 2.054204 -11.630339)
(2.8019545 2.8019525 -11.634744)
(1.6006783 1.415941 -10.499404)
(-0.43344867 -1.672388 -30.887642)
(-0.5440025 -2.530239 -30.076776)
(0.6525975 -2.02474 -27.912293)
(1.0888955 -0.98168867 -25.374037)
(0.6139965 -0.12980133 -21.577001)
(1.282871 0.025959333 -18.277315)
(1.4659975 0.863324 -14.468775)
(1.39822 1.1055923 -13.163336)
(1.415942 1.600678 -10.499405)
(0.18158433 0.181584 -15.011214)
(-0.54351333 -0.54351167 -6.2315185)
(1.5014505 0.237599 -8.050118)
(8.4423125 1.727657 -9.5308085)
(10.159788 0.72554867 -11.475997)
(8.3455208 0.46337967 -12.160724)
(10.642334 1.7217929 -16.61993)
(10.496279 1.1348021 -21.152939)
(3.4315768 -0.47305867 -22.123415)
(-1.615401 0.45873367 -21.095025)
(-0.58780533 0.48694033 -18.075919)
(0.23759733 1.501454 -8.0501195)
(4.9082035 4.9082075 -10.14991)
(9.174237 6.110945 -11.165499)
(8.263372 3.2219435 -13.315322)
(9.8398871 3.7250872 -17.130932)
(11.649468 4.4549304 -20.658693)
(7.2040019 1.838311 -22.217497)
(2.4174742 0.3775805 -23.028171)
(-0.1754025 2.0178155 -20.572994)
(-0.55959867 1.6621105 -16.284836)
(1.7276557 8.442316 -9.5308095)
(6.1109415 9.1742425 -11.165498)
(6.7560485 6.7560535 -15.635434)
(7.7739302 5.3432705 -18.773392)
(9.5785077 4.9984608 -21.180179)
(8.755558 2.1370113 -21.969458)
(6.4189293 0.4560352 -21.922134)
(3.6110814 1.3407875 -21.042865)
(-0.330871 1.4374735 -17.566575)
(-0.824942 2.7297845 -13.691728)
(0.72554833 10.159795 -11.475996)
(3.221941 8.2633775 -13.31532)
(5.343265 7.7739367 -18.773392)
(6.5057794 6.5057873 -20.954144)
(6.6336279 3.5535748 -20.607725)
(7.1070421 1.8186766 -19.64046)
(6.4077781 1.2666354 -18.207926)
(3.3989125 0.531799 -15.446947)
(1.2135945 2.2978955 -13.281215)
(0.301942 5.1861625 -10.47317)
(0.46337733 8.3455247 -12.160724)
(3.7250831 9.8398929 -17.130933)
(4.9984583 9.5785151 -21.180181)
(3.5535684 6.6336329 -20.607725)
(4.891397 4.8914051 -17.737214)
(6.4686185 4.2435586 -14.036239)
(5.1320518 2.701418 -10.838117)
(4.6423415 2.928735 -9.166)
(4.3234925 5.507986 -8.387516)
(1.1005693 5.657241 -7.264768)
(1.7217938 10.642337 -16.61993)
(4.4549314 11.649473 -20.658696)
(2.137005 8.7555621 -21.969463)
(1.8186694 7.1070452 -19.640462)
(4.2435536 6.4686235 -14.036243)
(4.917055 4.9170593 -9.0510233)
(5.0929545 4.8398385 -7.234706)
(6.2054805 5.694788 -6.11828)
(3.9421005 4.657003 -5.3001015)
(0.40144533 2.6958765 -5.273519)
(1.1348014 10.496283 -21.152942)
(1.8383082 7.2040042 -22.2175)
(0.4560303 6.4189264 -21.922139)
(1.2666297 6.4077816 -18.207932)
(2.701411 5.1320505 -10.838118)
(4.8398335 5.0929555 -7.234707)
(5.9097805 5.9097815 -6.613731)
(4.459506 4.250336 -4.5032305)
(1.324581 0.702564 -4.314349)
(-0.20684833 -0.1089965 -6.854177)
(-0.473059 3.431573 -22.123418)
(0.3775745 2.4174728 -23.028178)
(1.3407825 3.6110808 -21.042872)
(0.5317935 3.398908 -15.446952)
(2.9287275 4.642341 -9.166003)
(5.694786 6.20548 -6.1182815)
(4.250335 4.459506 -4.5032305)
(0.998263 0.998264 -4.1246205)
(-0.417232 -0.748726 -5.165643)
(-0.139595 -0.557246 -8.899486)
(0.45873467 -1.615405 -21.095029)
(2.017816 -0.175406 -20.573001)
(1.4374655 -0.330873 -17.566582)
(2.29789 1.213591 -13.281216)
(5.507983 4.323493 -8.387521)
(4.6569985 3.9421005 -5.3001025)
(0.7025645 1.3245815 -4.3143485)
(-0.748726 -0.4172295 -5.1656415)
(-0.230929 -0.2309285 -7.5804415)
(-0.079195 -1.468003 -11.851948)
(0.48694033 -0.587805 -18.075922)
(1.6621065 -0.55959933 -16.284841)
(2.7297795 -0.82494467 -13.691736)
(5.1861595 0.30194333 -10.473172)
(5.657237 1.1005683 -7.2647705)
(2.6958745 0.401446 -5.2735205)
(-0.108995 -0.20684767 -6.854174)
(-0.557247 -0.13959367 -8.8994865)
(-1.4680055 -0.079195 -11.851948)
(-0.96431133 -0.96431133 -14.354522)
(0.28383467 0.28383533 3.6167405)
(2.20627 -0.037987 4.5863055)
(5.546702 0.75503367 3.3525195)
(6.8508875 0.59763567 -0.9907715)
(6.0688455 -0.196919 -4.7375875)
(6.85134 0.191128 -7.9573883)
(6.3096961 0.741956 -11.356814)
(2.9387609 0.5024521 -14.462109)
(1.0067915 0.77242227 -13.569427)
(0.3403525 0.7606052 -11.204471)
(-0.037987667 2.2062725 4.5863035)
(2.9130675 2.9130705 5.3899225)
(6.500136 3.1409625 1.492416)
(5.4229585 1.2716225 -2.641184)
(5.459084 0.859589 -5.5384415)
(8.2596525 1.903281 -9.4771461)
(6.7766823 2.1389878 -12.161594)
(2.9844603 2.4164867 -12.793995)
(1.3940212 3.5129774 -12.023711)
(0.32853543 3.8401857 -10.126634)
(0.75503333 5.546707 3.3525165)
(3.14096 6.500143 1.492416)
(3.905254 3.9052585 -2.2330775)
(4.569514 2.28274 -4.7076335)
(6.700504 3.5966185 -7.2080517)
(8.1307388 3.822377 -9.5888857)
(6.8229018 3.0914801 -10.526349)
(4.3127505 4.4052238 -10.774157)
(2.4304906 5.6215578 -10.061482)
(0.55849137 6.464267 -8.2395504)
(0.59763633 6.850893 -0.990773)
(1.271619 5.4229645 -2.641184)
(2.282733 4.569519 -4.7076365)
(5.1143185 5.114324 -5.7171945)
(6.998721 5.6346615 -6.5424719)
(7.7545141 5.7194526 -7.0964499)
(7.3595291 5.8813255 -7.3202966)
(5.5145381 6.2018667 -7.3516886)
(3.4530644 7.4255497 -6.9340676)
(0.89034157 7.5158617 -6.7974479)
(-0.196919 6.068849 -4.7375905)
(0.859586 5.4590855 -5.5384425)
(3.5966135 6.700508 -7.2080537)
(5.6346565 6.998726 -6.5424733)
(7.3056326 7.3056365 -5.242188)
(8.3774028 7.7920382 -4.8819648)
(7.305316 7.2809664 -4.5373356)
(5.8569747 6.8326639 -4.8001625)
(3.7444855 7.0836424 -6.1729723)
(0.61869933 5.8136525 -7.7264295)
(0.19112733 6.851342 -7.9573907)
(1.903278 8.2596551 -9.4771503)
(3.8223735 8.1307402 -9.5888911)
(5.719447 7.7545141 -7.0964544)
(7.7920332 8.3774071 -4.8819659)
(7.729844 7.729845 -3.9246979)
(6.4001548 6.3318262 -4.0823045)
(5.317214 5.679941 -5.459442)
(2.434053 3.8663575 -8.0381625)
(0.043681667 1.6934685 -9.9131142)
(0.7419564 6.3096967 -11.35682)
(2.1389842 6.7766822 -12.1616)
(3.0914725 6.822902 -10.526357)
(5.8813234 7.3595283 -7.3202996)
(7.2809634 7.3053185 -4.5373395)
(6.331822 6.4001568 -4.0823035)
(5.255412 5.2554135 -5.593582)
(3.391506 2.994747 -7.898994)
(-0.241987 -0.018989 -10.956443)
(-0.82989333 -2.1599665 -12.341851)
(0.50245097 2.9387596 -14.462115)
(2.4164832 2.9844569 -12.794002)
(4.4052196 4.3127482 -10.774162)
(6.2018635 5.5145412 -7.351692)
(6.8326617 5.8569734 -4.8001613)
(5.679939 5.317216 -5.459442)
(2.994745 3.391507 -7.8989945)
(0.0428115 0.042813 -11.140738)
(-2.7206605 -2.973903 -12.947124)
(-1.3836367 -3.599552 -14.54948)
(0.77242123 1.0067863 -13.56943)
(3.5129728 1.3940187 -12.023718)
(5.6215568 2.4304873 -10.061486)
(7.4255486 3.4530647 -6.9340649)
(7.0836382 3.7444845 -6.1729702)
(3.8663555 2.4340515 -8.0381605)
(-0.018991 -0.241987 -10.956443)
(-2.973904 -2.720662 -12.947125)
(-3.884352 -3.8843525 -15.281238)
(-1.2469927 -4.0390951 -16.784765)
(0.7606059 0.34034997 -11.204474)
(3.8401843 0.32853463 -10.12664)
(6.4642656 0.55849097 -8.2395493)
(7.5158607 0.8903405 -6.7974472)
(5.8136485 0.618699 -7.7264297)
(1.6934675 0.043680667 -9.9131133)
(-2.1599685 -0.829893 -12.341852)
(-3.599554 -1.3836377 -14.549483)
(-4.0390936 -1.246993 -16.784765)
(-1.4867984 -1.4867987 -17.334397)
(0.10286333 0.10286367 15.079346)
(1.2372295 0.77334367 16.109703)
(2.8652355 0.487588 13.543141)
(2.069681 -0.37472633 9.698934)
(1.378904 -0.070523 5.9121415)
(4.0231075 0.708621 2.8301145)
(3.9915585 0.59828233 -0.2181835)
(1.2189645 0.63901767 -2.6758921)
(1.6422375 1.4892105 -3.2103269)
(0.988832 1.2054983 -2.8195166)
(0.77334333 1.23723 16.109702)
(1.814316 1.814318 16.069401)
(1.1431305 0.525348 12.526999)
(1.2325145 -0.4949185 8.847329)
(3.003925 1.254623 6.726647)
(5.0263155 2.823433 3.8913945)
(3.8871535 2.6687765 0.48534365)
(2.5553567 4.0655325 -1.7099692)
(2.4919585 5.5257603 -2.3972777)
(0.70511987 4.6270307 -2.5787721)
(0.48758867 2.8652395 13.543139)
(0.5253475 1.143136 12.526999)
(0.555999 0.556001 9.919702)
(2.798956 2.26726 8.552954)
(4.6972555 3.9944305 6.8041295)
(5.437261 4.5177075 4.3443075)
(5.233658 5.2973323 1.1651904)
(4.0759482 6.7830934 -1.1539692)
(2.2037357 6.5271172 -2.587319)
(0.38967893 6.0589701 -3.558526)
(-0.37472567 2.069688 9.6989315)
(-0.4949225 1.232519 8.847325)
(2.2672545 2.7989605 8.552953)
(4.670944 4.6709475 8.1725011)
(5.2543725 5.5194385 6.2841057)
(6.3292174 6.5255975 3.9993896)
(6.1525394 7.2556484 1.2645571)
(3.7851416 6.5057935 -1.8304448)
(1.7678353 6.186405 -4.2985708)
(0.3930218 5.6992833 -6.0648205)
(-0.070524 1.378907 5.9121385)
(1.25462 3.0039265 6.726644)
(3.9944275 4.6972605 6.804128)
(5.519434 5.254373 6.2841047)
(6.5519055 6.5519111 4.8464204)
(7.173471 7.4153107 2.4927584)
(5.213854 5.9394101 -0.8414174)
(3.0067048 4.8209816 -4.5773043)
(1.3972255 4.403891 -7.973382)
(0.064931133 2.5415746 -9.7713024)
(0.70862067 4.023108 2.83011)
(2.823431 5.0263155 3.89139)
(4.517701 5.4372585 4.3443059)
(6.5255946 6.3292189 3.9993877)
(7.4153102 7.173472 2.4927589)
(5.7167163 5.7167205 -0.4736765)
(3.5582104 3.783592 -4.4711786)
(2.2496226 2.5959566 -8.4203577)
(-0.51157175 -0.1264677 -11.837889)
(-0.8485225 -1.9195448 -13.917109)
(0.598281 3.991559 -0.2181865)
(2.6687705 3.887152 0.48533825)
(5.2973309 5.2336557 1.1651872)
(7.2556475 6.152544 1.2645562)
(5.9394071 5.2138551 -0.8414208)
(3.783591 3.5582114 -4.471179)
(2.09309 2.0930915 -8.3239125)
(-0.90335495 -1.4309603 -12.586521)
(-3.1182758 -4.2063978 -16.352067)
(-1.1304536 -4.7453625 -17.030351)
(0.639016 1.218962 -2.6758958)
(4.0655277 2.5553547 -1.7099742)
(6.783093 4.0759523 -1.1539718)
(6.505794 3.7851427 -1.8304468)
(4.8209775 3.0067103 -4.5773045)
(2.5959528 2.249623 -8.4203594)
(-1.4309613 -0.9033554 -12.586522)
(-4.0498668 -4.0498671 -17.078382)
(-3.825974 -5.0735209 -19.185039)
(-1.2078323 -5.00016 -18.556276)
(1.4892095 1.642236 -3.2103296)
(5.5257609 2.4919568 -2.3972802)
(6.5271188 2.2037395 -2.5873182)
(6.1864055 1.7678358 -4.2985702)
(4.4038875 1.3972246 -7.9733806)
(-0.1264747 -0.5115708 -11.837887)
(-4.2064001 -3.1182756 -16.352066)
(-5.0735205 -3.8259741 -19.185039)
(-4.0685687 -4.0685696 -19.472716)
(-1.0815463 -4.25292 -19.060526)
(1.2054965 0.98883267 -2.8195155)
(4.6270312 0.70511973 -2.5787699)
(6.058972 0.38967957 -3.558524)
(5.6992791 0.3930218 -6.0648193)
(2.5415709 0.064928667 -9.7713005)
(-1.9195475 -0.84852253 -13.917105)
(-4.7453645 -1.1304532 -17.030349)
(-5.0001608 -1.2078321 -18.556272)
(-4.2529199 -1.0815467 -19.060524)
(-1.3307325 -1.3307329 -17.882861)
(0.97073933 0.970739 17.641031)
(0.670065 -0.064854667 18.284315)
(-0.864067 0.077605667 15.744353)
(-0.780112 0.029899 13.558964)
(-0.799974 0.34608467 12.82917)
(0.721015 0.898648 10.673386)
(0.8036895 1.2109741 7.1660565)
(-0.0533825 1.1464007 4.6732301)
(0.863167 1.3144551 3.4752664)
(0.60089267 0.9211016 2.0637204)
(-0.064854333 0.670065 18.284314)
(-0.669635 -0.669634 15.989717)
(-0.7219365 -0.4824765 15.101779)
(-0.3773935 0.1256425 14.902571)
(0.5031495 1.751577 13.55818)
(2.0183491 3.417474 11.065885)
(1.1753186 3.5223617 7.3648242)
(0.101839 3.9384096 4.582482)
(0.5252183 4.1359853 2.1979858)
(0.20753917 3.1011764 0.5912184)
(0.077606667 -0.864063 15.744352)
(-0.4824765 -0.7219335 15.101778)
(-0.0687905 -0.0687875 15.0684)
(1.4539415 1.6079121 14.522402)
(2.4918575 3.1540772 12.545011)
(2.4917997 3.9303721 9.7170505)
(1.3246251 3.8706935 5.6013963)
(0.56024105 4.2847482 1.6972412)
(0.02593385 3.7202647 -0.950579)
(-0.088979933 2.9782187 -2.4220514)
(0.029898667 -0.780107 13.558961)
(0.1256405 -0.37739 14.902568)
(1.6079091 1.453945 14.522404)
(2.8454712 2.8454747 12.493045)
(2.8256095 3.6769524 10.227181)
(2.7349655 3.8679034 6.8653646)
(1.5296947 3.8747177 1.9318844)
(-0.048589865 2.7785317 -2.4318771)
(-0.78131127 2.0394867 -5.2637642)
(-0.28715818 1.3030851 -6.9578988)
(0.34608467 -0.7999725 12.829165)
(1.7515755 0.5031505 13.558177)
(3.1540743 2.4918609 12.545012)
(3.6769489 2.8256127 10.22718)
(3.5142862 3.5142897 7.1501805)
(2.689565 3.3189721 2.5068408)
(0.23525333 1.5452308 -2.8798286)
(-1.2749899 0.24275099 -7.4141772)
(-1.4495127 -0.45567542 -10.411973)
(-0.5799143 -2.0386364 -11.831672)
(0.89864733 0.721017 10.673381)
(3.4174739 2.0183494 11.065882)
(3.9303712 2.4917994 9.7170483)
(3.8679 2.7349656 6.865368)
(3.3189689 2.6895659 2.5068403)
(0.76590657 0.76590763 -2.7363567)
(-1.5465264 -1.1506689 -7.9441069)
(-2.049496 -2.3292757 -12.194144)
(-3.0626987 -4.5123275 -15.076039)
(-1.3424655 -5.5655801 -15.529152)
(1.2109729 0.803691 7.1660512)
(3.522358 1.1753181 7.3648226)
(3.8706905 1.3246242 5.6013965)
(3.8747153 1.5296938 1.9318842)
(1.5452282 0.23525512 -2.8798275)
(-1.1506697 -1.5465261 -7.9441077)
(-2.85993 -2.8599302 -12.659696)
(-4.6366485 -5.6632773 -16.644991)
(-4.6858171 -7.3661394 -18.096477)
(-1.2820827 -6.7991326 -17.789378)
(1.1463987 -0.0533835 4.6732272)
(3.9384072 0.1018384 4.5824825)
(4.284747 0.56024275 1.697245)
(2.7785308 -0.04858529 -2.4318766)
(0.24274904 -1.2749864 -7.4141742)
(-2.3292788 -2.0494925 -12.194142)
(-5.6632776 -4.6366468 -16.644989)
(-6.5557052 -6.5557045 -18.888825)
(-4.198554 -6.094552 -19.200169)
(-0.964461 -5.629727 -18.434791)
(1.3144542 0.8631665 3.4752713)
(4.1359842 0.52522295 2.1979923)
(3.7202668 0.02593525 -0.95057635)
(2.0394862 -0.78130778 -5.263758)
(-0.45567898 -1.4495114 -10.411972)
(-4.5123301 -3.0626937 -15.076035)
(-7.3661421 -4.6858132 -18.096475)
(-6.0945537 -4.1985515 -19.200167)
(-3.7598395 -3.759837 -18.785298)
(-0.97219933 -3.3656805 -18.006889)
(0.921103 0.60089267 2.0637255)
(3.1011759 0.2075415 0.59122495)
(2.9782163 -0.088979533 -2.4220501)
(1.3030842 -0.28715885 -6.957896)
(-2.0386369 -0.5799142 -11.831668)
(-5.5655806 -1.3424641 -15.52915)
(-6.7991354 -1.2820812 -17.789376)
(-5.629729 -0.96445967 -18.434787)
(-3.365683 -0.972198 -18.006887)
(-0.70169 -0.70168867 -16.901903)
(0.5317197 0.53171927 12.776825)
(-0.65944845 -0.75638847 10.490468)
(-1.8601158 0.059205367 10.615053)
(-0.84550239 0.5210113 11.354073)
(-1.5066738 0.41548383 11.500331)
(-1.6400055 0.9702865 9.7432903)
(-2.0085978 0.73079415 7.1393962)
(-2.4718256 0.57851893 5.017939)
(-0.9672722 0.63769003 3.6614602)
(0.0478013 0.22383033 2.3213606)
(-0.75638803 -0.65944845 10.490467)
(-1.3682193 -1.368219 10.03771)
(0.0559839 -0.1506052 10.750509)
(-0.3110847 0.4685194 11.558558)
(-0.83276095 0.97046429 10.714312)
(-1.16704 1.867097 8.4516203)
(-2.5962491 1.1041163 4.8880317)
(-2.6114817 1.0895436 2.6539291)
(-1.4993051 1.0999148 1.1285358)
(-0.3660584 0.14125885 0.04499285)
(0.059206 -1.8601141 10.615054)
(-0.1506052 0.05598675 10.750508)
(-0.02337735 -0.02337445 11.205122)
(0.2755671 -0.14226585 10.309782)
(-0.1080961 0.6634316 8.1282107)
(-1.5063535 0.31718745 4.786969)
(-2.7861513 -0.13560748 1.0497116)
(-2.4760271 -0.2312657 -1.6750905)
(-1.9155569 -0.9346328 -2.9981457)
(-0.59130267 -1.4901471 -3.7435999)
(0.52101253 -0.84549932 11.35407)
(0.46852035 -0.3110823 11.558557)
(-0.1422687 0.275573 10.309783)
(0.37572135 0.3757256 7.5122151)
(-0.37330765 0.1246082 4.757985)
(-1.9660791 -0.6846122 0.4932609)
(-3.1447023 -1.2255765 -3.8631842)
(-3.4105071 -2.6056249 -6.6689173)
(-2.7581864 -3.2749888 -7.8858633)
(-0.73640123 -3.7103378 -8.192881)
(0.41548402 -1.5066722 11.500327)
(0.97046712 -0.8327594 10.714311)
(0.66343055 -0.1080947 8.1282097)
(0.1246023 -0.37330375 4.7579866)
(-1.1684339 -1.1684294 0.27574725)
(-2.8565382 -2.1864107 -4.666448)
(-4.707164 -3.9365812 -9.0067084)
(-4.5254393 -4.9412853 -11.589838)
(-3.0202698 -5.4083837 -12.287291)
(-0.88153533 -6.0296788 -11.959127)
(0.9702877 -1.6400059 9.7432877)
(1.8670978 -1.167039 8.4516232)
(0.31718695 -1.5063572 4.7869696)
(-0.68461335 -1.9660771 0.4932647)
(-2.1864146 -2.856536 -4.6664467)
(-4.7342309 -4.734228 -9.5509317)
(-5.8995769 -5.9962753 -13.325597)
(-4.8823095 -6.6348577 -15.117257)
(-3.84658 -7.810972 -15.535093)
(-1.150598 -7.8772505 -14.103529)
(0.73079524 -2.0085953 7.1393955)
(1.1041158 -2.5962475 4.8880326)
(-0.13560748 -2.7861476 1.0497188)
(-1.2255764 -3.1447006 -3.8631813)
(-3.9365848 -4.7071594 -9.0067053)
(-5.9962775 -5.8995739 -13.325593)
(-6.6077938 -6.6077905 -16.141362)
(-6.340136 -8.125641 -17.4231)
(-4.2626625 -8.3305275 -16.441531)
(-0.925721 -7.651001 -14.942081)
(0.57851953 -2.4718178 5.0179428)
(1.0895455 -2.6114755 2.6539365)
(-0.2312662 -2.4760205 -1.6750854)
(-2.6056252 -3.4104995 -6.6689075)
(-4.9412878 -4.525434 -11.589833)
(-6.634862 -4.8823043 -15.117253)
(-8.125644 -6.340134 -17.423098)
(-6.6050465 -6.605043 -16.988673)
(-3.37194 -5.762342 -15.787655)
(-0.69758033 -5.217671 -14.648844)
(0.63769013 -0.96726575 3.6614664)
(1.0999132 -1.4993008 1.1285461)
(-0.93463145 -1.9155556 -2.998137)
(-3.27499 -2.7581836 -7.885859)
(-5.4083896 -3.020269 -12.287286)
(-7.8109775 -3.8465785 -15.535091)
(-8.3305325 -4.2626625 -16.441529)
(-5.762344 -3.371936 -15.787654)
(-2.8752905 -2.8752875 -15.185109)
(-0.562607 -2.7200325 -13.4885)
(0.2238295 0.0478021 2.3213705)
(0.14125565 -0.36605853 0.04499765)
(-1.490149 -0.5913029 -3.7435914)
(-3.7103386 -0.73640353 -8.1928778)
(-6.0296828 -0.88153533 -11.959123)
(-7.8772555 -1.150599 -14.103529)
(-7.6510015 -0.92572067 -14.942082)
(-5.2176715 -0.69757833 -14.648845)
(-2.7200365 -0.56260567 -13.488501)
(-0.594077 -0.59407567 -12.817541)
(-0.55349867 -0.55349967 3.2972617)
(-1.4917077 -0.3666935 1.3226263)
(-0.0004625 0.16790973 3.3271385)
(0.10516585 0.16622233 4.8665788)
(-2.4107567 -0.17792767 3.7671767)
(-3.6399194 0.037534667 2.859427)
(-3.9216618 -0.28993563 1.1509638)
(-3.5313186 -0.42960583 0.70042935)
(-1.8334113 -0.3741611 0.96492735)
(-0.292507 -0.59647693 0.71975485)
(-0.3666925 -1.4917066 1.3226276)
(-0.40959355 -0.4095945 2.3072074)
(0.79891125 0.1075923 3.2755265)
(-0.41359025 -0.9186489 2.8973459)
(-2.6037882 -1.6205429 1.7703323)
(-3.8079314 -1.5388473 -0.44768149)
(-4.6223725 -2.5673228 -2.0332522)
(-3.6576568 -2.7546199 -2.1375284)
(-2.083718 -2.5236206 -1.6396846)
(-0.51482283 -2.9637841 -1.2942343)
(0.1679094 -0.0004605 3.3271368)
(0.10759125 0.79891325 3.2755263)
(-0.5095169 -0.5095139 2.9276464)
(-1.6229694 -2.4384308 1.2009674)
(-3.0309551 -2.80225 -1.3837759)
(-4.5866994 -4.0279873 -3.9788345)
(-5.1374344 -4.8805223 -5.7769973)
(-3.4876163 -5.0380982 -5.9782877)
(-2.0425756 -5.2941345 -5.0759118)
(-0.58594937 -5.2596552 -4.3270838)
(0.16622333 0.10516605 4.8665783)
(-0.91864695 -0.4135872 2.8973424)
(-2.4384329 -1.622967 1.2009666)
(-2.7063263 -2.7063203 -1.5903978)
(-4.1933446 -4.1755111 -4.8654166)
(-5.8862037 -5.5855136 -8.1369926)
(-5.6324835 -6.1817024 -9.8910483)
(-4.071269 -7.1362156 -9.7270338)
(-2.305275 -7.2496586 -8.3694492)
(-0.49183667 -6.912442 -6.9658889)
(-0.1779261 -2.4107548 3.7671751)
(-1.6205417 -2.6037833 1.7703313)
(-2.80225 -3.030952 -1.3837803)
(-4.1755135 -4.1933377 -4.8654177)
(-5.9101484 -5.9101421 -8.9931735)
(-6.5928907 -6.7252205 -11.814263)
(-6.6881364 -7.917182 -13.114012)
(-4.5555725 -8.205589 -12.343967)
(-1.818802 -8.1049055 -10.520475)
(-0.36113833 -7.949284 -8.4745145)
(0.0375377 -3.6399145 2.8594289)
(-1.5388441 -3.8079288 -0.4476814)
(-4.0279872 -4.5866915 -3.9788327)
(-5.5855163 -5.8862023 -8.1369915)
(-6.7252275 -6.5928867 -11.814263)
(-7.8932437 -7.8932369 -14.178932)
(-7.112852 -8.2853225 -14.743034)
(-4.2589925 -8.1625375 -13.533614)
(-2.04897 -8.666567 -11.39935)
(-0.388089 -8.5485345 -8.9630745)
(-0.28993567 -3.9216539 1.1509679)
(-2.5673187 -4.6223687 -2.03325)
(-4.8805234 -5.1374308 -5.7769935)
(-6.1817087 -5.6324785 -9.8910471)
(-7.917183 -6.6881312 -13.114011)
(-8.2853265 -7.112847 -14.74303)
(-6.957437 -6.957431 -14.68698)
(-4.936817 -7.5346935 -13.144134)
(-2.204799 -7.618701 -10.541702)
(-0.28245 -7.344448 -8.420377)
(-0.4296055 -3.5313126 0.70043395)
(-2.754621 -3.6576481 -2.1375217)
(-5.0380971 -3.487613 -5.9782817)
(-7.1362168 -4.071263 -9.7270314)
(-8.205596 -4.555567 -12.343965)
(-8.1625435 -4.2589905 -13.533612)
(-7.5346985 -4.9368135 -13.144134)
(-4.9202625 -4.920259 -11.010392)
(-1.8587245 -4.83813 -9.117819)
(-0.20525367 -4.1761455 -6.96321)
(-0.37415937 -1.8334058 0.9649357)
(-2.5236191 -2.0837159 -1.6396788)
(-5.2941383 -2.0425708 -5.075905)
(-7.2496628 -2.305278 -8.3694501)
(-8.1049105 -1.8188015 -10.520471)
(-8.666573 -2.04897 -11.39935)
(-7.6187055 -2.204798 -10.541701)
(-4.8381335 -1.858723 -9.117819)
(-1.4606855 -1.4606835 -7.1873105)
(0.158873 -1.534378 -5.402556)
(-0.59647893 -0.29250453 0.71976065)
(-2.963786 -0.5148241 -1.2942263)
(-5.2596592 -0.58594917 -4.3270761)
(-6.9124475 -0.491838 -6.9658838)
(-7.949288 -0.361139 -8.4745105)
(-8.54854 -0.38808967 -8.963073)
(-7.3444515 -0.28245033 -8.4203775)
(-4.176148 -0.20525367 -6.963213)
(-1.5343795 0.15887333 -5.402559)
(-0.25438333 -0.254383 -3.3012035)
(-0.78470387 -0.7847034 -3.5788206)
(-0.6295716 -0.10000103 -2.8184494)
(1.6838368 0.0247974 -1.3248339)
(-0.40546415 -0.7918107 -1.7695682)
(-3.5138257 -0.91574583 -2.5190696)
(-4.2562185 -1.2344525 -2.7709391)
(-4.1675954 -1.3920165 -2.828614)
(-2.657862 -1.3134529 -1.2459201)
(-0.9479467 -1.0987179 0.4871776)
(-0.11564703 -1.1188291 1.1269109)
(-0.1000015 -0.62957325 -2.8184487)
(0.5846796 0.58468105 -2.6162332)
(0.6461223 -0.5500973 -1.9615864)
(-1.816279 -3.197092 -3.2485204)
(-4.1777883 -4.1804884 -4.4140474)
(-4.9706245 -4.9711644 -5.2979976)
(-4.2860961 -5.8238448 -4.6425138)
(-2.2179141 -5.5891734 -2.709998)
(-0.65601105 -4.9409243 -0.85449265)
(-0.13575827 -4.9055797 0.1188994)
(0.024799 1.6838366 -1.3248372)
(-0.55009565 0.64612175 -1.9615878)
(-2.0979363 -2.0979344 -2.5719878)
(-4.0358552 -4.6300095 -4.5003556)
(-5.287898 -5.9723172 -6.07268)
(-5.8995749 -7.3721237 -7.0548865)
(-4.7856044 -7.9934036 -6.5786289)
(-1.7749415 -7.8207711 -4.6038041)
(-0.264353 -7.6643974 -2.6542041)
(-0.092084 -7.1618015 -1.4403445)
(-0.7918114 -0.40546105 -1.7695695)
(-3.1970914 -1.8162774 -3.2485247)
(-4.6300089 -4.0358537 -4.5003598)
(-5.6906618 -5.6906596 -6.3055869)
(-6.9199025 -7.4847894 -8.3427922)
(-6.9917108 -8.5200409 -9.181619)
(-4.7347435 -8.5625915 -8.234895)
(-1.888908 -8.971304 -6.115288)
(0.0029585 -8.7195515 -3.74175)
(0.19930567 -7.8577685 -1.989255)
(-0.9157452 -3.5138216 -2.5190701)
(-4.1804883 -4.1777833 -4.4140516)
(-5.9723185 -5.287894 -6.0726844)
(-7.4847909 -6.9198975 -8.3427938)
(-8.1172794 -8.1172763 -9.9827877)
(-6.977377 -8.2283505 -10.193363)
(-5.2368675 -8.788567 -9.018556)
(-1.9319015 -8.7478655 -6.3513515)
(0.8491825 -8.4382845 -3.631012)
(0.482438 -8.0268645 -1.648203)
(-1.2344525 -4.2562131 -2.7709376)
(-4.9711638 -4.9706204 -5.2980017)
(-7.3721232 -5.8995704 -7.054889)
(-8.5200441 -6.9917065 -9.1816235)
(-8.2283555 -6.977373 -10.193365)
(-7.6630015 -7.662995 -10.10148)
(-5.2542585 -7.569243 -8.2109685)
(-1.5386255 -7.4350255 -5.576347)
(0.7239595 -7.832199 -2.677756)
(0.47358567 -7.823113 -0.7012105)
(-1.3920167 -4.1675902 -2.8286155)
(-5.8238456 -4.2860878 -4.6425153)
(-7.9934046 -4.7855966 -6.5786357)
(-8.5625935 -4.7347405 -8.234894)
(-8.788568 -5.2368615 -9.0185555)
(-7.569247 -5.2542535 -8.21097)
(-5.008898 -5.008891 -6.3478995)
(-2.1948575 -5.602419 -3.7443695)
(0.461095 -6.0489965 -0.812996)
(0.48849533 -5.6511365 1.2061855)
(-1.3134509 -2.6578501 -1.245919)
(-5.5891702 -2.2179043 -2.7099976)
(-7.8207758 -1.774932 -4.6038018)
(-8.971309 -1.8889025 -6.115292)
(-8.7478685 -1.931894 -6.3513515)
(-7.435031 -1.538624 -5.576349)
(-5.602424 -2.194855 -3.74437)
(-2.578731 -2.5787275 -1.13729)
(0.675242 -2.407951 1.629411)
(0.73882567 -2.19985 4.106986)
(-1.0987195 -0.94793905 0.4871837)
(-4.9409275 -0.65600535 -0.85449065)
(-7.6644027 -0.26435 -2.6542028)
(-8.7195555 0.002964 -3.7417475)
(-8.4382895 0.849186 -3.6310105)
(-7.832208 0.7239605 -2.677756)
(-6.0490015 0.4610945 -0.8129975)
(-2.4079535 0.675243 1.6294095)
(0.8399725 0.8399725 5.0263285)
(0.62722933 0.941974 6.339972)
(-1.1188284 -0.11564793 1.1269157)
(-4.9055812 -0.13575683 0.118907)
(-7.1618065 -0.092083667 -1.4403425)
(-7.857773 0.19930733 -1.989252)
(-8.026872 0.482438 -1.648203)
(-7.8231225 0.47358567 -0.7012115)
(-5.6511415 0.488495 1.2061845)
(-2.199853 0.73882567 4.106983)
(0.941973 0.62722867 6.33997)
(0.80682667 0.806826 8.4070845)
(-0.046584567 -0.0465851 -3.2236466)
(0.762279 -0.23188273 -1.9849625)
(1.0484187 -0.25659193 -1.4944323)
(-1.0890698 -0.8197458 -2.4201549)
(-3.4121276 -1.4412462 -1.6029846)
(-3.9494639 -1.647171 -1.2004193)
(-2.3966427 -1.4992022 0.49842717)
(-0.215527 -1.4056578 2.9151368)
(0.53941965 -1.2686079 4.166123)
(0.1339819 -1.2684846 4.0705055)
(-0.2318822 0.7622768 -1.9849648)
(0.44726875 0.4472671 -1.3876945)
(0.1666241 -1.1395615 -1.6444371)
(-2.8660513 -3.6494363 -1.5776928)
(-4.6532654 -5.1741533 -1.5515928)
(-4.0363978 -5.8227947 -0.52047834)
(-2.034373 -6.3173378 1.507324)
(0.13036435 -6.112504 3.5745117)
(0.74517945 -5.6650023 4.3777812)
(0.1341052 -5.5310396 3.9550601)
(-0.25659103 1.0484187 -1.4944317)
(-1.1395593 0.16662185 -1.6444408)
(-3.0482847 -3.0482873 -1.0598673)
(-5.1236616 -5.4954973 -1.1235691)
(-5.585486 -6.7309948 -0.59780445)
(-5.0926483 -7.9116087 0.26329685)
(-2.686352 -8.4729035 2.0966404)
(0.4368085 -8.4433882 3.9280734)
(1.120884 -8.1813919 4.32175)
(0.22329033 -7.3678096 3.9167496)
(-0.81974677 -1.0890669 -2.4201582)
(-3.6494373 -2.866051 -1.5776949)
(-5.495495 -5.1236636 -1.1235741)
(-6.5487587 -6.5487585 -0.65518357)
(-7.0693768 -8.0856188 -0.2536614)
(-5.7783065 -8.7239905 0.950897)
(-2.5661525 -8.6216295 2.842998)
(0.421876 -8.883763 4.4234655)
(1.820758 -8.2264665 5.104285)
(0.67649333 -7.1203005 5.1380585)
(-1.4412471 -3.4121229 -1.6029861)
(-5.174156 -4.6532603 -1.5515966)
(-6.7309922 -5.5854812 -0.59780514)
(-8.0856169 -7.0693743 -0.25366105)
(-7.760718 -7.760715 0.6379485)
(-5.628659 -7.645081 1.9523405)
(-2.8461245 -7.8932555 3.8140215)
(0.8319715 -7.666648 5.770867)
(2.8843465 -7.0409115 6.8556155)
(0.96073433 -6.6612395 6.9818505)
(-1.6471717 -3.9494599 -1.2004218)
(-5.8227956 -4.0363925 -0.52048293)
(-7.911609 -5.0926429 0.2632931)
(-8.7239925 -5.7783025 0.9508925)
(-7.6450835 -5.6286545 1.9523385)
(-5.910847 -5.9108435 3.443446)
(-2.5877195 -5.614666 5.717693)
(1.27422 -5.5555555 7.655063)
(2.8261665 -5.848551 9.0733155)
(0.929608 -5.694146 9.4085815)
(-1.4992022 -2.3966352 0.49842351)
(-6.3173389 -2.0343645 1.5073194)
(-8.4729022 -2.6863435 2.0966391)
(-8.6216285 -2.566147 2.8429965)
(-7.893259 -2.8461175 3.8140165)
(-5.6146705 -2.5877165 5.717687)
(-2.4908365 -2.4908325 7.7384415)
(0.5980865 -3.0956365 9.9644315)
(2.745756 -3.311534 11.815331)
(1.063671 -2.5362515 12.87375)
(-1.4056579 -0.2155134 2.9151376)
(-6.1125038 0.1303765 3.5745072)
(-8.4433915 0.43682 3.9280675)
(-8.8837665 0.4218835 4.423462)
(-7.666653 0.831978 5.770861)
(-5.555562 1.2742235 7.6550605)
(-3.0956395 0.5980885 9.9644285)
(0.4535185 0.45352 12.690948)
(3.3855515 1.0011945 15.4544)
(1.446463 0.957641 16.366991)
(-1.2686089 0.53942895 4.1661167)
(-5.6650055 0.74518865 4.3777773)
(-8.1813952 1.1208885 4.3217435)
(-8.2264705 1.820762 5.10428)
(-7.040919 2.884347 6.855608)
(-5.84856 2.8261675 9.073311)
(-3.31154 2.7457565 11.815327)
(1.0011925 3.38555 15.4544)
(3.249877 3.2498755 17.789374)
(1.0346353 2.7657205 18.806742)
(-1.2684848 0.1339835 4.0705043)
(-5.5310443 0.13410767 3.9550538)
(-7.3678181 0.223291 3.9167412)
(-7.120308 0.67649233 5.1380515)
(-6.6612475 0.96073267 6.9818425)
(-5.6941525 0.92960667 9.4085785)
(-2.536257 1.063671 12.873748)
(0.9576375 1.446462 16.366987)
(2.765722 1.0346343 18.80674)
(1.123693 1.123692 18.718696)
(0.041085533 0.041084467 0.7283943)
(1.0996426 0.29817763 0.8696549)
(1.2486444 -0.075205767 1.6002471)
(-0.51401645 -0.23016933 2.8607892)
(-2.2940901 -0.8814846 4.0232408)
(-2.1548067 -0.78115848 5.7461303)
(-0.05203925 -0.7194186 7.7575897)
(1.0098338 -0.87386967 8.5446295)
(0.20742195 -0.95761241 7.4277427)
(-0.17939203 -1.1957927 5.5933708)
(0.2981787 1.0996416 0.8696541)
(0.9252073 0.92520275 2.2205218)
(0.45612395 -0.1155323 3.2657884)
(-1.7234347 -1.9005062 4.7918614)
(-3.1205738 -3.1753082 6.7059017)
(-1.9117077 -3.5074482 8.8235538)
(-0.19110604 -4.2256316 10.310728)
(0.65254314 -4.5762369 10.329006)
(-0.27546259 -4.7852973 8.4835081)
(-0.41757233 -5.0593356 5.8454691)
(-0.075207033 1.2486432 1.6002449)
(-0.11553125 0.45612135 3.2657858)
(-1.5770646 -1.5770714 5.2511521)
(-3.5737924 -3.7075002 7.58974)
(-3.9010321 -4.6743858 9.7866537)
(-3.20513 -5.9007483 11.566992)
(-1.1208279 -6.6577296 12.874629)
(0.45016815 -6.9718173 12.503647)
(-0.27567675 -6.9378937 9.9237412)
(-0.36208427 -5.9788032 7.340921)
(-0.2301692 -0.5140154 2.8607875)
(-1.9005073 -1.7234332 4.7918571)
(-3.7074977 -3.5737915 7.5897388)
(-4.8207491 -4.8207515 10.142106)
(-5.3138219 -6.2490364 12.330902)
(-3.8950514 -6.8309973 14.179802)
(-1.262175 -6.8452104 15.284897)
(0.372379 -7.1285104 14.652431)
(0.7175515 -6.1856861 12.238083)
(0.22182133 -4.7926676 10.059224)
(-0.88148557 -2.2940852 4.0232376)
(-3.1753074 -3.1205713 6.7058983)
(-4.6743829 -3.9010269 9.7866546)
(-6.2490373 -5.3138214 12.330898)
(-5.9112779 -5.9112764 14.619936)
(-3.801304 -5.7358015 16.381851)
(-1.418341 -5.913872 17.455759)
(1.1096925 -5.516268 17.106008)
(2.060166 -4.469254 15.273999)
(0.56659467 -3.7563415 13.278103)
(-0.78115995 -2.1548035 5.7461229)
(-3.507449 -1.9117043 8.8235475)
(-5.9007477 -3.2051262 11.566986)
(-6.8309987 -3.8950489 14.179797)
(-5.735802 -3.801305 16.381849)
(-3.897647 -3.8976485 18.310134)
(-1.0426415 -3.644823 19.57459)
(1.816997 -3.241461 19.744885)
(2.477478 -2.872483 18.678186)
(0.69709633 -1.9312135 17.232595)
(-0.71941943 -0.0520308 7.7575841)
(-4.22563 -0.19109771 10.310723)
(-6.6577275 -1.1208222 12.874625)
(-6.8452161 -1.262171 15.284889)
(-5.9138775 -1.418339 17.45575)
(-3.644822 -1.042639 19.574584)
(-0.7621535 -0.7621555 21.206739)
(1.8820325 -0.566534 22.455369)
(3.3704135 0.3320885 22.431521)
(1.1941077 1.307273 21.749015)
(-0.87387123 1.0098432 8.5446191)
(-4.5762403 0.65255354 10.328996)
(-6.971821 0.4501724 12.503634)
(-7.1285156 0.372381 14.652423)
(-5.51627 1.1096975 17.105999)
(-3.2414635 1.817 19.74488)
(-0.5665365 1.882031 22.455364)
(2.911241 2.911241 24.786291)
(4.351285 3.566092 25.810084)
(1.3472193 3.7331415 24.707033)
(-0.95761251 0.20742765 7.4277294)
(-4.7853008 -0.27545871 8.4834971)
(-6.9379 -0.27567635 9.9237285)
(-6.185691 0.7175535 12.238071)
(-4.4692585 2.0601675 15.273986)
(-2.8724885 2.4774785 18.678176)
(0.3320875 3.370414 22.431516)
(3.5660935 4.351282 25.810083)
(4.192314 4.192312 26.692751)
(1.305474 3.2936785 25.910526)
(-1.1957955 -0.17938953 5.5933582)
(-5.0593443 -0.41757249 5.845453)
(-5.9788088 -0.3620852 7.3409068)
(-4.7926717 0.22182167 10.059211)
(-3.756345 0.56659433 13.278091)
(-1.931217 0.69709733 17.232588)
(1.307267 1.1941087 21.749014)
(3.733139 1.347217 24.70703)
(3.2936815 1.3054723 25.910526)
(0.74813033 0.74812867 24.765289)
(0.047589167 0.0475881 2.2258951)
(1.6341319 0.66869523 3.4292333)
(3.039553 0.85376893 4.4644689)
(1.3339239 0.46763567 6.2573544)
(-0.5267865 0.34719433 7.4840084)
(-0.215115 0.40444467 9.014698)
(0.4018565 0.20289033 9.318822)
(-0.545374 -0.21607367 7.5405542)
(-2.411839 -0.56476437 4.5310197)
(-1.0889327 -1.1004191 1.8996717)
(0.6686963 1.6341275 3.4292328)
(2.8434031 2.843398 4.3681153)
(2.7379636 2.5113434 6.8770491)
(0.574062 1.0795145 8.2574148)
(-0.621573 0.5892595 10.388816)
(-0.431571 -0.0019335 11.557589)
(-0.528921 -1.2002982 11.029471)
(-1.696856 -2.153487 8.6168597)
(-3.7383572 -3.1690038 5.0503898)
(-1.6245875 -3.7834895 2.1587701)
(0.85376953 3.0395521 4.464465)
(2.5113478 2.7379572 6.877049)
(1.2756695 1.275663 8.7789182)
(-0.58816 -0.1452525 11.478235)
(-1.6082345 -1.1059945 13.43438)
(-2.0046727 -2.5553606 14.333376)
(-1.749697 -3.4987349 13.837558)
(-2.5140796 -4.1199629 11.362095)
(-4.0418416 -4.4268166 7.3776104)
(-1.4985898 -3.1540548 4.8058974)
(0.467633 1.3339258 6.2573512)
(1.079514 0.5740615 8.257411)
(-0.145246 -0.588161 11.478238)
(-1.8075955 -1.807601 14.099818)
(-3.0316811 -3.2523366 16.203332)
(-2.8243115 -3.9091313 17.206251)
(-2.0935233 -4.0405 16.893786)
(-2.6249377 -4.2814013 14.449601)
(-2.7724491 -2.8762089 10.810794)
(-0.77607958 -1.1831185 8.3527549)
(0.34719333 -0.5267875 7.4840014)
(0.589261 -0.62157 10.388811)
(-1.105993 -1.6082335 13.434371)
(-3.2523355 -3.031683 16.203328)
(-3.7097648 -3.7097684 18.366067)
(-2.7928361 -3.5147491 19.754349)
(-2.121967 -3.6035628 19.730544)
(-1.3497886 -2.5741939 17.846507)
(-0.94355875 -0.60080923 15.000623)
(-0.36986287 0.51213167 12.527809)
(0.40444467 -0.2151135 9.0146879)
(-0.001932 -0.431568 11.557584)
(-2.555359 -2.0046725 14.333369)
(-3.9091304 -2.8243109 17.206249)
(-3.5147471 -2.7928402 19.754347)
(-2.7181059 -2.7181101 21.61084)
(-1.1529681 -1.8636854 22.245598)
(0.37781584 -0.20619501 21.581281)
(0.31387637 1.3089715 19.508826)
(-0.03411898 2.7767664 17.431411)
(0.20289033 0.401861 9.3188154)
(-1.200298 -0.5289155 11.029466)
(-3.4987358 -1.7496957 13.837546)
(-4.0405032 -2.0935211 16.893778)
(-3.603564 -2.1219674 19.73054)
(-1.8636814 -1.1529704 22.245595)
(0.38994804 0.3899422 24.176215)
(1.8228683 1.9457696 24.763675)
(2.0394027 3.8203642 23.549489)
(0.60866707 4.9381866 21.222425)
(-0.216073 -0.545368 7.5405422)
(-2.1534887 -1.6968492 8.616848)
(-4.1199646 -2.5140765 11.362084)
(-4.2814021 -2.624935 14.449588)
(-2.5741965 -1.3497864 17.8465)
(-0.20619625 0.37781523 21.581274)
(1.9457719 1.8228652 24.763672)
(3.8082378 3.808234 26.290132)
(3.3062933 5.2624248 25.638523)
(0.71109593 5.1191521 23.526913)
(-0.5647638 -2.411832 4.5310082)
(-3.1690065 -3.7383549 5.050377)
(-4.4268217 -4.041839 7.3775957)
(-2.8762131 -2.7724508 10.810782)
(-0.60081375 -0.94356045 15.000613)
(1.3089703 0.31387551 19.508818)
(3.8203668 2.0394065 23.549489)
(5.2624278 3.3062886 25.638521)
(3.3503208 3.3503172 26.042905)
(0.513152 2.8239763 23.029279)
(-1.1004216 -1.0889307 1.8996565)
(-3.7834957 -1.6245885 2.1587568)
(-3.1540605 -1.4985901 4.8058839)
(-1.1831235 -0.77608099 8.3527418)
(0.51212981 -0.36986377 12.527798)
(2.7767707 -0.03411861 17.431404)
(4.938185 0.6086699 21.222421)
(5.1191485 0.7110935 23.526911)
(2.8239811 0.51315033 23.029281)
(0.360202 0.36020033 20.687344)
(0.84331097 0.84330963 1.8758143)
(3.3382165 0.924099 3.2705505)
(4.0767655 1.533181 3.8461189)
(2.505523 1.1032043 3.681292)
(0.4632535 1.0550537 3.945311)
(-0.319993 0.91410233 3.527539)
(-1.526183 0.421014 1.868986)
(-3.7779685 -0.15633267 -1.180398)
(-5.4334606 -0.61136567 -3.8436853)
(-1.9336241 -1.0230604 -4.972652)
(0.92410033 3.3382115 3.2705501)
(4.3730235 4.3730185 4.3368042)
(4.3454235 4.198917 4.397125)
(1.788332 3.3203745 4.5826355)
(0.1796005 2.775063 4.5779945)
(-1.2710525 1.81123 3.624272)
(-3.1318355 0.293104 1.3261965)
(-5.326538 -0.754696 -1.7385713)
(-6.7335523 -1.9387066 -4.1125286)
(-2.3453188 -2.1531099 -4.2836175)
(1.5331823 4.0767615 3.8461208)
(4.198922 4.345417 4.397126)
(3.0241215 3.024118 4.879863)
(1.081669 2.1349025 5.58347)
(-1.045891 1.1401305 5.5699105)
(-2.801952 -0.2520865 4.9470005)
(-4.092109 -0.7934145 3.2633912)
(-6.0097791 -1.1390765 0.86181805)
(-6.8318745 -1.1774892 -1.1560967)
(-2.0765596 0.2151816 -1.2217045)
(1.103204 2.505521 3.681288)
(3.32038 1.788329 4.5826375)
(2.134909 1.0816615 5.583469)
(-0.0956555 -0.095659 6.459873)
(-2.2073885 -1.3173495 7.150118)
(-3.2045975 -1.410025 7.1041121)
(-4.0188255 -0.9522235 6.3861714)
(-5.7106127 -0.6440985 4.4417964)
(-5.3792941 1.4373261 2.7903558)
(-1.4168717 2.9292443 2.3429729)
(1.0550543 0.4632515 3.945303)
(2.7750625 0.179602 4.577991)
(1.1401335 -1.0458965 5.569908)
(-1.317342 -2.2073895 7.1501185)
(-2.360257 -2.3602615 8.4833735)
(-2.436826 -1.331213 9.7491042)
(-3.3261825 -0.56206 9.7471447)
(-3.6202295 1.6154125 8.6302623)
(-3.2585316 4.2287771 7.2125292)
(-1.0819474 5.3223152 6.5894716)
(0.91410433 -0.3199895 3.527538)
(1.811232 -1.2710495 3.6242685)
(-0.2520825 -2.801951 4.946996)
(-1.4100205 -3.204598 7.1041095)
(-1.331212 -2.4368315 9.7491019)
(-1.406396 -1.406402 11.900641)
(-1.0722 0.8008475 12.964277)
(-0.9197755 3.675707 12.876318)
(-1.6723915 5.676384 11.456141)
(-0.68784633 6.7634022 10.300752)
(0.42101433 -1.5261765 1.8689805)
(0.293101 -3.131834 1.3261885)
(-0.793415 -4.092107 3.263383)
(-0.9522225 -4.0188325 6.3861648)
(-0.562061 -3.3261865 9.7471412)
(0.800853 -1.0722045 12.964278)
(1.7559265 1.755918 15.286341)
(1.255307 4.142317 15.625368)
(-0.1708365 6.461786 14.217027)
(-0.35726867 7.4027745 12.135343)
(-0.156334 -3.777964 -1.180404)
(-0.7546985 -5.3265355 -1.7385828)
(-1.139081 -6.0097783 0.86180885)
(-0.6441 -5.7106153 4.4417881)
(1.615416 -3.6202295 8.6302583)
(3.6757085 -0.919777 12.876315)
(4.1423215 1.2553055 15.625366)
(3.7860925 3.786087 16.383229)
(1.588066 6.059507 15.26119)
(-0.060520667 5.539996 13.129108)
(-0.61136667 -5.433458 -3.8436953)
(-1.9387133 -6.7335499 -4.1125419)
(-1.1774948 -6.8318764 -1.1561075)
(1.4373263 -5.3792927 2.7903453)
(4.2287773 -3.2585343 7.2125226)
(5.676388 -1.672392 11.456135)
(6.4617905 -0.1708365 14.217026)
(6.0595085 1.5880615 15.26119)
(1.5830725 1.5830705 14.028084)
(-0.70360933 0.45411 11.531685)
(-1.0230619 -1.933624 -4.9726634)
(-2.1531169 -2.3453193 -4.2836276)
(0.2151762 -2.0765597 -1.2217156)
(2.9292421 -1.4168719 2.3429662)
(5.3223167 -1.0819492 6.5894642)
(6.7634063 -0.68784567 10.30075)
(7.402775 -0.35727033 12.135336)
(5.5399995 -0.060522667 13.129109)
(0.4541145 -0.70360967 11.531683)
(-0.813161 -0.81316133 8.2086575)
(0.97741333 0.977412 -0.06734525)
(3.6044365 1.379531 -0.76536505)
(3.4502945 1.2211063 -1.466076)
(1.433116 1.0685313 -3.2151215)
(-0.6805395 0.76898333 -4.8060575)
(-2.29144 0.46893333 -6.2058079)
(-4.3060805 -0.15896933 -8.0183709)
(-6.2580453 -0.58818917 -9.6417761)
(-6.204093 -0.7439932 -9.409954)
(-1.8415772 -0.64106277 -7.4024253)
(1.3795323 3.604434 -0.76536265)
(3.969978 3.9699735 -0.6092675)
(2.983795 3.5450875 -2.9564435)
(0.7549315 2.9816925 -4.3697795)
(-1.5799365 2.213859 -6.248554)
(-3.683369 1.417528 -7.7297981)
(-5.8917643 0.194107 -9.4032411)
(-7.1355811 -0.1112709 -10.18878)
(-6.2834035 -0.4814152 -8.7687815)
(-1.7386467 -0.03254195 -5.3131635)
(1.2211063 3.45029 -1.466072)
(3.54509 2.9837905 -2.9564415)
(2.4620135 2.462007 -3.91265)
(0.1018875 1.731985 -5.512315)
(-2.244704 1.466129 -6.5783785)
(-4.311192 0.9244795 -7.1560178)
(-5.8348794 1.56124 -7.7870483)
(-6.9335675 2.0604048 -7.4542852)
(-6.1253641 2.4760677 -5.4135661)
(-1.5423283 3.4725356 -2.3151825)
(1.0685327 1.433108 -3.2151195)
(2.981695 0.7549265 -4.3697775)
(1.7319895 0.101884 -5.512316)
(-0.2409465 -0.2409525 -5.9654465)
(-2.387442 -0.3388735 -5.8531825)
(-3.588258 0.8929725 -5.48361)
(-4.755839 2.4432535 -4.8051426)
(-6.2207534 3.4870429 -3.8354711)
(-4.8712726 5.492417 -2.0748516)
(-1.0743348 6.6280575 0.36268055)
(0.76898533 -0.6805375 -4.806055)
(2.213866 -1.579939 -6.2485535)
(1.4661345 -2.2447065 -6.578378)
(-0.33887 -2.3874465 -5.853182)
(-1.110779 -1.1107845 -4.5734905)
(-1.529065 1.2817795 -2.6879475)
(-3.240809 2.9745425 -1.332036)
(-3.884404 5.8603275 -0.0922625)
(-2.9843495 8.0649759 0.7621625)
(-0.78523467 8.4699111 2.6103107)
(0.46893167 -2.291436 -6.2058084)
(1.417526 -3.6833705 -7.7298011)
(0.924482 -4.3111975 -7.1560191)
(0.8929755 -3.5882645 -5.483613)
(1.281784 -1.5290725 -2.6879505)
(0.497069 0.497064 -0.068686)
(-0.177291 3.675511 1.845302)
(-1.13032 6.7889105 2.714681)
(-2.261689 8.3134695 2.6567035)
(-0.804378 8.3226375 3.031598)
(-0.158971 -4.306081 -8.0183751)
(0.1941045 -5.8917667 -9.403248)
(1.5612405 -5.8348829 -7.7870497)
(2.443255 -4.7558425 -4.805146)
(2.9745495 -3.240811 -1.3320355)
(3.6755185 -0.177296 1.8453045)
(3.0510375 3.051031 3.7920815)
(0.7535545 5.4526805 3.834938)
(-1.4506225 7.6254135 2.9193205)
(-0.77912267 7.7665425 2.9280735)
(-0.58819217 -6.2580438 -9.6417832)
(-0.11127585 -7.1355796 -10.188786)
(2.0604062 -6.933567 -7.4542885)
(3.4870474 -6.2207545 -3.8354716)
(5.8603305 -3.884405 -0.0922645)
(6.788911 -1.1303285 2.714677)
(5.4526855 0.7535505 3.834939)
(3.4440625 3.444056 3.5634615)
(0.052173 5.0734815 2.4369585)
(-0.710292 4.515495 1.3478325)
(-0.74399483 -6.2040914 -9.4099613)
(-0.48141865 -6.2833997 -8.7687892)
(2.4760656 -6.1253635 -5.4135706)
(5.492417 -4.8712726 -2.0748559)
(8.0649756 -2.9843545 0.762156)
(8.313474 -2.26169 2.6567)
(7.625422 -1.4506225 2.9193155)
(5.0734855 0.052169 2.436957)
(-0.3791835 -0.3791895 0.2878365)
(-1.1511137 -2.0964745 -0.6627115)
(-0.6410644 -1.841576 -7.4024305)
(-0.03254795 -1.7386456 -5.313168)
(3.4725333 -1.5423289 -2.3151844)
(6.6280564 -1.0743337 0.36267555)
(8.4699131 -0.785236 2.6103078)
(8.322643 -0.80437533 3.0315955)
(7.7665445 -0.77912333 2.928071)
(4.5154955 -0.71029367 1.34783)
(-2.0964705 -1.1511167 -0.662713)
(-1.8551487 -1.8551517 -0.5718505)
(0.37796443 0.3779647 -6.1433491)
(1.9394857 1.028164 -7.3830233)
(1.6270091 0.53960267 -9.3837661)
(-0.8344585 0.33343233 -11.37421)
(-2.527433 0.093389333 -12.91137)
(-3.5323064 -0.10189113 -12.842811)
(-4.9621511 -0.50223287 -11.828843)
(-5.1695516 -0.521002 -9.3088009)
(-3.1941098 -0.18391737 -4.9012284)
(-0.59527157 0.3697807 -0.3008484)
(1.0281638 1.9394847 -7.3830209)
(2.1819427 2.1819421 -9.358185)
(0.5849115 1.752343 -11.227627)
(-1.5037785 1.023181 -13.667304)
(-3.1804181 1.002742 -14.812023)
(-4.4257397 0.86102015 -13.834443)
(-5.5908175 0.52442655 -11.727084)
(-4.6920784 1.4327949 -7.7386407)
(-1.8579357 2.0576813 -2.0771501)
(-0.0415735 2.9341329 3.2973954)
(0.53960267 1.6270046 -9.3837645)
(1.752344 0.584907 -11.227625)
(0.468248 0.4682455 -13.301783)
(-1.5840595 0.5392355 -15.338612)
(-2.6895938 1.535502 -14.822245)
(-4.0106218 1.9941016 -12.933285)
(-4.3903764 3.804684 -9.6921731)
(-3.6362969 5.2142325 -4.830058)
(-1.6927717 5.5164408 0.6966235)
(-0.010970467 5.8910257 5.0490643)
(0.333432 -0.834462 -11.374207)
(1.0231835 -1.503783 -13.6673)
(0.53924 -1.5840665 -15.338612)
(-0.436522 -0.436526 -15.25573)
(-1.725552 0.6875385 -13.797043)
(-2.1565577 3.0580453 -10.856147)
(-2.3706866 5.5027888 -6.8672455)
(-2.9803216 6.7179242 -2.3005593)
(-1.1811425 7.6130548 1.8212094)
(0.2081498 7.8547375 5.3097426)
(0.093388667 -2.5274374 -12.911365)
(1.0027395 -3.1804216 -14.81202)
(1.535505 -2.6895997 -14.822245)
(0.6875455 -1.725556 -13.797043)
(0.8049775 0.8049705 -11.140507)
(0.8046285 4.083711 -7.5800193)
(-0.7304975 6.0883846 -3.972639)
(-1.526031 8.1655646 -0.8965305)
(-0.5559585 8.9603323 1.7193985)
(0.15015133 7.9912326 4.334353)
(-0.10189073 -3.5323096 -12.842811)
(0.8610213 -4.425744 -13.834438)
(1.9941056 -4.0106228 -12.933283)
(3.0580482 -2.1565621 -10.856148)
(4.083715 0.8046235 -7.5800195)
(3.1268565 3.12685 -4.3866715)
(1.711167 5.924965 -1.987191)
(-0.108374 7.6029075 -0.807194)
(-1.3554745 7.833542 0.488355)
(-0.43791667 7.081165 1.809957)
(-0.5022343 -4.9621512 -11.828841)
(0.5244263 -5.5908192 -11.727079)
(3.804687 -4.3903763 -9.6921677)
(5.5027918 -2.3706911 -6.8672448)
(6.0883896 -0.7305005 -3.9726375)
(5.92497 1.7111585 -1.987191)
(3.74556 3.745555 -1.4571385)
(0.382546 4.9910975 -1.8157735)
(-1.077701 6.242041 -1.805159)
(-0.35143333 5.719009 -0.9928845)
(-0.52100277 -5.1695503 -9.3088018)
(1.4327962 -4.6920767 -7.7386376)
(5.2142337 -3.6362992 -4.8300571)
(6.717924 -2.9803251 -2.3005584)
(8.1655646 -1.526038 -0.8965315)
(7.602912 -0.1083815 -0.8071965)
(4.991106 0.3825395 -1.8157735)
(2.388112 2.388106 -3.128484)
(-0.627563 3.428023 -4.092933)
(-0.78660467 1.949211 -3.279612)
(-0.1839186 -3.1941053 -4.9012284)
(2.0576774 -1.8579316 -2.0771454)
(5.5164386 -1.6927724 0.6966234)
(7.6130529 -1.1811455 1.821212)
(8.9603332 -0.555962 1.7193945)
(7.8335475 -1.3554735 0.4883545)
(6.2420475 -1.0777045 -1.80516)
(3.4280295 -0.62757 -4.0929335)
(-1.516596 -1.516601 -4.61315)
(-1.337308 -1.465573 -3.3096075)
(0.36977973 -0.5952701 -0.30084485)
(2.9341292 -0.041571767 3.297396)
(5.8910198 -0.010968933 5.0490687)
(7.8547343 0.20814903 5.3097431)
(7.9912366 0.150152 4.3343525)
(7.0811695 -0.43791533 1.8099535)
(5.7190095 -0.35143333 -0.992885)
(1.9492155 -0.78660733 -3.2796125)
(-1.465566 -1.3373093 -3.3096075)
(-0.752586 -0.75258733 0.3487)
(0.1509639 0.1509642 -12.803227)
(0.36401955 0.062756533 -14.027716)
(-0.5408922 -0.0081341333 -16.100156)
(-2.0944876 -0.4601983 -17.270661)
(-2.1491406 -0.4981188 -16.292099)
(-1.2089133 -0.19215463 -12.914889)
(-0.7720703 -0.0911303 -7.2409301)
(0.66956925 0.45858433 -0.1539573)
(2.8038595 1.1387256 6.8336035)
(1.2253428 1.7577664 11.562196)
(0.062756233 0.3640186 -14.027716)
(0.12537205 0.12537205 -16.471164)
(-1.3253245 -0.37292935 -18.047125)
(-2.8294646 -0.9827098 -19.173191)
(-1.7470751 0.30298395 -17.13502)
(-0.5984305 1.3270537 -11.8866)
(0.20403815 2.3307768 -4.87459)
(2.5143531 4.3674721 3.2065173)
(4.7526326 5.1164367 10.366853)
(1.8443836 5.3173708 14.356238)
(-0.0081338 -0.5408959 -16.100156)
(-0.3729284 -1.3253242 -18.047123)
(-1.6489741 -1.6489787 -19.908611)
(-1.4185742 0.14355905 -19.49579)
(0.1606229 2.481109 -15.54868)
(0.8188796 3.9027754 -9.9745142)
(2.268348 6.4210788 -2.5890787)
(3.4552291 7.4984862 4.9220272)
(3.7537582 6.3744272 10.987921)
(1.3592989 5.4848828 13.758445)
(-0.46019597 -2.0944924 -17.270659)
(-0.98271075 -2.8294683 -19.173189)
(0.1435588 -1.4185784 -19.49579)
(1.3006232 1.3006165 -17.028476)
(2.0121412 3.3428639 -12.901179)
(3.3415393 6.2462386 -7.0079571)
(3.7997489 8.1627876 -0.4886307)
(2.4677015 7.4205704 5.2871291)
(2.7390293 6.515192 9.6638233)
(1.251354 5.9133462 11.563264)
(-0.49811777 -2.1491415 -16.292094)
(0.30298555 -1.7470774 -17.135017)
(2.4811108 0.16062285 -15.548675)
(3.342868 2.0121358 -12.901178)
(5.106245 5.1062387 -8.407811)
(5.6388033 7.7512552 -3.3771601)
(3.4426798 7.854597 0.9462545)
(1.8076335 7.3536927 4.2661065)
(2.246534 6.7321215 7.390347)
(0.95806833 4.9701255 8.22424)
(-0.1921532 -1.208912 -12.914883)
(1.3270536 -0.5984302 -11.886595)
(3.9027719 0.81888015 -9.9745079)
(6.2462391 3.341534 -7.0079553)
(7.7512606 5.6387973 -3.3771568)
(6.0898975 6.0898923 -0.642797)
(3.4021865 6.1910115 0.9413625)
(1.345226 5.8696675 2.252279)
(0.355462 4.788912 3.7782105)
(0.07669 2.9954 4.715022)
(-0.0911299 -0.77207205 -7.2409254)
(2.3307777 0.20403365 -4.8745807)
(6.4210749 2.2683432 -2.5890722)
(8.1627852 3.7997472 -0.48862905)
(7.8546033 3.442677 0.946256)
(6.1910175 3.402179 0.9413625)
(3.222455 3.2224485 -0.0102835)
(0.405534 3.1313905 -0.1019485)
(-0.6277335 3.0441255 0.5363815)
(-0.23760633 2.6769735 1.849751)
(0.45858393 0.6695687 -0.1539524)
(4.3674689 2.5143542 3.2065247)
(7.4984855 3.4552241 4.92203)
(7.4205729 2.4677023 5.2871311)
(7.3536924 1.807627 4.266108)
(5.869669 1.345217 2.2522825)
(3.131398 0.405529 -0.1019475)
(1.166903 1.166896 -1.280769)
(-0.098955 2.2654905 -0.71021)
(-0.168078 2.198772 1.5511355)
(1.1387271 2.8038656 6.833609)
(5.1164331 4.7526339 10.366859)
(6.374423 3.7537623 10.987928)
(6.5151881 2.7390289 9.6638267)
(6.732118 2.2465295 7.3903525)
(4.7889195 0.35546 3.778214)
(3.044134 -0.627734 0.536386)
(2.2654955 -0.0989595 -0.710209)
(0.4041425 0.404136 0.6144145)
(-0.28208533 1.5318375 3.9314245)
(1.7577629 1.2253463 11.562201)
(5.3173657 1.844382 14.356243)
(5.4848805 1.3593013 13.758452)
(5.9133401 1.2513537 11.563268)
(4.9701235 0.95806933 8.2242445)
(2.9954055 0.076690667 4.715024)
(2.6769785 -0.23760667 1.849752)
(2.198773 -0.16807967 1.551134)
(1.531842 -0.28208833 3.9314245)
(0.583723 0.58372 7.2377005)
(-0.43836133 -0.43836133 -15.820472)
(-1.357443 -0.600801 -18.219836)
(-1.615936 -0.75837667 -19.00307)
(-1.026401 -0.934921 -17.968417)
(1.828339 -0.468558 -14.094335)
(5.518862 0.58363467 -7.6858724)
(7.7987806 1.0753272 0.4238818)
(8.904982 1.7193144 8.5535438)
(8.5220439 2.171582 14.308382)
(2.5571236 2.2324753 16.741339)
(-0.600801 -1.357444 -18.219837)
(-1.837466 -1.837465 -19.708347)
(-2.117116 -2.0561115 -20.466122)
(-0.591673 -1.2019475 -18.267004)
(4.1061725 1.7461605 -12.954499)
(7.8346898 3.801395 -5.3976669)
(9.5023002 5.176278 3.1665202)
(10.549364 6.5087794 10.813368)
(9.2917853 6.211999 16.058017)
(2.618017 5.130382 16.922756)
(-0.75837533 -1.615938 -19.003071)
(-2.0561105 -2.1171185 -20.466123)
(-0.9804185 -0.980419 -19.910548)
(2.775871 2.6839505 -16.200765)
(6.8316815 5.769343 -10.152812)
(8.9489795 6.8727449 -3.1789996)
(10.506165 8.1906433 4.2724343)
(9.940703 7.2948443 10.626699)
(7.1436465 4.8134115 14.521189)
(1.8360457 3.0980515 13.916311)
(-0.93492133 -1.0264 -17.968415)
(-1.201947 -0.5916765 -18.267008)
(2.683953 2.775869 -16.200761)
(6.158089 6.1580855 -11.86421)
(8.2949669 7.8284075 -6.3914692)
(10.25599 9.6553995 -0.67679435)
(9.9243996 9.038122 4.969936)
(7.1721324 6.0620035 9.4235308)
(5.0949925 4.0154805 11.342238)
(1.4744437 2.320532 10.810593)
(-0.46855967 1.828339 -14.094333)
(1.7461585 4.1061725 -12.954496)
(5.7693435 6.831682 -10.15281)
(7.8284095 8.2949647 -6.3914682)
(10.328995 10.328992 -2.2091439)
(10.158694 10.448871 1.8053948)
(6.912769 7.5183778 4.850547)
(4.9180615 5.1307145 7.205823)
(3.402175 3.0747195 8.690565)
(0.70608 1.1429905 8.9797255)
(0.58363433 5.518859 -7.6858708)
(3.801396 7.8346918 -5.397666)
(6.8727453 8.9489801 -3.1789959)
(9.6553992 10.255987 -0.6767904)
(10.448873 10.158691 1.8053975)
(7.4453758 7.4453726 2.8415945)
(4.606243 4.968427 3.471081)
(2.728474 3.2348525 4.910819)
(1.1072685 0.9795765 6.5041215)
(0.18662433 0.706676 6.5733025)
(1.0753289 7.798779 0.42388655)
(5.1762796 9.5023004 3.1665237)
(8.1906386 10.506161 4.2724364)
(9.0381199 9.9243952 4.9699404)
(7.5183811 6.9127643 4.8505525)
(4.9684305 4.606238 3.471083)
(2.702249 2.702245 2.712474)
(0.929211 1.4580495 3.821028)
(0.8739985 1.7536205 5.3060345)
(0.52414633 2.5551225 6.830224)
(1.7193153 8.9049841 8.5535472)
(6.5087785 10.549363 10.813376)
(7.2948401 9.9407009 10.626704)
(6.062002 7.1721306 9.4235344)
(5.130716 4.9180585 7.205829)
(3.2348565 2.72847 4.9108235)
(1.4580545 0.929209 3.821033)
(1.7798495 1.7798455 4.1351085)
(2.2043415 3.506056 6.257406)
(0.720959 4.0308845 9.244694)
(2.1715813 8.5220481 14.30839)
(6.2119964 9.2917871 16.058021)
(4.8134065 7.14365 14.521196)
(4.0154775 5.0949915 11.342241)
(3.0747205 3.4021745 8.690574)
(0.979581 1.107268 6.5041275)
(1.7536245 0.873995 5.306036)
(3.506058 2.204333 6.2574055)
(3.1250375 3.1250335 8.953924)
(0.874032 4.220992 10.86789)
(2.2324747 2.5571246 16.741341)
(5.1303805 2.618018 16.92276)
(3.0980445 1.8360473 13.916312)
(2.3205265 1.4744433 10.810598)
(1.1429925 0.70608 8.97973)
(0.706677 0.18662467 6.573308)
(2.5551195 0.524144 6.8302245)
(4.030888 0.72095467 9.244697)
(4.2210005 0.87403067 10.867894)
(1.451598 1.4515967 9.5008565)
(-1.4486117 -1.4486123 -15.912912)
(-2.8185785 -0.92958433 -17.339659)
(-0.2894735 -0.983502 -16.726456)
(2.8142475 -0.65925633 -14.039757)
(8.133404 0.261772 -9.192157)
(13.309304 1.3333157 -3.0341195)
(15.467346 1.7372953 2.7316339)
(14.55407 1.9651341 7.3755364)
(10.991655 2.305149 9.6667895)
(2.847314 1.8787113 8.8591525)
(-0.92958367 -2.8185805 -17.33966)
(-2.120913 -2.120915 -18.183065)
(0.1160185 -1.2804065 -17.374239)
(4.6821585 0.7849425 -13.198105)
(11.122262 4.2445075 -7.1738615)
(15.522589 5.8339265 -1.8462395)
(16.415074 6.1793293 3.6756897)
(15.40585 6.4406276 7.1850363)
(10.86202 5.3292435 7.6974085)
(2.4208763 2.492343 5.903246)
(-0.98350133 -0.289474 -16.726456)
(-1.2804045 0.1160145 -17.37424)
(2.616384 2.616383 -14.688939)
(8.3391615 6.546353 -9.584284)
(13.182388 9.044139 -5.1666325)
(15.244126 8.623648 -0.640163)
(16.074047 8.2244946 2.941998)
(13.703984 6.1086485 4.5989295)
(7.04337 1.658648 4.4031355)
(0.956047 -0.6272805 3.762725)
(-0.659258 2.814246 -14.039757)
(0.784944 4.682158 -13.198104)
(6.546357 8.339159 -9.5842835)
(11.109915 11.109913 -6.222079)
(13.199557 11.286532 -3.0788345)
(14.702945 11.230633 -0.1577705)
(13.900074 8.7409004 1.6553093)
(8.8400035 3.999694 2.294918)
(4.1260915 0.684568 2.332586)
(0.896924 0.9767605 1.8301615)
(0.26177333 8.133403 -9.1921605)
(4.2445085 11.122265 -7.173862)
(9.044139 13.182387 -5.166633)
(11.286534 13.199555 -3.0788315)
(13.303108 13.303105 -1.0599157)
(12.698494 11.269644 -0.32569485)
(8.843108 6.355742 0.401768)
(5.6476515 2.840981 1.6413945)
(4.0204365 1.894005 2.664063)
(1.150842 0.732835 2.2728725)
(1.3333167 13.309308 -3.0341205)
(5.8339285 15.52259 -1.846239)
(8.6236475 15.244127 -0.640164)
(11.230633 14.702943 -0.1577678)
(11.269646 12.698494 -0.32569645)
(7.755581 7.7555805 -0.8388575)
(5.471411 4.0529385 0.1990865)
(4.3782665 2.4848725 1.417288)
(2.0179455 1.4043815 2.62627)
(0.12281067 0.8458985 4.049289)
(1.7372949 15.467346 2.7316347)
(6.1793275 16.415076 3.6756887)
(8.2244916 16.074044 2.9419965)
(8.7409013 13.900072 1.6553111)
(6.355746 8.8431085 0.40177)
(4.052939 5.471408 0.199087)
(3.5724 3.5724005 0.6893635)
(2.9990945 2.35568 2.159317)
(2.3814625 2.79741 4.6102095)
(0.77852 5.348365 6.038159)
(1.9651367 14.554072 7.375539)
(6.4406261 15.405852 7.1850376)
(6.1086435 13.703983 4.598933)
(3.9996975 8.840003 2.294922)
(2.8409815 5.6476485 1.641397)
(2.484873 4.3782615 1.41729)
(2.355683 2.999091 2.1593185)
(3.603276 3.6032735 4.4810965)
(5.0106305 5.91338 7.2285175)
(1.8234473 6.2364375 7.538947)
(2.3051477 10.991659 9.6667899)
(5.3292385 10.862018 7.697409)
(1.658643 7.04337 4.403138)
(0.6845665 4.126092 2.332592)
(1.8940045 4.0204305 2.6640635)
(1.4043815 2.0179445 2.6262725)
(2.797412 2.3814575 4.6102075)
(5.9133835 5.010629 7.2285185)
(5.0146265 5.014624 8.260615)
(0.99389167 1.788 6.831085)
(1.8787093 2.8473133 8.859149)
(2.492337 2.420875 5.903246)
(-0.6272825 0.95604567 3.7627245)
(0.976758 0.89692467 1.8301655)
(0.732834 1.15084 2.2728745)
(0.8459 0.122811 4.0492935)
(5.3483675 0.778519 6.0381595)
(6.2364425 1.823448 7.5389535)
(1.7880015 0.99389167 6.8310855)
(-0.32763533 -0.32763533 4.1965675)
(-1.3895263 -1.389527 -12.176992)
(-2.170987 -1.1630713 -11.4055)
(1.6839665 -1.1902317 -9.2439545)
(6.507898 -0.37381967 -6.9314305)
(12.833976 0.87697233 -4.350404)
(17.442653 1.3755547 -2.812388)
(18.208437 1.7046977 -2.4303064)
(15.840138 1.5923143 -4.1702209)
(10.00566 0.85866133 -6.1271175)
(2.018699 0.261871 -8.076128)
(-1.1630707 -2.1709885 -11.4055)
(-1.872044 -1.872046 -9.799419)
(2.867844 -0.0185945 -7.7435875)
(9.608704 3.2535255 -5.969393)
(15.458038 5.771685 -3.9405965)
(18.684241 6.1953515 -3.397891)
(18.533576 5.3866421 -5.4408454)
(14.571083 3.7321725 -8.8404647)
(8.009995 0.948345 -11.576758)
(1.4219087 0.0339545 -13.32193)
(-1.1902313 1.6839655 -9.2439535)
(-0.018593 2.867843 -7.7435865)
(6.809538 6.809536 -6.4210995)
(12.298178 9.6599765 -4.6860615)
(15.775802 9.86437 -3.692335)
(17.05761 8.5612139 -4.9292855)
(15.745258 6.1702629 -8.5698871)
(11.401841 2.404726 -11.732801)
(6.307442 -0.551411 -13.445994)
(1.4091053 -0.975033 -14.762912)
(-0.373819 6.507896 -6.931432)
(3.2535265 9.608702 -5.9693905)
(9.6599775 12.298175 -4.6860615)
(12.663538 12.663538 -4.139264)
(14.359275 11.935124 -4.9011855)
(14.990134 9.9698676 -7.1321615)
(12.377088 6.497892 -9.9252882)
(7.849409 3.1044685 -13.129013)
(4.630236 2.276408 -13.170719)
(1.139494 0.8306795 -11.102036)
(0.87697267 12.833976 -4.3504045)
(5.771686 15.458037 -3.940597)
(9.864374 15.775802 -3.692332)
(11.935127 14.359276 -4.901184)
(13.082132 13.08213 -6.7524813)
(11.620378 9.7677841 -9.2275715)
(8.8798584 6.062155 -11.27739)
(7.1803565 4.2530845 -12.455658)
(4.033653 3.3684035 -10.223531)
(0.44528633 3.362118 -8.1975445)
(1.3755553 17.442654 -2.812389)
(6.1953525 18.684242 -3.3978955)
(8.5612164 17.05761 -4.929287)
(9.9698668 14.990129 -7.132165)
(9.7677835 11.620376 -9.2275738)
(7.9701587 7.9701544 -10.509776)
(6.8623885 5.2560225 -11.254009)
(5.1556575 3.752775 -10.056402)
(3.7392695 2.925723 -7.2956755)
(1.1353037 4.4719625 -5.8737155)
(1.7046982 18.208438 -2.4303147)
(5.3866414 18.533577 -5.44085)
(6.1702611 15.745259 -8.5698892)
(6.4978934 12.377085 -9.9252896)
(6.062157 8.8798578 -11.277393)
(5.256024 6.8623855 -11.25401)
(4.662479 4.662477 -9.447493)
(4.850057 4.521858 -7.832601)
(4.7528405 6.355868 -5.8026285)
(1.4761127 6.0447805 -5.154216)
(1.5923143 15.840139 -4.1702223)
(3.7321725 14.571083 -8.8404689)
(2.4047245 11.401842 -11.732804)
(3.104466 7.8494115 -13.129012)
(4.253084 7.180352 -12.45566)
(3.752778 5.1556555 -10.056402)
(4.521861 4.850053 -7.8326035)
(6.8490485 6.849047 -6.3391555)
(5.262192 7.1564615 -4.6864935)
(0.927912 4.8238105 -6.041366)
(0.85866067 10.005658 -6.1271263)
(0.9483445 8.0099955 -11.576762)
(-0.5514105 6.3074415 -13.445997)
(2.276403 4.630235 -13.170717)
(3.368401 4.033652 -10.223532)
(2.925725 3.7392715 -7.2956745)
(6.3558705 4.752836 -5.80263)
(7.1564655 5.26219 -4.6864935)
(2.727604 2.7276015 -5.998301)
(-0.078988 0.8786125 -8.5586435)
(0.26187267 2.0186973 -8.076136)
(0.033956 1.4219093 -13.321933)
(-0.975036 1.409105 -14.762911)
(0.8306765 1.1394923 -11.102041)
(3.3621205 0.44528733 -8.197543)
(4.471962 1.1353053 -5.8737205)
(6.0447795 1.476112 -5.154215)
(4.823814 0.92791133 -6.0413695)
(0.8786145 -0.078989 -8.558645)
(-0.30474733 -0.30474833 -9.7969505)
(-0.93428433 -0.93428467 -4.5760665)
(0.1144585 0.14113667 -2.3626235)
(4.1845965 0.016742667 -0.1638415)
(7.707798 -0.017898 1.2009925)
(12.252447 0.534977 0.6671425)
(15.229401 0.94298033 -5.292292)
(14.109513 -0.26973067 -11.935069)
(10.857258 -1.1483617 -17.535892)
(7.0857475 -1.3279445 -20.888486)
(1.5479737 -1.6184903 -21.63695)
(0.141137 0.1144575 -2.3626255)
(1.5409995 1.540999 0.6906305)
(3.9460445 1.5424485 2.912637)
(8.4851495 3.0303115 2.5814355)
(13.693764 4.9025765 -2.3781665)
(14.02234 3.717029 -9.8915765)
(10.9725 0.0397485 -18.113511)
(9.2699377 -1.121953 -25.042818)
(6.3805548 -1.9896334 -27.541314)
(1.2574279 -4.194441 -25.632309)
(0.016743333 4.184594 -0.163848)
(1.5424495 3.946043 2.9126365)
(5.673909 5.673909 2.869405)
(11.067926 8.376482 -0.0705005)
(12.939164 8.08355 -5.729241)
(10.366574 4.8893775 -12.089851)
(9.270531 3.7400518 -20.951391)
(8.8278766 1.8201 -27.575229)
(4.0132595 0.06468715 -27.903726)
(0.078102 1.5926134 -25.366387)
(-0.017897 7.707795 1.2009915)
(3.0303145 8.4851475 2.5814335)
(8.3764835 11.067927 -0.0705025)
(10.894791 10.894791 -4.9184675)
(10.206659 8.2263855 -8.4151885)
(9.6788419 6.932347 -14.015818)
(7.9032224 6.0333973 -21.979587)
(5.594573 3.2768372 -25.344866)
(6.1530681 3.9070319 -24.765193)
(2.2760454 7.542128 -21.729535)
(0.53497833 12.252446 0.6671415)
(4.902581 13.69376 -2.3781705)
(8.083552 12.939162 -5.729243)
(8.226385 10.206654 -8.4151915)
(8.9767205 8.9767172 -11.776747)
(8.1735853 7.892029 -16.961473)
(5.6150212 5.0270216 -21.937272)
(6.7015112 5.9135926 -24.50191)
(8.2785503 7.7690481 -22.822681)
(2.5014993 5.961156 -17.099248)
(0.942979 15.229397 -5.2922975)
(3.7170305 14.022337 -9.8915835)
(4.889378 10.36657 -12.089855)
(6.9323457 9.6788369 -14.015823)
(7.892034 8.173582 -16.961472)
(5.7291462 5.7291424 -19.999894)
(5.924786 5.8828357 -23.018508)
(8.3365996 7.1079298 -24.021876)
(6.2006315 5.8252835 -19.810188)
(1.070784 3.889227 -16.001647)
(-0.26972867 14.109513 -11.935077)
(0.039753 10.972503 -18.113517)
(3.7400519 9.2705267 -20.951395)
(6.0333975 7.9032246 -21.979586)
(5.027026 5.6150226 -21.937275)
(5.882839 5.924783 -23.018511)
(6.9938086 6.9938056 -23.902799)
(6.643959 6.072926 -22.659703)
(5.0598475 5.406592 -20.026013)
(1.210795 5.1807145 -19.871829)
(-1.148361 10.857261 -17.535901)
(-1.1219554 9.2699392 -25.042828)
(1.8201 8.8278757 -27.57524)
(3.2768416 5.594576 -25.344869)
(5.9135924 6.7015095 -24.501913)
(7.1079292 8.3365966 -24.021879)
(6.072929 6.643954 -22.659704)
(6.749386 6.749381 -22.907061)
(5.30842 5.7177075 -22.469494)
(0.920199 2.83201 -22.778049)
(-1.327943 7.0857454 -20.8885)
(-1.989632 6.3805537 -27.541325)
(0.0646886 4.0132632 -27.903732)
(3.9070313 6.1530639 -24.765199)
(7.7690466 8.2785471 -22.822682)
(5.8252835 6.2006255 -19.810191)
(5.406593 5.059846 -20.026014)
(5.7177125 5.308415 -22.469497)
(1.1424765 1.1424725 -25.01269)
(-0.71300333 -1.9675845 -25.009733)
(-1.6184888 1.5479735 -21.636963)
(-4.1944375 1.2574277 -25.632321)
(1.5926103 0.0781032 -25.366392)
(7.5421255 2.2760421 -21.729537)
(5.961154 2.5014993 -17.099248)
(3.889228 1.0707803 -16.001651)
(5.1807185 1.2107957 -19.87183)
(2.8320125 0.92019733 -22.778052)
(-1.9675795 -0.71300433 -25.009735)
(-1.1531723 -1.1531733 -24.398454)
(0.086102333 0.086100333 -1.2427987)
(2.241238 0.87243133 3.0610453)
(5.2475825 0.860754 -0.044299)
(7.338882 0.54647567 -2.6303973)
(6.340692 -1.1532337 -10.22045)
(4.8404415 -1.690635 -16.764887)
(5.964837 -2.4142633 -24.181422)
(6.886721 -3.4123033 -30.495414)
(5.9046015 -3.5765577 -36.185065)
(1.5197227 -2.4017017 -39.540032)
(0.87243333 2.24123 3.0610463)
(3.4032185 3.403214 2.46108)
(4.758649 3.014652 1.516303)
(4.3179005 1.9820325 -1.343129)
(2.985026 -0.6246985 -6.211119)
(2.948897 -0.602208 -12.4761)
(3.3823345 -3.6296805 -20.735453)
(5.1432795 -6.307165 -26.126019)
(7.420504 -6.066896 -28.666241)
(2.6945787 -3.695482 -32.115788)
(0.86075833 5.2475825 -0.044297)
(3.01466 4.758646 1.5162993)
(3.826401 3.8263965 0.474818)
(3.6995315 2.1600735 -3.6043273)
(3.7564515 3.827348 -8.5465463)
(1.8354595 4.436972 -18.364269)
(0.25988 2.3041865 -25.259818)
(4.4495055 2.1026775 -27.45305)
(8.5162845 2.22471 -28.017404)
(3.1006653 2.927741 -29.390825)
(0.54647567 7.3388855 -2.630404)
(1.9820325 4.317895 -1.343134)
(2.1600765 3.699527 -3.6043293)
(4.318852 4.318847 -5.155712)
(5.2619245 5.8876185 -11.396858)
(1.4257355 5.0982465 -21.342998)
(1.04804 5.5120115 -28.423375)
(5.063803 6.177787 -30.353126)
(8.2455675 7.357453 -27.981078)
(3.163266 9.0978181 -28.493411)
(-1.1532353 6.3406865 -10.220459)
(-0.6246985 2.98502 -6.2111223)
(3.827353 3.756449 -8.546551)
(5.887623 5.2619205 -11.39686)
(4.535851 4.5358465 -16.250331)
(1.4598525 3.7837085 -23.002953)
(1.3394205 5.023234 -28.992582)
(6.294947 5.576075 -29.435123)
(11.436316 8.3234085 -28.903477)
(4.2609087 9.0900063 -31.614436)
(-1.6906353 4.840436 -16.764894)
(-0.602205 2.948896 -12.476102)
(4.436977 1.835458 -18.364277)
(5.0982495 1.425735 -21.342996)
(3.7837125 1.459848 -23.002953)
(1.913123 1.913116 -26.360908)
(2.8404065 3.290495 -31.098598)
(8.3639775 5.5949825 -31.579725)
(11.759499 5.7223918 -32.568894)
(3.6743312 1.6993814 -34.425422)
(-2.414262 5.964835 -24.181428)
(-3.6296765 3.3823325 -20.735462)
(2.304192 0.2598735 -25.259827)
(5.512013 1.0480385 -28.423378)
(5.023232 1.3394165 -28.992578)
(3.2904995 2.8404005 -31.098591)
(5.021287 5.021281 -35.092148)
(8.7268438 5.6366732 -38.034537)
(7.5407145 3.6965615 -37.759503)
(1.5789018 -0.7316218 -35.509485)
(-3.4123037 6.886716 -30.495422)
(-6.3071665 5.143275 -26.126031)
(2.102683 4.4495045 -27.453048)
(6.1777925 5.0637985 -30.353128)
(5.5760745 6.294945 -29.435121)
(5.5949875 8.3639757 -31.579719)
(5.6366792 8.7268385 -38.034535)
(7.039258 7.0392526 -40.981874)
(5.3912038 2.1697847 -41.485529)
(0.72220893 -0.31409325 -37.692049)
(-3.576556 5.9045965 -36.185071)
(-6.066888 7.4205025 -28.666251)
(2.2247155 8.51629 -28.017414)
(7.3574535 8.245567 -27.981079)
(8.3234092 11.436317 -28.903479)
(5.722393 11.7595 -32.568891)
(3.6965639 7.5407103 -37.759497)
(2.16979 5.3911987 -41.485521)
(0.1873686 0.1873608 -37.280004)
(-0.077016867 -0.74179235 -31.958702)
(-2.4016997 1.5197223 -39.540032)
(-3.695473 2.6945787 -32.115792)
(2.9277475 3.1006657 -29.390836)
(9.0978196 3.1632667 -28.493417)
(9.0900071 4.2609097 -31.614437)
(1.6993808 3.674332 -34.425416)
(-0.73162175 1.5789016 -35.50948)
(-0.3140915 0.7222082 -37.692041)
(-0.7417873 -0.077019433 -31.958693)
(0.1027735 0.10277093 -28.632482)
)
;

boundaryField
{
    block1_in
    {
        type            extrapolatedCalculated;
        value           nonuniform List<vector> 
100
(
(1.4962343 1.496236 -17.89542)
(1.3618723 5.5055635 -22.861066)
(1.8448257 8.9725831 -32.662299)
(1.8238523 9.480807 -33.084862)
(3.1165539 11.212783 -34.079306)
(2.8836377 15.84356 -27.436326)
(1.4516623 11.813185 -21.641238)
(1.1056243 2.8808475 -24.576848)
(0.42440233 -3.040709 -28.864426)
(-0.43344867 -1.672388 -36.178004)
(5.50556 1.361874 -22.86107)
(6.028447 6.0284505 -28.810966)
(9.2455849 9.665553 -37.530424)
(8.5690156 11.388399 -36.129738)
(9.8790434 12.802461 -30.617451)
(7.252811 13.346223 -26.139384)
(2.908182 9.1461645 -23.158018)
(1.335937 1.3399575 -20.951616)
(-0.0154745 -5.3493185 -25.321126)
(-0.5440025 -2.530239 -36.342288)
(8.9725814 1.8448273 -32.662303)
(9.6655488 9.2455884 -37.530426)
(11.513148 11.513152 -37.008284)
(9.9215569 10.114266 -35.393655)
(7.0734056 9.8965787 -30.040102)
(2.8041395 8.8726985 -28.100732)
(-0.918096 5.8963105 -26.631674)
(-3.1760065 -0.042809 -24.720518)
(-1.670228 -4.9206485 -27.055742)
(0.6525975 -2.02474 -33.92109)
(9.4808027 1.8238523 -33.084864)
(11.388392 8.5690175 -36.129741)
(10.114258 9.9215612 -35.393656)
(6.9486508 6.9486566 -34.653436)
(2.19169 5.685044 -31.79073)
(-2.2137735 5.354721 -29.395522)
(-5.202698 3.1660185 -29.942752)
(-5.675005 0.5878255 -29.402692)
(-1.7535125 -1.5207145 -25.272208)
(1.0888955 -0.98168867 -31.365362)
(11.212778 3.1165534 -34.079309)
(12.802455 9.8790438 -30.617455)
(9.8965696 7.0734107 -30.040108)
(5.6850375 2.1916975 -31.790728)
(0.734147 0.7341545 -29.33578)
(-2.797405 1.4783105 -29.686434)
(-3.6922615 2.435079 -31.182458)
(-2.4960085 3.4063765 -28.397026)
(-0.8974755 1.843252 -22.351008)
(0.6139965 -0.12980133 -28.515416)
(15.843556 2.8836367 -27.436326)
(13.346217 7.252809 -26.139386)
(8.872694 2.804144 -28.100738)
(5.354716 -2.213766 -29.395524)
(1.4783055 -2.7973985 -29.686432)
(0.9283075 0.9283125 -27.742864)
(2.107435 3.467415 -23.302818)
(1.0171665 3.3826115 -21.482138)
(-0.206817 1.5892905 -20.646992)
(1.282871 0.025959333 -25.76352)
(11.813181 1.4516607 -21.641238)
(9.14616 2.908182 -23.158024)
(5.896309 -0.91809 -26.631678)
(3.166016 -5.202691 -29.942756)
(2.4350765 -3.692254 -31.182458)
(3.4674115 2.10744 -23.302812)
(2.5239355 2.523938 -16.450628)
(1.001084 1.0921245 -17.941404)
(-0.153452 2.1089565 -17.674734)
(1.4659975 0.863324 -19.26608)
(2.880846 1.1056227 -24.576854)
(1.339958 1.335937 -20.951624)
(-0.0428085 -3.176 -24.720522)
(0.5878265 -5.6749985 -29.402692)
(3.4063735 -2.496003 -28.397024)
(3.3826095 1.0171715 -21.482134)
(1.092124 1.0010875 -17.941406)
(0.705224 0.705224 -15.542818)
(0.292189 2.054204 -16.085842)
(1.39822 1.1055923 -16.517558)
(-3.040704 0.424402 -28.864424)
(-5.349314 -0.0154725 -25.321132)
(-4.9206465 -1.6702215 -27.055742)
(-1.5207125 -1.753509 -25.27221)
(1.8432535 -0.897471 -22.351012)
(1.589292 -0.2068095 -20.64699)
(2.1089595 -0.1534475 -17.674732)
(2.054205 0.2921895 -16.085838)
(2.8019545 2.8019525 -15.579376)
(1.415942 1.600678 -11.356558)
(-1.6723843 -0.43345067 -36.177998)
(-2.530237 -0.5440055 -36.342286)
(-2.0247397 0.6526015 -33.921092)
(-0.98168833 1.0889015 -31.36536)
(-0.12979933 0.6140015 -28.515414)
(0.02596 1.2828775 -25.763516)
(0.86332533 1.4660005 -19.266076)
(1.105592 1.398219 -16.517556)
(1.6006783 1.415941 -11.356556)
(0.18158433 0.181584 -16.405428)
)
;
    }
    block1_out
    {
        type            extrapolatedCalculated;
        value           nonuniform List<vector> 
100
(
(0.086102333 0.086100333 -1.747986)
(0.87243333 2.24123 3.177204)
(0.86075833 5.2475825 -2.077006)
(0.54647567 7.3388855 -6.42296)
(-1.1532353 6.3406865 -16.97234)
(-1.6906353 4.840436 -21.712936)
(-2.414262 5.964835 -27.524832)
(-3.4123037 6.886716 -34.16405)
(-3.576556 5.9045965 -41.559752)
(-2.4016997 1.5197223 -46.549816)
(2.241238 0.87243133 3.1772)
(3.4032185 3.403214 1.18031)
(3.01466 4.758646 -1.002134)
(1.9820325 4.317895 -5.338614)
(-0.6246985 2.98502 -8.426014)
(-0.602205 2.948896 -11.329326)
(-3.6296765 3.3823325 -19.139082)
(-6.3071665 5.143275 -24.21405)
(-6.066888 7.4205025 -26.908602)
(-3.695473 2.6945787 -34.23864)
(5.2475825 0.860754 -2.077016)
(4.758649 3.014652 -1.00213)
(3.826401 3.8263965 -2.770544)
(2.1600765 3.699527 -6.835566)
(3.827353 3.756449 -8.934198)
(4.436977 1.835458 -19.792774)
(2.304192 0.2598735 -25.473)
(2.102683 4.4495045 -24.415278)
(2.2247155 8.51629 -25.23101)
(2.9277475 3.1006657 -31.824986)
(7.338882 0.54647567 -6.42295)
(4.3179005 1.9820325 -5.338608)
(3.6995315 2.1600735 -6.835566)
(4.318852 4.318847 -4.841074)
(5.887623 5.2619205 -11.948422)
(5.0982495 1.425735 -24.177266)
(5.512013 1.0480385 -29.235096)
(6.1777925 5.0637985 -30.837278)
(7.3574535 8.245567 -28.04087)
(9.0978196 3.1632667 -30.140214)
(6.340692 -1.1532337 -16.972326)
(2.985026 -0.6246985 -8.426014)
(3.7564515 3.827348 -8.934196)
(5.2619245 5.8876185 -11.94842)
(4.535851 4.5358465 -18.151106)
(3.7837125 1.459848 -24.916692)
(5.023232 1.3394165 -30.550742)
(5.5760745 6.294945 -30.289338)
(8.3234092 11.436317 -30.01053)
(9.0900071 4.2609097 -36.716082)
(4.8404415 -1.690635 -21.71293)
(2.948897 -0.602208 -11.329326)
(1.8354595 4.436972 -19.792766)
(1.4257355 5.0982465 -24.177268)
(1.4598525 3.7837085 -24.916692)
(1.913123 1.913116 -27.595812)
(3.2904995 2.8404005 -33.244122)
(5.5949875 8.3639757 -32.339646)
(5.722393 11.7595 -35.476951)
(1.6993808 3.674332 -42.167067)
(5.964837 -2.4142633 -27.524824)
(3.3823345 -3.6296805 -19.139072)
(0.25988 2.3041865 -25.47299)
(1.04804 5.5120115 -29.23509)
(1.3394205 5.023234 -30.55075)
(2.8404065 3.290495 -33.244136)
(5.021287 5.021281 -37.107758)
(5.6366792 8.7268385 -41.675518)
(3.6965639 7.5407103 -43.191666)
(-0.73162175 1.5789016 -40.368799)
(6.886721 -3.4123033 -34.164044)
(5.1432795 -6.307165 -24.21404)
(4.4495055 2.1026775 -24.415286)
(5.063803 6.177787 -30.837278)
(6.294947 5.576075 -30.289346)
(8.3639775 5.5949825 -32.339658)
(8.7268438 5.6366732 -41.67552)
(7.039258 7.0392526 -46.006629)
(2.16979 5.3911987 -47.141866)
(-0.3140915 0.7222082 -41.154664)
(5.9046015 -3.5765577 -41.559752)
(7.420504 -6.066896 -26.908596)
(8.5162845 2.22471 -25.230998)
(8.2455675 7.357453 -28.040874)
(11.436316 8.3234085 -30.010528)
(11.759499 5.7223918 -35.476958)
(7.5407145 3.6965615 -43.191675)
(5.3912038 2.1697847 -47.14188)
(0.1873686 0.1873608 -38.924504)
(-0.7417873 -0.077019433 -31.896515)
(1.5197227 -2.4017017 -46.549826)
(2.6945787 -3.695482 -34.238642)
(3.1006653 2.927741 -31.824974)
(3.163266 9.0978181 -30.140204)
(4.2609087 9.0900063 -36.71608)
(3.6743312 1.6993814 -42.167071)
(1.5789018 -0.7316218 -40.368808)
(0.72220893 -0.31409325 -41.154676)
(-0.077016867 -0.74179235 -31.896531)
(0.1027735 0.10277093 -28.791116)
)
;
    }
    block1_wall1
    {
        type            extrapolatedCalculated;
        value           nonuniform List<vector> 
200
(
(0 1.496236 -14.466756)
(0 5.5055635 -19.816935)
(0 8.9725831 -26.980748)
(0 9.480807 -26.98631)
(0 11.212783 -27.472761)
(0 15.84356 -25.132125)
(0 11.813185 -22.648198)
(0 2.8808475 -24.103741)
(0 -3.040709 -27.096506)
(0 -1.672388 -30.887642)
(0 -0.54351167 -6.2315185)
(0 1.501454 -8.0501195)
(0 8.442316 -9.5308095)
(0 10.159795 -11.475996)
(0 8.3455247 -12.160724)
(0 10.642337 -16.61993)
(0 10.496283 -21.152942)
(0 3.431573 -22.123418)
(0 -1.615405 -21.095029)
(0 -0.587805 -18.075922)
(0 0.28383533 3.6167405)
(0 2.2062725 4.5863035)
(0 5.546707 3.3525165)
(0 6.850893 -0.990773)
(0 6.068849 -4.7375905)
(0 6.851342 -7.9573907)
(0 6.3096967 -11.35682)
(0 2.9387596 -14.462115)
(0 1.0067863 -13.56943)
(0 0.34034997 -11.204474)
(0 0.10286367 15.079346)
(0 1.23723 16.109702)
(0 2.8652395 13.543139)
(0 2.069688 9.6989315)
(0 1.378907 5.9121385)
(0 4.023108 2.83011)
(0 3.991559 -0.2181865)
(0 1.218962 -2.6758958)
(0 1.642236 -3.2103296)
(0 0.98883267 -2.8195155)
(0 0.970739 17.641031)
(0 0.670065 18.284314)
(0 -0.864063 15.744352)
(0 -0.780107 13.558961)
(0 -0.7999725 12.829165)
(0 0.721017 10.673381)
(0 0.803691 7.1660512)
(0 -0.0533835 4.6732272)
(0 0.8631665 3.4752713)
(0 0.60089267 2.0637255)
(0 0.53171927 12.776825)
(0 -0.65944845 10.490467)
(0 -1.8601141 10.615054)
(0 -0.84549932 11.35407)
(0 -1.5066722 11.500327)
(0 -1.6400059 9.7432877)
(0 -2.0085953 7.1393955)
(0 -2.4718178 5.0179428)
(0 -0.96726575 3.6614664)
(0 0.0478021 2.3213705)
(0 -0.55349967 3.2972617)
(0 -1.4917066 1.3226276)
(0 -0.0004605 3.3271368)
(0 0.10516605 4.8665783)
(0 -2.4107548 3.7671751)
(0 -3.6399145 2.8594289)
(0 -3.9216539 1.1509679)
(0 -3.5313126 0.70043395)
(0 -1.8334058 0.9649357)
(0 -0.29250453 0.71976065)
(0 -0.7847034 -3.5788206)
(0 -0.62957325 -2.8184487)
(0 1.6838366 -1.3248372)
(0 -0.40546105 -1.7695695)
(0 -3.5138216 -2.5190701)
(0 -4.2562131 -2.7709376)
(0 -4.1675902 -2.8286155)
(0 -2.6578501 -1.245919)
(0 -0.94793905 0.4871837)
(0 -0.11564793 1.1269157)
(0 -0.0465851 -3.2236466)
(0 0.7622768 -1.9849648)
(0 1.0484187 -1.4944317)
(0 -1.0890669 -2.4201582)
(0 -3.4121229 -1.6029861)
(0 -3.9494599 -1.2004218)
(0 -2.3966352 0.49842351)
(0 -0.2155134 2.9151376)
(0 0.53942895 4.1661167)
(0 0.1339835 4.0705043)
(0 0.041084467 0.7283943)
(0 1.0996416 0.8696541)
(0 1.2486432 1.6002449)
(0 -0.5140154 2.8607875)
(0 -2.2940852 4.0232376)
(0 -2.1548035 5.7461229)
(0 -0.0520308 7.7575841)
(0 1.0098432 8.5446191)
(0 0.20742765 7.4277294)
(0 -0.17938953 5.5933582)
(0 0.0475881 2.2258951)
(0 1.6341275 3.4292328)
(0 3.0395521 4.464465)
(0 1.3339258 6.2573512)
(0 -0.5267875 7.4840014)
(0 -0.2151135 9.0146879)
(0 0.401861 9.3188154)
(0 -0.545368 7.5405422)
(0 -2.411832 4.5310082)
(0 -1.0889307 1.8996565)
(0 0.84330963 1.8758143)
(0 3.3382115 3.2705501)
(0 4.0767615 3.8461208)
(0 2.505521 3.681288)
(0 0.4632515 3.945303)
(0 -0.3199895 3.527538)
(0 -1.5261765 1.8689805)
(0 -3.777964 -1.180404)
(0 -5.433458 -3.8436953)
(0 -1.933624 -4.9726634)
(0 0.977412 -0.06734525)
(0 3.604434 -0.76536265)
(0 3.45029 -1.466072)
(0 1.433108 -3.2151195)
(0 -0.6805375 -4.806055)
(0 -2.291436 -6.2058084)
(0 -4.306081 -8.0183751)
(0 -6.2580438 -9.6417832)
(0 -6.2040914 -9.4099613)
(0 -1.841576 -7.4024305)
(0 0.3779647 -6.1433491)
(0 1.9394847 -7.3830209)
(0 1.6270046 -9.3837645)
(0 -0.834462 -11.374207)
(0 -2.5274374 -12.911365)
(0 -3.5323096 -12.842811)
(0 -4.9621512 -11.828841)
(0 -5.1695503 -9.3088018)
(0 -3.1941053 -4.9012284)
(0 -0.5952701 -0.30084485)
(0 0.1509642 -12.803227)
(0 0.3640186 -14.027716)
(0 -0.5408959 -16.100156)
(0 -2.0944924 -17.270659)
(0 -2.1491415 -16.292094)
(0 -1.208912 -12.914883)
(0 -0.77207205 -7.2409254)
(0 0.6695687 -0.1539524)
(0 2.8038656 6.833609)
(0 1.2253463 11.562201)
(0 -0.43836133 -15.820472)
(0 -1.357444 -18.219837)
(0 -1.615938 -19.003071)
(0 -1.0264 -17.968415)
(0 1.828339 -14.094333)
(0 5.518859 -7.6858708)
(0 7.798779 0.42388655)
(0 8.9049841 8.5535472)
(0 8.5220481 14.30839)
(0 2.5571246 16.741341)
(0 -1.4486123 -15.912912)
(0 -2.8185805 -17.33966)
(0 -0.289474 -16.726456)
(0 2.814246 -14.039757)
(0 8.133403 -9.1921605)
(0 13.309308 -3.0341205)
(0 15.467346 2.7316347)
(0 14.554072 7.375539)
(0 10.991659 9.6667899)
(0 2.8473133 8.859149)
(0 -1.389527 -12.176992)
(0 -2.1709885 -11.4055)
(0 1.6839655 -9.2439535)
(0 6.507896 -6.931432)
(0 12.833976 -4.3504045)
(0 17.442654 -2.812389)
(0 18.208438 -2.4303147)
(0 15.840139 -4.1702223)
(0 10.005658 -6.1271263)
(0 2.0186973 -8.076136)
(0 -0.93428467 -4.5760665)
(0 0.1144575 -2.3626255)
(0 4.184594 -0.163848)
(0 7.707795 1.2009915)
(0 12.252446 0.6671415)
(0 15.229397 -5.2922975)
(0 14.109513 -11.935077)
(0 10.857261 -17.535901)
(0 7.0857454 -20.8885)
(0 1.5479735 -21.636963)
(0 0.086100333 -1.2427987)
(0 2.24123 3.0610463)
(0 5.2475825 -0.044297)
(0 7.3388855 -2.630404)
(0 6.3406865 -10.220459)
(0 4.840436 -16.764894)
(0 5.964835 -24.181428)
(0 6.886716 -30.495422)
(0 5.9045965 -36.185071)
(0 1.5197223 -39.540032)
)
;
    }
    block1_wall2
    {
        type            extrapolatedCalculated;
        value           nonuniform List<vector> 
200
(
(-0.43344867 0 -30.887642)
(0.48694033 0 -18.075922)
(0.7606059 0 -11.204474)
(1.2054965 0 -2.8195155)
(0.921103 0 2.0637255)
(0.2238295 0 2.3213705)
(-0.59647893 0 0.71976065)
(-1.1188284 0 1.1269157)
(-1.2684848 0 4.0705043)
(-1.1957955 0 5.5933582)
(-1.1004216 0 1.8996565)
(-1.0230619 0 -4.9726634)
(-0.6410644 0 -7.4024305)
(0.36977973 0 -0.30084485)
(1.7577629 0 11.562201)
(2.2324747 0 16.741341)
(1.8787093 0 8.859149)
(0.26187267 0 -8.076136)
(-1.6184888 0 -21.636963)
(-2.4016997 0 -39.540032)
(-0.5440025 0 -30.076776)
(1.6621065 0 -16.284841)
(3.8401843 0 -10.12664)
(4.6270312 0 -2.5787699)
(3.1011759 0 0.59122495)
(0.14125565 0 0.04499765)
(-2.963786 0 -1.2942263)
(-4.9055812 0 0.118907)
(-5.5310443 0 3.9550538)
(-5.0593443 0 5.845453)
(-3.7834957 0 2.1587568)
(-2.1531169 0 -4.2836276)
(-0.03254795 0 -5.313168)
(2.9341292 0 3.297396)
(5.3173657 0 14.356243)
(5.1303805 0 16.92276)
(2.492337 0 5.903246)
(0.033956 0 -13.321933)
(-4.1944375 0 -25.632321)
(-3.695473 0 -32.115792)
(0.6525975 0 -27.912293)
(2.7297795 0 -13.691736)
(6.4642656 0 -8.2395493)
(6.058972 0 -3.558524)
(2.9782163 0 -2.4220501)
(-1.490149 0 -3.7435914)
(-5.2596592 0 -4.3270761)
(-7.1618065 0 -1.4403425)
(-7.3678181 0 3.9167412)
(-5.9788088 0 7.3409068)
(-3.1540605 0 4.8058839)
(0.2151762 0 -1.2217156)
(3.4725333 0 -2.3151844)
(5.8910198 0 5.0490687)
(5.4848805 0 13.758452)
(3.0980445 0 13.916312)
(-0.6272825 0 3.7627245)
(-0.975036 0 -14.762911)
(1.5926103 0 -25.366392)
(2.9277475 0 -29.390836)
(1.0888955 0 -25.374037)
(5.1861595 0 -10.473172)
(7.5158607 0 -6.7974472)
(5.6992791 0 -6.0648193)
(1.3030842 0 -6.957896)
(-3.7103386 0 -8.1928778)
(-6.9124475 0 -6.9658838)
(-7.857773 0 -1.989252)
(-7.120308 0 5.1380515)
(-4.7926717 0 10.059211)
(-1.1831235 0 8.3527418)
(2.9292421 0 2.3429662)
(6.6280564 0 0.36267555)
(7.8547343 0 5.3097431)
(5.9133401 0 11.563268)
(2.3205265 0 10.810598)
(0.976758 0 1.8301655)
(0.8306765 0 -11.102041)
(7.5421255 0 -21.729537)
(9.0978196 0 -28.493417)
(0.6139965 0 -21.577001)
(5.657237 0 -7.2647705)
(5.8136485 0 -7.7264297)
(2.5415709 0 -9.7713005)
(-2.0386369 0 -11.831668)
(-6.0296828 0 -11.959123)
(-7.949288 0 -8.4745105)
(-8.026872 0 -1.648203)
(-6.6612475 0 6.9818425)
(-3.756345 0 13.278091)
(0.51212981 0 12.527798)
(5.3223167 0 6.5894642)
(8.4699131 0 2.6103078)
(7.9912366 0 4.3343525)
(4.9701235 0 8.2242445)
(1.1429925 0 8.97973)
(0.732834 0 2.2728745)
(3.3621205 0 -8.197543)
(5.961154 0 -17.099248)
(9.0900071 0 -31.614437)
(1.282871 0 -18.277315)
(2.6958745 0 -5.2735205)
(1.6934675 0 -9.9131133)
(-1.9195475 0 -13.917105)
(-5.5655806 0 -15.52915)
(-7.8772555 0 -14.103529)
(-8.54854 0 -8.963073)
(-7.8231225 0 -0.7012115)
(-5.6941525 0 9.4085785)
(-1.931217 0 17.232588)
(2.7767707 0 17.431404)
(6.7634063 0 10.30075)
(8.322643 0 3.0315955)
(7.0811695 0 1.8099535)
(2.9954055 0 4.715024)
(0.706677 0 6.573308)
(0.8459 0 4.0492935)
(4.471962 0 -5.8737205)
(3.889228 0 -16.001651)
(1.6993808 0 -34.425416)
(1.4659975 0 -14.468775)
(-0.108995 0 -6.854174)
(-2.1599685 0 -12.341852)
(-4.7453645 0 -17.030349)
(-6.7991354 0 -17.789376)
(-7.6510015 0 -14.942082)
(-7.3444515 0 -8.4203775)
(-5.6511415 0 1.2061845)
(-2.536257 0 12.873748)
(1.307267 0 21.749014)
(4.938185 0 21.222421)
(7.402775 0 12.135336)
(7.7665445 0 2.928071)
(5.7190095 0 -0.992885)
(2.6769785 0 1.849752)
(2.5551195 0 6.8302245)
(5.3483675 0 6.0381595)
(6.0447795 0 -5.154215)
(5.1807185 0 -19.87183)
(-0.73162175 0 -35.50948)
(1.39822 0 -13.163336)
(-0.557247 0 -8.8994865)
(-3.599554 0 -14.549483)
(-5.0001608 0 -18.556272)
(-5.629729 0 -18.434787)
(-5.2176715 0 -14.648845)
(-4.176148 0 -6.963213)
(-2.199853 0 4.106983)
(0.9576375 0 16.366987)
(3.733139 0 24.70703)
(5.1191485 0 23.526911)
(5.5399995 0 13.129109)
(4.5154955 0 1.34783)
(1.9492155 0 -3.2796125)
(2.198773 0 1.551134)
(4.030888 0 9.244697)
(6.2364425 0 7.5389535)
(4.823814 0 -6.0413695)
(2.8320125 0 -22.778052)
(-0.3140915 0 -37.692041)
(1.415942 0 -10.499405)
(-1.4680055 0 -11.851948)
(-4.0390936 0 -16.784765)
(-4.2529199 0 -19.060524)
(-3.365683 0 -18.006887)
(-2.7200365 0 -13.488501)
(-1.5343795 0 -5.402559)
(0.941973 0 6.33997)
(2.765722 0 18.80674)
(3.2936815 0 25.910526)
(2.8239811 0 23.029281)
(0.4541145 0 11.531683)
(-2.0964705 0 -0.662713)
(-1.465566 0 -3.3096075)
(1.531842 0 3.9314245)
(4.2210005 0 10.867894)
(1.7880015 0 6.8310855)
(0.8786145 0 -8.558645)
(-1.9675795 0 -25.009735)
(-0.7417873 0 -31.958693)
(0.18158433 0 -15.011214)
(-0.96431133 0 -14.354522)
(-1.4867984 0 -17.334397)
(-1.3307325 0 -17.882861)
(-0.70169 0 -16.901903)
(-0.594077 0 -12.817541)
(-0.25438333 0 -3.3012035)
(0.80682667 0 8.4070845)
(1.123693 0 18.718696)
(0.74813033 0 24.765289)
(0.360202 0 20.687344)
(-0.813161 0 8.2086575)
(-1.8551487 0 -0.5718505)
(-0.752586 0 0.3487)
(0.583723 0 7.2377005)
(1.451598 0 9.5008565)
(-0.32763533 0 4.1965675)
(-0.30474733 0 -9.7969505)
(-1.1531723 0 -24.398454)
(0.1027735 0 -28.632482)
)
;
    }
    block1_wall3
    {
        type            extrapolatedCalculated;
        value           nonuniform List<vector> 
200
(
(0 -0.43345067 -30.887639)
(0 -0.5440055 -30.076774)
(0 0.6526015 -27.912291)
(0 1.0889015 -25.374034)
(0 0.6140015 -21.576999)
(0 1.2828775 -18.277312)
(0 1.4660005 -14.468774)
(0 1.398219 -13.163337)
(0 1.415941 -10.499404)
(0 0.181584 -15.011214)
(0 0.48694033 -18.075919)
(0 1.6621105 -16.284836)
(0 2.7297845 -13.691728)
(0 5.1861625 -10.47317)
(0 5.657241 -7.264768)
(0 2.6958765 -5.273519)
(0 -0.1089965 -6.854177)
(0 -0.557246 -8.899486)
(0 -1.468003 -11.851948)
(0 -0.96431133 -14.354522)
(0 0.7606052 -11.204471)
(0 3.8401857 -10.126634)
(0 6.464267 -8.2395504)
(0 7.5158617 -6.7974479)
(0 5.8136525 -7.7264295)
(0 1.6934685 -9.9131142)
(0 -2.1599665 -12.341851)
(0 -3.599552 -14.54948)
(0 -4.0390951 -16.784765)
(0 -1.4867987 -17.334397)
(0 1.2054983 -2.8195166)
(0 4.6270307 -2.5787721)
(0 6.0589701 -3.558526)
(0 5.6992833 -6.0648205)
(0 2.5415746 -9.7713024)
(0 -1.9195448 -13.917109)
(0 -4.7453625 -17.030351)
(0 -5.00016 -18.556276)
(0 -4.25292 -19.060526)
(0 -1.3307329 -17.882861)
(0 0.9211016 2.0637204)
(0 3.1011764 0.5912184)
(0 2.9782187 -2.4220514)
(0 1.3030851 -6.9578988)
(0 -2.0386364 -11.831672)
(0 -5.5655801 -15.529152)
(0 -6.7991326 -17.789378)
(0 -5.629727 -18.434791)
(0 -3.3656805 -18.006889)
(0 -0.70168867 -16.901903)
(0 0.22383033 2.3213606)
(0 0.14125885 0.04499285)
(0 -1.4901471 -3.7435999)
(0 -3.7103378 -8.192881)
(0 -6.0296788 -11.959127)
(0 -7.8772505 -14.103529)
(0 -7.651001 -14.942081)
(0 -5.217671 -14.648844)
(0 -2.7200325 -13.4885)
(0 -0.59407567 -12.817541)
(0 -0.59647693 0.71975485)
(0 -2.9637841 -1.2942343)
(0 -5.2596552 -4.3270838)
(0 -6.912442 -6.9658889)
(0 -7.949284 -8.4745145)
(0 -8.5485345 -8.9630745)
(0 -7.344448 -8.420377)
(0 -4.1761455 -6.96321)
(0 -1.534378 -5.402556)
(0 -0.254383 -3.3012035)
(0 -1.1188291 1.1269109)
(0 -4.9055797 0.1188994)
(0 -7.1618015 -1.4403445)
(0 -7.8577685 -1.989255)
(0 -8.0268645 -1.648203)
(0 -7.823113 -0.7012105)
(0 -5.6511365 1.2061855)
(0 -2.19985 4.106986)
(0 0.941974 6.339972)
(0 0.806826 8.4070845)
(0 -1.2684846 4.0705055)
(0 -5.5310396 3.9550601)
(0 -7.3678096 3.9167496)
(0 -7.1203005 5.1380585)
(0 -6.6612395 6.9818505)
(0 -5.694146 9.4085815)
(0 -2.5362515 12.87375)
(0 0.957641 16.366991)
(0 2.7657205 18.806742)
(0 1.123692 18.718696)
(0 -1.1957927 5.5933708)
(0 -5.0593356 5.8454691)
(0 -5.9788032 7.340921)
(0 -4.7926676 10.059224)
(0 -3.7563415 13.278103)
(0 -1.9312135 17.232595)
(0 1.307273 21.749015)
(0 3.7331415 24.707033)
(0 3.2936785 25.910526)
(0 0.74812867 24.765289)
(0 -1.1004191 1.8996717)
(0 -3.7834895 2.1587701)
(0 -3.1540548 4.8058974)
(0 -1.1831185 8.3527549)
(0 0.51213167 12.527809)
(0 2.7767664 17.431411)
(0 4.9381866 21.222425)
(0 5.1191521 23.526913)
(0 2.8239763 23.029279)
(0 0.36020033 20.687344)
(0 -1.0230604 -4.972652)
(0 -2.1531099 -4.2836175)
(0 0.2151816 -1.2217045)
(0 2.9292443 2.3429729)
(0 5.3223152 6.5894716)
(0 6.7634022 10.300752)
(0 7.4027745 12.135343)
(0 5.539996 13.129108)
(0 0.45411 11.531685)
(0 -0.81316133 8.2086575)
(0 -0.64106277 -7.4024253)
(0 -0.03254195 -5.3131635)
(0 3.4725356 -2.3151825)
(0 6.6280575 0.36268055)
(0 8.4699111 2.6103107)
(0 8.3226375 3.031598)
(0 7.7665425 2.9280735)
(0 4.515495 1.3478325)
(0 -2.0964745 -0.6627115)
(0 -1.8551517 -0.5718505)
(0 0.3697807 -0.3008484)
(0 2.9341329 3.2973954)
(0 5.8910257 5.0490643)
(0 7.8547375 5.3097426)
(0 7.9912326 4.334353)
(0 7.081165 1.809957)
(0 5.719009 -0.9928845)
(0 1.949211 -3.279612)
(0 -1.465573 -3.3096075)
(0 -0.75258733 0.3487)
(0 1.7577664 11.562196)
(0 5.3173708 14.356238)
(0 5.4848828 13.758445)
(0 5.9133462 11.563264)
(0 4.9701255 8.22424)
(0 2.9954 4.715022)
(0 2.6769735 1.849751)
(0 2.198772 1.5511355)
(0 1.5318375 3.9314245)
(0 0.58372 7.2377005)
(0 2.2324753 16.741339)
(0 5.130382 16.922756)
(0 3.0980515 13.916311)
(0 2.320532 10.810593)
(0 1.1429905 8.9797255)
(0 0.706676 6.5733025)
(0 2.5551225 6.830224)
(0 4.0308845 9.244694)
(0 4.220992 10.86789)
(0 1.4515967 9.5008565)
(0 1.8787113 8.8591525)
(0 2.492343 5.903246)
(0 -0.6272805 3.762725)
(0 0.9767605 1.8301615)
(0 0.732835 2.2728725)
(0 0.8458985 4.049289)
(0 5.348365 6.038159)
(0 6.2364375 7.538947)
(0 1.788 6.831085)
(0 -0.32763533 4.1965675)
(0 0.261871 -8.076128)
(0 0.0339545 -13.32193)
(0 -0.975033 -14.762912)
(0 0.8306795 -11.102036)
(0 3.362118 -8.1975445)
(0 4.4719625 -5.8737155)
(0 6.0447805 -5.154216)
(0 4.8238105 -6.041366)
(0 0.8786125 -8.5586435)
(0 -0.30474833 -9.7969505)
(0 -1.6184903 -21.63695)
(0 -4.194441 -25.632309)
(0 1.5926134 -25.366387)
(0 7.542128 -21.729535)
(0 5.961156 -17.099248)
(0 3.889227 -16.001647)
(0 5.1807145 -19.871829)
(0 2.83201 -22.778049)
(0 -1.9675845 -25.009733)
(0 -1.1531733 -24.398454)
(0 -2.4017017 -39.540032)
(0 -3.695482 -32.115788)
(0 2.927741 -29.390825)
(0 9.0978181 -28.493411)
(0 9.0900063 -31.614436)
(0 1.6993814 -34.425422)
(0 -0.7316218 -35.509485)
(0 -0.31409325 -37.692049)
(0 -0.74179235 -31.958702)
(0 0.10277093 -28.632482)
)
;
    }
    block1_wall4
    {
        type            extrapolatedCalculated;
        value           nonuniform List<vector> 
200
(
(1.4962343 0 -14.466756)
(-0.54351333 0 -6.2315185)
(0.28383467 0 3.6167405)
(0.10286333 0 15.079346)
(0.97073933 0 17.641031)
(0.5317197 0 12.776825)
(-0.55349867 0 3.2972617)
(-0.78470387 0 -3.5788206)
(-0.046584567 0 -3.2236466)
(0.041085533 0 0.7283943)
(0.047589167 0 2.2258951)
(0.84331097 0 1.8758143)
(0.97741333 0 -0.06734525)
(0.37796443 0 -6.1433491)
(0.1509639 0 -12.803227)
(-0.43836133 0 -15.820472)
(-1.4486117 0 -15.912912)
(-1.3895263 0 -12.176992)
(-0.93428433 0 -4.5760665)
(0.086102333 0 -1.2427987)
(5.50556 0 -19.816937)
(1.5014505 0 -8.050118)
(2.20627 0 4.5863055)
(1.2372295 0 16.109703)
(0.670065 0 18.284315)
(-0.65944845 0 10.490468)
(-1.4917077 0 1.3226263)
(-0.6295716 0 -2.8184494)
(0.762279 0 -1.9849625)
(1.0996426 0 0.8696549)
(1.6341319 0 3.4292333)
(3.3382165 0 3.2705505)
(3.6044365 0 -0.76536505)
(1.9394857 0 -7.3830233)
(0.36401955 0 -14.027716)
(-1.357443 0 -18.219836)
(-2.8185785 0 -17.339659)
(-2.170987 0 -11.4055)
(0.1144585 0 -2.3626235)
(2.241238 0 3.0610453)
(8.9725814 0 -26.980752)
(8.4423125 0 -9.5308085)
(5.546702 0 3.3525195)
(2.8652355 0 13.543141)
(-0.864067 0 15.744353)
(-1.8601158 0 10.615053)
(-0.0004625 0 3.3271385)
(1.6838368 0 -1.3248339)
(1.0484187 0 -1.4944323)
(1.2486444 0 1.6002471)
(3.039553 0 4.4644689)
(4.0767655 0 3.8461189)
(3.4502945 0 -1.466076)
(1.6270091 0 -9.3837661)
(-0.5408922 0 -16.100156)
(-1.615936 0 -19.00307)
(-0.2894735 0 -16.726456)
(1.6839665 0 -9.2439545)
(4.1845965 0 -0.1638415)
(5.2475825 0 -0.044299)
(9.4808027 0 -26.986313)
(10.159788 0 -11.475997)
(6.8508875 0 -0.9907715)
(2.069681 0 9.698934)
(-0.780112 0 13.558964)
(-0.84550239 0 11.354073)
(0.10516585 0 4.8665788)
(-0.40546415 0 -1.7695682)
(-1.0890698 0 -2.4201549)
(-0.51401645 0 2.8607892)
(1.3339239 0 6.2573544)
(2.505523 0 3.681292)
(1.433116 0 -3.2151215)
(-0.8344585 0 -11.37421)
(-2.0944876 0 -17.270661)
(-1.026401 0 -17.968417)
(2.8142475 0 -14.039757)
(6.507898 0 -6.9314305)
(7.707798 0 1.2009925)
(7.338882 0 -2.6303973)
(11.212778 0 -27.472765)
(8.3455208 0 -12.160724)
(6.0688455 0 -4.7375875)
(1.378904 0 5.9121415)
(-0.799974 0 12.82917)
(-1.5066738 0 11.500331)
(-2.4107567 0 3.7671767)
(-3.5138257 0 -2.5190696)
(-3.4121276 0 -1.6029846)
(-2.2940901 0 4.0232408)
(-0.5267865 0 7.4840084)
(0.4632535 0 3.945311)
(-0.6805395 0 -4.8060575)
(-2.527433 0 -12.91137)
(-2.1491406 0 -16.292099)
(1.828339 0 -14.094335)
(8.133404 0 -9.192157)
(12.833976 0 -4.350404)
(12.252447 0 0.6671425)
(6.340692 0 -10.22045)
(15.843556 0 -25.132125)
(10.642334 0 -16.61993)
(6.85134 0 -7.9573883)
(4.0231075 0 2.8301145)
(0.721015 0 10.673386)
(-1.6400055 0 9.7432903)
(-3.6399194 0 2.859427)
(-4.2562185 0 -2.7709391)
(-3.9494639 0 -1.2004193)
(-2.1548067 0 5.7461303)
(-0.215115 0 9.014698)
(-0.319993 0 3.527539)
(-2.29144 0 -6.2058079)
(-3.5323064 0 -12.842811)
(-1.2089133 0 -12.914889)
(5.518862 0 -7.6858724)
(13.309304 0 -3.0341195)
(17.442653 0 -2.812388)
(15.229401 0 -5.292292)
(4.8404415 0 -16.764887)
(11.813181 0 -22.648199)
(10.496279 0 -21.152939)
(6.3096961 0 -11.356814)
(3.9915585 0 -0.2181835)
(0.8036895 0 7.1660565)
(-2.0085978 0 7.1393962)
(-3.9216618 0 1.1509638)
(-4.1675954 0 -2.828614)
(-2.3966427 0 0.49842717)
(-0.05203925 0 7.7575897)
(0.4018565 0 9.318822)
(-1.526183 0 1.868986)
(-4.3060805 0 -8.0183709)
(-4.9621511 0 -11.828843)
(-0.7720703 0 -7.2409301)
(7.7987806 0 0.4238818)
(15.467346 0 2.7316339)
(18.208437 0 -2.4303064)
(14.109513 0 -11.935069)
(5.964837 0 -24.181422)
(2.880846 0 -24.103745)
(3.4315768 0 -22.123415)
(2.9387609 0 -14.462109)
(1.2189645 0 -2.6758921)
(-0.0533825 0 4.6732301)
(-2.4718256 0 5.017939)
(-3.5313186 0 0.70042935)
(-2.657862 0 -1.2459201)
(-0.215527 0 2.9151368)
(1.0098338 0 8.5446295)
(-0.545374 0 7.5405542)
(-3.7779685 0 -1.180398)
(-6.2580453 0 -9.6417761)
(-5.1695516 0 -9.3088009)
(0.66956925 0 -0.1539573)
(8.904982 0 8.5535438)
(14.55407 0 7.3755364)
(15.840138 0 -4.1702209)
(10.857258 0 -17.535892)
(6.886721 0 -30.495414)
(-3.040704 0 -27.096502)
(-1.615401 0 -21.095025)
(1.0067915 0 -13.569427)
(1.6422375 0 -3.2103269)
(0.863167 0 3.4752664)
(-0.9672722 0 3.6614602)
(-1.8334113 0 0.96492735)
(-0.9479467 0 0.4871776)
(0.53941965 0 4.166123)
(0.20742195 0 7.4277427)
(-2.411839 0 4.5310197)
(-5.4334606 0 -3.8436853)
(-6.204093 0 -9.409954)
(-3.1941098 0 -4.9012284)
(2.8038595 0 6.8336035)
(8.5220439 0 14.308382)
(10.991655 0 9.6667895)
(10.00566 0 -6.1271175)
(7.0857475 0 -20.888486)
(5.9046015 0 -36.185065)
(-1.6723843 0 -30.887639)
(-0.58780533 0 -18.075919)
(0.3403525 0 -11.204471)
(0.988832 0 -2.8195166)
(0.60089267 0 2.0637204)
(0.0478013 0 2.3213606)
(-0.292507 0 0.71975485)
(-0.11564703 0 1.1269109)
(0.1339819 0 4.0705055)
(-0.17939203 0 5.5933708)
(-1.0889327 0 1.8996717)
(-1.9336241 0 -4.972652)
(-1.8415772 0 -7.4024253)
(-0.59527157 0 -0.3008484)
(1.2253428 0 11.562196)
(2.5571236 0 16.741339)
(2.847314 0 8.8591525)
(2.018699 0 -8.076128)
(1.5479737 0 -21.63695)
(1.5197227 0 -39.540032)
)
;
    }
}


// ************************************************************************* //
