/*--------------------------------*- C++ -*----------------------------------*\
| =========                 |                                                 |
| \\      /  F ield         | OpenFOAM: The Open Source CFD Toolbox           |
|  \\    /   O peration     | Version:  v2106                                 |
|   \\  /    A nd           | Website:  www.openfoam.com                      |
|    \\/     M anipulation  |                                                 |
\*---------------------------------------------------------------------------*/
FoamFile
{
    version     2.0;
    format      ascii;
    arch        "LSB;label=32;scalar=64";
    class       volVectorField;
    location    "0";
    object      gradTmode2;
}
// * * * * * * * * * * * * * * * * * * * * * * * * * * * * * * * * * * * * * //

dimensions      [0 -1 0 1 0 0 0];

internalField   nonuniform List<vector> 
2000
(
(-1.6666667e-06 -1.6666667e-06 3.8747207)
(-6.5e-06 -2e-06 3.874722)
(-9.5e-06 -2.6666667e-06 3.874732)
(-6.5e-06 -1.3333333e-06 3.8747357)
(-3e-06 -1.3333333e-06 3.8747457)
(-6.5e-06 -1.6666667e-06 3.8747573)
(-6e-06 -6.6666667e-07 3.8747637)
(2.5e-06 6.6666667e-07 3.874769)
(7.5e-06 3.3333333e-07 3.8747777)
(2.3333333e-06 -3.3333333e-07 3.874781)
(-2e-06 -6.5e-06 3.874722)
(-8e-06 -8e-06 3.8747237)
(-8.5e-06 -9.5e-06 3.8747313)
(-4.5e-06 -5.5e-06 3.8747393)
(-3.5e-06 -5.5e-06 3.874749)
(-5.5e-06 -5.5e-06 3.87476)
(-2.5e-06 -1.5e-06 3.8747663)
(4e-06 2.1004974e-16 3.8747733)
(6e-06 -1.5e-06 3.874778)
(1.6666667e-06 -2e-06 3.874779)
(-2.6666667e-06 -9.5e-06 3.874732)
(-9.5e-06 -8.5e-06 3.8747313)
(-7e-06 -7e-06 3.8747357)
(-2.5e-06 -4.5e-06 3.874746)
(-3e-06 -4e-06 3.8747533)
(-2.5e-06 -1.5e-06 3.8747613)
(-5e-07 1e-06 3.874771)
(2.5e-06 -5e-07 3.8747753)
(5.5e-06 -2e-06 3.8747753)
(2e-06 -2e-06 3.8747777)
(-1.3333333e-06 -6.5e-06 3.8747357)
(-5.5e-06 -4.5e-06 3.8747393)
(-4.5e-06 -2.5e-06 3.874746)
(-1.5e-06 -1.5e-06 3.8747537)
(-5e-07 2e-06 3.8747587)
(-5e-07 5e-06 3.8747673)
(-1.5e-06 4.5e-06 3.874775)
(1e-06 4.5e-06 3.874775)
(4.5e-06 1.5e-06 3.8747757)
(1.6666667e-06 -1.5e-06 3.8747797)
(-1.3333333e-06 -3e-06 3.8747457)
(-5.5e-06 -3.5e-06 3.874749)
(-4e-06 -3e-06 3.8747533)
(2e-06 -5e-07 3.8747587)
(3.5e-06 3.5e-06 3.8747647)
(-2.1005078e-16 5e-06 3.874771)
(-1e-06 4.5e-06 3.8747743)
(-5e-07 4.5e-06 3.874778)
(-5e-07 2e-06 3.874776)
(-2.8006193e-16 5.116079e-22 3.874777)
(-1.6666667e-06 -6.5e-06 3.8747573)
(-5.5e-06 -5.5e-06 3.87476)
(-1.5e-06 -2.5e-06 3.8747613)
(5e-06 -5e-07 3.8747673)
(5e-06 -4.201044e-16 3.874771)
(5e-07 5e-07 3.8747737)
(-2e-06 -1.2366681e-22 3.874775)
(-1.5e-06 -1.0587912e-22 3.874778)
(-2.1005471e-16 2.5e-06 3.8747763)
(3.3333333e-07 3.5e-06 3.8747777)
(-6.6666667e-07 -6e-06 3.8747637)
(-1.5e-06 -2.5e-06 3.8747663)
(1e-06 -5e-07 3.874771)
(4.5e-06 -1.5e-06 3.874775)
(4.5e-06 -1e-06 3.8747743)
(2.1005235e-16 -2e-06 3.874775)
(-1.5e-06 -1.5e-06 3.8747757)
(2e-06 2.5e-06 3.8747767)
(3e-06 6e-06 3.8747787)
(6.6666667e-07 5.5e-06 3.8747803)
(6.6666667e-07 2.5e-06 3.874769)
(2.1005581e-16 4e-06 3.8747733)
(-5e-07 2.5e-06 3.8747753)
(4.5e-06 1e-06 3.874775)
(4.5e-06 -5e-07 3.874778)
(-3.59989e-22 -1.5e-06 3.874778)
(2.5e-06 2e-06 3.8747767)
(6e-06 6e-06 3.874781)
(3e-06 6.5e-06 3.8747817)
(-1.4003909e-16 5.5e-06 3.8747793)
(3.3333333e-07 7.5e-06 3.8747777)
(-1.5e-06 6e-06 3.874778)
(-2e-06 5.5e-06 3.8747753)
(1.5e-06 4.5e-06 3.8747757)
(2e-06 -5e-07 3.874776)
(2.5e-06 1.0587912e-22 3.8747763)
(6e-06 3e-06 3.8747787)
(6.5e-06 3e-06 3.8747817)
(2.5e-06 2.5e-06 3.8747787)
(-1.400354e-16 4.5e-06 3.8747757)
(-3.3333333e-07 2.3333333e-06 3.874781)
(-2e-06 1.6666667e-06 3.874779)
(-2e-06 2e-06 3.8747777)
(-1.5e-06 1.6666667e-06 3.8747797)
(-4.2010416e-16 -5.7824116e-22 3.874777)
(3.5e-06 3.3333333e-07 3.8747777)
(5.5e-06 6.6666667e-07 3.8747803)
(5.5e-06 1.4003435e-16 3.8747793)
(4.5e-06 -1.4003569e-16 3.8747757)
(1.3333333e-06 1.3333333e-06 3.8747797)
(-3.3333333e-07 -3.3333333e-07 3.8747155)
(-1.5e-06 -1.6666667e-06 3.874717)
(-3e-06 -2e-06 3.874722)
(2e-06 -3.3333333e-07 3.8747295)
(7.5e-06 -6.6666667e-07 3.874736)
(4.5e-06 -3.3333333e-07 3.8747455)
(3.5e-06 -6.6666667e-07 3.8747545)
(5.5e-06 -3.3333333e-07 3.87476)
(3.5e-06 -6.6666667e-07 3.8747595)
(3.3333333e-07 -1e-06 3.8747555)
(-1.6666667e-06 -1.5e-06 3.874717)
(-4e-06 -4e-06 3.8747195)
(-1e-06 -4e-06 3.874724)
(4e-06 4.2009863e-16 3.874731)
(7.5e-06 4.2009919e-16 3.8747395)
(4.5e-06 -1.5e-06 3.874748)
(3.5e-06 -5e-07 3.874755)
(5.5e-06 -5e-07 3.874759)
(2.5e-06 -3e-06 3.874757)
(8.4020377e-16 -3e-06 3.874754)
(-2e-06 -3e-06 3.874722)
(-4e-06 -1e-06 3.874724)
(1e-06 1e-06 3.8747315)
(6e-06 3e-06 3.8747375)
(6e-06 2.5e-06 3.8747445)
(4e-06 1.5e-06 3.8747515)
(4.5e-06 2e-06 3.8747565)
(3e-06 4.2010368e-16 3.8747595)
(1e-06 -1.5e-06 3.8747575)
(3.3333333e-07 -1e-06 3.874755)
(-3.3333333e-07 2e-06 3.8747295)
(4.2009585e-16 4e-06 3.874731)
(3e-06 6e-06 3.8747375)
(5.5e-06 5.5e-06 3.874743)
(6e-06 5e-06 3.874748)
(4e-06 5.5e-06 3.8747525)
(2e-06 3.5e-06 3.874756)
(2e-06 2.5e-06 3.874759)
(1.5e-06 2.5e-06 3.874759)
(3.3333333e-07 1.5e-06 3.8747575)
(-6.6666667e-07 7.5e-06 3.874736)
(4.2009946e-16 7.5e-06 3.8747395)
(2.5e-06 6e-06 3.8747445)
(5e-06 6e-06 3.874748)
(6e-06 6e-06 3.87475)
(2.5e-06 4.5e-06 3.874752)
(1.5e-06 4.5e-06 3.8747545)
(2e-06 5e-06 3.874758)
(4.2010156e-16 3e-06 3.8747605)
(-3.3333334e-07 3e-06 3.8747615)
(-3.3333333e-07 4.5e-06 3.8747455)
(-1.5e-06 4.5e-06 3.874748)
(1.5e-06 4e-06 3.8747515)
(5.5e-06 4e-06 3.8747525)
(4.5e-06 2.5e-06 3.874752)
(2.5e-06 2.5e-06 3.874753)
(2.5e-06 4e-06 3.874757)
(5e-07 4e-06 3.874762)
(-5e-07 4.5e-06 3.874764)
(3.3333333e-07 6.5e-06 3.8747645)
(-6.6666667e-07 3.5e-06 3.8747545)
(-5e-07 3.5e-06 3.874755)
(2e-06 4.5e-06 3.8747565)
(3.5e-06 2e-06 3.874756)
(4.5e-06 1.5e-06 3.8747545)
(4e-06 2.5e-06 3.874757)
(3e-06 3e-06 3.8747635)
(2.5e-06 5e-06 3.874767)
(2.5e-06 8e-06 3.874767)
(1e-06 8e-06 3.8747685)
(-3.3333333e-07 5.5e-06 3.87476)
(-5e-07 5.5e-06 3.874759)
(2.1684043e-22 3e-06 3.8747595)
(2.5e-06 2e-06 3.874759)
(5e-06 2e-06 3.874758)
(4e-06 5e-07 3.874762)
(5e-06 2.5e-06 3.874767)
(5.5e-06 5.5e-06 3.874768)
(2.5e-06 6.5e-06 3.8747685)
(3.3333333e-07 6.5e-06 3.8747715)
(-6.6666667e-07 3.5e-06 3.8747595)
(-3e-06 2.5e-06 3.874757)
(-1.5e-06 1e-06 3.8747575)
(2.5e-06 1.5e-06 3.874759)
(3e-06 -4.2010216e-16 3.8747605)
(4.5e-06 -5e-07 3.874764)
(8e-06 2.5e-06 3.874767)
(6.5e-06 2.5e-06 3.8747685)
(3.5e-06 3.5e-06 3.874771)
(1e-06 5e-06 3.874773)
(-1e-06 3.3333333e-07 3.8747555)
(-3e-06 2.8006648e-16 3.874754)
(-1e-06 3.3333333e-07 3.874755)
(1.5e-06 3.3333333e-07 3.8747575)
(3e-06 -3.3333334e-07 3.8747615)
(6.5e-06 3.3333333e-07 3.8747645)
(8e-06 1e-06 3.8747685)
(6.5e-06 3.3333333e-07 3.8747715)
(5e-06 1e-06 3.874773)
(1.3333333e-06 1.3333333e-06 3.874774)
(-6.6666667e-07 -6.6666667e-07 3.8747255)
(-8.4019766e-16 -3.3333333e-07 3.8747255)
(3e-06 -1.3333333e-06 3.8747285)
(7.5e-06 -3.3333333e-07 3.874735)
(1.3e-05 1e-06 3.8747385)
(1.2e-05 5.6013455e-16 3.874744)
(8.5e-06 -3.3333333e-07 3.8747485)
(7.5e-06 -5.6013708e-16 3.8747505)
(3e-06 -1.3333333e-06 3.8747515)
(-3.3333333e-07 -1.3333333e-06 3.8747515)
(-3.3333333e-07 -8.4019579e-16 3.8747255)
(-1e-06 -1e-06 3.8747275)
(3e-06 8.402022e-16 3.8747315)
(1.1e-05 2.5e-06 3.874736)
(1.35e-05 3e-06 3.8747405)
(1e-05 5e-07 3.874744)
(8.5e-06 5e-07 3.8747485)
(6e-06 -5e-07 3.874751)
(1e-06 -3.5e-06 3.874752)
(-3.3333333e-07 -2.5e-06 3.8747525)
(-1.3333333e-06 3e-06 3.8747285)
(8.4020155e-16 3e-06 3.8747315)
(6.5e-06 6.5e-06 3.874736)
(1.05e-05 7.5e-06 3.8747395)
(1.1e-05 4.5e-06 3.874742)
(9.5e-06 3e-06 3.8747455)
(7.5e-06 2e-06 3.874749)
(3.5e-06 -5e-07 3.874752)
(1e-06 8.4020495e-16 3.874754)
(3.3333333e-07 1.5e-06 3.8747555)
(-3.3333333e-07 7.5e-06 3.874735)
(2.5e-06 1.1e-05 3.874736)
(7.5e-06 1.05e-05 3.8747395)
(9e-06 9e-06 3.874741)
(9e-06 7.5e-06 3.874743)
(7.5e-06 5.5e-06 3.8747455)
(5e-06 2.5e-06 3.8747495)
(4e-06 3e-06 3.874753)
(3e-06 4.5e-06 3.8747565)
(6.6666667e-07 5e-06 3.8747585)
(1e-06 1.3e-05 3.8747385)
(3e-06 1.35e-05 3.8747405)
(4.5e-06 1.1e-05 3.874742)
(7.5e-06 9e-06 3.874743)
(7.5e-06 7.5e-06 3.8747445)
(4.5e-06 5.5e-06 3.8747465)
(5e-06 5.5e-06 3.8747505)
(5.5e-06 7.5e-06 3.8747555)
(3e-06 7e-06 3.87476)
(6.6666667e-07 7e-06 3.874763)
(5.6013281e-16 1.2e-05 3.874744)
(5e-07 1e-05 3.874744)
(3e-06 9.5e-06 3.8747455)
(5.5e-06 7.5e-06 3.8747455)
(5.5e-06 4.5e-06 3.8747465)
(5.5e-06 5.5e-06 3.874749)
(7e-06 9e-06 3.874755)
(5.5e-06 9e-06 3.87476)
(2.5e-06 9e-06 3.8747645)
(6.6666667e-07 1.05e-05 3.8747675)
(-3.3333333e-07 8.5e-06 3.8747485)
(5e-07 8.5e-06 3.8747485)
(2e-06 7.5e-06 3.874749)
(2.5e-06 5e-06 3.8747495)
(5.5e-06 5e-06 3.8747505)
(9e-06 7e-06 3.874755)
(8.5e-06 8.5e-06 3.8747605)
(5.5e-06 8.5e-06 3.874765)
(4.5e-06 1.05e-05 3.874769)
(1.6666667e-06 1.25e-05 3.8747705)
(-5.6013643e-16 7.5e-06 3.8747505)
(-5e-07 6e-06 3.874751)
(-5e-07 3.5e-06 3.874752)
(3e-06 4e-06 3.874753)
(7.5e-06 5.5e-06 3.8747555)
(9e-06 5.5e-06 3.87476)
(8.5e-06 5.5e-06 3.874765)
(7.5e-06 7.5e-06 3.874769)
(6.5e-06 1.05e-05 3.8747725)
(2e-06 1e-05 3.874774)
(-1.3333333e-06 3e-06 3.8747515)
(-3.5e-06 1e-06 3.874752)
(-8.4020109e-16 1e-06 3.874754)
(4.5e-06 3e-06 3.8747565)
(7e-06 3e-06 3.87476)
(9e-06 2.5e-06 3.8747645)
(1.05e-05 4.5e-06 3.874769)
(1.05e-05 6.5e-06 3.8747725)
(7e-06 7e-06 3.874776)
(1.3333333e-06 7e-06 3.8747745)
(-1.3333333e-06 -3.3333333e-07 3.8747515)
(-2.5e-06 -3.3333333e-07 3.8747525)
(1.5e-06 3.3333333e-07 3.8747555)
(5e-06 6.6666667e-07 3.8747585)
(7e-06 6.6666667e-07 3.874763)
(1.05e-05 6.6666667e-07 3.8747675)
(1.25e-05 1.6666667e-06 3.8747705)
(1e-05 2e-06 3.874774)
(7e-06 1.3333333e-06 3.8747745)
(2e-06 2e-06 3.8747745)
(-3.3333333e-07 -3.3333333e-07 3.8747375)
(1.5e-06 -3.3333333e-07 3.874739)
(6.5e-06 5.601344e-16 3.874741)
(1.2e-05 3.3333333e-07 3.8747435)
(1.65e-05 6.6666667e-07 3.8747465)
(1.45e-05 -3.3333333e-07 3.874747)
(1e-05 -6.6666667e-07 3.874749)
(8.5e-06 -3.6140072e-22 3.874751)
(4.5e-06 -3.3333333e-07 3.874753)
(3.3333333e-07 -3.3333333e-07 3.8747555)
(-3.3333333e-07 1.5e-06 3.874739)
(2e-06 2e-06 3.87474)
(7.5e-06 3.5e-06 3.8747435)
(1.3e-05 4.5e-06 3.8747455)
(1.55e-05 3.5e-06 3.8747455)
(1.25e-05 1.680402e-15 3.874747)
(1.05e-05 1.6804043e-15 3.874749)
(9e-06 1e-06 3.874752)
(4e-06 -5e-07 3.874756)
(3.3333333e-07 1e-06 3.8747585)
(-1.1202673e-15 6.5e-06 3.874741)
(3.5e-06 7.5e-06 3.8747435)
(9e-06 9e-06 3.8747455)
(1.2e-05 8e-06 3.8747455)
(1.2e-05 5e-06 3.874746)
(1.1e-05 3e-06 3.874747)
(1.1e-05 3e-06 3.87475)
(8e-06 2e-06 3.8747555)
(4.5e-06 3e-06 3.8747595)
(1.3333333e-06 5e-06 3.874762)
(3.3333333e-07 1.2e-05 3.8747435)
(4.5e-06 1.3e-05 3.8747455)
(8e-06 1.2e-05 3.8747455)
(9e-06 9e-06 3.874745)
(1.05e-05 7.5e-06 3.8747455)
(1.05e-05 6.5e-06 3.874748)
(9.5e-06 5e-06 3.8747525)
(9e-06 6e-06 3.874758)
(7e-06 8.5e-06 3.8747625)
(1.6666667e-06 9e-06 3.8747655)
(6.6666667e-07 1.65e-05 3.8747465)
(3.5e-06 1.55e-05 3.8747455)
(5e-06 1.2e-05 3.874746)
(7.5e-06 1.05e-05 3.8747455)
(9.5e-06 9.5e-06 3.874747)
(8.5e-06 8e-06 3.8747505)
(1.05e-05 1e-05 3.874756)
(1.15e-05 1.2e-05 3.874762)
(7.5e-06 1.1e-05 3.874767)
(1.6666667e-06 1.2e-05 3.874769)
(-3.3333333e-07 1.45e-05 3.874747)
(8.4019982e-16 1.25e-05 3.874747)
(3e-06 1.1e-05 3.874747)
(6.5e-06 1.05e-05 3.874748)
(8e-06 8.5e-06 3.8747505)
(1.1e-05 1.1e-05 3.8747545)
(1.35e-05 1.4e-05 3.874761)
(1e-05 1.35e-05 3.874766)
(7e-06 1.35e-05 3.8747695)
(2.3333333e-06 1.4e-05 3.8747725)
(-6.6666667e-07 1e-05 3.874749)
(-2.4072676e-21 1.05e-05 3.874749)
(3e-06 1.1e-05 3.87475)
(5e-06 9.5e-06 3.8747525)
(1e-05 1.05e-05 3.874756)
(1.4e-05 1.35e-05 3.874761)
(1.3e-05 1.3e-05 3.8747655)
(1.1e-05 1.4e-05 3.874769)
(8e-06 1.6e-05 3.8747735)
(2e-06 1.45e-05 3.8747735)
(-1.1202743e-15 8.5e-06 3.874751)
(1e-06 9e-06 3.874752)
(2e-06 8e-06 3.8747555)
(6e-06 9e-06 3.874758)
(1.2e-05 1.15e-05 3.874762)
(1.35e-05 1e-05 3.874766)
(1.4e-05 1.1e-05 3.874769)
(1.3e-05 1.3e-05 3.8747745)
(7.5e-06 1.35e-05 3.8747765)
(1.3333333e-06 1.05e-05 3.874773)
(-3.3333333e-07 4.5e-06 3.874753)
(-5e-07 4e-06 3.874756)
(3e-06 4.5e-06 3.8747595)
(8.5e-06 7e-06 3.8747625)
(1.1e-05 7.5e-06 3.874767)
(1.35e-05 7e-06 3.8747695)
(1.6e-05 8e-06 3.8747735)
(1.35e-05 7.5e-06 3.8747765)
(5.5e-06 5.5e-06 3.8747735)
(-1.680414e-15 5.5e-06 3.874771)
(-3.3333333e-07 3.3333333e-07 3.8747555)
(1e-06 3.3333333e-07 3.8747585)
(5e-06 1.3333333e-06 3.874762)
(9e-06 1.6666667e-06 3.8747655)
(1.2e-05 1.6666667e-06 3.874769)
(1.4e-05 2.3333333e-06 3.8747725)
(1.45e-05 2e-06 3.8747735)
(1.05e-05 1.3333333e-06 3.874773)
(5.5e-06 -5.6013838e-16 3.874771)
(1.3333333e-06 1.3333333e-06 3.874765)
(3.3333333e-07 3.3333333e-07 3.874753)
(3.5e-06 3.3333333e-07 3.8747545)
(7.5e-06 3.3333333e-07 3.8747565)
(1.3e-05 1e-06 3.874757)
(1.65e-05 3.3333333e-07 3.874756)
(1.45e-05 -1.1202714e-15 3.874755)
(1.25e-05 -3.3333334e-07 3.8747565)
(1.15e-05 6.6666667e-07 3.87476)
(7.5e-06 6.6666667e-07 3.874763)
(1.3333333e-06 6.6666667e-07 3.8747665)
(3.3333333e-07 3.5e-06 3.8747545)
(3.5e-06 3.5e-06 3.874757)
(8.5e-06 4.5e-06 3.8747575)
(1.3e-05 4.5e-06 3.874757)
(1.5e-05 2.5e-06 3.874756)
(1.35e-05 5e-07 3.874756)
(1.35e-05 1.5e-06 3.8747585)
(1.3e-05 4e-06 3.874763)
(7.5e-06 3e-06 3.874767)
(1.3333333e-06 4e-06 3.8747695)
(3.3333333e-07 7.5e-06 3.8747565)
(4.5e-06 8.5e-06 3.8747575)
(8.5e-06 8.5e-06 3.874757)
(1.1e-05 7e-06 3.874756)
(1.25e-05 4.5e-06 3.874756)
(1.35e-05 4e-06 3.8747575)
(1.6e-05 5.5e-06 3.8747615)
(1.3e-05 5.5e-06 3.8747665)
(7.5e-06 6.5e-06 3.8747705)
(2e-06 8.5e-06 3.8747715)
(1e-06 1.3e-05 3.874757)
(4.5e-06 1.3e-05 3.874757)
(7e-06 1.1e-05 3.874756)
(9e-06 9e-06 3.8747565)
(1.2e-05 8.5e-06 3.874757)
(1.45e-05 9e-06 3.8747595)
(1.5e-05 8.5e-06 3.8747645)
(1.4e-05 9.5e-06 3.8747695)
(1.05e-05 1.2e-05 3.8747725)
(2.6666667e-06 1.2e-05 3.874774)
(3.3333333e-07 1.65e-05 3.874756)
(2.5e-06 1.5e-05 3.874756)
(4.5e-06 1.25e-05 3.874756)
(8.5e-06 1.2e-05 3.874757)
(1.25e-05 1.25e-05 3.874759)
(1.35e-05 1.2e-05 3.874763)
(1.65e-05 1.4e-05 3.8747675)
(1.65e-05 1.55e-05 3.874772)
(1e-05 1.4e-05 3.874774)
(2e-06 1.4e-05 3.874775)
(1.1202727e-15 1.45e-05 3.874755)
(5e-07 1.35e-05 3.874756)
(4e-06 1.35e-05 3.8747575)
(9e-06 1.45e-05 3.8747595)
(1.2e-05 1.35e-05 3.874763)
(1.6e-05 1.6e-05 3.874767)
(1.85e-05 1.85e-05 3.87477)
(1.4e-05 1.6e-05 3.874773)
(9e-06 1.55e-05 3.8747755)
(2.6666667e-06 1.5e-05 3.8747745)
(-3.3333333e-07 1.25e-05 3.8747565)
(1.5e-06 1.35e-05 3.8747585)
(5.5e-06 1.6e-05 3.8747615)
(8.5e-06 1.5e-05 3.8747645)
(1.4e-05 1.65e-05 3.8747675)
(1.85e-05 1.85e-05 3.87477)
(1.65e-05 1.65e-05 3.874773)
(1.35e-05 1.7e-05 3.874775)
(9e-06 1.75e-05 3.8747755)
(1.6666667e-06 1.3e-05 3.874773)
(6.6666667e-07 1.15e-05 3.87476)
(4e-06 1.3e-05 3.874763)
(5.5e-06 1.3e-05 3.8747665)
(9.5e-06 1.4e-05 3.8747695)
(1.55e-05 1.65e-05 3.874772)
(1.6e-05 1.4e-05 3.874773)
(1.7e-05 1.35e-05 3.874775)
(1.5e-05 1.5e-05 3.874776)
(5e-06 1.05e-05 3.8747725)
(-3.3333333e-07 7.5e-06 3.874769)
(6.6666667e-07 7.5e-06 3.874763)
(3e-06 7.5e-06 3.874767)
(6.5e-06 7.5e-06 3.8747705)
(1.2e-05 1.05e-05 3.8747725)
(1.4e-05 1e-05 3.874774)
(1.55e-05 9e-06 3.8747755)
(1.75e-05 9e-06 3.8747755)
(1.05e-05 5e-06 3.8747725)
(1.5e-06 1.5e-06 3.874766)
(-3.3333333e-07 -1e-06 3.8747645)
(6.6666667e-07 1.3333333e-06 3.8747665)
(4e-06 1.3333333e-06 3.8747695)
(8.5e-06 2e-06 3.8747715)
(1.2e-05 2.6666667e-06 3.874774)
(1.4e-05 2e-06 3.874775)
(1.5e-05 2.6666667e-06 3.8747745)
(1.3e-05 1.6666667e-06 3.874773)
(7.5e-06 -3.3333333e-07 3.874769)
(-1e-06 -3.3333333e-07 3.8747645)
(-2e-06 -2e-06 3.8747605)
(6.6666667e-07 6.6666667e-07 3.8747685)
(5e-06 1.3333333e-06 3.8747705)
(9e-06 6.6666667e-07 3.8747705)
(1.15e-05 3.3333333e-07 3.87477)
(1.45e-05 6.6666667e-07 3.8747685)
(1.5e-05 3.3333333e-07 3.8747685)
(1.5e-05 6.6666667e-07 3.87477)
(1.5e-05 2e-06 3.874773)
(1.1e-05 2.3333333e-06 3.8747755)
(2.6666667e-06 1.6666667e-06 3.874778)
(1.3333333e-06 5e-06 3.8747705)
(5e-06 5e-06 3.874771)
(7.5e-06 4e-06 3.874771)
(1.15e-05 3.5e-06 3.87477)
(1.45e-05 3.5e-06 3.87477)
(1.5e-05 2.5e-06 3.8747705)
(1.75e-05 5e-06 3.8747735)
(1.75e-05 7.5e-06 3.8747765)
(1.05e-05 7e-06 3.874779)
(2e-06 6e-06 3.8747795)
(6.6666667e-07 9e-06 3.8747705)
(4e-06 7.5e-06 3.874771)
(7.5e-06 7.5e-06 3.87477)
(1.1e-05 7.5e-06 3.87477)
(1.35e-05 6e-06 3.8747715)
(1.65e-05 6.5e-06 3.8747735)
(2e-05 9e-06 3.874776)
(1.7e-05 8.5e-06 3.874779)
(9.5e-06 8.5e-06 3.874781)
(2e-06 9.5e-06 3.87478)
(3.3333333e-07 1.15e-05 3.87477)
(3.5e-06 1.15e-05 3.87477)
(7.5e-06 1.1e-05 3.87477)
(1e-05 1e-05 3.874772)
(1.35e-05 1.05e-05 3.8747735)
(1.8e-05 1.2e-05 3.8747755)
(1.95e-05 1.1e-05 3.8747785)
(1.7e-05 1.15e-05 3.8747805)
(1.15e-05 1.2e-05 3.8747805)
(2.6666667e-06 1.25e-05 3.874779)
(6.6666667e-07 1.45e-05 3.8747685)
(3.5e-06 1.45e-05 3.87477)
(6e-06 1.35e-05 3.8747715)
(1.05e-05 1.35e-05 3.8747735)
(1.55e-05 1.55e-05 3.874776)
(1.7e-05 1.55e-05 3.874778)
(1.95e-05 1.55e-05 3.8747795)
(1.8e-05 1.55e-05 3.87478)
(1.05e-05 1.4e-05 3.8747785)
(2.3333333e-06 1.25e-05 3.8747775)
(3.3333333e-07 1.5e-05 3.8747685)
(2.5e-06 1.5e-05 3.8747705)
(6.5e-06 1.65e-05 3.8747735)
(1.2e-05 1.8e-05 3.8747755)
(1.55e-05 1.7e-05 3.874778)
(1.8e-05 1.8e-05 3.874779)
(1.95e-05 1.95e-05 3.8747795)
(1.55e-05 1.65e-05 3.874778)
(8.5e-06 1.5e-05 3.8747775)
(1.6666667e-06 1.2e-05 3.874774)
(6.6666667e-07 1.5e-05 3.87477)
(5e-06 1.75e-05 3.8747735)
(9e-06 2e-05 3.874776)
(1.1e-05 1.95e-05 3.8747785)
(1.55e-05 1.95e-05 3.8747795)
(1.95e-05 1.95e-05 3.8747795)
(1.8e-05 1.8e-05 3.8747785)
(1.35e-05 1.7e-05 3.8747775)
(6e-06 1.3e-05 3.874774)
(3.3333334e-07 9e-06 3.874771)
(2e-06 1.5e-05 3.874773)
(7.5e-06 1.75e-05 3.8747765)
(8.5e-06 1.7e-05 3.874779)
(1.15e-05 1.7e-05 3.8747805)
(1.55e-05 1.8e-05 3.87478)
(1.65e-05 1.55e-05 3.874778)
(1.7e-05 1.35e-05 3.8747775)
(1.05e-05 1.05e-05 3.8747725)
(5e-07 4e-06 3.874767)
(-1e-06 2e-06 3.8747665)
(2.3333333e-06 1.1e-05 3.8747755)
(7e-06 1.05e-05 3.874779)
(8.5e-06 9.5e-06 3.874781)
(1.2e-05 1.15e-05 3.8747805)
(1.4e-05 1.05e-05 3.8747785)
(1.5e-05 8.5e-06 3.8747775)
(1.3e-05 6e-06 3.874774)
(4e-06 5e-07 3.874767)
(-2.5e-06 -2.5e-06 3.874765)
(-1e-06 -3e-06 3.874762)
(1.6666667e-06 2.6666667e-06 3.874778)
(6e-06 2e-06 3.8747795)
(9.5e-06 2e-06 3.87478)
(1.25e-05 2.6666667e-06 3.874779)
(1.25e-05 2.3333333e-06 3.8747775)
(1.2e-05 1.6666667e-06 3.874774)
(9e-06 3.3333333e-07 3.874771)
(2e-06 -1e-06 3.8747665)
(-3e-06 -1e-06 3.874762)
(-1.3333333e-06 -1.3333333e-06 3.8747675)
(1.6666667e-06 1.6666667e-06 3.8747825)
(5.5e-06 6.6666667e-07 3.874783)
(7e-06 6.6666667e-07 3.874782)
(1.1e-05 1e-06 3.874781)
(1.5e-05 1.3333333e-06 3.874783)
(1.6e-05 1.3333333e-06 3.8747835)
(1.7e-05 2e-06 3.874785)
(1.7e-05 3e-06 3.8747855)
(1.25e-05 3e-06 3.874786)
(3e-06 1.6666667e-06 3.874786)
(6.6666667e-07 5.5e-06 3.874783)
(4e-06 4e-06 3.874782)
(7.5e-06 4e-06 3.8747825)
(1.2e-05 4.5e-06 3.8747835)
(1.55e-05 5.5e-06 3.874785)
(1.7e-05 5.5e-06 3.8747865)
(1.95e-05 7.5e-06 3.874787)
(1.85e-05 1e-05 3.874787)
(1.05e-05 8.5e-06 3.874787)
(1.6666667e-06 6e-06 3.8747855)
(6.6666667e-07 7e-06 3.874782)
(4e-06 7.5e-06 3.8747825)
(7.5e-06 7.5e-06 3.8747835)
(1.25e-05 9e-06 3.8747845)
(1.6e-05 8e-06 3.874787)
(1.8e-05 9e-06 3.874788)
(2.15e-05 1.05e-05 3.874788)
(1.8e-05 9.5e-06 3.874788)
(8.5e-06 8e-06 3.874786)
(1.3333333e-06 8e-06 3.874784)
(1e-06 1.1e-05 3.874781)
(4.5e-06 1.2e-05 3.8747835)
(9e-06 1.25e-05 3.8747845)
(1.25e-05 1.25e-05 3.8747865)
(1.55e-05 1.3e-05 3.8747885)
(1.95e-05 1.35e-05 3.874789)
(2e-05 1.2e-05 3.874788)
(1.6e-05 1.05e-05 3.874786)
(9e-06 9.5e-06 3.874783)
(1.6666667e-06 9.5e-06 3.87478)
(1.3333333e-06 1.5e-05 3.874783)
(5.5e-06 1.55e-05 3.874785)
(8e-06 1.6e-05 3.874787)
(1.3e-05 1.55e-05 3.8747885)
(1.7e-05 1.7e-05 3.8747895)
(1.7e-05 1.55e-05 3.8747885)
(1.85e-05 1.5e-05 3.874787)
(1.55e-05 1.3e-05 3.874783)
(7.5e-06 1.1e-05 3.87478)
(1.3333333e-06 9e-06 3.874776)
(1.3333333e-06 1.6e-05 3.8747835)
(5.5e-06 1.7e-05 3.8747865)
(9e-06 1.8e-05 3.874788)
(1.35e-05 1.95e-05 3.874789)
(1.55e-05 1.7e-05 3.8747885)
(1.75e-05 1.75e-05 3.874787)
(1.75e-05 1.75e-05 3.874785)
(1.2e-05 1.35e-05 3.8747805)
(5e-06 1.1e-05 3.8747765)
(3.3333333e-07 8.5e-06 3.8747735)
(2e-06 1.7e-05 3.874785)
(7.5e-06 1.95e-05 3.874787)
(1.05e-05 2.15e-05 3.874788)
(1.2e-05 2e-05 3.874788)
(1.5e-05 1.85e-05 3.874787)
(1.75e-05 1.75e-05 3.874785)
(1.45e-05 1.45e-05 3.874781)
(9e-06 1.15e-05 3.874776)
(2.5e-06 7e-06 3.874772)
(-3.3333333e-07 5.5e-06 3.8747705)
(3e-06 1.7e-05 3.8747855)
(1e-05 1.85e-05 3.874787)
(9.5e-06 1.8e-05 3.874788)
(1.05e-05 1.6e-05 3.874786)
(1.3e-05 1.55e-05 3.874783)
(1.35e-05 1.2e-05 3.8747805)
(1.15e-05 9e-06 3.874776)
(4.5e-06 4.5e-06 3.8747695)
(-1e-06 1.5e-06 3.8747685)
(-6.6666667e-07 -1.5e-06 3.874768)
(3e-06 1.25e-05 3.874786)
(8.5e-06 1.05e-05 3.874787)
(8e-06 8.5e-06 3.874786)
(9.5e-06 9e-06 3.874783)
(1.1e-05 7.5e-06 3.87478)
(1.1e-05 5e-06 3.8747765)
(7e-06 2.5e-06 3.874772)
(1.5e-06 -1e-06 3.8747685)
(-3.5e-06 -3.5e-06 3.874769)
(-2.3333333e-06 1.6804159e-15 3.8747695)
(1.6666667e-06 3e-06 3.874786)
(6e-06 1.6666667e-06 3.8747855)
(8e-06 1.3333333e-06 3.874784)
(9.5e-06 1.6666667e-06 3.87478)
(9e-06 1.3333333e-06 3.874776)
(8.5e-06 3.3333333e-07 3.8747735)
(5.5e-06 -3.3333333e-07 3.8747705)
(-1.5e-06 -6.6666666e-07 3.874768)
(-1.6804004e-15 -2.3333333e-06 3.8747695)
(1.6666667e-06 1.6666667e-06 3.8747705)
(1e-06 1e-06 3.8747944)
(4.5e-06 6.6666667e-07 3.8747923)
(7e-06 1e-06 3.8747926)
(1.25e-05 2e-06 3.8747949)
(1.7e-05 2e-06 3.8747961)
(1.7e-05 2.3333333e-06 3.8747965)
(1.7e-05 2e-06 3.8747959)
(1.6e-05 3e-06 3.8747935)
(1.15e-05 3e-06 3.8747919)
(2.6666667e-06 1.3333333e-06 3.8747908)
(6.6666667e-07 4.5e-06 3.8747923)
(4.5e-06 4.5e-06 3.8747925)
(9e-06 5.5e-06 3.8747939)
(1.4e-05 7e-06 3.8747962)
(1.75e-05 7.5e-06 3.8747974)
(1.7e-05 7e-06 3.8747976)
(1.8e-05 8e-06 3.8747953)
(1.75e-05 1e-05 3.8747932)
(9e-06 7e-06 3.8747913)
(1e-06 4e-06 3.874789)
(1e-06 7e-06 3.8747926)
(5.5e-06 9e-06 3.8747939)
(9.5e-06 9.5e-06 3.8747954)
(1.45e-05 1.05e-05 3.8747975)
(1.7e-05 9.5e-06 3.8747979)
(1.75e-05 9e-06 3.8747965)
(2e-05 1e-05 3.8747945)
(1.5e-05 7.5e-06 3.8747917)
(5.5e-06 4.5e-06 3.8747882)
(6.6666667e-07 4e-06 3.8747856)
(2e-06 1.25e-05 3.8747949)
(7e-06 1.4e-05 3.8747962)
(1.05e-05 1.45e-05 3.8747975)
(1.4e-05 1.4e-05 3.8747979)
(1.6e-05 1.3e-05 3.8747978)
(1.75e-05 1.25e-05 3.8747959)
(1.65e-05 1e-05 3.8747922)
(1.2e-05 6.5e-06 3.8747883)
(5.5e-06 6e-06 3.8747842)
(6.6666667e-07 4.5e-06 3.874781)
(2e-06 1.7e-05 3.8747961)
(7.5e-06 1.75e-05 3.8747974)
(9.5e-06 1.7e-05 3.8747979)
(1.3e-05 1.6e-05 3.8747978)
(1.55e-05 1.55e-05 3.8747961)
(1.45e-05 1.35e-05 3.8747936)
(1.4e-05 1.25e-05 3.8747903)
(1.1e-05 1e-05 3.8747854)
(3.5e-06 7.5e-06 3.8747812)
(-3.3333333e-07 6e-06 3.8747777)
(2.3333333e-06 1.7e-05 3.8747965)
(7e-06 1.7e-05 3.8747976)
(9e-06 1.75e-05 3.8747966)
(1.25e-05 1.75e-05 3.8747959)
(1.35e-05 1.45e-05 3.8747935)
(1.45e-05 1.45e-05 3.8747918)
(1.3e-05 1.35e-05 3.8747877)
(7e-06 9.5e-06 3.8747831)
(1.5e-06 7e-06 3.8747789)
(-3.3333333e-07 6.5e-06 3.8747776)
(2e-06 1.7e-05 3.8747959)
(8e-06 1.8e-05 3.8747953)
(1e-05 2e-05 3.8747945)
(1e-05 1.65e-05 3.8747922)
(1.25e-05 1.4e-05 3.8747903)
(1.35e-05 1.3e-05 3.8747877)
(9e-06 9e-06 3.8747829)
(4.5e-06 6e-06 3.8747789)
(5e-07 5e-06 3.8747768)
(-6.6666667e-07 3.5e-06 3.8747765)
(3e-06 1.6e-05 3.8747935)
(1e-05 1.75e-05 3.8747932)
(7.5e-06 1.5e-05 3.8747917)
(6.5e-06 1.2e-05 3.8747883)
(1e-05 1.1e-05 3.8747854)
(9.5e-06 7e-06 3.8747831)
(6e-06 4.5e-06 3.8747789)
(3e-06 3e-06 3.8747768)
(-1e-06 1e-06 3.8747781)
(-1.3333333e-06 1e-06 3.8747761)
(3e-06 1.15e-05 3.8747919)
(7e-06 9e-06 3.8747913)
(4.5e-06 5.5e-06 3.8747882)
(6e-06 5.5e-06 3.8747842)
(7.5e-06 3.5e-06 3.8747812)
(7e-06 1.5e-06 3.8747789)
(5e-06 5e-07 3.8747768)
(1e-06 -1e-06 3.8747781)
(-1.5e-06 -1.5e-06 3.874776)
(-6.6666667e-07 -5e-07 3.8747803)
(1.3333333e-06 2.6666667e-06 3.8747908)
(4e-06 1e-06 3.8747889)
(4e-06 6.6666667e-07 3.8747857)
(4.5e-06 6.6666667e-07 3.874781)
(6e-06 -3.3333333e-07 3.8747776)
(6.5e-06 -3.3333334e-07 3.8747776)
(3.5e-06 -6.6666667e-07 3.8747765)
(1e-06 -1.3333333e-06 3.8747761)
(-5e-07 -6.6666667e-07 3.8747803)
(-6.6666667e-07 -6.6666667e-07 3.8747754)
(2.6666667e-07 2.6666667e-07 3.8748063)
(3.7e-06 7.6666666e-07 3.8748059)
(9.55e-06 1.5333333e-06 3.8748068)
(1.45e-05 1.9e-06 3.8748095)
(1.66e-05 2.2333333e-06 3.8748084)
(1.575e-05 2.1333333e-06 3.8748067)
(1.4e-05 1.6333333e-06 3.8748032)
(1.3e-05 2.8333333e-06 3.8747994)
(9.85e-06 2.6e-06 3.8747974)
(2.3e-06 4.3333333e-07 3.8747961)
(7.6666666e-07 3.7e-06 3.8748059)
(5.6e-06 5.6e-06 3.8748058)
(1.125e-05 6.75e-06 3.8748081)
(1.555e-05 7.1e-06 3.8748088)
(1.695e-05 7.3e-06 3.8748079)
(1.485e-05 5.6e-06 3.8748048)
(1.505e-05 6.15e-06 3.8748012)
(1.445e-05 8.2e-06 3.8747981)
(6.25e-06 4.8e-06 3.8747952)
(1.3333333e-07 8.5e-07 3.8747932)
(1.5333333e-06 9.55e-06 3.8748068)
(6.75e-06 1.125e-05 3.8748081)
(1.105e-05 1.105e-05 3.874808)
(1.505e-05 1.07e-05 3.874808)
(1.51e-05 8.35e-06 3.8748054)
(1.46e-05 7.2e-06 3.8748016)
(1.66e-05 7.4e-06 3.874798)
(1.165e-05 4.55e-06 3.8747943)
(2.5e-06 9e-07 3.8747913)
(-3.3333334e-07 5e-08 3.8747894)
(1.9e-06 1.45e-05 3.8748095)
(7.1e-06 1.555e-05 3.8748089)
(1.07e-05 1.505e-05 3.874808)
(1.285e-05 1.285e-05 3.8748061)
(1.345e-05 1.12e-05 3.8748027)
(1.39e-05 1.05e-05 3.8747991)
(1.24e-05 7.75e-06 3.8747948)
(7.95e-06 4.2e-06 3.8747909)
(1.75e-06 2.5e-06 3.8747874)
(-4.3333333e-07 1.5e-06 3.8747853)
(2.2333333e-06 1.66e-05 3.8748084)
(7.3e-06 1.695e-05 3.8748079)
(8.35e-06 1.51e-05 3.8748054)
(1.12e-05 1.345e-05 3.8748027)
(1.275e-05 1.275e-05 3.8747996)
(1.115e-05 1.14e-05 3.8747965)
(1.03e-05 1.045e-05 3.8747926)
(6.4e-06 7.8e-06 3.8747888)
(-2e-07 5.7e-06 3.8747846)
(-1e-06 5.6e-06 3.8747843)
(2.1333333e-06 1.575e-05 3.8748066)
(5.6e-06 1.485e-05 3.8748048)
(7.2e-06 1.46e-05 3.8748016)
(1.05e-05 1.39e-05 3.8747991)
(1.14e-05 1.115e-05 3.8747965)
(1.16e-05 1.16e-05 3.874794)
(8.8e-06 1.01e-05 3.8747896)
(3.2e-06 7e-06 3.8747865)
(-4.5e-07 6.6e-06 3.8747844)
(-5e-07 7.35e-06 3.874785)
(1.6333333e-06 1.4e-05 3.8748032)
(6.15e-06 1.505e-05 3.8748012)
(7.4e-06 1.66e-05 3.874798)
(7.75e-06 1.24e-05 3.8747948)
(1.045e-05 1.03e-05 3.8747926)
(1.01e-05 8.8e-06 3.8747897)
(5.7e-06 5.7e-06 3.8747863)
(2.9e-06 5.25e-06 3.8747856)
(1.5e-07 6.2e-06 3.8747854)
(-5e-07 4.05e-06 3.8747846)
(2.8333333e-06 1.3e-05 3.8747994)
(8.2e-06 1.445e-05 3.8747982)
(4.55e-06 1.165e-05 3.8747943)
(4.2e-06 7.95e-06 3.8747909)
(7.8e-06 6.4e-06 3.8747888)
(7e-06 3.2e-06 3.8747865)
(5.25e-06 2.9e-06 3.8747856)
(3.7e-06 3.7e-06 3.8747872)
(-1.65e-06 7e-07 3.8747857)
(-1.9333333e-06 2.25e-06 3.8747855)
(2.6e-06 9.85e-06 3.8747974)
(4.8e-06 6.25e-06 3.8747952)
(9e-07 2.5e-06 3.8747913)
(2.5e-06 1.75e-06 3.8747874)
(5.7e-06 -2e-07 3.8747846)
(6.6e-06 -4.5e-07 3.8747844)
(6.2e-06 1.5e-07 3.8747854)
(7e-07 -1.65e-06 3.8747857)
(-1.3e-06 -1.3e-06 3.8747861)
(5.3333333e-07 -7.5e-07 3.8747833)
(4.3333333e-07 2.3e-06 3.874796)
(8.5e-07 1.3333333e-07 3.8747931)
(5.0000003e-08 -3.3333333e-07 3.8747895)
(1.5e-06 -4.3333333e-07 3.8747853)
(5.6e-06 -1e-06 3.8747842)
(7.35e-06 -5e-07 3.874785)
(4.05e-06 -5e-07 3.8747847)
(2.25e-06 -1.9333333e-06 3.8747856)
(-7.5e-07 5.3333333e-07 3.8747833)
(-1.5666667e-06 -1.5666667e-06 3.8747839)
(7.3333333e-07 7.3333333e-07 3.8748245)
(4.95e-06 5.6666667e-07 3.8748267)
(1.06e-05 1.9e-06 3.8748271)
(1.415e-05 1.5666667e-06 3.8748253)
(1.415e-05 1.6666667e-06 3.8748223)
(1.175e-05 1.0666667e-06 3.8748175)
(9.8e-06 7e-07 3.8748126)
(1.025e-05 2.1333333e-06 3.8748095)
(8.1e-06 1.5333333e-06 3.8748073)
(1.7666667e-06 -6e-07 3.8748054)
(5.6666667e-07 4.95e-06 3.8748267)
(6.7e-06 6.7e-06 3.8748272)
(1.21e-05 6.7e-06 3.8748269)
(1.38e-05 5.5e-06 3.8748243)
(1.34e-05 4.45e-06 3.8748195)
(1.03e-05 1.95e-06 3.874814)
(1.14e-05 2.8e-06 3.8748097)
(1.15e-05 4.85e-06 3.8748068)
(4e-06 8.9999999e-07 3.8748032)
(-3.6666666e-07 -2.6e-06 3.8748023)
(1.9e-06 1.06e-05 3.8748271)
(6.7e-06 1.21e-05 3.8748269)
(9.4e-06 9.4e-06 3.8748246)
(1.19e-05 7.8e-06 3.8748203)
(1.06e-05 4.3e-06 3.8748146)
(1.01e-05 3.35e-06 3.8748093)
(1.27e-05 3.6e-06 3.8748049)
(8.35e-06 2.5e-07 3.8748009)
(6.5e-07 -3.35e-06 3.8747982)
(-5.6666666e-07 -3.85e-06 3.8747981)
(1.5666667e-06 1.415e-05 3.8748253)
(5.5e-06 1.38e-05 3.8748243)
(7.8e-06 1.19e-05 3.8748203)
(8.7e-06 8.7e-06 3.8748151)
(8.95e-06 7.25e-06 3.8748095)
(9.6e-06 7.4e-06 3.8748048)
(8.3e-06 4.65e-06 3.8748001)
(4.55e-06 1e-06 3.8747961)
(-1e-07 -6.5e-07 3.8747939)
(-7e-07 -7e-07 3.8747944)
(1.6666667e-06 1.415e-05 3.8748223)
(4.45e-06 1.34e-05 3.8748196)
(4.3e-06 1.06e-05 3.8748145)
(7.25e-06 8.95e-06 3.8748095)
(9.3e-06 9.3e-06 3.874805)
(7.5e-06 8.4e-06 3.8748008)
(6.3e-06 7.35e-06 3.8747963)
(3.05e-06 5.6e-06 3.8747928)
(-1.05e-06 4.6e-06 3.8747912)
(-5.9999999e-07 5.65e-06 3.8747934)
(1.0666667e-06 1.175e-05 3.8748175)
(1.95e-06 1.03e-05 3.8748141)
(3.35e-06 1.01e-05 3.8748092)
(7.4e-06 9.6e-06 3.8748048)
(8.4e-06 7.5e-06 3.8748008)
(7.65e-06 7.65e-06 3.8747962)
(5.5e-06 7.2e-06 3.8747921)
(1.8e-06 6.25e-06 3.87479)
(-4.9999993e-08 7.75e-06 3.8747902)
(6.7216936e-15 6.9e-06 3.8747915)
(7e-07 9.8e-06 3.8748126)
(2.8e-06 1.14e-05 3.8748098)
(3.6e-06 1.27e-05 3.874805)
(4.65e-06 8.3e-06 3.8748001)
(7.35e-06 6.3e-06 3.8747963)
(7.2e-06 5.5e-06 3.8747921)
(4.9e-06 4.9e-06 3.8747898)
(3.6e-06 6.65e-06 3.8747891)
(-4e-07 6.25e-06 3.8747889)
(-1.1666667e-06 4.1e-06 3.8747874)
(2.1333333e-06 1.025e-05 3.8748095)
(4.85e-06 1.15e-05 3.8748068)
(2.5e-07 8.35e-06 3.874801)
(1e-06 4.55e-06 3.8747961)
(5.6e-06 3.05e-06 3.8747928)
(6.25e-06 1.8e-06 3.87479)
(6.65e-06 3.6e-06 3.8747891)
(3.15e-06 3.15e-06 3.8747886)
(-2.6e-06 1.75e-06 3.874785)
(-1.4333333e-06 -4e-07 3.8747863)
(1.5333333e-06 8.1e-06 3.8748073)
(9.0000001e-07 4e-06 3.8748032)
(-3.35e-06 6.5e-07 3.8747982)
(-6.5e-07 -1e-07 3.874794)
(4.6e-06 -1.05e-06 3.8747912)
(7.75e-06 -4.9999997e-08 3.8747902)
(6.25e-06 -4e-07 3.8747889)
(1.75e-06 -2.6e-06 3.874785)
(-3.95e-06 -3.95e-06 3.8747851)
(-2.6e-06 -2.15e-06 3.8747806)
(-6e-07 1.7666667e-06 3.8748055)
(-2.6e-06 -3.6666667e-07 3.8748024)
(-3.85e-06 -5.6666666e-07 3.8747981)
(-7e-07 -7e-07 3.8747944)
(5.65e-06 -6e-07 3.8747935)
(6.9e-06 2.2405617e-15 3.8747916)
(4.1e-06 -1.1666667e-06 3.8747873)
(-4e-07 -1.4333333e-06 3.8747863)
(-2.15e-06 -2.6e-06 3.8747806)
(-2.3333333e-07 -2.3333333e-07 3.8747802)
(1.7333333e-06 1.7333333e-06 3.874851)
(6.3e-06 1.1e-06 3.8748526)
(8.2e-06 1.4e-06 3.8748508)
(9.75e-06 1.2e-06 3.8748454)
(8.8e-06 3.6666666e-07 3.8748394)
(6.05e-06 -2e-07 3.8748333)
(5.95e-06 -3e-07 3.8748289)
(7.65e-06 1.0333333e-06 3.8748261)
(5.8e-06 -1e-07 3.8748228)
(1.0666667e-06 -1.6333333e-06 3.874821)
(1.1e-06 6.3e-06 3.8748526)
(5.8e-06 5.8e-06 3.8748537)
(8.35e-06 4.2e-06 3.8748489)
(8.2e-06 2e-06 3.8748432)
(6.7e-06 -5e-07 3.8748358)
(5.05e-06 -2.7e-06 3.8748301)
(7.8e-06 -1.55e-06 3.8748262)
(7.95e-06 -3.5e-07 3.8748228)
(1.8e-06 -4.3e-06 3.8748186)
(-4.6666667e-07 -6.5e-06 3.8748184)
(1.4e-06 8.2e-06 3.8748508)
(4.2e-06 8.35e-06 3.8748489)
(4.4e-06 4.4e-06 3.8748445)
(5.05e-06 1.5e-06 3.874837)
(4.1e-06 -1.75e-06 3.8748301)
(5e-06 -2.05e-06 3.8748251)
(8.3e-06 -2.25e-06 3.874821)
(4.9e-06 -6.15e-06 3.874816)
(-3.5e-07 -8.4e-06 3.8748138)
(-4e-07 -7.9e-06 3.8748143)
(1.2e-06 9.75e-06 3.8748454)
(2e-06 8.2e-06 3.8748432)
(1.5e-06 5.05e-06 3.874837)
(2.05e-06 2.05e-06 3.8748304)
(3.15e-06 1.7e-06 3.8748245)
(4.55e-06 2.05e-06 3.8748202)
(3.7e-06 -9e-07 3.8748149)
(1.8e-06 -3.95e-06 3.8748107)
(5e-08 -4.5e-06 3.8748096)
(-1.3333333e-07 -3.15e-06 3.8748114)
(3.6666667e-07 8.8e-06 3.8748394)
(-5e-07 6.7e-06 3.8748358)
(-1.75e-06 4.1e-06 3.8748302)
(1.7e-06 3.15e-06 3.8748245)
(4.1e-06 4.1e-06 3.8748202)
(2.4e-06 2.8e-06 3.8748145)
(2.3e-06 2.4e-06 3.8748095)
(1.3e-06 1.7e-06 3.8748061)
(4.4999999e-07 1.95e-06 3.8748057)
(5e-07 2.75e-06 3.8748087)
(-2e-07 6.05e-06 3.8748333)
(-2.7e-06 5.05e-06 3.8748301)
(-2.05e-06 5e-06 3.8748251)
(2.05e-06 4.55e-06 3.8748202)
(2.8e-06 2.4e-06 3.8748145)
(2.85e-06 2.85e-06 3.8748085)
(2.6e-06 3.6e-06 3.874804)
(1.35e-06 3.3e-06 3.8748005)
(1.1e-06 4.3e-06 3.8748004)
(4e-07 1.25e-06 3.8748011)
(-3e-07 5.95e-06 3.8748289)
(-1.55e-06 7.8e-06 3.8748262)
(-2.25e-06 8.3e-06 3.874821)
(-9e-07 3.7e-06 3.8748149)
(2.4e-06 2.3e-06 3.8748095)
(3.6e-06 2.6e-06 3.8748039)
(2.75e-06 2.75e-06 3.8747992)
(2e-06 3.85e-06 3.8747951)
(-1.6e-06 1.05e-06 3.8747923)
(-1.5333333e-06 -1.2e-06 3.8747945)
(1.0333333e-06 7.65e-06 3.8748261)
(-3.4999999e-07 7.95e-06 3.8748228)
(-6.15e-06 4.9e-06 3.874816)
(-3.95e-06 1.8e-06 3.8748107)
(1.7e-06 1.3e-06 3.8748061)
(3.3e-06 1.35e-06 3.8748006)
(3.85e-06 2e-06 3.8747951)
(-3.5000001e-07 -3.5e-07 3.8747887)
(-3.95e-06 -3.1e-06 3.8747858)
(-1.1e-06 -4.5e-06 3.8747866)
(-9.9999995e-08 5.8e-06 3.8748228)
(-4.3e-06 1.8e-06 3.8748186)
(-8.4e-06 -3.5e-07 3.8748137)
(-4.5e-06 4.9999997e-08 3.8748097)
(1.95e-06 4.5e-07 3.8748057)
(4.3e-06 1.1e-06 3.8748004)
(1.05e-06 -1.6e-06 3.8747923)
(-3.1e-06 -3.95e-06 3.8747858)
(-5.75e-06 -5.75e-06 3.8747792)
(-2.4666667e-06 -6.85e-06 3.8747848)
(-1.6333333e-06 1.0666667e-06 3.874821)
(-6.5e-06 -4.6666667e-07 3.8748185)
(-7.9e-06 -4e-07 3.8748143)
(-3.15e-06 -1.3333333e-07 3.8748114)
(2.75e-06 5e-07 3.8748086)
(1.25e-06 4e-07 3.8748011)
(-1.2e-06 -1.5333333e-06 3.8747945)
(-4.5e-06 -1.1e-06 3.8747866)
(-6.85e-06 -2.4666667e-06 3.8747848)
(-1.8333333e-06 -1.8333333e-06 3.8747837)
(1.8e-06 1.8e-06 3.8748768)
(4.75e-06 1.2666667e-06 3.8748771)
(3.4e-06 6e-07 3.8748723)
(2.7e-06 9.9999998e-08 3.8748661)
(2e-06 -7.3333333e-07 3.8748595)
(1.3e-06 -1.0666667e-06 3.8748552)
(2.6e-06 -1.0666667e-06 3.8748519)
(4.15e-06 -3.3333338e-08 3.8748487)
(3.1e-06 -1.2666667e-06 3.8748446)
(6e-07 -2.3333333e-06 3.8748434)
(1.2666667e-06 4.75e-06 3.8748771)
(2.95e-06 2.95e-06 3.8748752)
(1.65e-06 3.5e-07 3.8748703)
(7e-07 -2.9e-06 3.8748633)
(2.5e-07 -4.75e-06 3.8748577)
(8e-07 -6.2e-06 3.874854)
(4.15e-06 -5.15e-06 3.8748507)
(3.85e-06 -5.2e-06 3.8748461)
(-3.5e-07 -8.15e-06 3.8748422)
(-4.6666666e-07 -9.4e-06 3.8748416)
(6e-07 3.4e-06 3.8748724)
(3.5e-07 1.65e-06 3.8748703)
(-2.45e-06 -2.45e-06 3.874865)
(-2.4e-06 -5e-06 3.8748585)
(-1.3e-06 -6.9e-06 3.8748542)
(9e-07 -6.45e-06 3.8748505)
(3.6e-06 -7.7e-06 3.8748462)
(1.15e-06 -1.185e-05 3.8748406)
(-1.1e-06 -1.23e-05 3.8748388)
(-2.3333333e-07 -1.09e-05 3.8748388)
(1e-07 2.7e-06 3.8748662)
(-2.9e-06 7e-07 3.8748633)
(-5e-06 -2.4e-06 3.8748586)
(-3.75e-06 -3.75e-06 3.8748539)
(-1.2e-06 -2.7e-06 3.8748501)
(6.7217868e-15 -3.25e-06 3.8748466)
(-1.25e-06 -6.8e-06 3.874841)
(-7.5e-07 -8.9e-06 3.8748371)
(6e-07 -8.65e-06 3.874836)
(4.6666667e-07 -6.3e-06 3.8748372)
(-7.3333333e-07 2e-06 3.8748595)
(-4.75e-06 2.5e-07 3.8748577)
(-6.9e-06 -1.3e-06 3.8748542)
(-2.7e-06 -1.2e-06 3.8748501)
(-7.9999999e-07 -7.9999999e-07 3.8748467)
(-3.2e-06 -3.4e-06 3.8748409)
(-2.05e-06 -3.65e-06 3.8748362)
(-7.0000001e-07 -4.55e-06 3.8748321)
(1.5e-06 -4.65e-06 3.8748309)
(1.3333333e-06 -4.65e-06 3.8748312)
(-1.0666667e-06 1.3e-06 3.8748552)
(-6.2e-06 8e-07 3.874854)
(-6.45e-06 9e-07 3.8748505)
(-3.25e-06 3.3608906e-15 3.8748466)
(-3.4e-06 -3.2e-06 3.8748409)
(-2.85e-06 -2.85e-06 3.8748353)
(-2.4e-06 -3.05e-06 3.8748294)
(-1.75e-06 -4.75e-06 3.8748234)
(5.0000001e-07 -5.7e-06 3.8748213)
(4.6666667e-07 -7.3e-06 3.8748208)
(-1.0666667e-06 2.6e-06 3.8748519)
(-5.15e-06 4.15e-06 3.8748507)
(-7.7e-06 3.6e-06 3.8748462)
(-6.8e-06 -1.25e-06 3.874841)
(-3.65e-06 -2.05e-06 3.8748361)
(-3.05e-06 -2.4e-06 3.8748294)
(-3.95e-06 -3.95e-06 3.8748214)
(-3.35e-06 -5.15e-06 3.8748142)
(-1.05e-06 -8.35e-06 3.8748107)
(2.6666667e-07 -1.04e-05 3.8748144)
(-3.3333333e-08 4.15e-06 3.8748487)
(-5.2e-06 3.85e-06 3.8748461)
(-1.185e-05 1.15e-06 3.8748406)
(-8.9e-06 -7.5e-07 3.8748371)
(-4.55e-06 -7e-07 3.8748321)
(-4.75e-06 -1.75e-06 3.8748234)
(-5.15e-06 -3.35e-06 3.8748142)
(-6.15e-06 -6.15e-06 3.8748047)
(-4.75e-06 -1.135e-05 3.8748023)
(-9e-07 -1e-05 3.8748043)
(-1.2666667e-06 3.1e-06 3.8748445)
(-8.15e-06 -3.5e-07 3.8748422)
(-1.23e-05 -1.1e-06 3.8748389)
(-8.65e-06 5.9999999e-07 3.8748361)
(-4.65e-06 1.5e-06 3.8748309)
(-5.7e-06 5.0000001e-07 3.8748213)
(-8.35e-06 -1.05e-06 3.8748108)
(-1.135e-05 -4.75e-06 3.8748022)
(-4.9e-06 -4.9e-06 3.8748003)
(1.1666667e-06 -5.05e-06 3.8748052)
(-2.3333333e-06 6e-07 3.8748434)
(-9.4e-06 -4.6666666e-07 3.8748415)
(-1.09e-05 -2.3333333e-07 3.8748388)
(-6.3e-06 4.6666666e-07 3.8748372)
(-4.65e-06 1.3333333e-06 3.8748311)
(-7.3e-06 4.6666667e-07 3.8748207)
(-1.04e-05 2.6666667e-07 3.8748144)
(-1e-05 -9e-07 3.8748043)
(-5.05e-06 1.1666667e-06 3.8748051)
(-1e-06 -1e-06 3.8748108)
(1.9e-06 1.9e-06 3.8748962)
(1.85e-06 -1.3333333e-07 3.874896)
(-2.7e-06 3.3333335e-08 3.874891)
(-3.1e-06 -7.3333333e-07 3.8748861)
(-2.2e-06 -8.3333333e-07 3.8748827)
(-1.55e-06 -1e-06 3.8748806)
(-4.5e-07 -1.1e-06 3.8748775)
(3e-07 -7.3333333e-07 3.8748735)
(5e-07 -1.6666667e-06 3.8748698)
(3.3333333e-07 -2.9e-06 3.8748689)
(-1.3333333e-07 1.85e-06 3.874896)
(-9.4999999e-07 -9.5e-07 3.8748926)
(-3.6e-06 -3.2e-06 3.8748895)
(-4.4e-06 -5.6e-06 3.8748854)
(-2.6e-06 -5.8e-06 3.8748833)
(-1.95e-06 -7.4e-06 3.8748807)
(-5e-08 -7.2e-06 3.8748765)
(-5.5e-07 -8.5e-06 3.8748715)
(-2.75e-06 -1e-05 3.8748687)
(-9e-07 -1.115e-05 3.8748674)
(3.3333335e-08 -2.7e-06 3.8748909)
(-3.2e-06 -3.6e-06 3.8748895)
(-7.35e-06 -7.35e-06 3.8748856)
(-5.7e-06 -7.8e-06 3.8748835)
(-4e-06 -9.35e-06 3.8748815)
(-2.95e-06 -9.4e-06 3.8748778)
(-1.55e-06 -1.2e-05 3.8748736)
(-2.5e-06 -1.515e-05 3.8748692)
(-2.15e-06 -1.455e-05 3.8748674)
(-4.3333333e-07 -1.23e-05 3.8748663)
(-7.3333333e-07 -3.1e-06 3.8748861)
(-5.6e-06 -4.4e-06 3.8748854)
(-7.8e-06 -5.7e-06 3.8748835)
(-6.4e-06 -6.4e-06 3.8748815)
(-4.2e-06 -5.85e-06 3.8748792)
(-4.6e-06 -7.55e-06 3.8748756)
(-5.8e-06 -1.1e-05 3.8748712)
(-3.1e-06 -1.245e-05 3.8748679)
(1e-07 -1.245e-05 3.874865)
(6e-07 -1.08e-05 3.8748643)
(-8.3333333e-07 -2.2e-06 3.8748827)
(-5.8e-06 -2.6e-06 3.8748833)
(-9.35e-06 -4e-06 3.8748815)
(-5.85e-06 -4.2e-06 3.8748792)
(-5.15e-06 -5.15e-06 3.8748762)
(-8.1e-06 -8.55e-06 3.874872)
(-6.45e-06 -9.15e-06 3.8748679)
(-3.95e-06 -1.195e-05 3.8748621)
(-5e-07 -1.28e-05 3.8748591)
(6.6666667e-07 -1.365e-05 3.8748556)
(-1e-06 -1.55e-06 3.8748806)
(-7.4e-06 -1.95e-06 3.8748807)
(-9.4e-06 -2.95e-06 3.8748778)
(-7.55e-06 -4.6e-06 3.8748756)
(-8.55e-06 -8.1e-06 3.874872)
(-8.6e-06 -8.6e-06 3.874867)
(-9.2e-06 -1.115e-05 3.8748604)
(-6.75e-06 -1.455e-05 3.8748539)
(-1.6e-06 -1.585e-05 3.8748497)
(3.3333333e-08 -1.545e-05 3.8748489)
(-1.1e-06 -4.5e-07 3.8748775)
(-7.2e-06 -5.0000003e-08 3.8748765)
(-1.2e-05 -1.55e-06 3.8748736)
(-1.1e-05 -5.8e-06 3.8748712)
(-9.15e-06 -6.45e-06 3.8748679)
(-1.115e-05 -9.2e-06 3.8748604)
(-1.24e-05 -1.24e-05 3.874853)
(-8.65e-06 -1.485e-05 3.8748458)
(-1.4e-06 -1.8e-05 3.8748428)
(9.3333334e-07 -1.765e-05 3.8748409)
(-7.3333333e-07 2.9999999e-07 3.8748735)
(-8.5e-06 -5.5e-07 3.8748715)
(-1.515e-05 -2.5e-06 3.8748692)
(-1.245e-05 -3.1e-06 3.8748679)
(-1.195e-05 -3.95e-06 3.8748621)
(-1.455e-05 -6.75e-06 3.8748539)
(-1.485e-05 -8.65e-06 3.8748458)
(-1.235e-05 -1.235e-05 3.8748381)
(-4.4e-06 -1.355e-05 3.8748355)
(2.6666667e-07 -1.38e-05 3.8748373)
(-1.6666667e-06 5e-07 3.8748698)
(-1e-05 -2.75e-06 3.8748687)
(-1.455e-05 -2.15e-06 3.8748675)
(-1.245e-05 1e-07 3.874865)
(-1.28e-05 -5.0000001e-07 3.8748591)
(-1.585e-05 -1.6e-06 3.8748496)
(-1.8e-05 -1.4e-06 3.8748428)
(-1.355e-05 -4.4e-06 3.8748355)
(-2.85e-06 -2.85e-06 3.8748391)
(7.6666666e-07 -3.5e-07 3.8748374)
(-2.9e-06 3.3333334e-07 3.8748689)
(-1.115e-05 -9e-07 3.8748674)
(-1.23e-05 -4.3333334e-07 3.8748663)
(-1.08e-05 6e-07 3.8748643)
(-1.365e-05 6.6666666e-07 3.8748556)
(-1.545e-05 3.3333326e-08 3.8748489)
(-1.765e-05 9.3333333e-07 3.8748409)
(-1.38e-05 2.6666667e-07 3.8748374)
(-3.5e-07 7.6666666e-07 3.8748374)
(1.9333333e-06 1.9333333e-06 3.8748394)
(1.6666667e-06 1.6666667e-06 3.8749128)
(-4.9999999e-07 -1e-06 3.8749119)
(-6.5e-06 -3.3333334e-07 3.8749094)
(-5.5e-06 -3.3333333e-07 3.8749081)
(-3.5e-06 -3.3333334e-07 3.8749075)
(-4e-06 -1e-06 3.8749053)
(-4.5e-06 -1.6666667e-06 3.8749016)
(-3.5e-06 -1.3333333e-06 3.8748973)
(-1.5e-06 -2e-06 3.8748943)
(6.7218703e-15 -3.3333333e-06 3.8748933)
(-1e-06 -5e-07 3.874912)
(-3.5e-06 -3.5e-06 3.8749116)
(-5.5e-06 -5e-06 3.8749094)
(-5.5e-06 -5.5e-06 3.8749088)
(-4.5e-06 -6e-06 3.8749088)
(-6e-06 -9e-06 3.8749048)
(-5e-06 -9e-06 3.8749007)
(-4e-06 -9.5e-06 3.8748964)
(-4.5e-06 -1.05e-05 3.8748943)
(-1.3333333e-06 -1.2e-05 3.8748921)
(-3.3333334e-07 -6.5e-06 3.8749094)
(-5e-06 -5.5e-06 3.8749094)
(-8.5e-06 -8.5e-06 3.8749081)
(-6.5e-06 -9e-06 3.8749093)
(-7e-06 -1.1e-05 3.8749068)
(-7e-06 -1.15e-05 3.8749037)
(-5e-06 -1.3e-05 3.8748998)
(-5e-06 -1.55e-05 3.8748963)
(-4e-06 -1.6e-05 3.8748933)
(-1e-06 -1.4e-05 3.8748914)
(-3.3333333e-07 -5.5e-06 3.8749081)
(-5.5e-06 -5.5e-06 3.8749087)
(-9e-06 -6.5e-06 3.8749092)
(-8e-06 -8e-06 3.8749076)
(-7e-06 -8e-06 3.8749061)
(-8e-06 -9e-06 3.8749027)
(-9e-06 -1.25e-05 3.8748992)
(-7e-06 -1.6e-05 3.8748945)
(-3e-06 -1.7e-05 3.8748904)
(6.7218607e-15 -1.7e-05 3.8748875)
(-3.3333333e-07 -3.5e-06 3.8749075)
(-6e-06 -4.5e-06 3.8749088)
(-1.1e-05 -7e-06 3.8749068)
(-8e-06 -7e-06 3.8749061)
(-8e-06 -8e-06 3.8749032)
(-1.15e-05 -1.2e-05 3.8749003)
(-1.2e-05 -1.45e-05 3.8748958)
(-9.5e-06 -1.85e-05 3.8748893)
(-5e-06 -2e-05 3.8748853)
(-1e-06 -2e-05 3.8748823)
(-1e-06 -4e-06 3.8749053)
(-9e-06 -6e-06 3.8749048)
(-1.15e-05 -7e-06 3.8749037)
(-9e-06 -8e-06 3.8749027)
(-1.2e-05 -1.15e-05 3.8749003)
(-1.45e-05 -1.45e-05 3.8748958)
(-1.55e-05 -1.8e-05 3.8748899)
(-1.25e-05 -2.1e-05 3.8748845)
(-4.5e-06 -2.2e-05 3.8748797)
(2.2406149e-15 -2.2e-05 3.8748796)
(-1.6666667e-06 -4.5e-06 3.8749016)
(-9e-06 -5e-06 3.8749007)
(-1.3e-05 -5e-06 3.8748998)
(-1.25e-05 -9e-06 3.8748992)
(-1.45e-05 -1.2e-05 3.8748958)
(-1.8e-05 -1.55e-05 3.8748899)
(-1.85e-05 -1.85e-05 3.8748854)
(-1.35e-05 -2.1e-05 3.8748798)
(-6e-06 -2.25e-05 3.8748766)
(-9.9999999e-07 -2.2e-05 3.8748727)
(-1.3333333e-06 -3.5e-06 3.8748973)
(-9.5e-06 -4e-06 3.8748964)
(-1.55e-05 -5e-06 3.8748963)
(-1.6e-05 -7e-06 3.8748946)
(-1.85e-05 -9.5e-06 3.8748892)
(-2.1e-05 -1.25e-05 3.8748845)
(-2.1e-05 -1.35e-05 3.8748798)
(-1.65e-05 -1.65e-05 3.8748748)
(-5.5e-06 -1.5e-05 3.8748741)
(3.3333334e-07 -1.35e-05 3.8748723)
(-2e-06 -1.5e-06 3.8748943)
(-1.05e-05 -4.5e-06 3.8748943)
(-1.6e-05 -4e-06 3.8748933)
(-1.7e-05 -3e-06 3.8748904)
(-2e-05 -5e-06 3.8748852)
(-2.2e-05 -4.5e-06 3.8748796)
(-2.25e-05 -6e-06 3.8748766)
(-1.5e-05 -5.5e-06 3.8748741)
(-3e-06 -3e-06 3.8748691)
(4.4812063e-15 -3e-06 3.8748705)
(-3.3333333e-06 -2.2406238e-15 3.8748933)
(-1.2e-05 -1.3333333e-06 3.8748921)
(-1.4e-05 -9.9999999e-07 3.8748915)
(-1.7e-05 4.4812431e-15 3.8748874)
(-2e-05 -9.9999999e-07 3.8748823)
(-2.2e-05 2.240605e-15 3.8748796)
(-2.2e-05 -1e-06 3.8748727)
(-1.35e-05 3.3333334e-07 3.8748722)
(-3e-06 2.2405986e-15 3.8748705)
(3.3333334e-07 3.3333334e-07 3.8748641)
(1.3333333e-06 1.3333333e-06 3.8749285)
(-1.5e-06 -3.3333333e-07 3.8749285)
(-6.5e-06 -1.4456029e-22 3.874929)
(-5e-06 -3.3333333e-07 3.87493)
(-5e-06 -5.6017112e-21 3.87493)
(-7.5e-06 -1.3333333e-06 3.8749275)
(-8.5e-06 -1.6666667e-06 3.8749235)
(-7e-06 -1.3333333e-06 3.87492)
(-3.5e-06 -1.6666667e-06 3.874918)
(-3.3333333e-07 -3.6666667e-06 3.874916)
(-3.3333334e-07 -1.5e-06 3.8749285)
(-3.5e-06 -3.5e-06 3.87493)
(-6.5e-06 -4.5e-06 3.874931)
(-5e-06 -4.5e-06 3.8749315)
(-6.5e-06 -6.5e-06 3.874931)
(-1e-05 -9e-06 3.874927)
(-8.5e-06 -9e-06 3.8749235)
(-7e-06 -9.5e-06 3.87492)
(-7e-06 -1.1e-05 3.874917)
(-2.3333333e-06 -1.3e-05 3.8749135)
(3.6862874e-21 -6.5e-06 3.874929)
(-4.5e-06 -6.5e-06 3.874931)
(-7.5e-06 -7.5e-06 3.874932)
(-7e-06 -9e-06 3.8749325)
(-9.5e-06 -1.2e-05 3.874929)
(-1e-05 -1.15e-05 3.8749275)
(-9e-06 -1.35e-05 3.874923)
(-9e-06 -1.7e-05 3.874919)
(-7e-06 -1.85e-05 3.874916)
(-1.6666667e-06 -1.7e-05 3.8749145)
(-3.3333334e-07 -5e-06 3.87493)
(-4.5e-06 -5e-06 3.8749315)
(-9e-06 -7e-06 3.8749325)
(-9.5e-06 -9.5e-06 3.87493)
(-9e-06 -9.5e-06 3.874929)
(-1.15e-05 -1.1e-05 3.8749265)
(-1.4e-05 -1.5e-05 3.874922)
(-1.2e-05 -1.95e-05 3.8749175)
(-7e-06 -2.05e-05 3.874916)
(-1.3333333e-06 -2e-05 3.8749135)
(-2.7105054e-21 -5e-06 3.87493)
(-6.5e-06 -6.5e-06 3.874931)
(-1.2e-05 -9.5e-06 3.874929)
(-9.5e-06 -9e-06 3.874929)
(-1.1e-05 -1.1e-05 3.8749275)
(-1.55e-05 -1.55e-05 3.874924)
(-1.75e-05 -1.85e-05 3.874919)
(-1.45e-05 -2.2e-05 3.874916)
(-7.5e-06 -2.35e-05 3.874913)
(-1.3333333e-06 -2.15e-05 3.874912)
(-1.3333333e-06 -7.5e-06 3.8749275)
(-9e-06 -1e-05 3.874927)
(-1.15e-05 -1e-05 3.8749275)
(-1.1e-05 -1.15e-05 3.8749265)
(-1.55e-05 -1.55e-05 3.874924)
(-1.9e-05 -1.9e-05 3.8749205)
(-2.05e-05 -2.15e-05 3.874917)
(-1.7e-05 -2.4e-05 3.874914)
(-6.5e-06 -2.45e-05 3.8749125)
(6.7218973e-15 -2.5e-05 3.8749105)
(-1.6666667e-06 -8.5e-06 3.8749235)
(-9e-06 -8.5e-06 3.8749235)
(-1.35e-05 -9e-06 3.874923)
(-1.5e-05 -1.4e-05 3.874922)
(-1.85e-05 -1.75e-05 3.874919)
(-2.15e-05 -2.05e-05 3.874917)
(-2.25e-05 -2.25e-05 3.874916)
(-1.75e-05 -2.45e-05 3.874912)
(-8.5e-06 -2.35e-05 3.87491)
(-1.6666667e-06 -2.5e-05 3.8749115)
(-1.3333333e-06 -7e-06 3.87492)
(-9.5e-06 -7e-06 3.87492)
(-1.7e-05 -9e-06 3.874919)
(-1.95e-05 -1.2e-05 3.8749175)
(-2.2e-05 -1.45e-05 3.874916)
(-2.4e-05 -1.7e-05 3.874914)
(-2.45e-05 -1.75e-05 3.874912)
(-1.8e-05 -1.8e-05 3.8749095)
(-7e-06 -2.1e-05 3.8749085)
(-9.9999999e-07 -1.6e-05 3.8749055)
(-1.6666667e-06 -3.5e-06 3.874918)
(-1.1e-05 -7e-06 3.874917)
(-1.85e-05 -7e-06 3.874916)
(-2.05e-05 -7e-06 3.874916)
(-2.35e-05 -7.5e-06 3.874913)
(-2.45e-05 -6.5e-06 3.8749125)
(-2.35e-05 -8.5e-06 3.87491)
(-2.1e-05 -7e-06 3.8749085)
(-6.5e-06 -6.5e-06 3.874903)
(1.6666667e-06 -8.5e-06 3.8749005)
(-3.6666667e-06 -3.3333333e-07 3.874916)
(-1.3e-05 -2.3333333e-06 3.8749135)
(-1.7e-05 -1.6666667e-06 3.8749145)
(-2e-05 -1.3333333e-06 3.8749135)
(-2.15e-05 -1.3333333e-06 3.874912)
(-2.5e-05 -2.2406238e-15 3.8749105)
(-2.5e-05 -1.6666667e-06 3.8749115)
(-1.6e-05 -1e-06 3.8749055)
(-8.5e-06 1.6666667e-06 3.8749005)
(-2.3333333e-06 -2.3333333e-06 3.8749035)
(1.6666667e-06 1.6666667e-06 3.874942)
(3.3609774e-15 -2.2406546e-15 3.8749445)
(-5e-06 9.9999999e-07 3.8749475)
(-4.5e-06 6.6666667e-07 3.8749485)
(-6e-06 3.3333333e-07 3.8749475)
(-1.05e-05 -1.3333333e-06 3.874946)
(-1.2e-05 -1.6666667e-06 3.874944)
(-9e-06 -1.3333333e-06 3.8749415)
(-5.5e-06 -2.6666667e-06 3.87494)
(-1.3333333e-06 -5e-06 3.8749375)
(-2.2406575e-15 3.3609779e-15 3.8749445)
(-1e-06 -1e-06 3.8749465)
(-4e-06 -2e-06 3.87495)
(-5.5e-06 -3e-06 3.8749485)
(-9e-06 -7e-06 3.8749475)
(-1.35e-05 -9e-06 3.8749465)
(-1.2e-05 -9.5e-06 3.8749435)
(-1.05e-05 -1.05e-05 3.874941)
(-1.1e-05 -1.25e-05 3.8749395)
(-3.6666667e-06 -1.35e-05 3.8749365)
(1e-06 -5e-06 3.8749475)
(-2e-06 -4e-06 3.87495)
(-7e-06 -7e-06 3.8749495)
(-9.5e-06 -1.05e-05 3.8749495)
(-1.2e-05 -1.3e-05 3.8749485)
(-1.3e-05 -1.2e-05 3.874947)
(-1.35e-05 -1.45e-05 3.8749435)
(-1.2e-05 -1.8e-05 3.874942)
(-8.5e-06 -1.7e-05 3.874942)
(-2e-06 -1.4e-05 3.8749405)
(6.6666667e-07 -4.5e-06 3.8749485)
(-3e-06 -5.5e-06 3.8749485)
(-1.05e-05 -9.5e-06 3.8749495)
(-1.15e-05 -1.15e-05 3.8749495)
(-1.05e-05 -9.5e-06 3.8749495)
(-1.5e-05 -1.25e-05 3.874947)
(-1.8e-05 -1.65e-05 3.8749445)
(-1.3e-05 -1.9e-05 3.8749445)
(-7e-06 -2e-05 3.874945)
(-1.6666667e-06 -1.95e-05 3.8749445)
(3.3333334e-07 -6e-06 3.8749475)
(-7e-06 -9e-06 3.8749475)
(-1.3e-05 -1.2e-05 3.8749485)
(-9.5e-06 -1.05e-05 3.8749495)
(-1.3e-05 -1.3e-05 3.8749485)
(-2e-05 -1.8e-05 3.8749455)
(-2e-05 -1.95e-05 3.8749445)
(-1.55e-05 -2.2e-05 3.874945)
(-9e-06 -2.35e-05 3.8749455)
(-1.6666667e-06 -2.3e-05 3.8749455)
(-1.3333333e-06 -1.05e-05 3.874946)
(-9e-06 -1.35e-05 3.8749465)
(-1.2e-05 -1.3e-05 3.874947)
(-1.25e-05 -1.5e-05 3.874947)
(-1.8e-05 -2e-05 3.8749455)
(-2.15e-05 -2.15e-05 3.8749455)
(-2.2e-05 -2.1e-05 3.8749455)
(-1.7e-05 -2.5e-05 3.8749465)
(-8e-06 -2.5e-05 3.874949)
(-1.3333333e-06 -2.25e-05 3.8749465)
(-1.6666667e-06 -1.2e-05 3.874944)
(-9.5e-06 -1.2e-05 3.8749435)
(-1.45e-05 -1.35e-05 3.8749435)
(-1.65e-05 -1.8e-05 3.8749445)
(-1.95e-05 -2e-05 3.8749445)
(-2.1e-05 -2.2e-05 3.8749455)
(-2.35e-05 -2.35e-05 3.874945)
(-1.95e-05 -2.55e-05 3.8749455)
(-6.5e-06 -2.65e-05 3.874947)
(-2.8189257e-21 -2.7e-05 3.874945)
(-1.3333333e-06 -9e-06 3.8749415)
(-1.05e-05 -1.05e-05 3.874941)
(-1.8e-05 -1.2e-05 3.874942)
(-1.9e-05 -1.3e-05 3.8749445)
(-2.2e-05 -1.55e-05 3.874945)
(-2.5e-05 -1.7e-05 3.8749465)
(-2.55e-05 -1.95e-05 3.8749455)
(-2e-05 -2e-05 3.8749465)
(-9.5e-06 -2.2e-05 3.8749415)
(-1.6666667e-06 -2.45e-05 3.8749405)
(-2.6666667e-06 -5.5e-06 3.87494)
(-1.25e-05 -1.1e-05 3.8749395)
(-1.7e-05 -8.5e-06 3.874942)
(-2e-05 -7e-06 3.874945)
(-2.35e-05 -9e-06 3.8749455)
(-2.5e-05 -8e-06 3.874949)
(-2.65e-05 -6.5e-06 3.874947)
(-2.2e-05 -9.5e-06 3.8749415)
(-1.1e-05 -1.1e-05 3.8749435)
(-1.6666667e-06 -5e-06 3.87494)
(-5e-06 -1.3333333e-06 3.8749375)
(-1.35e-05 -3.6666667e-06 3.8749365)
(-1.4e-05 -2e-06 3.8749405)
(-1.95e-05 -1.6666667e-06 3.8749445)
(-2.3e-05 -1.6666667e-06 3.8749455)
(-2.25e-05 -1.3333333e-06 3.8749465)
(-2.7e-05 -4.7704896e-21 3.874945)
(-2.45e-05 -1.6666667e-06 3.8749405)
(-5e-06 -1.6666667e-06 3.87494)
(2.3333333e-06 2.3333333e-06 3.874943)
(3e-06 3e-06 3.8749545)
(4e-06 1e-06 3.8749565)
(-2.5e-06 1.6666667e-06 3.8749605)
(-5e-06 -3.3333333e-07 3.874963)
(-7.5e-06 -2.4575249e-21 3.8749635)
(-1.1e-05 -1e-06 3.874963)
(-1.3e-05 -2e-06 3.874964)
(-1.1e-05 -1.6666667e-06 3.8749645)
(-7.5e-06 -2e-06 3.874964)
(-2e-06 -4.3333333e-06 3.8749615)
(1e-06 4e-06 3.8749565)
(2e-06 2e-06 3.8749585)
(-4.5e-06 -2.5e-06 3.874963)
(-7.5e-06 -3.5e-06 3.874964)
(-8.5e-06 -5.5e-06 3.874963)
(-1.4e-05 -8e-06 3.874965)
(-1.4e-05 -9.5e-06 3.8749655)
(-1.1e-05 -9e-06 3.8749665)
(-1.15e-05 -9e-06 3.8749665)
(-4.3333333e-06 -1e-05 3.874965)
(1.6666667e-06 -2.5e-06 3.8749605)
(-2.5e-06 -4.5e-06 3.874963)
(-8e-06 -8e-06 3.874965)
(-8e-06 -8e-06 3.8749655)
(-1.2e-05 -1e-05 3.8749665)
(-1.5e-05 -1.1e-05 3.874967)
(-1.4e-05 -1.25e-05 3.874968)
(-1.05e-05 -1.35e-05 3.87497)
(-8.5e-06 -1.3e-05 3.874969)
(-2.6666667e-06 -9e-06 3.8749705)
(-3.3333333e-07 -5e-06 3.874963)
(-3.5e-06 -7.5e-06 3.874964)
(-8e-06 -8e-06 3.8749655)
(-9.5e-06 -9.5e-06 3.874968)
(-1.15e-05 -9.5e-06 3.874969)
(-1.65e-05 -1.25e-05 3.874969)
(-1.65e-05 -1.4e-05 3.874971)
(-1.15e-05 -1.65e-05 3.8749745)
(-7e-06 -1.7e-05 3.8749765)
(-1.6666667e-06 -1.5e-05 3.8749745)
(4.4813279e-15 -7.5e-06 3.8749635)
(-5.5e-06 -8.5e-06 3.874963)
(-1e-05 -1.2e-05 3.8749665)
(-9.5e-06 -1.15e-05 3.874969)
(-1.5e-05 -1.5e-05 3.874969)
(-1.95e-05 -1.7e-05 3.87497)
(-1.8e-05 -1.75e-05 3.8749735)
(-1.35e-05 -2e-05 3.874978)
(-7e-06 -1.95e-05 3.8749825)
(-1.3333333e-06 -1.95e-05 3.874978)
(-9.9999999e-07 -1.1e-05 3.874963)
(-8e-06 -1.4e-05 3.874965)
(-1.1e-05 -1.5e-05 3.874967)
(-1.25e-05 -1.65e-05 3.874969)
(-1.7e-05 -1.95e-05 3.87497)
(-1.9e-05 -1.9e-05 3.8749715)
(-1.95e-05 -2.1e-05 3.874975)
(-1.35e-05 -2.35e-05 3.874981)
(-6.5e-06 -2.3e-05 3.874981)
(-1.6666667e-06 -2.55e-05 3.874981)
(-2e-06 -1.3e-05 3.874964)
(-9.5e-06 -1.4e-05 3.8749655)
(-1.25e-05 -1.4e-05 3.874968)
(-1.4e-05 -1.65e-05 3.874971)
(-1.75e-05 -1.8e-05 3.8749735)
(-2.1e-05 -1.95e-05 3.874975)
(-2.25e-05 -2.25e-05 3.874976)
(-1.55e-05 -2.45e-05 3.874982)
(-9e-06 -3.1e-05 3.8749825)
(-3e-06 -3.1e-05 3.8749755)
(-1.6666667e-06 -1.1e-05 3.8749645)
(-9e-06 -1.1e-05 3.8749665)
(-1.35e-05 -1.05e-05 3.87497)
(-1.65e-05 -1.15e-05 3.8749745)
(-2e-05 -1.35e-05 3.874978)
(-2.35e-05 -1.35e-05 3.874981)
(-2.45e-05 -1.55e-05 3.874982)
(-2.2e-05 -2.2e-05 3.874983)
(-1.3e-05 -2.45e-05 3.8749825)
(-1.6666667e-06 -2.1e-05 3.8749785)
(-2e-06 -7.5e-06 3.874964)
(-9e-06 -1.15e-05 3.8749665)
(-1.3e-05 -8.5e-06 3.874969)
(-1.7e-05 -7e-06 3.8749765)
(-1.95e-05 -7e-06 3.8749825)
(-2.3e-05 -6.5e-06 3.874981)
(-3.1e-05 -9e-06 3.8749825)
(-2.45e-05 -1.3e-05 3.8749825)
(-8e-06 -8e-06 3.874978)
(-6.6666666e-07 -6e-06 3.874982)
(-4.3333333e-06 -2e-06 3.8749615)
(-1e-05 -4.3333333e-06 3.874965)
(-9e-06 -2.6666667e-06 3.8749705)
(-1.5e-05 -1.6666667e-06 3.8749745)
(-1.95e-05 -1.3333333e-06 3.874978)
(-2.55e-05 -1.6666667e-06 3.874981)
(-3.1e-05 -3e-06 3.8749755)
(-2.1e-05 -1.6666667e-06 3.8749785)
(-6e-06 -6.6666666e-07 3.874982)
(-3.3333333e-07 -3.3333333e-07 3.874977)
(3e-06 3e-06 3.874966)
(6e-06 1.3333333e-06 3.8749635)
(1.5e-06 2.6666667e-06 3.874971)
(-1.5e-06 1.3333333e-06 3.874977)
(-6e-06 4.4813466e-15 3.8749805)
(-1e-05 0 3.874984)
(-1.05e-05 -6.6666667e-07 3.874988)
(-9e-06 8.9627251e-15 3.874992)
(-8.5e-06 -1e-06 3.874992)
(-3e-06 -2.6666667e-06 3.8749895)
(1.3333333e-06 6e-06 3.8749635)
(5.5e-06 5.5e-06 3.8749655)
(1.5e-06 2.5e-06 3.8749715)
(-5.5e-06 -5e-07 3.87498)
(-8e-06 -4e-06 3.874983)
(-1.1e-05 -5e-06 3.874987)
(-1.05e-05 -5.5e-06 3.874993)
(-9.5e-06 -5e-06 3.8749975)
(-1.25e-05 -7.5e-06 3.8749965)
(-4.6666667e-06 -4.5e-06 3.8749965)
(2.6666667e-06 1.5e-06 3.874971)
(2.5e-06 1.5e-06 3.8749715)
(-4.5e-06 -4.5e-06 3.8749795)
(-8e-06 -6.5e-06 3.8749835)
(-1.05e-05 -7e-06 3.874986)
(-1.15e-05 -8e-06 3.87499)
(-1.05e-05 -9e-06 3.8749985)
(-1.1e-05 -1e-05 3.8750035)
(-8e-06 -7e-06 3.8750025)
(-9.9999999e-07 -4.5e-06 3.8749985)
(1.3333333e-06 -1.5e-06 3.874977)
(-4.9999999e-07 -5.5e-06 3.87498)
(-6.5e-06 -8e-06 3.8749835)
(-8e-06 -8e-06 3.874988)
(-9.5e-06 -7e-06 3.8749895)
(-1.3e-05 -9.5e-06 3.874994)
(-1.25e-05 -1.1e-05 3.875004)
(-7.5e-06 -1.1e-05 3.875009)
(-7e-06 -6.5e-06 3.875009)
(-3e-06 -1.2e-05 3.875004)
(-2.1684043e-22 -6e-06 3.8749805)
(-4e-06 -8e-06 3.874983)
(-7e-06 -1.05e-05 3.874986)
(-7e-06 -9.5e-06 3.8749895)
(-1.2e-05 -1.2e-05 3.87499)
(-1.55e-05 -1.55e-05 3.874997)
(-1.2e-05 -1.55e-05 3.875005)
(-6.5e-06 -1.55e-05 3.8750125)
(-9e-06 -1.9e-05 3.8750095)
(-4.6666667e-06 -1.65e-05 3.8750045)
(3.6140072e-22 -1e-05 3.874984)
(-5e-06 -1.1e-05 3.874987)
(-8e-06 -1.15e-05 3.87499)
(-9.5e-06 -1.3e-05 3.874994)
(-1.55e-05 -1.55e-05 3.874997)
(-1.65e-05 -1.65e-05 3.874999)
(-1.25e-05 -1.85e-05 3.8750045)
(-1.1e-05 -2.1e-05 3.875013)
(-8e-06 -2.5e-05 3.8750105)
(-1.3333333e-06 -2.5e-05 3.875003)
(-6.6666666e-07 -1.05e-05 3.874988)
(-5.5e-06 -1.05e-05 3.874993)
(-9e-06 -1.05e-05 3.8749985)
(-1.1e-05 -1.25e-05 3.875004)
(-1.55e-05 -1.2e-05 3.875005)
(-1.85e-05 -1.25e-05 3.8750045)
(-1.65e-05 -1.65e-05 3.875013)
(-1.3e-05 -2.35e-05 3.8750175)
(-1.3e-05 -2.5e-05 3.8750135)
(-4.6666667e-06 -2.95e-05 3.8750135)
(-1.3010426e-21 -9e-06 3.874992)
(-5e-06 -9.5e-06 3.8749975)
(-1e-05 -1.1e-05 3.8750035)
(-1.1e-05 -7.5e-06 3.875009)
(-1.55e-05 -6.5e-06 3.8750125)
(-2.1e-05 -1.1e-05 3.875013)
(-2.35e-05 -1.3e-05 3.8750175)
(-1.95e-05 -1.95e-05 3.8750205)
(-1.4e-05 -2.65e-05 3.87502)
(-4.3333333e-06 -1.8e-05 3.875014)
(-1e-06 -8.5e-06 3.874992)
(-7.5e-06 -1.25e-05 3.8749965)
(-7e-06 -8e-06 3.8750025)
(-6.5e-06 -7e-06 3.875009)
(-1.9e-05 -9e-06 3.8750095)
(-2.5e-05 -8e-06 3.8750105)
(-2.5e-05 -1.3e-05 3.8750135)
(-2.65e-05 -1.4e-05 3.87502)
(-1.15e-05 -1.15e-05 3.875018)
(1e-06 -6.5e-06 3.8750125)
(-2.6666667e-06 -3e-06 3.8749895)
(-4.5e-06 -4.6666667e-06 3.8749965)
(-4.5e-06 -1e-06 3.8749985)
(-1.2e-05 -3e-06 3.875004)
(-1.65e-05 -4.6666667e-06 3.8750045)
(-2.5e-05 -1.3333333e-06 3.875003)
(-2.95e-05 -4.6666667e-06 3.8750135)
(-1.8e-05 -4.3333333e-06 3.875014)
(-6.5e-06 9.9999999e-07 3.8750125)
(-9.9999999e-07 -1e-06 3.8750145)
(1.3333333e-06 1.3333333e-06 3.874978)
(9e-06 2.3333333e-06 3.874979)
(1.1e-05 2e-06 3.8749895)
(4.5e-06 1.6666667e-06 3.8749985)
(-5.0000001e-07 1.6666667e-06 3.875002)
(-3.5e-06 1e-06 3.8750085)
(-5e-06 1.3333333e-06 3.8750145)
(-7e-06 2e-06 3.8750195)
(-1e-05 9.9999999e-07 3.875015)
(-3.6666667e-06 3.3333333e-07 3.8750135)
(2.3333333e-06 9e-06 3.874979)
(1e-05 1e-05 3.874979)
(1e-05 6e-06 3.8749885)
(4e-06 3e-06 3.875001)
(-1.5e-06 6.7220618e-15 3.875009)
(-4e-06 -2e-06 3.875016)
(-3.5e-06 9.9999999e-07 3.8750285)
(-7.5e-06 2.5e-06 3.875031)
(-1.25e-05 1.5e-06 3.8750265)
(-4.3333333e-06 -1e-06 3.875028)
(2e-06 1.1e-05 3.8749895)
(6e-06 1e-05 3.8749885)
(4e-06 4e-06 3.875001)
(-1.5e-06 -6.7220697e-15 3.8750105)
(-5.5e-06 -3.5e-06 3.875014)
(-2.5e-06 -4e-06 3.875023)
(-5.0000001e-07 -1.5e-06 3.8750405)
(-6.5e-06 -2e-06 3.8750435)
(-1.35e-05 -5e-07 3.8750405)
(-5.3333333e-06 -1.5e-06 3.875036)
(1.6666667e-06 4.5e-06 3.8749985)
(3e-06 4e-06 3.875001)
(-6.7220672e-15 -1.5e-06 3.8750105)
(-3.5e-06 -3.5e-06 3.8750175)
(-5.5e-06 -5.5e-06 3.875015)
(-2e-06 -5.5e-06 3.875024)
(-1.5e-06 -7.5e-06 3.875041)
(-6.5e-06 -7.5e-06 3.8750455)
(-1.2e-05 -1e-05 3.875039)
(-5e-06 -9e-06 3.8750375)
(1.6666667e-06 -5.0000001e-07 3.875002)
(6.7220804e-15 -1.5e-06 3.875009)
(-3.5e-06 -5.5e-06 3.875014)
(-5.5e-06 -5.5e-06 3.875015)
(-7.5e-06 -7.5e-06 3.8750125)
(-4.5e-06 -1.2e-05 3.875023)
(-2.5e-06 -1.7e-05 3.8750395)
(-9e-06 -1.6e-05 3.8750455)
(-1.5e-05 -1.8e-05 3.875035)
(-4.6666667e-06 -2.05e-05 3.8750325)
(1e-06 -3.5e-06 3.8750085)
(-2e-06 -4e-06 3.875016)
(-4e-06 -2.5e-06 3.875023)
(-5.5e-06 -2e-06 3.875024)
(-1.2e-05 -4.5e-06 3.875023)
(-1.15e-05 -1.15e-05 3.8750325)
(-5.5e-06 -1.3e-05 3.875043)
(-7.5e-06 -1.85e-05 3.8750465)
(-1.65e-05 -1.9e-05 3.8750405)
(-6.6666667e-06 -1.65e-05 3.875034)
(1.3333333e-06 -5e-06 3.8750145)
(1e-06 -3.5e-06 3.8750285)
(-1.5e-06 -4.9999999e-07 3.8750405)
(-7.5e-06 -1.5e-06 3.875041)
(-1.7e-05 -2.5e-06 3.8750395)
(-1.3e-05 -5.5e-06 3.875043)
(-9.5e-06 -9.5e-06 3.875049)
(-1.5e-05 -1.7e-05 3.8750525)
(-1.3e-05 -2.15e-05 3.875047)
(-3e-06 -2e-05 3.875048)
(2e-06 -7e-06 3.8750195)
(2.5e-06 -7.5e-06 3.875031)
(-2e-06 -6.5e-06 3.8750435)
(-7.5e-06 -6.5e-06 3.8750455)
(-1.6e-05 -9e-06 3.8750455)
(-1.85e-05 -7.5e-06 3.8750465)
(-1.7e-05 -1.5e-05 3.8750525)
(-1.95e-05 -1.95e-05 3.875057)
(-1.95e-05 -2e-05 3.8750485)
(-5.6666667e-06 -2.2e-05 3.875046)
(1e-06 -1e-05 3.875015)
(1.5e-06 -1.25e-05 3.8750265)
(-5.0000001e-07 -1.35e-05 3.8750405)
(-1e-05 -1.2e-05 3.875039)
(-1.8e-05 -1.5e-05 3.875035)
(-1.9e-05 -1.65e-05 3.8750405)
(-2.15e-05 -1.3e-05 3.875047)
(-2e-05 -1.95e-05 3.8750485)
(-1.55e-05 -1.55e-05 3.8750475)
(-4.3333333e-06 -5.5e-06 3.8750355)
(3.3333333e-07 -3.6666667e-06 3.8750135)
(-9.9999999e-07 -4.3333333e-06 3.875028)
(-1.5e-06 -5.3333333e-06 3.875036)
(-9e-06 -5e-06 3.8750375)
(-2.05e-05 -4.6666667e-06 3.8750325)
(-1.65e-05 -6.6666667e-06 3.875034)
(-2e-05 -3e-06 3.875048)
(-2.2e-05 -5.6666667e-06 3.875046)
(-5.5e-06 -4.3333333e-06 3.8750355)
(1e-06 1e-06 3.875034)
(3.6666667e-06 3.6666667e-06 3.8750217)
(1.75e-05 1.3333333e-06 3.87502)
(2.1e-05 2e-06 3.8750367)
(1.1e-05 3e-06 3.8750507)
(4e-06 4.6666667e-06 3.8750597)
(2.5e-06 5e-06 3.8750737)
(4.9999999e-07 8.6666667e-06 3.875093)
(-8.5e-06 7.6666667e-06 3.8750947)
(-1.45e-05 6.6666667e-06 3.8750973)
(-4e-06 7e-06 3.875097)
(1.3333333e-06 1.75e-05 3.87502)
(1.5e-05 1.5e-05 3.875035)
(2.35e-05 1.4e-05 3.8750447)
(1.5e-05 1.15e-05 3.8750493)
(7e-06 8e-06 3.8750547)
(8.5e-06 9.5e-06 3.8750683)
(4.5e-06 2.05e-05 3.875079)
(-1.15e-05 1.9e-05 3.8750843)
(-1.55e-05 1.8e-05 3.8750843)
(-3.6666667e-06 1.8e-05 3.8750837)
(2e-06 2.1e-05 3.8750367)
(1.4e-05 2.35e-05 3.8750447)
(1.75e-05 1.75e-05 3.875054)
(5e-06 1e-05 3.875059)
(2e-06 -1e-06 3.875069)
(1.5e-05 1.4963119e-20 3.875084)
(1e-05 3.5e-06 3.8750873)
(-1.1e-05 4.5e-06 3.8750897)
(-1.55e-05 5.5e-06 3.875083)
(-4e-06 5e-06 3.8750817)
(3e-06 1.1e-05 3.8750507)
(1.15e-05 1.5e-05 3.8750493)
(1e-05 5e-06 3.875059)
(-3.5e-06 -3.5e-06 3.87506)
(-3e-06 -8.5e-06 3.875071)
(1.3e-05 -9.5e-06 3.8750843)
(9e-06 -1.2e-05 3.875093)
(-9.5e-06 -9e-06 3.8750927)
(-1.5e-05 -1.2e-05 3.8750843)
(-4e-06 -1.55e-05 3.87508)
(4.6666667e-06 4e-06 3.8750597)
(8e-06 7e-06 3.8750547)
(-1e-06 2e-06 3.875069)
(-8.5e-06 -3e-06 3.875071)
(-4e-06 -4e-06 3.8750763)
(1.15e-05 -7e-06 3.8750827)
(1.05e-05 -1.35e-05 3.875087)
(-1.1e-05 -1.45e-05 3.8750833)
(-2.2e-05 -1.75e-05 3.875087)
(-6.3333333e-06 -2e-05 3.8750907)
(5e-06 2.5e-06 3.8750737)
(9.5e-06 8.5e-06 3.8750683)
(-1.344441e-14 1.5e-05 3.875084)
(-9.5e-06 1.3e-05 3.8750843)
(-7e-06 1.15e-05 3.8750827)
(3.5e-06 3.5e-06 3.8750823)
(1.5e-06 -9e-06 3.8750927)
(-1.35e-05 -1.4e-05 3.8750923)
(-2.05e-05 -1.3e-05 3.8750927)
(-5.6666667e-06 -9.5e-06 3.8750963)
(8.6666667e-06 4.9999999e-07 3.875093)
(2.05e-05 4.5e-06 3.875079)
(3.5e-06 1e-05 3.8750873)
(-1.2e-05 9e-06 3.875093)
(-1.35e-05 1.05e-05 3.875087)
(-9e-06 1.5e-06 3.8750927)
(-7e-06 -7e-06 3.875107)
(-1.5e-05 -1.3e-05 3.8751063)
(-1.75e-05 -1.7e-05 3.8751003)
(-4e-06 -1.75e-05 3.8750953)
(7.6666667e-06 -8.5e-06 3.8750947)
(1.9e-05 -1.15e-05 3.8750843)
(4.5e-06 -1.1e-05 3.8750897)
(-9e-06 -9.5e-06 3.8750927)
(-1.45e-05 -1.1e-05 3.8750833)
(-1.4e-05 -1.35e-05 3.8750923)
(-1.3e-05 -1.5e-05 3.8751063)
(-2.35e-05 -2.35e-05 3.875107)
(-2.5e-05 -2.6e-05 3.8751037)
(-6e-06 -3.05e-05 3.8751033)
(6.6666667e-06 -1.45e-05 3.8750973)
(1.8e-05 -1.55e-05 3.8750843)
(5.5e-06 -1.55e-05 3.875083)
(-1.2e-05 -1.5e-05 3.8750843)
(-1.75e-05 -2.2e-05 3.875087)
(-1.3e-05 -2.05e-05 3.8750927)
(-1.7e-05 -1.75e-05 3.8751003)
(-2.6e-05 -2.5e-05 3.8751037)
(-2.45e-05 -2.45e-05 3.875095)
(-7e-06 -1.85e-05 3.875095)
(7e-06 -4e-06 3.875097)
(1.8e-05 -3.6666667e-06 3.8750837)
(5e-06 -4e-06 3.8750817)
(-1.55e-05 -4e-06 3.87508)
(-2e-05 -6.3333333e-06 3.8750907)
(-9.5e-06 -5.6666667e-06 3.8750963)
(-1.75e-05 -4e-06 3.8750953)
(-3.05e-05 -6e-06 3.8751033)
(-1.85e-05 -7e-06 3.875095)
(-2e-06 -2e-06 3.875084)
)
;

boundaryField
{
    block1_in
    {
        type            extrapolatedCalculated;
        value           nonuniform List<vector> 
100
(
(-1.6666667e-06 -1.6666667e-06 3.874726)
(-2e-06 -6.5e-06 3.874726)
(-2.6666667e-06 -9.5e-06 3.874738)
(-1.3333333e-06 -6.5e-06 3.87474)
(-1.3333333e-06 -3e-06 3.87475)
(-1.6666667e-06 -6.5e-06 3.874762)
(-6.6666667e-07 -6e-06 3.874766)
(6.6666667e-07 2.5e-06 3.87477)
(3.3333333e-07 7.5e-06 3.874784)
(-3.3333333e-07 2.3333333e-06 3.874792)
(-6.5e-06 -2e-06 3.874726)
(-8e-06 -8e-06 3.874728)
(-9.5e-06 -8.5e-06 3.874736)
(-5.5e-06 -4.5e-06 3.874744)
(-5.5e-06 -3.5e-06 3.874754)
(-5.5e-06 -5.5e-06 3.874764)
(-1.5e-06 -2.5e-06 3.87477)
(2.1005581e-16 4e-06 3.874778)
(-1.5e-06 6e-06 3.874786)
(-2e-06 1.6666667e-06 3.87479)
(-9.5e-06 -2.6666667e-06 3.874738)
(-8.5e-06 -9.5e-06 3.874736)
(-7e-06 -7e-06 3.874738)
(-4.5e-06 -2.5e-06 3.87475)
(-4e-06 -3e-06 3.874756)
(-1.5e-06 -2.5e-06 3.874764)
(1e-06 -5e-07 3.874776)
(-5e-07 2.5e-06 3.87478)
(-2e-06 5.5e-06 3.874782)
(-2e-06 2e-06 3.874788)
(-6.5e-06 -1.3333333e-06 3.87474)
(-4.5e-06 -5.5e-06 3.874744)
(-2.5e-06 -4.5e-06 3.87475)
(-1.5e-06 -1.5e-06 3.874758)
(2e-06 -5e-07 3.874762)
(5e-06 -5e-07 3.874772)
(4.5e-06 -1.5e-06 3.874782)
(4.5e-06 1e-06 3.87478)
(1.5e-06 4.5e-06 3.874782)
(-1.5e-06 1.6666667e-06 3.87479)
(-3e-06 -1.3333333e-06 3.87475)
(-3.5e-06 -5.5e-06 3.874754)
(-3e-06 -4e-06 3.874756)
(-5e-07 2e-06 3.874762)
(3.5e-06 3.5e-06 3.87477)
(5e-06 -4.201044e-16 3.874778)
(4.5e-06 -1e-06 3.874782)
(4.5e-06 -5e-07 3.874786)
(2e-06 -5e-07 3.874782)
(-4.2010416e-16 -5.7824116e-22 3.874784)
(-6.5e-06 -1.6666667e-06 3.874762)
(-5.5e-06 -5.5e-06 3.874764)
(-2.5e-06 -1.5e-06 3.874764)
(-5e-07 5e-06 3.874772)
(-2.1005078e-16 5e-06 3.874778)
(5e-07 5e-07 3.874782)
(2.1005235e-16 -2e-06 3.874782)
(-3.59989e-22 -1.5e-06 3.874784)
(2.5e-06 1.0587912e-22 3.874782)
(3.5e-06 3.3333333e-07 3.874784)
(-6e-06 -6.6666667e-07 3.874766)
(-2.5e-06 -1.5e-06 3.87477)
(-5e-07 1e-06 3.874776)
(-1.5e-06 4.5e-06 3.874782)
(-1e-06 4.5e-06 3.874782)
(-2e-06 -1.2366681e-22 3.874782)
(-1.5e-06 -1.5e-06 3.87478)
(2.5e-06 2e-06 3.87478)
(6e-06 3e-06 3.874784)
(5.5e-06 6.6666667e-07 3.874786)
(2.5e-06 6.6666667e-07 3.87477)
(4e-06 2.1004974e-16 3.874778)
(2.5e-06 -5e-07 3.87478)
(1e-06 4.5e-06 3.87478)
(-5e-07 4.5e-06 3.874786)
(-1.5e-06 -1.0587912e-22 3.874784)
(2e-06 2.5e-06 3.87478)
(6e-06 6e-06 3.874786)
(6.5e-06 3e-06 3.874788)
(5.5e-06 1.4003435e-16 3.874784)
(7.5e-06 3.3333333e-07 3.874784)
(6e-06 -1.5e-06 3.874786)
(5.5e-06 -2e-06 3.874782)
(4.5e-06 1.5e-06 3.874782)
(-5e-07 2e-06 3.874782)
(-2.1005471e-16 2.5e-06 3.874782)
(3e-06 6e-06 3.874784)
(3e-06 6.5e-06 3.874788)
(2.5e-06 2.5e-06 3.874784)
(4.5e-06 -1.4003569e-16 3.874778)
(2.3333333e-06 -3.3333333e-07 3.874792)
(1.6666667e-06 -2e-06 3.87479)
(2e-06 -2e-06 3.874788)
(1.6666667e-06 -1.5e-06 3.87479)
(-2.8006193e-16 5.116079e-22 3.874784)
(3.3333333e-07 3.5e-06 3.874784)
(6.6666667e-07 5.5e-06 3.874786)
(-1.4003909e-16 5.5e-06 3.874784)
(-1.400354e-16 4.5e-06 3.874778)
(1.3333333e-06 1.3333333e-06 3.874784)
)
;
    }
    block1_out
    {
        type            extrapolatedCalculated;
        value           nonuniform List<vector> 
100
(
(3.6666667e-06 3.6666667e-06 3.87504)
(1.3333333e-06 1.75e-05 3.875034)
(2e-06 2.1e-05 3.875054)
(3e-06 1.1e-05 3.87507)
(4.6666667e-06 4e-06 3.875082)
(5e-06 2.5e-06 3.8751)
(8.6666667e-06 4.9999999e-07 3.875126)
(7.6666667e-06 -8.5e-06 3.875126)
(6.6666667e-06 -1.45e-05 3.875134)
(7e-06 -4e-06 3.875134)
(1.75e-05 1.3333333e-06 3.875034)
(1.5e-05 1.5e-05 3.875058)
(1.4e-05 2.35e-05 3.875066)
(1.15e-05 1.5e-05 3.875066)
(8e-06 7e-06 3.87507)
(9.5e-06 8.5e-06 3.875086)
(2.05e-05 4.5e-06 3.875094)
(1.9e-05 -1.15e-05 3.875102)
(1.8e-05 -1.55e-05 3.875106)
(1.8e-05 -3.6666667e-06 3.875104)
(2.1e-05 2e-06 3.875054)
(2.35e-05 1.4e-05 3.875066)
(1.75e-05 1.75e-05 3.875072)
(1e-05 5e-06 3.875074)
(-1e-06 2e-06 3.875088)
(-1.344441e-14 1.5e-05 3.875104)
(3.5e-06 1e-05 3.875098)
(4.5e-06 -1.1e-05 3.875102)
(5.5e-06 -1.55e-05 3.875096)
(5e-06 -4e-06 3.875092)
(1.1e-05 3e-06 3.87507)
(1.5e-05 1.15e-05 3.875066)
(5e-06 1e-05 3.875074)
(-3.5e-06 -3.5e-06 3.875072)
(-8.5e-06 -3e-06 3.875092)
(-9.5e-06 1.3e-05 3.875106)
(-1.2e-05 9e-06 3.87511)
(-9e-06 -9.5e-06 3.875108)
(-1.2e-05 -1.5e-05 3.8751)
(-1.55e-05 -4e-06 3.875092)
(4e-06 4.6666667e-06 3.875082)
(7e-06 8e-06 3.87507)
(2e-06 -1e-06 3.875088)
(-3e-06 -8.5e-06 3.875092)
(-4e-06 -4e-06 3.875102)
(-7e-06 1.15e-05 3.875106)
(-1.35e-05 1.05e-05 3.875102)
(-1.45e-05 -1.1e-05 3.875094)
(-1.75e-05 -2.2e-05 3.875104)
(-2e-05 -6.3333333e-06 3.875112)
(2.5e-06 5e-06 3.8751)
(8.5e-06 9.5e-06 3.875086)
(1.5e-05 1.4963119e-20 3.875104)
(1.3e-05 -9.5e-06 3.875106)
(1.15e-05 -7e-06 3.875106)
(3.5e-06 3.5e-06 3.875098)
(-9e-06 1.5e-06 3.875106)
(-1.4e-05 -1.35e-05 3.875106)
(-1.3e-05 -2.05e-05 3.875112)
(-9.5e-06 -5.6666667e-06 3.875116)
(4.9999999e-07 8.6666667e-06 3.875126)
(4.5e-06 2.05e-05 3.875094)
(1e-05 3.5e-06 3.875098)
(9e-06 -1.2e-05 3.87511)
(1.05e-05 -1.35e-05 3.875102)
(1.5e-06 -9e-06 3.875106)
(-7e-06 -7e-06 3.875128)
(-1.3e-05 -1.5e-05 3.875124)
(-1.7e-05 -1.75e-05 3.875118)
(-1.75e-05 -4e-06 3.875112)
(-8.5e-06 7.6666667e-06 3.875126)
(-1.15e-05 1.9e-05 3.875102)
(-1.1e-05 4.5e-06 3.875102)
(-9.5e-06 -9e-06 3.875108)
(-1.1e-05 -1.45e-05 3.875094)
(-1.35e-05 -1.4e-05 3.875106)
(-1.5e-05 -1.3e-05 3.875124)
(-2.35e-05 -2.35e-05 3.875124)
(-2.6e-05 -2.5e-05 3.875124)
(-3.05e-05 -6e-06 3.875124)
(-1.45e-05 6.6666667e-06 3.875134)
(-1.55e-05 1.8e-05 3.875106)
(-1.55e-05 5.5e-06 3.875096)
(-1.5e-05 -1.2e-05 3.8751)
(-2.2e-05 -1.75e-05 3.875104)
(-2.05e-05 -1.3e-05 3.875112)
(-1.75e-05 -1.7e-05 3.875118)
(-2.5e-05 -2.6e-05 3.875124)
(-2.45e-05 -2.45e-05 3.875116)
(-1.85e-05 -7e-06 3.87512)
(-4e-06 7e-06 3.875134)
(-3.6666667e-06 1.8e-05 3.875104)
(-4e-06 5e-06 3.875092)
(-4e-06 -1.55e-05 3.875092)
(-6.3333333e-06 -2e-05 3.875112)
(-5.6666667e-06 -9.5e-06 3.875116)
(-4e-06 -1.75e-05 3.875112)
(-6e-06 -3.05e-05 3.875124)
(-7e-06 -1.85e-05 3.87512)
(-2e-06 -2e-06 3.875108)
)
;
    }
    block1_wall1
    {
        type            extrapolatedCalculated;
        value           nonuniform List<vector> 
200
(
(0 -1.6666667e-06 3.8747207)
(0 -6.5e-06 3.874722)
(0 -9.5e-06 3.874732)
(0 -6.5e-06 3.8747357)
(0 -3e-06 3.8747457)
(0 -6.5e-06 3.8747573)
(0 -6e-06 3.8747637)
(0 2.5e-06 3.874769)
(0 7.5e-06 3.8747777)
(0 2.3333333e-06 3.874781)
(0 -3.3333333e-07 3.8747155)
(0 -1.5e-06 3.874717)
(0 -3e-06 3.874722)
(0 2e-06 3.8747295)
(0 7.5e-06 3.874736)
(0 4.5e-06 3.8747455)
(0 3.5e-06 3.8747545)
(0 5.5e-06 3.87476)
(0 3.5e-06 3.8747595)
(0 3.3333333e-07 3.8747555)
(0 -6.6666667e-07 3.8747255)
(0 -8.4019579e-16 3.8747255)
(0 3e-06 3.8747285)
(0 7.5e-06 3.874735)
(0 1.3e-05 3.8747385)
(0 1.2e-05 3.874744)
(0 8.5e-06 3.8747485)
(0 7.5e-06 3.8747505)
(0 3e-06 3.8747515)
(0 -3.3333333e-07 3.8747515)
(0 -3.3333333e-07 3.8747375)
(0 1.5e-06 3.874739)
(0 6.5e-06 3.874741)
(0 1.2e-05 3.8747435)
(0 1.65e-05 3.8747465)
(0 1.45e-05 3.874747)
(0 1e-05 3.874749)
(0 8.5e-06 3.874751)
(0 4.5e-06 3.874753)
(0 3.3333333e-07 3.8747555)
(0 3.3333333e-07 3.874753)
(0 3.5e-06 3.8747545)
(0 7.5e-06 3.8747565)
(0 1.3e-05 3.874757)
(0 1.65e-05 3.874756)
(0 1.45e-05 3.874755)
(0 1.25e-05 3.8747565)
(0 1.15e-05 3.87476)
(0 7.5e-06 3.874763)
(0 1.3333333e-06 3.8747665)
(0 6.6666667e-07 3.8747685)
(0 5e-06 3.8747705)
(0 9e-06 3.8747705)
(0 1.15e-05 3.87477)
(0 1.45e-05 3.8747685)
(0 1.5e-05 3.8747685)
(0 1.5e-05 3.87477)
(0 1.5e-05 3.874773)
(0 1.1e-05 3.8747755)
(0 2.6666667e-06 3.874778)
(0 1.6666667e-06 3.8747825)
(0 5.5e-06 3.874783)
(0 7e-06 3.874782)
(0 1.1e-05 3.874781)
(0 1.5e-05 3.874783)
(0 1.6e-05 3.8747835)
(0 1.7e-05 3.874785)
(0 1.7e-05 3.8747855)
(0 1.25e-05 3.874786)
(0 3e-06 3.874786)
(0 1e-06 3.8747944)
(0 4.5e-06 3.8747923)
(0 7e-06 3.8747926)
(0 1.25e-05 3.8747949)
(0 1.7e-05 3.8747961)
(0 1.7e-05 3.8747965)
(0 1.7e-05 3.8747959)
(0 1.6e-05 3.8747935)
(0 1.15e-05 3.8747919)
(0 2.6666667e-06 3.8747908)
(0 2.6666667e-07 3.8748063)
(0 3.7e-06 3.8748059)
(0 9.55e-06 3.8748068)
(0 1.45e-05 3.8748095)
(0 1.66e-05 3.8748084)
(0 1.575e-05 3.8748066)
(0 1.4e-05 3.8748032)
(0 1.3e-05 3.8747994)
(0 9.85e-06 3.8747974)
(0 2.3e-06 3.874796)
(0 7.3333333e-07 3.8748245)
(0 4.95e-06 3.8748267)
(0 1.06e-05 3.8748271)
(0 1.415e-05 3.8748253)
(0 1.415e-05 3.8748223)
(0 1.175e-05 3.8748175)
(0 9.8e-06 3.8748126)
(0 1.025e-05 3.8748095)
(0 8.1e-06 3.8748073)
(0 1.7666667e-06 3.8748055)
(0 1.7333333e-06 3.874851)
(0 6.3e-06 3.8748526)
(0 8.2e-06 3.8748508)
(0 9.75e-06 3.8748454)
(0 8.8e-06 3.8748394)
(0 6.05e-06 3.8748333)
(0 5.95e-06 3.8748289)
(0 7.65e-06 3.8748261)
(0 5.8e-06 3.8748228)
(0 1.0666667e-06 3.874821)
(0 1.8e-06 3.8748768)
(0 4.75e-06 3.8748771)
(0 3.4e-06 3.8748724)
(0 2.7e-06 3.8748662)
(0 2e-06 3.8748595)
(0 1.3e-06 3.8748552)
(0 2.6e-06 3.8748519)
(0 4.15e-06 3.8748487)
(0 3.1e-06 3.8748445)
(0 6e-07 3.8748434)
(0 1.9e-06 3.8748962)
(0 1.85e-06 3.874896)
(0 -2.7e-06 3.8748909)
(0 -3.1e-06 3.8748861)
(0 -2.2e-06 3.8748827)
(0 -1.55e-06 3.8748806)
(0 -4.5e-07 3.8748775)
(0 2.9999999e-07 3.8748735)
(0 5e-07 3.8748698)
(0 3.3333334e-07 3.8748689)
(0 1.6666667e-06 3.8749128)
(0 -5e-07 3.874912)
(0 -6.5e-06 3.8749094)
(0 -5.5e-06 3.8749081)
(0 -3.5e-06 3.8749075)
(0 -4e-06 3.8749053)
(0 -4.5e-06 3.8749016)
(0 -3.5e-06 3.8748973)
(0 -1.5e-06 3.8748943)
(0 -2.2406238e-15 3.8748933)
(0 1.3333333e-06 3.8749285)
(0 -1.5e-06 3.8749285)
(0 -6.5e-06 3.874929)
(0 -5e-06 3.87493)
(0 -5e-06 3.87493)
(0 -7.5e-06 3.8749275)
(0 -8.5e-06 3.8749235)
(0 -7e-06 3.87492)
(0 -3.5e-06 3.874918)
(0 -3.3333333e-07 3.874916)
(0 1.6666667e-06 3.874942)
(0 3.3609779e-15 3.8749445)
(0 -5e-06 3.8749475)
(0 -4.5e-06 3.8749485)
(0 -6e-06 3.8749475)
(0 -1.05e-05 3.874946)
(0 -1.2e-05 3.874944)
(0 -9e-06 3.8749415)
(0 -5.5e-06 3.87494)
(0 -1.3333333e-06 3.8749375)
(0 3e-06 3.8749545)
(0 4e-06 3.8749565)
(0 -2.5e-06 3.8749605)
(0 -5e-06 3.874963)
(0 -7.5e-06 3.8749635)
(0 -1.1e-05 3.874963)
(0 -1.3e-05 3.874964)
(0 -1.1e-05 3.8749645)
(0 -7.5e-06 3.874964)
(0 -2e-06 3.8749615)
(0 3e-06 3.874966)
(0 6e-06 3.8749635)
(0 1.5e-06 3.874971)
(0 -1.5e-06 3.874977)
(0 -6e-06 3.8749805)
(0 -1e-05 3.874984)
(0 -1.05e-05 3.874988)
(0 -9e-06 3.874992)
(0 -8.5e-06 3.874992)
(0 -3e-06 3.8749895)
(0 1.3333333e-06 3.874978)
(0 9e-06 3.874979)
(0 1.1e-05 3.8749895)
(0 4.5e-06 3.8749985)
(0 -5.0000001e-07 3.875002)
(0 -3.5e-06 3.8750085)
(0 -5e-06 3.8750145)
(0 -7e-06 3.8750195)
(0 -1e-05 3.875015)
(0 -3.6666667e-06 3.8750135)
(0 3.6666667e-06 3.8750217)
(0 1.75e-05 3.87502)
(0 2.1e-05 3.8750367)
(0 1.1e-05 3.8750507)
(0 4e-06 3.8750597)
(0 2.5e-06 3.8750737)
(0 4.9999999e-07 3.875093)
(0 -8.5e-06 3.8750947)
(0 -1.45e-05 3.8750973)
(0 -4e-06 3.875097)
)
;
    }
    block1_wall2
    {
        type            extrapolatedCalculated;
        value           nonuniform List<vector> 
200
(
(-3.3333333e-07 0 3.874781)
(-1e-06 0 3.8747555)
(-1.3333333e-06 0 3.8747515)
(-3.3333333e-07 0 3.8747555)
(6.6666667e-07 0 3.8747665)
(1.6666667e-06 0 3.874778)
(1.6666667e-06 0 3.874786)
(1.3333333e-06 0 3.8747908)
(4.3333333e-07 0 3.874796)
(-6e-07 0 3.8748055)
(-1.6333333e-06 0 3.874821)
(-2.3333333e-06 0 3.8748434)
(-2.9e-06 0 3.8748689)
(-3.3333333e-06 0 3.8748933)
(-3.6666667e-06 0 3.874916)
(-5e-06 0 3.8749375)
(-4.3333333e-06 0 3.8749615)
(-2.6666667e-06 0 3.8749895)
(3.3333333e-07 0 3.8750135)
(7e-06 0 3.875097)
(-2e-06 0 3.874779)
(-3e-06 0 3.874754)
(-2.5e-06 0 3.8747525)
(1e-06 0 3.8747585)
(4e-06 0 3.8747695)
(6e-06 0 3.8747795)
(6e-06 0 3.8747855)
(4e-06 0 3.8747889)
(8.5e-07 0 3.8747931)
(-2.6e-06 0 3.8748024)
(-6.5e-06 0 3.8748185)
(-9.4e-06 0 3.8748415)
(-1.115e-05 0 3.8748674)
(-1.2e-05 0 3.8748921)
(-1.3e-05 0 3.8749135)
(-1.35e-05 0 3.8749365)
(-1e-05 0 3.874965)
(-4.5e-06 0 3.8749965)
(-9.9999999e-07 0 3.875028)
(1.8e-05 0 3.8750837)
(-2e-06 0 3.8747777)
(-1e-06 0 3.874755)
(1.5e-06 0 3.8747555)
(5e-06 0 3.874762)
(8.5e-06 0 3.8747715)
(9.5e-06 0 3.87478)
(8e-06 0 3.874784)
(4e-06 0 3.8747857)
(5.0000003e-08 0 3.8747895)
(-3.85e-06 0 3.8747981)
(-7.9e-06 0 3.8748143)
(-1.09e-05 0 3.8748388)
(-1.23e-05 0 3.8748663)
(-1.4e-05 0 3.8748915)
(-1.7e-05 0 3.8749145)
(-1.4e-05 0 3.8749405)
(-9e-06 0 3.8749705)
(-4.5e-06 0 3.8749985)
(-1.5e-06 0 3.875036)
(5e-06 0 3.8750817)
(-1.5e-06 0 3.8747797)
(1.5e-06 0 3.8747575)
(5e-06 0 3.8747585)
(9e-06 0 3.8747655)
(1.2e-05 0 3.874774)
(1.25e-05 0 3.874779)
(9.5e-06 0 3.87478)
(4.5e-06 0 3.874781)
(1.5e-06 0 3.8747853)
(-7e-07 0 3.8747944)
(-3.15e-06 0 3.8748114)
(-6.3e-06 0 3.8748372)
(-1.08e-05 0 3.8748643)
(-1.7e-05 0 3.8748874)
(-2e-05 0 3.8749135)
(-1.95e-05 0 3.8749445)
(-1.5e-05 0 3.8749745)
(-1.2e-05 0 3.875004)
(-9e-06 0 3.8750375)
(-1.55e-05 0 3.87508)
(-4.2010416e-16 0 3.874777)
(3e-06 0 3.8747615)
(7e-06 0 3.874763)
(1.2e-05 0 3.874769)
(1.4e-05 0 3.874775)
(1.25e-05 0 3.8747775)
(9e-06 0 3.874776)
(6e-06 0 3.8747776)
(5.6e-06 0 3.8747842)
(5.65e-06 0 3.8747935)
(2.75e-06 0 3.8748086)
(-4.65e-06 0 3.8748311)
(-1.365e-05 0 3.8748556)
(-2e-05 0 3.8748823)
(-2.15e-05 0 3.874912)
(-2.3e-05 0 3.8749455)
(-1.95e-05 0 3.874978)
(-1.65e-05 0 3.8750045)
(-2.05e-05 0 3.8750325)
(-2e-05 0 3.8750907)
(3.5e-06 0 3.8747777)
(6.5e-06 0 3.8747645)
(1.05e-05 0 3.8747675)
(1.4e-05 0 3.8747725)
(1.5e-05 0 3.8747745)
(1.2e-05 0 3.874774)
(8.5e-06 0 3.8747735)
(6.5e-06 0 3.8747776)
(7.35e-06 0 3.874785)
(6.9e-06 0 3.8747916)
(1.25e-06 0 3.8748011)
(-7.3e-06 0 3.8748207)
(-1.545e-05 0 3.8748489)
(-2.2e-05 0 3.8748796)
(-2.5e-05 0 3.8749105)
(-2.25e-05 0 3.8749465)
(-2.55e-05 0 3.874981)
(-2.5e-05 0 3.875003)
(-1.65e-05 0 3.875034)
(-9.5e-06 0 3.8750963)
(5.5e-06 0 3.8747803)
(8e-06 0 3.8747685)
(1.25e-05 0 3.8747705)
(1.45e-05 0 3.8747735)
(1.3e-05 0 3.874773)
(9e-06 0 3.874771)
(5.5e-06 0 3.8747705)
(3.5e-06 0 3.8747765)
(4.05e-06 0 3.8747847)
(4.1e-06 0 3.8747873)
(-1.2e-06 0 3.8747945)
(-1.04e-05 0 3.8748144)
(-1.765e-05 0 3.8748409)
(-2.2e-05 0 3.8748727)
(-2.5e-05 0 3.8749115)
(-2.7e-05 0 3.874945)
(-3.1e-05 0 3.8749755)
(-2.95e-05 0 3.8750135)
(-2e-05 0 3.875048)
(-1.75e-05 0 3.8750953)
(5.5e-06 0 3.8747793)
(6.5e-06 0 3.8747715)
(1e-05 0 3.874774)
(1.05e-05 0 3.874773)
(7.5e-06 0 3.874769)
(2e-06 0 3.8747665)
(-1.5e-06 0 3.874768)
(1e-06 0 3.8747761)
(2.25e-06 0 3.8747856)
(-4e-07 0 3.8747863)
(-4.5e-06 0 3.8747866)
(-1e-05 0 3.8748043)
(-1.38e-05 0 3.8748374)
(-1.35e-05 0 3.8748722)
(-1.6e-05 0 3.8749055)
(-2.45e-05 0 3.8749405)
(-2.1e-05 0 3.8749785)
(-1.8e-05 0 3.875014)
(-2.2e-05 0 3.875046)
(-3.05e-05 0 3.8751033)
(4.5e-06 0 3.8747757)
(5e-06 0 3.874773)
(7e-06 0 3.8747745)
(5.5e-06 0 3.874771)
(-1e-06 0 3.8747645)
(-3e-06 0 3.874762)
(-1.6804004e-15 0 3.8747695)
(-5e-07 0 3.8747803)
(-7.5e-07 0 3.8747833)
(-2.15e-06 0 3.8747806)
(-6.85e-06 0 3.8747848)
(-5.05e-06 0 3.8748051)
(-3.5e-07 0 3.8748374)
(-3e-06 0 3.8748705)
(-8.5e-06 0 3.8749005)
(-5e-06 0 3.87494)
(-6e-06 0 3.874982)
(-6.5e-06 0 3.8750125)
(-5.5e-06 0 3.8750355)
(-1.85e-05 0 3.875095)
(1.3333333e-06 0 3.8747797)
(1.3333333e-06 0 3.874774)
(2e-06 0 3.8747745)
(1.3333333e-06 0 3.874765)
(-2e-06 0 3.8747605)
(-1.3333333e-06 0 3.8747675)
(1.6666667e-06 0 3.8747705)
(-6.6666667e-07 0 3.8747754)
(-1.5666667e-06 0 3.8747839)
(-2.3333333e-07 0 3.8747802)
(-1.8333333e-06 0 3.8747837)
(-1e-06 0 3.8748108)
(1.9333333e-06 0 3.8748394)
(3.3333334e-07 0 3.8748641)
(-2.3333333e-06 0 3.8749035)
(2.3333333e-06 0 3.874943)
(-3.3333333e-07 0 3.874977)
(-9.9999999e-07 0 3.8750145)
(1e-06 0 3.875034)
(-2e-06 0 3.875084)
)
;
    }
    block1_wall3
    {
        type            extrapolatedCalculated;
        value           nonuniform List<vector> 
200
(
(0 -3.3333333e-07 3.874781)
(0 -2e-06 3.874779)
(0 -2e-06 3.8747777)
(0 -1.5e-06 3.8747797)
(0 5.116079e-22 3.874777)
(0 3.5e-06 3.8747777)
(0 5.5e-06 3.8747803)
(0 5.5e-06 3.8747793)
(0 4.5e-06 3.8747757)
(0 1.3333333e-06 3.8747797)
(0 -1e-06 3.8747555)
(0 -3e-06 3.874754)
(0 -1e-06 3.874755)
(0 1.5e-06 3.8747575)
(0 3e-06 3.8747615)
(0 6.5e-06 3.8747645)
(0 8e-06 3.8747685)
(0 6.5e-06 3.8747715)
(0 5e-06 3.874773)
(0 1.3333333e-06 3.874774)
(0 -1.3333333e-06 3.8747515)
(0 -2.5e-06 3.8747525)
(0 1.5e-06 3.8747555)
(0 5e-06 3.8747585)
(0 7e-06 3.874763)
(0 1.05e-05 3.8747675)
(0 1.25e-05 3.8747705)
(0 1e-05 3.874774)
(0 7e-06 3.8747745)
(0 2e-06 3.8747745)
(0 -3.3333333e-07 3.8747555)
(0 1e-06 3.8747585)
(0 5e-06 3.874762)
(0 9e-06 3.8747655)
(0 1.2e-05 3.874769)
(0 1.4e-05 3.8747725)
(0 1.45e-05 3.8747735)
(0 1.05e-05 3.874773)
(0 5.5e-06 3.874771)
(0 1.3333333e-06 3.874765)
(0 6.6666667e-07 3.8747665)
(0 4e-06 3.8747695)
(0 8.5e-06 3.8747715)
(0 1.2e-05 3.874774)
(0 1.4e-05 3.874775)
(0 1.5e-05 3.8747745)
(0 1.3e-05 3.874773)
(0 7.5e-06 3.874769)
(0 -1e-06 3.8747645)
(0 -2e-06 3.8747605)
(0 1.6666667e-06 3.874778)
(0 6e-06 3.8747795)
(0 9.5e-06 3.87478)
(0 1.25e-05 3.874779)
(0 1.25e-05 3.8747775)
(0 1.2e-05 3.874774)
(0 9e-06 3.874771)
(0 2e-06 3.8747665)
(0 -3e-06 3.874762)
(0 -1.3333333e-06 3.8747675)
(0 1.6666667e-06 3.874786)
(0 6e-06 3.8747855)
(0 8e-06 3.874784)
(0 9.5e-06 3.87478)
(0 9e-06 3.874776)
(0 8.5e-06 3.8747735)
(0 5.5e-06 3.8747705)
(0 -1.5e-06 3.874768)
(0 1.6804159e-15 3.8747695)
(0 1.6666667e-06 3.8747705)
(0 1.3333333e-06 3.8747908)
(0 4e-06 3.874789)
(0 4e-06 3.8747856)
(0 4.5e-06 3.874781)
(0 6e-06 3.8747777)
(0 6.5e-06 3.8747776)
(0 3.5e-06 3.8747765)
(0 1e-06 3.8747761)
(0 -5e-07 3.8747803)
(0 -6.6666667e-07 3.8747754)
(0 4.3333333e-07 3.8747961)
(0 8.5e-07 3.8747932)
(0 5e-08 3.8747894)
(0 1.5e-06 3.8747853)
(0 5.6e-06 3.8747843)
(0 7.35e-06 3.874785)
(0 4.05e-06 3.8747846)
(0 2.25e-06 3.8747855)
(0 -7.5e-07 3.8747833)
(0 -1.5666667e-06 3.8747839)
(0 -6e-07 3.8748054)
(0 -2.6e-06 3.8748023)
(0 -3.85e-06 3.8747981)
(0 -7e-07 3.8747944)
(0 5.65e-06 3.8747934)
(0 6.9e-06 3.8747915)
(0 4.1e-06 3.8747874)
(0 -4e-07 3.8747863)
(0 -2.15e-06 3.8747806)
(0 -2.3333333e-07 3.8747802)
(0 -1.6333333e-06 3.874821)
(0 -6.5e-06 3.8748184)
(0 -7.9e-06 3.8748143)
(0 -3.15e-06 3.8748114)
(0 2.75e-06 3.8748087)
(0 1.25e-06 3.8748011)
(0 -1.2e-06 3.8747945)
(0 -4.5e-06 3.8747866)
(0 -6.85e-06 3.8747848)
(0 -1.8333333e-06 3.8747837)
(0 -2.3333333e-06 3.8748434)
(0 -9.4e-06 3.8748416)
(0 -1.09e-05 3.8748388)
(0 -6.3e-06 3.8748372)
(0 -4.65e-06 3.8748312)
(0 -7.3e-06 3.8748208)
(0 -1.04e-05 3.8748144)
(0 -1e-05 3.8748043)
(0 -5.05e-06 3.8748052)
(0 -1e-06 3.8748108)
(0 -2.9e-06 3.8748689)
(0 -1.115e-05 3.8748674)
(0 -1.23e-05 3.8748663)
(0 -1.08e-05 3.8748643)
(0 -1.365e-05 3.8748556)
(0 -1.545e-05 3.8748489)
(0 -1.765e-05 3.8748409)
(0 -1.38e-05 3.8748373)
(0 -3.5e-07 3.8748374)
(0 1.9333333e-06 3.8748394)
(0 -3.3333333e-06 3.8748933)
(0 -1.2e-05 3.8748921)
(0 -1.4e-05 3.8748914)
(0 -1.7e-05 3.8748875)
(0 -2e-05 3.8748823)
(0 -2.2e-05 3.8748796)
(0 -2.2e-05 3.8748727)
(0 -1.35e-05 3.8748723)
(0 -3e-06 3.8748705)
(0 3.3333334e-07 3.8748641)
(0 -3.6666667e-06 3.874916)
(0 -1.3e-05 3.8749135)
(0 -1.7e-05 3.8749145)
(0 -2e-05 3.8749135)
(0 -2.15e-05 3.874912)
(0 -2.5e-05 3.8749105)
(0 -2.5e-05 3.8749115)
(0 -1.6e-05 3.8749055)
(0 -8.5e-06 3.8749005)
(0 -2.3333333e-06 3.8749035)
(0 -5e-06 3.8749375)
(0 -1.35e-05 3.8749365)
(0 -1.4e-05 3.8749405)
(0 -1.95e-05 3.8749445)
(0 -2.3e-05 3.8749455)
(0 -2.25e-05 3.8749465)
(0 -2.7e-05 3.874945)
(0 -2.45e-05 3.8749405)
(0 -5e-06 3.87494)
(0 2.3333333e-06 3.874943)
(0 -4.3333333e-06 3.8749615)
(0 -1e-05 3.874965)
(0 -9e-06 3.8749705)
(0 -1.5e-05 3.8749745)
(0 -1.95e-05 3.874978)
(0 -2.55e-05 3.874981)
(0 -3.1e-05 3.8749755)
(0 -2.1e-05 3.8749785)
(0 -6e-06 3.874982)
(0 -3.3333333e-07 3.874977)
(0 -2.6666667e-06 3.8749895)
(0 -4.5e-06 3.8749965)
(0 -4.5e-06 3.8749985)
(0 -1.2e-05 3.875004)
(0 -1.65e-05 3.8750045)
(0 -2.5e-05 3.875003)
(0 -2.95e-05 3.8750135)
(0 -1.8e-05 3.875014)
(0 -6.5e-06 3.8750125)
(0 -1e-06 3.8750145)
(0 3.3333333e-07 3.8750135)
(0 -1e-06 3.875028)
(0 -1.5e-06 3.875036)
(0 -9e-06 3.8750375)
(0 -2.05e-05 3.8750325)
(0 -1.65e-05 3.875034)
(0 -2e-05 3.875048)
(0 -2.2e-05 3.875046)
(0 -5.5e-06 3.8750355)
(0 1e-06 3.875034)
(0 7e-06 3.875097)
(0 1.8e-05 3.8750837)
(0 5e-06 3.8750817)
(0 -1.55e-05 3.87508)
(0 -2e-05 3.8750907)
(0 -9.5e-06 3.8750963)
(0 -1.75e-05 3.8750953)
(0 -3.05e-05 3.8751033)
(0 -1.85e-05 3.875095)
(0 -2e-06 3.875084)
)
;
    }
    block1_wall4
    {
        type            extrapolatedCalculated;
        value           nonuniform List<vector> 
200
(
(-1.6666667e-06 0 3.8747207)
(-3.3333333e-07 0 3.8747155)
(-6.6666667e-07 0 3.8747255)
(-3.3333333e-07 0 3.8747375)
(3.3333333e-07 0 3.874753)
(6.6666667e-07 0 3.8747685)
(1.6666667e-06 0 3.8747825)
(1e-06 0 3.8747944)
(2.6666667e-07 0 3.8748063)
(7.3333333e-07 0 3.8748245)
(1.7333333e-06 0 3.874851)
(1.8e-06 0 3.8748768)
(1.9e-06 0 3.8748962)
(1.6666667e-06 0 3.8749128)
(1.3333333e-06 0 3.8749285)
(1.6666667e-06 0 3.874942)
(3e-06 0 3.8749545)
(3e-06 0 3.874966)
(1.3333333e-06 0 3.874978)
(3.6666667e-06 0 3.8750217)
(-6.5e-06 0 3.874722)
(-1.5e-06 0 3.874717)
(-8.4019766e-16 0 3.8747255)
(1.5e-06 0 3.874739)
(3.5e-06 0 3.8747545)
(5e-06 0 3.8747705)
(5.5e-06 0 3.874783)
(4.5e-06 0 3.8747923)
(3.7e-06 0 3.8748059)
(4.95e-06 0 3.8748267)
(6.3e-06 0 3.8748526)
(4.75e-06 0 3.8748771)
(1.85e-06 0 3.874896)
(-4.9999999e-07 0 3.8749119)
(-1.5e-06 0 3.8749285)
(3.3609774e-15 0 3.8749445)
(4e-06 0 3.8749565)
(6e-06 0 3.8749635)
(9e-06 0 3.874979)
(1.75e-05 0 3.87502)
(-9.5e-06 0 3.874732)
(-3e-06 0 3.874722)
(3e-06 0 3.8747285)
(6.5e-06 0 3.874741)
(7.5e-06 0 3.8747565)
(9e-06 0 3.8747705)
(7e-06 0 3.874782)
(7e-06 0 3.8747926)
(9.55e-06 0 3.8748068)
(1.06e-05 0 3.8748271)
(8.2e-06 0 3.8748508)
(3.4e-06 0 3.8748723)
(-2.7e-06 0 3.874891)
(-6.5e-06 0 3.8749094)
(-6.5e-06 0 3.874929)
(-5e-06 0 3.8749475)
(-2.5e-06 0 3.8749605)
(1.5e-06 0 3.874971)
(1.1e-05 0 3.8749895)
(2.1e-05 0 3.8750367)
(-6.5e-06 0 3.8747357)
(2e-06 0 3.8747295)
(7.5e-06 0 3.874735)
(1.2e-05 0 3.8747435)
(1.3e-05 0 3.874757)
(1.15e-05 0 3.87477)
(1.1e-05 0 3.874781)
(1.25e-05 0 3.8747949)
(1.45e-05 0 3.8748095)
(1.415e-05 0 3.8748253)
(9.75e-06 0 3.8748454)
(2.7e-06 0 3.8748661)
(-3.1e-06 0 3.8748861)
(-5.5e-06 0 3.8749081)
(-5e-06 0 3.87493)
(-4.5e-06 0 3.8749485)
(-5e-06 0 3.874963)
(-1.5e-06 0 3.874977)
(4.5e-06 0 3.8749985)
(1.1e-05 0 3.8750507)
(-3e-06 0 3.8747457)
(7.5e-06 0 3.874736)
(1.3e-05 0 3.8747385)
(1.65e-05 0 3.8747465)
(1.65e-05 0 3.874756)
(1.45e-05 0 3.8747685)
(1.5e-05 0 3.874783)
(1.7e-05 0 3.8747961)
(1.66e-05 0 3.8748084)
(1.415e-05 0 3.8748223)
(8.8e-06 0 3.8748394)
(2e-06 0 3.8748595)
(-2.2e-06 0 3.8748827)
(-3.5e-06 0 3.8749075)
(-5e-06 0 3.87493)
(-6e-06 0 3.8749475)
(-7.5e-06 0 3.8749635)
(-6e-06 0 3.8749805)
(-5.0000001e-07 0 3.875002)
(4e-06 0 3.8750597)
(-6.5e-06 0 3.8747573)
(4.5e-06 0 3.8747455)
(1.2e-05 0 3.874744)
(1.45e-05 0 3.874747)
(1.45e-05 0 3.874755)
(1.5e-05 0 3.8747685)
(1.6e-05 0 3.8747835)
(1.7e-05 0 3.8747965)
(1.575e-05 0 3.8748067)
(1.175e-05 0 3.8748175)
(6.05e-06 0 3.8748333)
(1.3e-06 0 3.8748552)
(-1.55e-06 0 3.8748806)
(-4e-06 0 3.8749053)
(-7.5e-06 0 3.8749275)
(-1.05e-05 0 3.874946)
(-1.1e-05 0 3.874963)
(-1e-05 0 3.874984)
(-3.5e-06 0 3.8750085)
(2.5e-06 0 3.8750737)
(-6e-06 0 3.8747637)
(3.5e-06 0 3.8747545)
(8.5e-06 0 3.8747485)
(1e-05 0 3.874749)
(1.25e-05 0 3.8747565)
(1.5e-05 0 3.87477)
(1.7e-05 0 3.874785)
(1.7e-05 0 3.8747959)
(1.4e-05 0 3.8748032)
(9.8e-06 0 3.8748126)
(5.95e-06 0 3.8748289)
(2.6e-06 0 3.8748519)
(-4.5e-07 0 3.8748775)
(-4.5e-06 0 3.8749016)
(-8.5e-06 0 3.8749235)
(-1.2e-05 0 3.874944)
(-1.3e-05 0 3.874964)
(-1.05e-05 0 3.874988)
(-5e-06 0 3.8750145)
(4.9999999e-07 0 3.875093)
(2.5e-06 0 3.874769)
(5.5e-06 0 3.87476)
(7.5e-06 0 3.8747505)
(8.5e-06 0 3.874751)
(1.15e-05 0 3.87476)
(1.5e-05 0 3.874773)
(1.7e-05 0 3.8747855)
(1.6e-05 0 3.8747935)
(1.3e-05 0 3.8747994)
(1.025e-05 0 3.8748095)
(7.65e-06 0 3.8748261)
(4.15e-06 0 3.8748487)
(3e-07 0 3.8748735)
(-3.5e-06 0 3.8748973)
(-7e-06 0 3.87492)
(-9e-06 0 3.8749415)
(-1.1e-05 0 3.8749645)
(-9e-06 0 3.874992)
(-7e-06 0 3.8750195)
(-8.5e-06 0 3.8750947)
(7.5e-06 0 3.8747777)
(3.5e-06 0 3.8747595)
(3e-06 0 3.8747515)
(4.5e-06 0 3.874753)
(7.5e-06 0 3.874763)
(1.1e-05 0 3.8747755)
(1.25e-05 0 3.874786)
(1.15e-05 0 3.8747919)
(9.85e-06 0 3.8747974)
(8.1e-06 0 3.8748073)
(5.8e-06 0 3.8748228)
(3.1e-06 0 3.8748446)
(5e-07 0 3.8748698)
(-1.5e-06 0 3.8748943)
(-3.5e-06 0 3.874918)
(-5.5e-06 0 3.87494)
(-7.5e-06 0 3.874964)
(-8.5e-06 0 3.874992)
(-1e-05 0 3.875015)
(-1.45e-05 0 3.8750973)
(2.3333333e-06 0 3.874781)
(3.3333333e-07 0 3.8747555)
(-3.3333333e-07 0 3.8747515)
(3.3333333e-07 0 3.8747555)
(1.3333333e-06 0 3.8747665)
(2.6666667e-06 0 3.874778)
(3e-06 0 3.874786)
(2.6666667e-06 0 3.8747908)
(2.3e-06 0 3.8747961)
(1.7666667e-06 0 3.8748054)
(1.0666667e-06 0 3.874821)
(6e-07 0 3.8748434)
(3.3333333e-07 0 3.8748689)
(6.7218703e-15 0 3.8748933)
(-3.3333333e-07 0 3.874916)
(-1.3333333e-06 0 3.8749375)
(-2e-06 0 3.8749615)
(-3e-06 0 3.8749895)
(-3.6666667e-06 0 3.8750135)
(-4e-06 0 3.875097)
)
;
    }
}


// ************************************************************************* //
