/*--------------------------------*- C++ -*----------------------------------*\
| =========                 |                                                 |
| \\      /  F ield         | OpenFOAM: The Open Source CFD Toolbox           |
|  \\    /   O peration     | Version:  v2106                                 |
|   \\  /    A nd           | Website:  www.openfoam.com                      |
|    \\/     M anipulation  |                                                 |
\*---------------------------------------------------------------------------*/
FoamFile
{
    version     2.0;
    format      ascii;
    arch        "LSB;label=32;scalar=64";
    class       volVectorField;
    location    "0";
    object      gradTmode3;
}
// * * * * * * * * * * * * * * * * * * * * * * * * * * * * * * * * * * * * * //

dimensions      [0 -1 0 1 0 0 0];

internalField   nonuniform List<vector> 
2000
(
(0.060399333 0.060399333 -14.813017)
(0.76986 0.29098033 -15.05811)
(1.216386 0.19606833 -15.018089)
(0.7657285 0.065394667 -14.745495)
(0.52644 0.0066493333 -14.609938)
(0.7097165 0.0042413333 -14.367247)
(0.4428785 -0.037750667 -14.040235)
(-0.2064365 -0.036111 -14.119454)
(-0.457774 -0.10247467 -13.97712)
(-0.14689267 -0.084891 -13.818419)
(0.29098033 0.76986 -15.05811)
(0.9733635 0.9733635 -14.738142)
(0.8780075 0.749824 -14.782337)
(0.4816 0.409501 -14.834726)
(0.43471 0.320126 -14.793832)
(0.6431165 0.3881665 -14.696215)
(0.38235 0.237628 -14.624112)
(-0.3035225 0.202012 -14.586499)
(-0.530944 0.006317 -14.531674)
(-0.129309 -0.075363 -14.408224)
(0.19606833 1.216386 -15.018089)
(0.749824 0.8780075 -14.782337)
(0.6525235 0.6525235 -14.81034)
(0.3360305 0.3313235 -14.900048)
(0.5051055 0.2981675 -14.694543)
(0.6272185 0.3228455 -14.466374)
(0.256724 0.3234155 -14.749362)
(-0.4377475 0.244579 -14.783554)
(-0.735149 0.1098855 -14.71564)
(-0.201346 -0.0529925 -14.67575)
(0.065394667 0.765729 -14.745495)
(0.409501 0.4816005 -14.834726)
(0.3313235 0.3360305 -14.900048)
(0.127244 0.127244 -14.997684)
(0.426232 -0.1143215 -14.679631)
(0.6683645 -0.3737655 -14.474753)
(0.3040835 -0.3927575 -14.593955)
(-0.5170525 -0.476965 -14.674333)
(-0.8285155 -0.325383 -14.675991)
(-0.23789433 -0.2239765 -14.681003)
(0.0066493333 0.5264405 -14.609937)
(0.3201255 0.43471 -14.793831)
(0.298167 0.5051055 -14.694543)
(-0.1143215 0.426232 -14.679631)
(0.004096 0.004096 -14.430467)
(0.3487825 -0.430008 -14.409664)
(0.1535245 -0.5728305 -14.606464)
(-0.370373 -0.581984 -14.805564)
(-0.4821605 -0.408487 -14.457336)
(-0.13374167 -0.293938 -14.172886)
(0.004241 0.709716 -14.367246)
(0.388166 0.643116 -14.696215)
(0.3228455 0.6272185 -14.466374)
(-0.3737655 0.6683645 -14.474753)
(-0.430008 0.3487825 -14.409664)
(0.091438 0.091438 -14.472284)
(0.1521075 0.0923725 -14.424504)
(-0.352709 0.0137455 -14.505644)
(-0.5404695 -0.2103425 -14.236209)
(-0.16152833 -0.342263 -14.036738)
(-0.037750667 0.442878 -14.040236)
(0.237628 0.38235 -14.624112)
(0.3234155 0.256724 -14.749362)
(-0.3927575 0.3040835 -14.593955)
(-0.5728305 0.153525 -14.606464)
(0.0923725 0.1521075 -14.424504)
(0.075832 0.075832 -14.122036)
(-0.673088 -0.1585715 -14.203643)
(-0.838169 -0.409656 -14.122526)
(-0.22168867 -0.4770955 -14.17897)
(-0.036111 -0.2064365 -14.119454)
(0.202012 -0.3035225 -14.586499)
(0.244579 -0.4377475 -14.783554)
(-0.4769645 -0.5170525 -14.674333)
(-0.581984 -0.3703725 -14.805563)
(0.013745 -0.352709 -14.505644)
(-0.1585715 -0.673088 -14.203643)
(-0.838197 -0.838197 -14.16781)
(-0.8589935 -0.9419135 -13.989694)
(-0.206488 -0.8949985 -13.913904)
(-0.10247467 -0.4577735 -13.97712)
(0.006317 -0.530944 -14.531674)
(0.1098855 -0.7351485 -14.715641)
(-0.3253825 -0.8285155 -14.675991)
(-0.408487 -0.482161 -14.457335)
(-0.210343 -0.5404695 -14.236209)
(-0.409656 -0.838169 -14.122526)
(-0.9419135 -0.8589935 -13.989694)
(-0.8949705 -0.8949705 -14.00791)
(-0.190412 -0.9162285 -13.855462)
(-0.084891333 -0.14689233 -13.818419)
(-0.075363 -0.129309 -14.408225)
(-0.0529925 -0.20134567 -14.67575)
(-0.223977 -0.23789433 -14.681003)
(-0.293938 -0.133742 -14.172886)
(-0.342263 -0.16152833 -14.036738)
(-0.4770955 -0.22168867 -14.17897)
(-0.8949985 -0.206488 -13.913904)
(-0.9162285 -0.190412 -13.855462)
(-0.22066 -0.22066 -14.056534)
(-0.041489 -0.041489 -12.53553)
(0.238054 0.16500233 -12.568986)
(0.8507055 0.18664833 -13.023353)
(0.7527665 0.058880667 -13.129362)
(0.593033 0.19088567 -12.799998)
(0.670337 0.079545333 -12.82699)
(0.1428985 0.048493333 -13.038266)
(-0.1567485 0.16409967 -13.022701)
(0.047483 0.043761333 -12.831387)
(0.044985 -0.046009333 -12.575771)
(0.16500233 0.238054 -12.568986)
(0.58026 0.58026 -13.071372)
(0.691523 0.5914355 -13.106577)
(0.7591225 0.291433 -13.01727)
(0.62403 0.3153165 -12.841317)
(0.4567485 0.224165 -12.657188)
(0.26973 0.1643335 -12.961581)
(-0.1638465 0.234886 -13.035061)
(-0.2676805 0.079252 -12.595996)
(-0.044785667 -0.0621615 -12.477965)
(0.18664833 0.8507055 -13.023353)
(0.5914355 0.691523 -13.106577)
(0.5618785 0.5618785 -13.400147)
(0.4766475 0.364759 -13.225541)
(0.525765 -0.0538205 -13.011466)
(0.519354 0.0660295 -13.177084)
(0.1536195 0.080266 -13.309977)
(-0.24183 -0.126382 -13.205706)
(-0.2495645 -0.083278 -12.798141)
(-0.049290667 -0.0714875 -12.584102)
(0.058880667 0.7527665 -13.129362)
(0.291433 0.7591225 -13.01727)
(0.364759 0.4766475 -13.225541)
(0.1434235 0.1434235 -13.080908)
(0.3253005 0.0443485 -13.012293)
(0.590835 -0.0702895 -13.095722)
(0.0773185 -0.228379 -13.377792)
(-0.3273905 -0.2591695 -13.385502)
(-0.212786 -0.1529135 -12.879937)
(-0.036925333 -0.1613855 -12.48178)
(0.19088567 0.593033 -12.799999)
(0.3153165 0.62403 -12.841317)
(-0.0538205 0.525765 -13.011465)
(0.0443485 0.3253005 -13.012292)
(0.312052 0.312052 -12.802345)
(0.2466265 -0.0178955 -12.687601)
(-0.0352605 -0.169535 -12.979164)
(-0.1663645 -0.1529635 -12.933931)
(-0.1517805 -0.178614 -12.55554)
(-0.054938667 -0.209517 -12.378916)
(0.079545333 0.670337 -12.82699)
(0.224165 0.4567485 -12.657188)
(0.0660295 0.519354 -13.177084)
(-0.0702895 0.590835 -13.095723)
(-0.0178955 0.2466265 -12.687601)
(0.109248 0.109248 -12.482758)
(-0.0577495 0.0427605 -12.765132)
(-0.3364695 -0.100003 -12.772763)
(-0.2693395 -0.217799 -12.523579)
(-0.057527333 -0.299598 -12.302099)
(0.048493333 0.1428985 -13.038267)
(0.1643335 0.26973 -12.961581)
(0.080266 0.1536195 -13.309977)
(-0.228379 0.077319 -13.377793)
(-0.169535 -0.0352605 -12.979165)
(0.0427605 -0.0577495 -12.765132)
(-0.2445115 -0.2445115 -13.043432)
(-0.426924 -0.2481685 -12.975448)
(-0.3513755 -0.3181645 -12.560858)
(-0.10947133 -0.4511425 -12.29198)
(0.16409967 -0.1567485 -13.022701)
(0.234886 -0.1638465 -13.035061)
(-0.1263815 -0.24183 -13.205706)
(-0.2591695 -0.3273905 -13.385502)
(-0.152964 -0.1663645 -12.933931)
(-0.100003 -0.3364695 -12.772763)
(-0.2481685 -0.426924 -12.975448)
(-0.4101225 -0.4101225 -12.825896)
(-0.4723135 -0.5865205 -12.368048)
(-0.14617933 -0.642451 -12.188044)
(0.043761333 0.047483 -12.831387)
(0.079252 -0.26768 -12.595995)
(-0.083278 -0.2495645 -12.798141)
(-0.1529135 -0.2127865 -12.879936)
(-0.178614 -0.1517805 -12.555541)
(-0.217799 -0.2693395 -12.523579)
(-0.3181645 -0.3513755 -12.560857)
(-0.5865205 -0.4723135 -12.368048)
(-0.583704 -0.583704 -11.9557)
(-0.14675833 -0.5000885 -11.727827)
(-0.046009 0.044985 -12.575772)
(-0.0621615 -0.044785333 -12.477964)
(-0.071488 -0.049290667 -12.584103)
(-0.1613855 -0.036925333 -12.48178)
(-0.209517 -0.054938667 -12.378916)
(-0.299598 -0.057527333 -12.302099)
(-0.4511425 -0.10947133 -12.29198)
(-0.642451 -0.14617933 -12.188044)
(-0.5000885 -0.14675833 -11.727827)
(-0.090435667 -0.090435667 -11.44725)
(0.038095333 0.038095333 -11.792637)
(0.282037 -0.043943667 -11.658731)
(0.65601 0.14058567 -11.687171)
(0.9890835 0.14012267 -11.730912)
(0.828812 -0.020896333 -11.394132)
(0.471448 0.117443 -11.459035)
(0.247168 0.013372667 -11.553928)
(0.0004435 -0.044351667 -11.238695)
(-0.0108445 0.054452667 -11.152277)
(0.023517667 -0.019686667 -11.133378)
(-0.043943667 0.282037 -11.658731)
(0.4357725 0.4357725 -11.834134)
(0.9321095 0.3730305 -11.86273)
(0.7468605 0.313322 -11.666667)
(0.7947925 0.1086585 -11.625709)
(0.5228515 0.0380725 -11.596578)
(0.004476 -0.034082 -11.604673)
(0.0620635 0.019007 -11.464988)
(0.026153 0.039562 -11.15518)
(-0.050621667 -0.083694 -11.120917)
(0.14058567 0.65601 -11.687171)
(0.3730305 0.9321095 -11.86273)
(0.5335595 0.5335595 -11.905925)
(0.7247115 0.2676855 -11.797913)
(0.5535625 0.1271915 -11.651724)
(0.3287075 -0.1156895 -11.756521)
(0.2281025 -0.0927955 -11.772022)
(0.0740875 -0.105861 -11.52493)
(-0.1135455 -0.1740555 -11.299741)
(-0.058653 -0.056808 -11.178693)
(0.14012267 0.9890835 -11.730912)
(0.313322 0.7468605 -11.666668)
(0.2676855 0.7247115 -11.797913)
(0.3404925 0.3404925 -11.670481)
(0.4114175 0.0947985 -11.431152)
(0.3028645 0.1157175 -11.645808)
(0.0143045 -0.0619455 -11.837438)
(-0.0191965 -0.20519 -11.59862)
(0.075206 -0.082782 -11.264648)
(0.027543333 -0.0187905 -11.068345)
(-0.020896333 0.828812 -11.394132)
(0.1086585 0.7947925 -11.625709)
(0.1271915 0.5535625 -11.651724)
(0.0947985 0.4114175 -11.431152)
(0.3287875 0.3287875 -11.41022)
(0.1719635 0.1829565 -11.512324)
(-0.092805 0.03983 -11.602522)
(0.053251 0.030755 -11.419896)
(0.072854 -0.052129 -11.156961)
(-0.015992 -0.114257 -11.008258)
(0.117443 0.471448 -11.459035)
(0.0380725 0.5228515 -11.596579)
(-0.1156895 0.3287075 -11.756521)
(0.1157175 0.3028645 -11.645808)
(0.1829565 0.1719635 -11.512324)
(0.013907 0.013907 -11.481764)
(-0.137897 0.0281055 -11.598222)
(-0.1111555 -0.0277715 -11.415022)
(-0.069806 -0.2156595 -11.152535)
(-0.013875333 -0.255327 -11.016028)
(0.013372667 0.247168 -11.553928)
(-0.034082 0.004476 -11.604673)
(-0.0927955 0.2281025 -11.772022)
(-0.0619455 0.0143045 -11.837438)
(0.03983 -0.092805 -11.602522)
(0.0281055 -0.137897 -11.598222)
(-0.1344835 -0.1344835 -11.611328)
(-0.190514 -0.2117055 -11.423581)
(-0.1547015 -0.2541255 -11.21988)
(-0.042437 -0.36304 -10.956132)
(-0.044351667 0.0004435 -11.238695)
(0.019007 0.0620635 -11.464988)
(-0.105861 0.0740875 -11.52493)
(-0.20519 -0.019196 -11.59862)
(0.030755 0.0532515 -11.419896)
(-0.0277715 -0.1111555 -11.415022)
(-0.2117055 -0.190514 -11.423581)
(-0.2307975 -0.2307975 -11.367466)
(-0.2211405 -0.336756 -10.971421)
(-0.086485 -0.3308455 -10.768398)
(0.054452667 -0.0108445 -11.152277)
(0.039562 0.0261535 -11.15518)
(-0.174055 -0.1135455 -11.299741)
(-0.0827815 0.075206 -11.264648)
(-0.0521295 0.072854 -11.156961)
(-0.21566 -0.069806 -11.152535)
(-0.2541255 -0.1547015 -11.21988)
(-0.336756 -0.2211405 -10.97142)
(-0.2547495 -0.2547495 -10.600546)
(-0.038496667 -0.175435 -10.442826)
(-0.019686333 0.023517667 -11.133378)
(-0.083694 -0.050621333 -11.120918)
(-0.0568085 -0.058653 -11.178693)
(-0.0187905 0.027543 -11.068345)
(-0.114257 -0.015992333 -11.008258)
(-0.255327 -0.013875333 -11.016028)
(-0.36304 -0.042437 -10.956132)
(-0.3308455 -0.086485 -10.768398)
(-0.175435 -0.038496667 -10.442826)
(-0.033608667 -0.033608667 -10.347977)
(0.047782033 0.047782033 -10.302826)
(0.3435199 0.048067 -10.396993)
(0.77852385 0.069609267 -10.255189)
(1.0458058 0.1017106 -10.074723)
(0.86491015 0.0365009 -10.256487)
(0.51054135 -0.012150167 -10.099068)
(0.363239 0.014663033 -9.9443335)
(0.2449019 0.013237233 -9.8470988)
(0.15279945 0.041826333 -9.5814364)
(0.057584333 -0.037702167 -9.3820243)
(0.048067 0.34351985 -10.396994)
(0.37626075 0.37626075 -10.188935)
(0.85898925 0.3726822 -10.335574)
(0.9961433 0.22443185 -10.277474)
(0.694119 0.0577241 -10.108385)
(0.47778455 -0.0733211 -10.281389)
(0.4013201 -0.053761 -10.039372)
(0.28564685 -0.05134975 -9.6930763)
(0.07639035 -0.0682118 -9.5467746)
(-0.021944167 -0.10747625 -9.4497295)
(0.0696093 0.7785238 -10.255189)
(0.37268225 0.8589892 -10.335574)
(0.62669495 0.62669495 -10.237256)
(0.73084775 0.36094595 -10.186353)
(0.5671572 0.14073645 -10.202361)
(0.39905625 0.0168003 -10.194437)
(0.38521035 -0.15249925 -10.079746)
(0.2304511 -0.2600136 -9.8629901)
(0.09667295 -0.19274585 -9.6547832)
(0.031408033 -0.01891475 -9.4972613)
(0.1017106 1.0458059 -10.074723)
(0.2244319 0.99614325 -10.277474)
(0.360946 0.73084775 -10.186353)
(0.5101848 0.5101848 -9.9831657)
(0.34997335 0.2858531 -10.070078)
(0.18454885 0.1739078 -10.157235)
(0.1245062 -0.0588791 -10.08182)
(0.24540025 -0.1541352 -9.853362)
(0.3174892 -0.0101336 -9.639958)
(0.093943233 0.00904945 -9.5290491)
(0.0365009 0.8649102 -10.256487)
(0.05772415 0.694119 -10.108385)
(0.1407365 0.5671572 -10.202361)
(0.2858531 0.34997335 -10.070078)
(0.2308802 0.2308802 -10.015887)
(0.05432405 0.1461483 -10.153545)
(0.05716735 0.0696814 -10.08822)
(0.2791966 0.03063435 -9.881765)
(0.2598576 -0.06650105 -9.7097207)
(0.044196733 -0.1572006 -9.5547429)
(-0.0121502 0.51054135 -10.099069)
(-0.0733211 0.47778455 -10.281389)
(0.01680035 0.39905625 -10.194437)
(0.1739078 0.1845488 -10.157235)
(0.1461483 0.05432405 -10.153545)
(0.02335005 0.02335005 -10.243738)
(0.00899225 0.03395505 -10.153067)
(0.1092178 -0.1036881 -9.9662477)
(0.12965425 -0.28071765 -9.7239916)
(0.033476867 -0.2474716 -9.615317)
(0.014663033 0.36323895 -9.9443336)
(-0.05376095 0.40132015 -10.039372)
(-0.15249925 0.3852104 -10.079746)
(-0.0588791 0.1245062 -10.08182)
(0.06968145 0.05716735 -10.08822)
(0.03395505 0.00899225 -10.153067)
(-0.0698708 -0.06987075 -10.0943)
(-0.0354761 -0.2006128 -9.9613895)
(0.1160741 -0.13705035 -9.7477684)
(0.066360767 -0.2035122 -9.6148477)
(0.013237267 0.244902 -9.8470989)
(-0.05134965 0.28564695 -9.6930764)
(-0.2600136 0.2304511 -9.8629902)
(-0.15413525 0.2454003 -9.8533621)
(0.03063435 0.27919665 -9.881765)
(-0.10368805 0.10921785 -9.9662476)
(-0.2006128 -0.0354761 -9.9613895)
(0.0420382 0.04203825 -9.8140237)
(0.12675485 0.0328131 -9.5715939)
(-0.010831033 -0.1291452 -9.47195)
(0.041826333 0.15279955 -9.5814364)
(-0.06821185 0.07639035 -9.5467747)
(-0.1927459 0.09667295 -9.6547832)
(-0.01013355 0.3174892 -9.6399586)
(-0.066501 0.2598576 -9.7097212)
(-0.2807177 0.12965425 -9.7239917)
(-0.1370504 0.116074 -9.7477685)
(0.0328131 0.12675475 -9.5715939)
(-0.05510935 -0.0551094 -9.3894821)
(-0.041611433 -0.07966765 -9.3369193)
(-0.0377022 0.057584333 -9.3820243)
(-0.10747625 -0.0219442 -9.44973)
(-0.01891475 0.031408067 -9.4972614)
(0.0090494 0.093943233 -9.5290492)
(-0.1572006 0.0441967 -9.5547429)
(-0.24747165 0.033476833 -9.615317)
(-0.2035123 0.066360733 -9.6148477)
(-0.1291452 -0.0108311 -9.4719501)
(-0.07966755 -0.041611467 -9.3369194)
(-0.0272032 -0.027203233 -9.4459856)
(-0.024682767 -0.024682767 -8.6572468)
(0.32967465 0.094762067 -8.5279758)
(0.97828075 0.086995667 -8.4895867)
(0.9877854 0.0049551667 -8.5179331)
(0.8044663 0.077838333 -8.420076)
(0.7836013 -0.0041041333 -8.3741308)
(0.49913765 -0.049986033 -8.2188917)
(0.36334065 0.05833 -8.0751446)
(0.45423002 0.077560473 -7.7907401)
(0.15645905 -0.064823447 -7.6809755)
(0.094762067 0.32967465 -8.5279763)
(0.4971923 0.4971923 -8.6025518)
(0.8435704 0.39096275 -8.4320561)
(0.9740494 0.20169225 -8.459231)
(0.79087735 0.1627843 -8.4866578)
(0.59186475 -0.05729635 -8.3346766)
(0.59278885 -0.1694941 -8.2532798)
(0.55466041 0.0031157 -8.0021975)
(0.26949985 -0.0337848 -7.8094188)
(0.014075127 -0.19893097 -7.7811889)
(0.086995667 0.9782807 -8.4895866)
(0.39096275 0.84357035 -8.4320561)
(0.6827807 0.68278065 -8.4319103)
(0.75960695 0.5619938 -8.376933)
(0.5454777 0.1654981 -8.3975711)
(0.4513229 0.0084647 -8.3604942)
(0.5595497 -0.1352441 -8.2911076)
(0.49904995 -0.2661467 -8.0665979)
(0.25218335 -0.26723886 -7.8958965)
(0.0463616 -0.13612765 -7.8879246)
(0.0049551667 0.98778535 -8.5179331)
(0.20169225 0.97404935 -8.459231)
(0.56199385 0.7596069 -8.376933)
(0.45676685 0.45676675 -8.393045)
(0.23734825 0.28127295 -8.4456243)
(0.29112255 0.1566101 -8.3989954)
(0.31817745 -0.07041985 -8.2941829)
(0.42266565 -0.2239649 -8.1173373)
(0.3995189 -0.1377195 -8.0231085)
(0.1014826 -0.0762721 -8.00335)
(0.077838333 0.80446625 -8.4200764)
(0.1627843 0.7908773 -8.4866578)
(0.1654981 0.54547765 -8.3975716)
(0.281273 0.2373482 -8.4456243)
(0.24532105 0.24532095 -8.4403132)
(0.0996301 0.09645305 -8.4642285)
(0.1789747 -0.03141725 -8.3730296)
(0.4317503 -0.08213065 -8.2413258)
(0.39987615 -0.1361626 -8.1325051)
(0.087326533 -0.20052485 -8.0728939)
(-0.0041041333 0.78360125 -8.3741308)
(-0.05729635 0.59186475 -8.3346767)
(0.00846475 0.4513229 -8.3604942)
(0.15661015 0.2911225 -8.3989954)
(0.0964531 0.09963005 -8.4642285)
(0.01438435 0.01438425 -8.4982077)
(0.13959375 0.0220256 -8.4059951)
(0.3179203 -0.10739595 -8.2644197)
(0.2811247 -0.2537073 -8.1632312)
(0.058574433 -0.3154318 -8.1357936)
(-0.049986 0.49913765 -8.2188918)
(-0.16949405 0.5927889 -8.2532799)
(-0.13524415 0.5595497 -8.2911077)
(-0.07041985 0.31817745 -8.294183)
(-0.0314172 0.17897475 -8.3730297)
(0.02202565 0.13959375 -8.4059952)
(0.0571945 0.05719445 -8.3206508)
(0.1560174 -0.0594815 -8.2424508)
(0.1918403 -0.10172775 -8.1342034)
(0.046176867 -0.21967305 -8.1774953)
(0.058330033 0.3633407 -8.0751447)
(0.0031157 0.55466039 -8.0021976)
(-0.2661467 0.49904995 -8.066598)
(-0.2239648 0.4226657 -8.1173374)
(-0.0821306 0.43175025 -8.2413259)
(-0.10739595 0.3179203 -8.2644197)
(-0.0594815 0.1560174 -8.2424509)
(0.1589981 0.1589981 -8.1058512)
(0.12093315 0.0215303 -8.1688052)
(-0.020055767 -0.05291715 -8.1670948)
(0.07756046 0.4542301 -7.7907402)
(-0.0337848 0.26949985 -7.8094191)
(-0.26723884 0.25218335 -7.8958967)
(-0.13771955 0.39951885 -8.0231087)
(-0.1361626 0.3998761 -8.1325053)
(-0.2537072 0.2811246 -8.1632313)
(-0.1017277 0.19184025 -8.1342035)
(0.0215303 0.12093305 -8.1688053)
(-0.02007495 -0.020075 -8.2313731)
(-0.0034547667 -0.1494706 -8.1980758)
(-0.064823467 0.15645907 -7.6809757)
(-0.19893105 0.01407514 -7.7811891)
(-0.1361277 0.046361567 -7.8879248)
(-0.07627205 0.10148257 -8.0033502)
(-0.20052485 0.087326567 -8.072894)
(-0.3154318 0.0585744 -8.1357937)
(-0.21967305 0.046176833 -8.1774953)
(-0.05291715 -0.020055833 -8.1670948)
(-0.1494705 -0.0034548 -8.1980757)
(-0.1063195 -0.10631953 -8.253535)
(0.13396267 0.13396233 -6.8481931)
(0.51118 -0.0016503333 -6.703226)
(0.7885665 0.107963 -6.7133468)
(1.1153165 0.14084533 -6.7461863)
(1.0087125 -0.007887 -6.5813352)
(0.71172565 0.0141526 -6.6121766)
(0.6622252 -0.0082624 -6.6017575)
(0.67305355 0.061868667 -6.3978217)
(0.54696855 0.0293738 -6.2356912)
(0.1307607 -0.1045111 -6.2754552)
(-0.00165 0.51118 -6.7032255)
(0.472181 0.4721805 -6.7011386)
(1.00231 0.4303585 -6.7189173)
(0.9415415 0.365432 -6.6402485)
(0.8186734 0.080229 -6.6507842)
(0.71116255 -0.0596845 -6.5772553)
(0.7337993 -0.1259769 -6.593527)
(0.72950785 -0.042803 -6.4301227)
(0.2973989 -0.17336825 -6.3289609)
(-0.0031242 -0.31442535 -6.357609)
(0.107963 0.788567 -6.7133468)
(0.4303585 1.00231 -6.7189173)
(0.681818 0.681818 -6.6979241)
(0.765187 0.427132 -6.6824735)
(0.583596 0.18177 -6.6780035)
(0.50551975 -0.0475184 -6.6449647)
(0.6791067 -0.1934023 -6.6233149)
(0.6256622 -0.3751534 -6.4998029)
(0.2753462 -0.4064355 -6.4242943)
(0.036722633 -0.24107585 -6.4532237)
(0.14084533 1.115316 -6.7461862)
(0.365432 0.9415415 -6.6402489)
(0.427132 0.7651865 -6.6824734)
(0.4414935 0.4414935 -6.8251503)
(0.344023 0.243111 -6.7135008)
(0.33599025 0.0701735 -6.6957775)
(0.4061643 -0.1408011 -6.6773453)
(0.51647465 -0.32886315 -6.576666)
(0.43147645 -0.24674215 -6.560889)
(0.10711557 -0.1759198 -6.5673574)
(-0.0078866667 1.0087125 -6.5813351)
(0.080229 0.8186733 -6.6507847)
(0.18177 0.583596 -6.6780035)
(0.2431115 0.344023 -6.7135007)
(0.212276 0.212276 -6.7568284)
(0.12160765 0.046936 -6.7580648)
(0.28007005 -0.0421308 -6.7074305)
(0.51972115 -0.11644805 -6.6732835)
(0.42828955 -0.2066237 -6.6476088)
(0.083937533 -0.2896442 -6.6836231)
(0.014152533 0.711726 -6.6121765)
(-0.0596845 0.7111624 -6.5772553)
(-0.0475183 0.50552015 -6.6449646)
(0.0701735 0.33599015 -6.6957775)
(0.046936 0.12160755 -6.7580652)
(0.08158345 0.0815834 -6.7350901)
(0.24278025 0.08633385 -6.6948316)
(0.35198175 -0.1048131 -6.6530828)
(0.2582803 -0.282416 -6.6752389)
(0.051768567 -0.352073 -6.7258805)
(-0.0082624 0.66222505 -6.6017574)
(-0.12597685 0.73379925 -6.5935269)
(-0.19340225 0.6791066 -6.6233149)
(-0.1408011 0.40616415 -6.6773452)
(-0.04213075 0.28006995 -6.7074305)
(0.08633395 0.2427802 -6.6948316)
(0.09367355 0.0936735 -6.6287061)
(0.1509713 -0.04204435 -6.6400505)
(0.18102965 -0.1426244 -6.6705065)
(0.037499533 -0.2348134 -6.7241378)
(0.061868667 0.6730536 -6.3978216)
(-0.04280295 0.72950785 -6.4301226)
(-0.3751534 0.62566215 -6.4998028)
(-0.32886315 0.5164746 -6.5766664)
(-0.11644795 0.5197211 -6.6732835)
(-0.104813 0.35198175 -6.6530834)
(-0.0420443 0.15097125 -6.6400505)
(0.11568385 0.11568375 -6.6569723)
(0.06551125 -0.0643566 -6.8120301)
(-0.0096907667 -0.1497257 -6.77561)
(0.029373767 0.5469686 -6.2356911)
(-0.1733683 0.2973989 -6.3289613)
(-0.4064355 0.27534615 -6.4242943)
(-0.24674215 0.4314764 -6.560889)
(-0.2066236 0.4282895 -6.6476088)
(-0.2824159 0.25828025 -6.6752393)
(-0.14262445 0.18102955 -6.6705065)
(-0.06435655 0.0655112 -6.8120301)
(-0.0843798 -0.0843799 -6.8077578)
(-0.0194132 -0.1661078 -6.9006017)
(-0.10451113 0.1307607 -6.2754557)
(-0.3144254 -0.0031242 -6.357609)
(-0.2410759 0.036722633 -6.4532241)
(-0.1759198 0.10711553 -6.5673578)
(-0.2896441 0.083937533 -6.6836236)
(-0.35207295 0.051768533 -6.7258809)
(-0.23481335 0.0374995 -6.7241378)
(-0.1497256 -0.0096907333 -6.7756099)
(-0.16610775 -0.0194132 -6.9006016)
(-0.064176033 -0.064176033 -6.6877709)
(0.071962 0.071962333 -4.979988)
(0.464521 0.096153667 -5.100716)
(0.9353205 0.083282 -5.0164675)
(1.119797 0.075580333 -4.861566)
(0.938476 0.031539 -5.1078205)
(0.763179 0.019176667 -5.0608695)
(0.7134925 -0.044499 -5.1305346)
(0.729407 0.036796 -5.0882617)
(0.5765965 0.015380667 -4.9903667)
(0.12994967 -0.11959267 -4.9940223)
(0.096153333 0.464521 -5.1007155)
(0.4815005 0.481501 -4.9947415)
(0.9044605 0.4063855 -4.9992315)
(1.0421825 0.265405 -5.044351)
(0.8538705 0.066116 -5.0130685)
(0.649122 -0.0900845 -5.1210714)
(0.7399215 -0.1910515 -5.1896131)
(0.8192265 -0.0988655 -5.1111712)
(0.3420135 -0.222388 -5.0183289)
(-0.0050236667 -0.3766995 -5.0391751)
(0.083282 0.93532 -5.0164675)
(0.4063855 0.90446 -4.9992315)
(0.7192245 0.7192245 -4.973476)
(0.7795275 0.377092 -5.0597555)
(0.5829865 0.1027815 -5.120846)
(0.5060115 -0.1100575 -5.1449735)
(0.7047115 -0.2190625 -5.1942448)
(0.6980705 -0.41269 -5.1145897)
(0.2987625 -0.499167 -5.0706815)
(0.027075333 -0.345876 -5.1354519)
(0.07558 1.119797 -4.861566)
(0.265405 1.042182 -5.044351)
(0.3770925 0.7795275 -5.0597555)
(0.4257395 0.4257395 -5.151906)
(0.366721 0.202448 -5.149277)
(0.327278 0.04351 -5.1957045)
(0.437289 -0.1545355 -5.1980588)
(0.539122 -0.3974455 -5.1674433)
(0.4088275 -0.361034 -5.2167714)
(0.097170333 -0.3066715 -5.2955138)
(0.031538667 0.938476 -5.1078205)
(0.066116 0.853871 -5.0130685)
(0.102782 0.5829865 -5.1208455)
(0.202448 0.366721 -5.149277)
(0.200757 0.2007565 -5.2108085)
(0.149028 0.0571405 -5.1986175)
(0.263756 -0.0489035 -5.2084526)
(0.491572 -0.1585475 -5.2513855)
(0.3895365 -0.2505125 -5.3106398)
(0.063317 -0.359048 -5.4099131)
(0.019176667 0.763179 -5.0608695)
(-0.0900845 0.6491225 -5.1210713)
(-0.1100575 0.5060115 -5.1449735)
(0.0435095 0.327278 -5.1957045)
(0.0571405 0.149028 -5.1986175)
(0.077618 0.0776175 -5.1841225)
(0.221601 0.10075 -5.1886309)
(0.337513 -0.074163 -5.2264107)
(0.208327 -0.276605 -5.2968392)
(0.024813333 -0.3559465 -5.3685386)
(-0.044499 0.7134925 -5.1305345)
(-0.1910515 0.7399215 -5.1896129)
(-0.2190625 0.7047115 -5.1942447)
(-0.1545355 0.4372885 -5.1980587)
(-0.0489035 0.2637565 -5.2084525)
(0.10075 0.2216005 -5.1886309)
(0.1119755 0.1119755 -5.1710105)
(0.114217 -0.063371 -5.2370334)
(0.107753 -0.238519 -5.3073873)
(0.010422667 -0.2694025 -5.3692161)
(0.036796 0.729407 -5.0882616)
(-0.0988655 0.819226 -5.111171)
(-0.4126905 0.6980705 -5.1145901)
(-0.3974455 0.539122 -5.1674432)
(-0.1585475 0.491572 -5.2513859)
(-0.074163 0.3375125 -5.2264107)
(-0.0633705 0.114217 -5.2370334)
(-0.0129815 -0.0129815 -5.3376529)
(0.0022955 -0.115721 -5.3909108)
(0.0042243333 -0.229381 -5.4265497)
(0.015380333 0.576596 -4.9903666)
(-0.222388 0.3420135 -5.0183293)
(-0.4991665 0.298762 -5.0706813)
(-0.361034 0.4088275 -5.2167712)
(-0.250513 0.389536 -5.3106402)
(-0.276605 0.208327 -5.2968392)
(-0.2385185 0.107753 -5.3073872)
(-0.115721 0.0022955 -5.3909107)
(-0.1086465 -0.1086465 -5.3774167)
(-0.065350667 -0.0616315 -5.3732939)
(-0.11959233 0.12994933 -4.9940222)
(-0.3766995 -0.0050233333 -5.0391754)
(-0.3458765 0.027075 -5.1354522)
(-0.3066715 0.09717 -5.2955135)
(-0.359048 0.063316667 -5.4099135)
(-0.355946 0.024813333 -5.3685384)
(-0.269402 0.010422667 -5.369216)
(-0.229381 0.0042243333 -5.4265501)
(-0.0616315 -0.065350667 -5.3732939)
(0.035567667 0.035567667 -5.3453838)
(0.053477333 0.053477333 -3.425549)
(0.4747005 0.068999333 -3.278782)
(1.0277165 0.11945367 -3.197546)
(1.0239635 0.018988667 -3.379078)
(0.809409 0.055281 -3.5449685)
(0.6890115 -0.025982 -3.66501)
(0.634833 -0.047648 -3.8234165)
(0.8132215 0.046595667 -3.761281)
(0.641208 0.010732333 -3.6764915)
(0.12832367 -0.134613 -3.7046325)
(0.068999333 0.4747005 -3.2787825)
(0.573665 0.573665 -3.2652925)
(0.9527005 0.47335 -3.1198265)
(0.9277045 0.1672425 -3.3376555)
(0.741953 0.0672035 -3.53878)
(0.534618 -0.1437885 -3.7248735)
(0.7436995 -0.189687 -3.7859945)
(0.900792 -0.069131 -3.733218)
(0.369395 -0.253683 -3.694855)
(-0.017021667 -0.455855 -3.752971)
(0.11945367 1.0277165 -3.197546)
(0.47335 0.9527005 -3.1198265)
(0.621294 0.621294 -3.113123)
(0.617817 0.319577 -3.409557)
(0.498378 0.0455615 -3.5508995)
(0.432121 -0.1221515 -3.681552)
(0.7094905 -0.201848 -3.755109)
(0.7492255 -0.4314255 -3.7029185)
(0.254484 -0.604878 -3.76124)
(-0.0064576667 -0.4974145 -3.8719)
(0.018988667 1.023963 -3.379078)
(0.1672425 0.9277045 -3.337655)
(0.319577 0.617817 -3.409557)
(0.351972 0.351972 -3.5179115)
(0.3002245 0.1531485 -3.626854)
(0.2872085 0.0165295 -3.718841)
(0.4344255 -0.155009 -3.739768)
(0.497762 -0.465659 -3.797726)
(0.303406 -0.4867005 -3.9103815)
(0.054620667 -0.450381 -4.027694)
(0.055281333 0.809409 -3.544969)
(0.067204 0.741953 -3.5387795)
(0.0455615 0.498378 -3.5508995)
(0.1531485 0.3002245 -3.626854)
(0.1629355 0.1629355 -3.6886125)
(0.1239635 0.058518 -3.718825)
(0.227302 -0.032703 -3.7684515)
(0.417534 -0.1754155 -3.8306135)
(0.269762 -0.2866915 -3.950259)
(0.017755333 -0.362669 -4.0546205)
(-0.025982 0.689012 -3.66501)
(-0.1437885 0.534618 -3.724874)
(-0.1221515 0.432121 -3.681552)
(0.0165295 0.2872085 -3.7188415)
(0.058518 0.1239635 -3.7188245)
(0.09157 0.09157 -3.7137605)
(0.200492 0.123776 -3.7177665)
(0.2437735 -0.090461 -3.789318)
(0.1161525 -0.2791635 -3.9116)
(0.003969 -0.311376 -3.955911)
(-0.047648 0.634833 -3.8234165)
(-0.189687 0.7436995 -3.7859945)
(-0.201848 0.70949 -3.755109)
(-0.155009 0.4344255 -3.739768)
(-0.032703 0.2273015 -3.7684515)
(0.123776 0.200492 -3.7177665)
(0.045271 0.045271 -3.7574115)
(0.0145945 -0.1532865 -3.837648)
(0.048847 -0.236696 -3.898306)
(-0.0037196667 -0.2928245 -3.9377405)
(0.046595667 0.8132215 -3.7612815)
(-0.0691315 0.9007915 -3.733218)
(-0.4314255 0.7492255 -3.7029185)
(-0.465659 0.497762 -3.7977255)
(-0.1754155 0.4175335 -3.830614)
(-0.0904605 0.2437735 -3.789318)
(-0.1532865 0.0145945 -3.837648)
(-0.0381935 -0.0381935 -3.874213)
(-0.0233855 -0.134386 -3.846665)
(-0.03345 -0.1538035 -3.9534275)
(0.010732 0.641208 -3.6764915)
(-0.253683 0.3693945 -3.6948545)
(-0.6048775 0.254484 -3.76124)
(-0.486701 0.303406 -3.910382)
(-0.2866915 0.269762 -3.950259)
(-0.279163 0.1161525 -3.9115995)
(-0.236696 0.048847 -3.898306)
(-0.134386 -0.023386 -3.846665)
(-0.066763 -0.066763 -3.944903)
(-0.016664667 -0.084942 -3.815083)
(-0.13461333 0.12832367 -3.7046325)
(-0.4558555 -0.017021667 -3.752971)
(-0.497414 -0.006458 -3.8718995)
(-0.450381 0.054620667 -4.0276935)
(-0.362669 0.017755333 -4.0546205)
(-0.3113755 0.003969 -3.9559105)
(-0.292825 -0.0037196667 -3.9377405)
(-0.1538035 -0.033450333 -3.9534275)
(-0.0849415 -0.016664667 -3.815083)
(-0.045569333 -0.045569333 -3.99938)
(0.16980667 0.16980667 -1.5962905)
(0.692524 0.10514667 -1.416696)
(0.8350245 0.135095 -1.3930765)
(0.7723745 0.10319533 -1.8043935)
(0.652544 0.035664667 -1.9406945)
(0.484731 -0.020732333 -2.222552)
(0.6172215 -0.019551 -2.3082705)
(0.876332 0.055504667 -2.265122)
(0.633245 0.0031383333 -2.2874185)
(0.111189 -0.15181833 -2.349745)
(0.10514667 0.692524 -1.416696)
(0.6404565 0.6404565 -1.180339)
(0.8320975 0.4908085 -1.358544)
(0.623229 0.234926 -1.6114605)
(0.4666525 0.060185 -1.9581575)
(0.4019075 -0.1066265 -2.154397)
(0.731577 -0.122744 -2.223578)
(0.910366 -0.040503 -2.232041)
(0.3222605 -0.3071365 -2.3000065)
(-0.043767667 -0.543967 -2.396313)
(0.135095 0.8350245 -1.3930765)
(0.4908085 0.8320975 -1.358544)
(0.429494 0.429494 -1.399905)
(0.341751 0.196836 -1.7298045)
(0.3109915 0.0147075 -1.919053)
(0.301802 -0.104025 -2.102493)
(0.683345 -0.172836 -2.1793235)
(0.6919395 -0.477198 -2.2239675)
(0.129781 -0.7146935 -2.3953675)
(-0.046698 -0.620599 -2.5120165)
(0.10319533 0.772374 -1.8043935)
(0.234926 0.623229 -1.6114605)
(0.196836 0.341751 -1.7298045)
(0.2084425 0.2084425 -1.864092)
(0.1657915 0.064735 -2.019312)
(0.214364 0.006237 -2.132384)
(0.358404 -0.167878 -2.206532)
(0.3685085 -0.5251405 -2.343927)
(0.1788595 -0.550053 -2.50298)
(0.018962 -0.489392 -2.6009745)
(0.035665 0.652544 -1.940694)
(0.0601855 0.466652 -1.9581575)
(0.0147075 0.3109915 -1.919053)
(0.064735 0.165791 -2.019312)
(0.108786 0.108786 -2.087405)
(0.069189 0.062221 -2.1495785)
(0.1519675 -0.026902 -2.245644)
(0.3097645 -0.1501395 -2.3335325)
(0.1655295 -0.251731 -2.49471)
(-0.0062573333 -0.287265 -2.546162)
(-0.020732667 0.4847315 -2.222552)
(-0.1066265 0.4019075 -2.154397)
(-0.104025 0.301802 -2.102493)
(0.006237 0.214364 -2.132384)
(0.0622215 0.069189 -2.1495785)
(0.078676 0.078676 -2.183627)
(0.1460435 0.11179 -2.23713)
(0.1436795 -0.0811975 -2.33022)
(0.041734 -0.224652 -2.4505975)
(-0.0047273333 -0.2390665 -2.469306)
(-0.019551 0.617221 -2.3082705)
(-0.122744 0.7315775 -2.223578)
(-0.172836 0.683345 -2.1793235)
(-0.167878 0.3584045 -2.206532)
(-0.026902 0.151967 -2.245644)
(0.11179 0.146043 -2.23713)
(-0.007906 -0.007906 -2.3154)
(-0.0266775 -0.148266 -2.3556795)
(0.0076605 -0.173584 -2.3959925)
(-0.015867 -0.266919 -2.4633155)
(0.055505 0.876332 -2.2651225)
(-0.0405025 0.910366 -2.232041)
(-0.477198 0.6919395 -2.2239675)
(-0.525141 0.368508 -2.343927)
(-0.15014 0.3097645 -2.333532)
(-0.081197 0.1436795 -2.33022)
(-0.1482655 -0.0266775 -2.3556795)
(-0.0219985 -0.0219985 -2.3150685)
(-0.076919 -0.162318 -2.3918955)
(-0.066950667 -0.1067235 -2.4127175)
(0.0031383333 0.633245 -2.2874185)
(-0.3071365 0.3222605 -2.300006)
(-0.714694 0.129781 -2.3953675)
(-0.550053 0.1788595 -2.5029805)
(-0.2517305 0.1655295 -2.4947095)
(-0.224652 0.0417345 -2.4505975)
(-0.173584 0.0076605 -2.3959925)
(-0.162318 -0.076919 -2.3918955)
(-0.0770645 -0.0770645 -2.386361)
(0.021196 -0.107584 -2.488682)
(-0.151818 0.11118867 -2.3497455)
(-0.5439665 -0.043767667 -2.3963125)
(-0.620599 -0.046698 -2.5120165)
(-0.4893925 0.018962333 -2.6009745)
(-0.287265 -0.0062576667 -2.5461615)
(-0.239066 -0.0047273333 -2.469306)
(-0.266919 -0.015867 -2.4633155)
(-0.1067235 -0.066950667 -2.412717)
(-0.107584 0.021196 -2.488682)
(-0.087297 -0.087297 -2.4386065)
(0.173207 0.173207 0.140596)
(0.6779145 0.22657067 0.1118215)
(0.640019 0.14247533 -0.0338495)
(0.4763455 0.14761067 -0.2166125)
(0.3912505 0.043639 -0.47535)
(0.3214355 0.019454667 -0.640989)
(0.592263 0.0088136667 -0.670291)
(0.8340735 0.068649667 -0.705329)
(0.556585 0.0023403333 -0.8118695)
(0.086772667 -0.16565833 -0.8948485)
(0.22657067 0.6779145 0.1118215)
(0.631817 0.631817 0.197741)
(0.521579 0.4665215 0.039919)
(0.328091 0.2418315 -0.213412)
(0.1990165 0.088845 -0.422042)
(0.2691975 -0.0237295 -0.5422175)
(0.6660555 -0.06074 -0.614189)
(0.8243635 -0.0279765 -0.6813365)
(0.205123 -0.361632 -0.843555)
(-0.081226 -0.6181265 -0.947792)
(0.14247533 0.640019 -0.0338495)
(0.4665215 0.521579 0.0399185)
(0.2500335 0.2500335 -0.0901215)
(0.098669 0.0669455 -0.272812)
(0.1256895 -0.015593 -0.41219)
(0.1718505 -0.1001385 -0.5541885)
(0.588016 -0.184802 -0.6276105)
(0.5331815 -0.5433115 -0.757243)
(-0.033565 -0.8078515 -0.97452)
(-0.084223667 -0.702076 -1.0526125)
(0.14761067 0.4763455 -0.216613)
(0.2418315 0.328091 -0.213412)
(0.0669455 0.098669 -0.272812)
(0.0624645 0.0624645 -0.3952555)
(0.0319325 -0.0152035 -0.5127735)
(0.0999885 -0.030556 -0.6182175)
(0.2228825 -0.2213295 -0.7292625)
(0.201314 -0.575224 -0.8947885)
(0.0463585 -0.586043 -1.052306)
(-0.010709 -0.4845265 -1.094487)
(0.043639 0.3912505 -0.4753495)
(0.088845 0.1990165 -0.4220425)
(-0.015593 0.1256895 -0.41219)
(-0.0152035 0.0319325 -0.5127735)
(0.032669 0.032669 -0.578179)
(-0.0342755 0.007275 -0.69408)
(0.043348 -0.063301 -0.8181665)
(0.168468 -0.1617085 -0.9323295)
(0.0571325 -0.234309 -1.071214)
(-0.016546 -0.2310005 -1.0523485)
(0.019454667 0.3214355 -0.640989)
(-0.0237295 0.2691975 -0.542217)
(-0.1001385 0.1718505 -0.5541885)
(-0.030556 0.0999885 -0.618217)
(0.007275 -0.0342755 -0.6940805)
(0.0040185 0.0040185 -0.8120795)
(0.053899 0.05402 -0.904687)
(0.030306 -0.112608 -1.013996)
(-0.0229335 -0.180446 -1.078031)
(-0.0085033333 -0.2285295 -1.0715935)
(0.0088136667 0.5922625 -0.6702915)
(-0.06074 0.6660555 -0.614189)
(-0.184802 0.5880155 -0.6276105)
(-0.2213295 0.2228825 -0.7292625)
(-0.063301 0.043348 -0.8181665)
(0.05402 0.053899 -0.904687)
(-0.0732785 -0.0732785 -1.004078)
(-0.065998 -0.138135 -1.058714)
(-0.058789 -0.177994 -1.09667)
(-0.048601667 -0.236236 -1.1558505)
(0.06865 0.8340735 -0.7053285)
(-0.0279765 0.8243635 -0.6813365)
(-0.5433115 0.5331815 -0.7572435)
(-0.5752235 0.2013135 -0.8947885)
(-0.1617085 0.168468 -0.932329)
(-0.112608 0.030306 -1.0139955)
(-0.138135 -0.065998 -1.0587145)
(-0.0744095 -0.0744095 -1.0698365)
(-0.1210345 -0.1247545 -1.191018)
(-0.047331333 -0.17917 -1.1197735)
(0.0023403333 0.556585 -0.81187)
(-0.361632 0.205123 -0.843555)
(-0.807852 -0.033565 -0.97452)
(-0.586043 0.0463585 -1.052306)
(-0.2343085 0.0571325 -1.0712145)
(-0.180446 -0.0229335 -1.078031)
(-0.177994 -0.058789 -1.09667)
(-0.1247545 -0.1210345 -1.191018)
(-0.1635495 -0.1635495 -1.154324)
(-0.084878667 -0.110831 -1.2795785)
(-0.165658 0.086772333 -0.894848)
(-0.6181265 -0.081226 -0.947792)
(-0.702076 -0.084224 -1.0526125)
(-0.484526 -0.010708667 -1.094487)
(-0.2310005 -0.016546 -1.052348)
(-0.2285295 -0.0085033333 -1.0715935)
(-0.236236 -0.048601667 -1.155851)
(-0.17917 -0.047331333 -1.1197735)
(-0.110831 -0.084878667 -1.2795785)
(-0.012185667 -0.012185667 -1.2101395)
(0.15062367 0.15062367 1.1964185)
(0.5180785 0.16242633 1.222619)
(0.5065905 0.184274 1.005406)
(0.330874 0.105329 0.993827)
(0.2281675 0.071203333 0.8892925)
(0.28979 0.045115333 0.8783065)
(0.5528815 0.017850333 0.9016375)
(0.7347535 0.071499667 0.831071)
(0.4437255 -0.017985333 0.6916525)
(0.055869667 -0.187114 0.609925)
(0.16242633 0.5180785 1.222619)
(0.568554 0.5685535 0.987867)
(0.4209445 0.4345365 1.0806155)
(0.161268 0.1787265 0.9184335)
(0.137847 0.123345 0.9160445)
(0.2097605 -0.019826 0.9043965)
(0.592458 -0.0800635 0.880975)
(0.681 -0.092417 0.8034645)
(0.055805 -0.469787 0.6154215)
(-0.113259 -0.701731 0.5635265)
(0.18427367 0.50659 1.005406)
(0.4345365 0.4209445 1.0806155)
(0.1167635 0.116763 0.898328)
(0.0196825 0.0149925 0.882087)
(0.029615 -0.076024 0.8298505)
(0.0863815 -0.180025 0.774091)
(0.4802905 -0.2879095 0.7827045)
(0.34503 -0.69065 0.6407875)
(-0.1655885 -0.9234445 0.4904985)
(-0.098759667 -0.767294 0.493309)
(0.10532933 0.330874 0.993827)
(0.178727 0.161268 0.918433)
(0.0149925 0.0196825 0.882087)
(-0.031519 -0.031519 0.793662)
(-0.0571705 -0.101254 0.7375755)
(-0.002125 -0.1336545 0.700369)
(0.081833 -0.358434 0.636181)
(0.045465 -0.700227 0.508866)
(-0.020839 -0.646747 0.443534)
(-0.0091586667 -0.489128 0.4889435)
(0.071203 0.228168 0.889292)
(0.123345 0.137847 0.9160445)
(-0.0760235 0.029615 0.8298505)
(-0.101254 -0.0571705 0.7375755)
(-0.0725205 -0.072521 0.6878785)
(-0.1707985 -0.131641 0.5796155)
(-0.086282 -0.2023265 0.504419)
(0.056717 -0.269347 0.4185425)
(0.0455105 -0.277456 0.3917255)
(0.0063196667 -0.2643715 0.4833225)
(0.045115333 0.2897895 0.8783065)
(-0.019826 0.209761 0.9043965)
(-0.180025 0.0863815 0.774091)
(-0.133655 -0.002125 0.700369)
(-0.131641 -0.1707985 0.5796155)
(-0.1319305 -0.131931 0.4537505)
(-0.055873 -0.0741215 0.362942)
(-0.0296645 -0.207582 0.280852)
(-0.0158635 -0.250108 0.293991)
(-0.00043566667 -0.3425685 0.336056)
(0.017850667 0.5528815 0.9016375)
(-0.080063 0.592458 0.880975)
(-0.2879095 0.48029 0.782704)
(-0.358434 0.081833 0.636181)
(-0.2023265 -0.0862815 0.5044185)
(-0.0741215 -0.055873 0.362942)
(-0.161933 -0.1619335 0.245613)
(-0.1192695 -0.2041065 0.1770545)
(-0.089476 -0.286571 0.1355355)
(-0.055320667 -0.315099 0.2578365)
(0.071499667 0.7347535 0.8310715)
(-0.0924175 0.681 0.8034645)
(-0.69065 0.34503 0.640788)
(-0.7002265 0.0454645 0.508866)
(-0.269347 0.0567165 0.4185425)
(-0.2075825 -0.0296645 0.280852)
(-0.2041065 -0.1192695 0.1770545)
(-0.154302 -0.1543025 0.0613795)
(-0.126856 -0.219972 0.0363455)
(-0.019454333 -0.2304515 0.1184295)
(-0.017985 0.4437255 0.6916525)
(-0.4697865 0.055805 0.6154215)
(-0.923445 -0.165588 0.4904985)
(-0.6467475 -0.020839 0.4435345)
(-0.2774555 0.0455105 0.3917255)
(-0.2501075 -0.0158635 0.293991)
(-0.286571 -0.089476 0.1355355)
(-0.219972 -0.126856 0.0363455)
(-0.165625 -0.165625 -0.105416)
(-0.062307 -0.19795 0.1418745)
(-0.187114 0.05587 0.609925)
(-0.701731 -0.113259 0.5635265)
(-0.767294 -0.098759667 0.493309)
(-0.489128 -0.0091583333 0.4889435)
(-0.2643715 0.00632 0.483322)
(-0.342569 -0.00043566667 0.336056)
(-0.315099 -0.055321 0.2578365)
(-0.230451 -0.019454333 0.1184295)
(-0.19795 -0.062307 0.1418745)
(-0.041004333 -0.041004333 0.126464)
(0.190674 0.190674 2.2912395)
(0.486902 0.070069333 2.257469)
(0.411227 0.192615 2.2333475)
(0.360232 0.097348333 2.218318)
(0.27573 0.061473667 2.284592)
(0.3337805 0.036848 2.355255)
(0.5450275 -0.0049613333 2.4272945)
(0.6240885 0.050245333 2.3328325)
(0.335439 -0.048480333 2.181626)
(0.032287667 -0.19659067 2.1405275)
(0.070069333 0.486902 2.257469)
(0.4898135 0.4898135 2.235123)
(0.4521455 0.3594435 2.150665)
(0.16352 0.1300915 2.186885)
(0.1849795 0.029403 2.2334465)
(0.234128 -0.127945 2.3103475)
(0.5651235 -0.179673 2.345988)
(0.55881 -0.21826 2.242408)
(-0.034815 -0.562786 2.111114)
(-0.11582267 -0.7347425 2.129521)
(0.192615 0.411227 2.233347)
(0.3594435 0.452145 2.1506655)
(0.051505 0.051505 2.067295)
(0.0301915 -0.057826 2.0949865)
(0.0176935 -0.194062 2.089575)
(0.1247045 -0.304166 2.1453275)
(0.4547125 -0.429596 2.207934)
(0.2409755 -0.83791 2.082115)
(-0.1810435 -0.979739 2.0735585)
(-0.08235 -0.776659 2.1286425)
(0.097348 0.3602315 2.2183185)
(0.1300915 0.16352 2.186885)
(-0.0578255 0.0301915 2.0949865)
(-0.082047 -0.082047 2.054789)
(-0.0613605 -0.1571755 2.0366005)
(-0.001406 -0.2250315 2.083709)
(0.0313795 -0.499615 2.076353)
(0.008667 -0.797469 2.0536455)
(0.026436 -0.684816 2.1016555)
(0.019564 -0.494513 2.1863035)
(0.061474 0.27573 2.284592)
(0.0294035 0.18498 2.233447)
(-0.194062 0.0176935 2.0895745)
(-0.1571755 -0.0613605 2.0366005)
(-0.125291 -0.125291 2.0094095)
(-0.217735 -0.2393435 1.992906)
(-0.117725 -0.33654 2.0133635)
(0.0557745 -0.3897225 2.003202)
(0.1219125 -0.383852 2.0601265)
(0.044518667 -0.383888 2.12778)
(0.036848 0.333781 2.355255)
(-0.127945 0.234128 2.3103475)
(-0.304166 0.124704 2.145327)
(-0.2250315 -0.001406 2.083709)
(-0.2393435 -0.2177355 1.9929065)
(-0.212655 -0.212655 1.956303)
(-0.1189995 -0.204786 1.903368)
(-0.038645 -0.354096 1.862557)
(0.0322705 -0.436636 1.917321)
(0.01954 -0.4540155 1.969293)
(-0.0049613333 0.5450275 2.427295)
(-0.1796735 0.5651235 2.3459875)
(-0.429596 0.4547125 2.207934)
(-0.499615 0.0313795 2.0763525)
(-0.33654 -0.117725 2.0133635)
(-0.2047855 -0.1189995 1.903368)
(-0.259166 -0.259166 1.8069985)
(-0.1760755 -0.3576075 1.7619225)
(0.021993 -0.4356395 1.771756)
(0.032932333 -0.4538625 1.9675715)
(0.050245333 0.6240885 2.3328325)
(-0.21826 0.55881 2.242408)
(-0.83791 0.240976 2.0821155)
(-0.797469 0.008667 2.0536455)
(-0.3897225 0.055775 2.0032015)
(-0.354096 -0.038645 1.862557)
(-0.3576075 -0.1760755 1.761923)
(-0.2151185 -0.2151185 1.625196)
(-0.0639845 -0.365706 1.663791)
(0.0073913333 -0.295132 1.7581795)
(-0.048480333 0.3354385 2.1816265)
(-0.562786 -0.034815 2.1111135)
(-0.979739 -0.181044 2.0735585)
(-0.684816 0.026436 2.1016555)
(-0.383852 0.121912 2.060127)
(-0.436636 0.0322705 1.917321)
(-0.4356395 0.021993 1.771756)
(-0.365706 -0.0639845 1.663791)
(-0.0580205 -0.0580205 1.687807)
(0.079981667 -0.1027965 1.838253)
(-0.19659033 0.032287333 2.1405275)
(-0.7347425 -0.11582267 2.129521)
(-0.776659 -0.082350333 2.1286425)
(-0.494513 0.019564 2.1863035)
(-0.383888 0.044518333 2.12778)
(-0.454015 0.01954 1.969293)
(-0.4538625 0.032932333 1.967572)
(-0.295132 0.0073913333 1.7581795)
(-0.1027965 0.079981667 1.8382525)
(-0.022459333 -0.022459333 1.9611425)
(0.12811 0.12811 3.7542265)
(0.4601865 0.147529 3.583622)
(0.4674395 0.12915233 3.688714)
(0.3821185 0.084373667 3.685313)
(0.3651045 0.037106333 3.7117475)
(0.4324925 0.015177 3.8697245)
(0.530459 -0.036354 3.885801)
(0.489085 0.011216667 3.7429475)
(0.2514205 -0.064993333 3.6200385)
(0.028470667 -0.19445167 3.6459115)
(0.147529 0.460186 3.583622)
(0.46175 0.46175 3.7091645)
(0.3727065 0.268484 3.5461345)
(0.2440495 0.055395 3.6153895)
(0.2613095 -0.071672 3.674561)
(0.322302 -0.2297535 3.7709615)
(0.5245185 -0.299424 3.767006)
(0.446126 -0.3431345 3.621983)
(-0.057082 -0.5778545 3.600632)
(-0.10098767 -0.713616 3.651853)
(0.12915267 0.4674395 3.688714)
(0.2684845 0.3727065 3.5461345)
(0.0610845 0.0610845 3.584035)
(0.0419625 -0.1171035 3.555717)
(0.079956 -0.27287 3.575928)
(0.2047405 -0.4066635 3.6579125)
(0.417078 -0.5575445 3.65558)
(0.2106545 -0.8794125 3.5826585)
(-0.119061 -0.932903 3.673874)
(-0.062037 -0.7105115 3.742368)
(0.084373667 0.382119 3.685313)
(0.055395 0.2440495 3.61539)
(-0.1171035 0.041962 3.555717)
(-0.089905 -0.089905 3.5429325)
(-0.0282505 -0.1814195 3.546602)
(0.0376275 -0.286076 3.6138325)
(0.0517695 -0.5530045 3.640018)
(0.0707675 -0.77914 3.697203)
(0.111819 -0.660179 3.7658515)
(0.047273333 -0.4899905 3.8157805)
(0.037106333 0.3651045 3.711748)
(-0.0716725 0.2613095 3.6745605)
(-0.27287 0.0799555 3.575928)
(-0.181419 -0.0282505 3.546602)
(-0.116215 -0.116215 3.5525325)
(-0.1668445 -0.259047 3.617932)
(-0.075986 -0.3753115 3.686636)
(0.10348 -0.4604355 3.6949145)
(0.1700885 -0.4617905 3.742485)
(0.051422 -0.481382 3.709952)
(0.015177 0.4324925 3.8697245)
(-0.229754 0.3223015 3.7709615)
(-0.4066635 0.204741 3.6579125)
(-0.2860755 0.037627 3.6138325)
(-0.259047 -0.1668445 3.617932)
(-0.221469 -0.221469 3.646556)
(-0.149619 -0.2804865 3.647305)
(-0.0157115 -0.4488615 3.64338)
(0.0908725 -0.5384785 3.6585855)
(0.034212333 -0.502777 3.714446)
(-0.036354333 0.530459 3.885801)
(-0.299424 0.5245185 3.7670055)
(-0.5575445 0.4170785 3.6555805)
(-0.5530045 0.0517695 3.640018)
(-0.375311 -0.0759865 3.6866365)
(-0.2804865 -0.149619 3.647305)
(-0.3033785 -0.3033785 3.6533215)
(-0.154512 -0.4414675 3.6492585)
(0.116173 -0.540101 3.6571295)
(0.075223 -0.5262125 3.6149705)
(0.011216667 0.489085 3.7429475)
(-0.3431345 0.446126 3.621983)
(-0.8794125 0.2106545 3.5826585)
(-0.7791405 0.0707675 3.697203)
(-0.4604355 0.10348 3.6949145)
(-0.448861 -0.0157115 3.64338)
(-0.4414675 -0.154512 3.6492585)
(-0.252434 -0.252434 3.5667535)
(0.0061275 -0.303921 3.549507)
(0.043471333 -0.35977 3.566272)
(-0.064993667 0.2514205 3.6200385)
(-0.5778545 -0.057082 3.600632)
(-0.932903 -0.119061 3.6738735)
(-0.660179 0.111819 3.7658515)
(-0.46179 0.170089 3.7424845)
(-0.5384785 0.0908725 3.6585855)
(-0.540101 0.116173 3.6571295)
(-0.303921 0.0061275 3.549507)
(0.008837 0.0088365 3.6935715)
(0.037990333 0.005013 3.5123355)
(-0.19445167 0.028470667 3.6459115)
(-0.713616 -0.10098733 3.6518525)
(-0.7105115 -0.062037 3.742368)
(-0.4899905 0.047273667 3.81578)
(-0.481382 0.051422 3.7099525)
(-0.502777 0.034212333 3.714446)
(-0.5262125 0.075223 3.6149705)
(-0.3597705 0.043471333 3.566272)
(0.005013 0.03799 3.5123355)
(0.040922333 0.040922 3.485224)
(0.076937667 0.076937667 5.060842)
(0.4213895 0.15376433 5.112185)
(0.512918 0.097562 5.0724355)
(0.3832655 0.050732667 5.066244)
(0.4601415 0.036682667 5.1239002)
(0.507834 -0.028994 5.2674595)
(0.4182505 -0.084158 5.1844291)
(0.358326 -0.030397667 5.0570507)
(0.238403 -0.061418 5.0272186)
(0.049536333 -0.19262967 5.089376)
(0.15376433 0.4213895 5.112185)
(0.452326 0.452326 5.002786)
(0.3583705 0.2547645 5.0578655)
(0.2919465 0.0004955 4.9964965)
(0.3405515 -0.1064165 5.1202242)
(0.326573 -0.339757 5.1669839)
(0.416145 -0.409894 5.0957782)
(0.392436 -0.378549 4.9934075)
(-0.004945 -0.5089505 5.0598954)
(-0.081675333 -0.638286 5.1180916)
(0.097562 0.512918 5.072436)
(0.2547645 0.3583705 5.0578655)
(0.0610875 0.0610875 5.0216305)
(0.0220845 -0.130283 5.024927)
(0.119889 -0.322021 5.1010885)
(0.2043565 -0.461295 5.1354554)
(0.3794585 -0.556584 5.0824484)
(0.2592695 -0.76269 5.0959104)
(-0.021334 -0.8145195 5.1806282)
(-0.036687333 -0.6127315 5.2359558)
(0.050732667 0.3832655 5.066244)
(0.0004955 0.291946 4.996496)
(-0.130283 0.0220845 5.024927)
(-0.091162 -0.091162 5.0628085)
(0.0095395 -0.180571 5.1082395)
(0.09201 -0.265012 5.1437125)
(0.11475 -0.468559 5.211958)
(0.1345005 -0.685213 5.2523532)
(0.1450135 -0.616205 5.2739983)
(0.05285 -0.526929 5.2796802)
(0.036682333 0.4601415 5.1239)
(-0.1064165 0.3405515 5.1202241)
(-0.3220205 0.119889 5.1010885)
(-0.180571 0.0095395 5.108239)
(-0.053961 -0.053961 5.136816)
(-0.0836315 -0.20662 5.2478365)
(-0.0407425 -0.329253 5.3199515)
(0.1116235 -0.4435455 5.2955935)
(0.13695 -0.491118 5.292944)
(0.02283 -0.4852225 5.2943887)
(-0.028994 0.507834 5.2674592)
(-0.339757 0.326573 5.1669837)
(-0.461295 0.2043565 5.1354557)
(-0.265012 0.09201 5.143712)
(-0.20662 -0.0836315 5.247836)
(-0.183282 -0.183282 5.333138)
(-0.1221755 -0.2381005 5.369287)
(-0.0273645 -0.399752 5.36371)
(0.1033365 -0.5219915 5.3094815)
(0.056780333 -0.548997 5.3375565)
(-0.084158333 0.4182505 5.1844288)
(-0.409894 0.416145 5.0957785)
(-0.5565835 0.3794585 5.0824482)
(-0.468559 0.11475 5.2119585)
(-0.329253 -0.0407425 5.3199515)
(-0.2381005 -0.1221755 5.369287)
(-0.2572125 -0.2572125 5.4540965)
(-0.1722675 -0.434234 5.409268)
(-0.012295 -0.544718 5.3247785)
(0.0048263333 -0.6020365 5.126077)
(-0.030397667 0.358326 5.0570505)
(-0.378549 0.3924365 4.9934073)
(-0.76269 0.259269 5.0959103)
(-0.685213 0.1345005 5.2523531)
(-0.4435455 0.111623 5.295594)
(-0.399752 -0.0273645 5.36371)
(-0.434234 -0.1722675 5.409268)
(-0.31487 -0.31487 5.3270565)
(-0.064466 -0.329264 5.246374)
(0.018568 -0.397767 5.0869485)
(-0.061418 0.2384025 5.0272185)
(-0.508951 -0.0049455 5.0598958)
(-0.8145195 -0.0213345 5.1806281)
(-0.616205 0.145013 5.2739987)
(-0.491118 0.13695 5.292944)
(-0.521991 0.1033365 5.3094815)
(-0.544718 -0.012295 5.3247785)
(-0.329264 -0.064466 5.246374)
(-0.095192 -0.095192 4.991657)
(-0.040842333 -0.1838445 4.959271)
(-0.19262967 0.049536 5.089376)
(-0.638286 -0.081675667 5.1180915)
(-0.6127315 -0.036687333 5.2359558)
(-0.5269285 0.052849667 5.27968)
(-0.485222 0.022830333 5.2943885)
(-0.548997 0.056780333 5.3375565)
(-0.6020365 0.0048263333 5.1260765)
(-0.397767 0.018568 5.0869485)
(-0.1838445 -0.040842333 4.9592715)
(-0.040533667 -0.040533667 4.665897)
(0.16233867 0.16233867 6.4275211)
(0.47178 0.074596333 6.5387098)
(0.4214985 0.119439 6.4248696)
(0.4335832 0.037875333 6.4128346)
(0.56632 0.0346557 6.5642935)
(0.4930214 -0.0518067 6.5949748)
(0.32005025 -0.0954546 6.510575)
(0.33187455 -0.031212167 6.4689832)
(0.2837458 -0.0432088 6.5021671)
(0.069908933 -0.17530797 6.5233353)
(0.074596333 0.47178 6.5387098)
(0.4074305 0.4074305 6.4188659)
(0.366417 0.217679 6.4449964)
(0.30640825 0.014078 6.4236088)
(0.43179695 -0.0944837 6.5655481)
(0.29785595 -0.3617576 6.5541268)
(0.35094205 -0.40140475 6.5141264)
(0.41024325 -0.3042748 6.4805168)
(0.0676021 -0.4244449 6.5055732)
(-0.062190233 -0.5670362 6.5344453)
(0.119439 0.4214985 6.4248696)
(0.217679 0.3664165 6.4449964)
(0.028146 0.028146 6.3606573)
(0.1214205 -0.0507915 6.5140975)
(0.1904844 -0.28485475 6.5740166)
(0.18610035 -0.42993495 6.6194038)
(0.37753305 -0.4413647 6.5998298)
(0.3088344 -0.6204668 6.5943362)
(0.0209844 -0.7188002 6.6411197)
(-0.025151933 -0.54892295 6.6978268)
(0.037875 0.433583 6.4128345)
(0.014078 0.3064081 6.4236087)
(-0.050791 0.12142 6.5140974)
(-0.0065925 -0.006593 6.5665769)
(0.0526535 -0.145692 6.6695082)
(0.141346 -0.1736949 6.7496004)
(0.1604102 -0.31550135 6.788662)
(0.13280775 -0.57945695 6.7634373)
(0.13914595 -0.54786325 6.8273866)
(0.051061267 -0.4315577 6.851153)
(0.034655733 0.56631975 6.5642933)
(-0.094484 0.43179725 6.5655485)
(-0.2848551 0.19048425 6.5740164)
(-0.1456915 0.052653 6.6695081)
(0.0233825 0.0233815 6.8022956)
(0.016291 -0.0696215 6.9215649)
(-0.028229 -0.2179825 6.9197553)
(0.0764725 -0.3490787 6.9023792)
(0.16888365 -0.42630725 6.900351)
(0.0523851 -0.42350565 6.9023622)
(-0.051806667 0.4930213 6.5949746)
(-0.3617575 0.29785595 6.5541266)
(-0.42993525 0.1861007 6.6194037)
(-0.17369525 0.1413465 6.7496003)
(-0.069621 0.016291 6.9215649)
(-0.100018 -0.1000185 7.0009062)
(-0.119047 -0.1463415 7.0109822)
(-0.075517 -0.335187 6.9861294)
(0.064719 -0.506644 6.9452027)
(0.052929 -0.67108865 6.8184476)
(-0.0954545 0.3200503 6.5105748)
(-0.4014046 0.3509421 6.5141266)
(-0.44136455 0.37753305 6.5998297)
(-0.3155012 0.1604106 6.7886618)
(-0.2179825 -0.0282285 6.9197553)
(-0.1463415 -0.119047 7.0109822)
(-0.2633975 -0.2633975 7.0672978)
(-0.28383 -0.478121 6.9185562)
(-0.167018 -0.6032085 6.7952373)
(-0.057244667 -0.7768205 6.7916714)
(-0.031212133 0.33187465 6.4689829)
(-0.30427475 0.4102433 6.4805167)
(-0.62046675 0.3088344 6.5943361)
(-0.5794568 0.13280765 6.7634372)
(-0.3490786 0.0764725 6.9023792)
(-0.335187 -0.075517 6.9861294)
(-0.478121 -0.28383 6.9185563)
(-0.415328 -0.415328 6.7704126)
(-0.2339805 -0.6370425 6.6474415)
(-0.062812333 -0.526576 6.4848176)
(-0.043208733 0.28374595 6.502167)
(-0.42444485 0.0676022 6.5055731)
(-0.7188002 0.02098445 6.6411201)
(-0.5478631 0.13914595 6.8273865)
(-0.42630715 0.16888355 6.9003514)
(-0.506644 0.064719 6.9452026)
(-0.6032085 -0.1670185 6.7952372)
(-0.6370425 -0.2339805 6.6474415)
(-0.278266 -0.278266 6.3835989)
(0.016399667 -0.4160385 6.304485)
(-0.17530797 0.069909033 6.5233357)
(-0.56703625 -0.0621902 6.5344457)
(-0.548923 -0.0251519 6.6978272)
(-0.4315577 0.051061267 6.8511535)
(-0.42350555 0.052385033 6.9023622)
(-0.67108905 0.052929 6.8184476)
(-0.7768205 -0.057245 6.7916714)
(-0.5265755 -0.062812333 6.4848176)
(-0.4160385 0.016399667 6.304485)
(-0.15466067 -0.15466067 6.475164)
(0.15106347 0.15106343 7.9908998)
(0.418738 0.073868367 7.8538747)
(0.38704275 0.11097987 7.9120125)
(0.52268935 0.0579155 7.9999498)
(0.64228175 0.037519133 8.0616178)
(0.45411555 -0.056226 8.0244152)
(0.29225885 -0.081790433 8.0398739)
(0.34991813 -0.022708567 8.0210117)
(0.29275516 -0.059147287 8.0184635)
(0.06364845 -0.18522304 8.0062016)
(0.0738684 0.41873795 7.8538746)
(0.35861265 0.35861255 7.930268)
(0.36311345 0.1905522 7.91041)
(0.41249825 0.1017584 7.993067)
(0.4710695 -0.09669335 8.0605041)
(0.2751512 -0.315328 8.0865814)
(0.342535 -0.32063925 8.0701639)
(0.38388285 -0.253196 8.0303613)
(0.04898345 -0.36999798 8.0585531)
(-0.0624273 -0.46379455 8.0777123)
(0.11097987 0.3870427 7.9120124)
(0.19055225 0.36311335 7.9104099)
(0.1301886 0.1301885 7.9232042)
(0.2354438 0.0126851 8.1327632)
(0.22519535 -0.218061 8.1880824)
(0.23016965 -0.2658214 8.2460463)
(0.35439085 -0.2820484 8.2256159)
(0.3005594 -0.4797695 8.2332672)
(0.0821566 -0.4927061 8.3062176)
(0.0011174 -0.29602375 8.3383896)
(0.0579155 0.52268925 7.9999497)
(0.10175845 0.4124981 7.9930674)
(0.0126852 0.2354436 8.1327631)
(0.06424875 0.0642486 8.2590643)
(0.192563 0.04770795 8.3980352)
(0.2111638 0.0371491 8.4777589)
(0.1285869 -0.1486334 8.4661059)
(0.17322515 -0.3771699 8.4997881)
(0.2327292 -0.35697365 8.5313306)
(0.068694267 -0.32239355 8.5330998)
(0.0375191 0.6422816 8.0616178)
(-0.0966934 0.4710694 8.0605041)
(-0.2180609 0.22519525 8.1880828)
(0.04770815 0.19256285 8.3980356)
(0.19809585 0.19809575 8.5899073)
(0.0338283 0.0446858 8.6258259)
(-0.05992815 -0.10693275 8.6089091)
(0.09221915 -0.22085335 8.6159605)
(0.13693295 -0.3733019 8.6088641)
(0.0241708 -0.51792795 8.5842881)
(-0.056225967 0.4541155 8.0244153)
(-0.3153279 0.2751512 8.0865815)
(-0.26582135 0.23016975 8.2460464)
(0.03714925 0.21116375 8.4777593)
(0.04468595 0.0338282 8.6258264)
(-0.0938647 -0.0938647 8.6654046)
(-0.13695225 -0.0905581 8.6532998)
(-0.093144 -0.38357505 8.6200075)
(-0.0643454 -0.62710525 8.6624052)
(-0.0277231 -0.6596878 8.4972229)
(-0.081790433 0.29225885 8.0398741)
(-0.32063915 0.34253505 8.070164)
(-0.28204835 0.3543909 8.2256159)
(-0.1486334 0.128587 8.4661058)
(-0.1069326 -0.0599282 8.608909)
(-0.090558 -0.13695225 8.6532997)
(-0.3496385 -0.34963845 8.5352555)
(-0.444328 -0.64995085 8.4481744)
(-0.1391798 -0.8424792 8.426526)
(0.0024491 -0.9356665 8.3460549)
(-0.0227085 0.3499182 8.0210117)
(-0.25319585 0.38388295 8.0303614)
(-0.4797694 0.30055945 8.2332674)
(-0.37716985 0.1732252 8.4997882)
(-0.2208533 0.0922192 8.6159605)
(-0.38357495 -0.09314405 8.6200075)
(-0.64995085 -0.44432805 8.4481744)
(-0.58598475 -0.58598475 8.3462276)
(-0.35006105 -0.7409024 8.128139)
(-0.089847967 -0.8849534 8.1842934)
(-0.059147263 0.29275532 8.0184636)
(-0.3699979 0.0489835 8.0585531)
(-0.4927061 0.08215665 8.3062178)
(-0.35697365 0.2327292 8.5313307)
(-0.37330185 0.13693295 8.6088641)
(-0.62710525 -0.0643454 8.6624052)
(-0.8424792 -0.1391799 8.4265259)
(-0.74090235 -0.35006105 8.128139)
(-0.43814845 -0.4381485 8.245073)
(-0.0935849 -0.1934981 8.1740507)
(-0.18522305 0.063648483 8.0062016)
(-0.46379452 -0.0624273 8.0777124)
(-0.2960237 0.0011174 8.3383898)
(-0.32239355 0.0686943 8.5331)
(-0.5179279 0.0241708 8.5842882)
(-0.6596878 -0.027723067 8.4972229)
(-0.9356665 0.0024491 8.3460554)
(-0.88495335 -0.089847933 8.1842934)
(-0.1934981 -0.0935849 8.1740507)
(0.0732523 0.0732523 8.3501185)
(0.070988533 0.0709885 9.3189669)
(0.3928926 0.12552527 9.2561737)
(0.5675737 0.1183707 9.4611149)
(0.58318855 0.033286767 9.6479694)
(0.5907854 0.033913233 9.64125)
(0.47127745 -0.0103626 9.6044227)
(0.3166467 -0.075261233 9.684423)
(0.31046425 -0.024979067 9.7121313)
(0.26893565 -0.016482467 9.7044179)
(0.061734267 -0.1276341 9.6491552)
(0.1255253 0.39289255 9.2561737)
(0.4639659 0.46396575 9.3412167)
(0.42921595 0.2288707 9.5480911)
(0.45650235 0.1468913 9.7262957)
(0.52531135 0.0319809 9.6715724)
(0.30751575 -0.14012655 9.7730947)
(0.294722 -0.21566275 9.8290922)
(0.3986324 -0.09201925 9.8420667)
(0.1149531 -0.1366908 9.8290513)
(-0.049417367 -0.23484815 9.8204622)
(0.11837067 0.5675736 9.4611149)
(0.22887075 0.4292159 9.5480906)
(0.25049925 0.2504991 9.7741692)
(0.38629875 0.2152058 9.8834335)
(0.30376755 0.05267635 9.9465134)
(0.2236338 -0.0387574 10.015489)
(0.364754 -0.0454227 10.045398)
(0.3894362 -0.15104005 10.051726)
(0.12610675 -0.2460226 9.9556603)
(-0.0037039667 -0.09353545 10.061799)
(0.033286833 0.58318845 9.6479695)
(0.1468914 0.4565023 9.7262958)
(0.21520585 0.38629865 9.8834336)
(0.2586796 0.2586795 10.059098)
(0.27134815 0.25613295 10.192422)
(0.2094167 0.20608475 10.232564)
(0.18243935 0.06779185 10.224921)
(0.1980325 -0.1967637 10.266147)
(0.1724577 -0.24521675 10.238547)
(0.052240733 -0.1856592 10.124898)
(0.033913233 0.59078535 9.6412497)
(0.03198095 0.5253113 9.671572)
(0.05267645 0.3037675 9.9465136)
(0.25613305 0.271348 10.192422)
(0.2511728 0.2511727 10.315548)
(0.0352927 0.11802415 10.280555)
(-0.03809445 -0.03078865 10.293652)
(0.0764276 -0.2288593 10.361012)
(0.13721125 -0.2952327 10.410757)
(0.036001067 -0.45938255 10.179191)
(-0.010362533 0.4712775 9.604423)
(-0.14012645 0.3075158 9.7730949)
(-0.03875745 0.2236338 10.015489)
(0.2060848 0.20941665 10.232564)
(0.1180243 0.03529265 10.280555)
(-0.07254465 -0.0725447 10.200023)
(-0.1644441 -0.21999505 10.208042)
(-0.06641155 -0.50297315 10.285303)
(-0.05806555 -0.68898215 10.16688)
(-0.0571925 -0.9093218 10.205736)
(-0.075261233 0.31664675 9.6844232)
(-0.21566275 0.29472195 9.8290924)
(-0.0454227 0.3647541 10.045397)
(0.0677919 0.18243945 10.224921)
(-0.03078855 -0.0380944 10.293652)
(-0.219995 -0.1644441 10.208042)
(-0.4685229 -0.4685229 10.047718)
(-0.3925595 -0.75190085 10.155695)
(-0.2691374 -1.1374747 10.125339)
(-0.11089203 -1.0897501 9.9227076)
(-0.024979067 0.31046425 9.7121316)
(-0.0920191 0.39863245 9.8420668)
(-0.15103995 0.3894363 10.051726)
(-0.1967637 0.19803255 10.266147)
(-0.22885925 0.07642765 10.361012)
(-0.50297315 -0.06641155 10.285303)
(-0.75190085 -0.39255955 10.155695)
(-0.7353633 -0.7353633 10.101178)
(-0.3959148 -0.81849545 10.120967)
(-0.025376133 -0.69858025 10.079001)
(-0.016482433 0.26893575 9.7044175)
(-0.1366907 0.1149532 9.8290514)
(-0.2460226 0.1261068 9.9556604)
(-0.24521675 0.17245775 10.238547)
(-0.29523265 0.13721125 10.410757)
(-0.6889822 -0.0580656 10.16688)
(-1.1374747 -0.26913745 10.125339)
(-0.8184954 -0.3959148 10.120967)
(-0.23235435 -0.23235435 9.9875361)
(-0.030948567 -0.2502134 10.223408)
(-0.1276341 0.0617343 9.6491553)
(-0.23484805 -0.049417367 9.8204628)
(-0.0935354 -0.0037039333 10.061799)
(-0.18565925 0.052240767 10.124898)
(-0.4593826 0.036001067 10.179191)
(-0.90932185 -0.057192533 10.205736)
(-1.08975 -0.11089203 9.9227076)
(-0.6985802 -0.025376133 10.079001)
(-0.2502134 -0.030948567 10.223408)
(-0.037282167 -0.037282167 10.085986)
(0.10920133 0.10920133 10.675235)
(0.560886 0.13056367 10.756289)
(0.7788385 0.168964 11.072255)
(0.7028245 0.110133 11.239483)
(0.598735 0.057734 11.253138)
(0.4972885 0.056222 11.312544)
(0.3999675 0.014655667 11.433408)
(0.369913 0.063915 11.508579)
(0.229779 0.023941667 11.425664)
(0.026806667 -0.071018333 11.307713)
(0.13056367 0.560886 10.756289)
(0.65053 0.6505295 10.902516)
(0.7481925 0.5036065 11.176194)
(0.5359795 0.3372225 11.384238)
(0.5178685 0.20857 11.39007)
(0.432671 0.095738 11.527736)
(0.411507 0.0403355 11.653775)
(0.383842 0.0863985 11.676309)
(0.027379 -0.1187555 11.498937)
(-0.068153333 -0.051151 11.462665)
(0.16896367 0.7788385 11.072254)
(0.5036065 0.7481925 11.176194)
(0.4655315 0.465531 11.445978)
(0.407788 0.345487 11.535237)
(0.3572505 0.302789 11.614632)
(0.329054 0.193648 11.697336)
(0.390628 0.11378 11.8412)
(0.210822 -0.0556895 11.81162)
(0.0922295 -0.0832105 11.636971)
(0.071876333 0.0084115 11.402004)
(0.110133 0.702824 11.239483)
(0.3372225 0.5359795 11.384238)
(0.345487 0.407788 11.535237)
(0.3732375 0.3732375 11.720386)
(0.3660295 0.416743 11.774886)
(0.243662 0.3022155 11.780652)
(0.1621695 0.099621 11.9823)
(0.1868515 -0.0678835 11.926991)
(0.09148 0.098123 11.786181)
(-0.007072 -0.2050015 11.588718)
(0.057734 0.598735 11.253138)
(0.2085705 0.5178685 11.39007)
(0.3027895 0.3572505 11.614632)
(0.416743 0.3660295 11.774886)
(0.2862285 0.2862285 11.673861)
(0.011932 0.0121445 11.702514)
(0.020529 -0.1238115 11.810427)
(0.209324 -0.201697 11.882581)
(-0.0448885 -0.4449685 11.701959)
(-0.13020667 -0.437089 11.50873)
(0.056222 0.497289 11.312544)
(0.095738 0.4326715 11.527736)
(0.193648 0.3290535 11.697336)
(0.3022155 0.243662 11.780652)
(0.0121445 0.011932 11.702514)
(-0.166378 -0.166378 11.565645)
(-0.051672 -0.3364925 11.545763)
(-0.1343055 -0.5888925 11.744556)
(-0.143912 -0.9125235 11.619761)
(-0.001819 -0.916171 11.384188)
(0.014655667 0.3999675 11.433408)
(0.040335 0.411507 11.653775)
(0.11378 0.390628 11.8412)
(0.0996215 0.1621695 11.9823)
(-0.1238115 0.020529 11.810427)
(-0.3364925 -0.051672 11.545763)
(-0.4019855 -0.4019855 11.722995)
(-0.366707 -0.834076 11.82281)
(-0.372167 -0.888393 11.685825)
(-0.13263833 -1.062402 11.77693)
(0.063915 0.3699125 11.508579)
(0.0863985 0.383842 11.676309)
(-0.0556895 0.2108225 11.81162)
(-0.0678835 0.1868515 11.926991)
(-0.201697 0.209324 11.882581)
(-0.5888925 -0.1343055 11.744556)
(-0.834076 -0.366707 11.82281)
(-0.620713 -0.620713 11.905173)
(-0.372238 -0.878705 11.979033)
(-0.117825 -0.584253 11.785298)
(0.023942 0.229779 11.425664)
(-0.118755 0.0273795 11.498937)
(-0.0832105 0.0922295 11.636971)
(0.098123 0.09148 11.786181)
(-0.4449685 -0.0448885 11.701959)
(-0.9125235 -0.143912 11.619761)
(-0.888393 -0.372167 11.685826)
(-0.878705 -0.372238 11.979033)
(-0.335707 -0.335707 11.909217)
(0.063663 -0.1865135 11.743663)
(-0.071018 0.026807 11.307713)
(-0.051151 -0.068153 11.462665)
(0.008411 0.071876333 11.402004)
(-0.2050015 -0.007072 11.588718)
(-0.437089 -0.13020667 11.50873)
(-0.916171 -0.001819 11.384188)
(-1.062402 -0.13263833 11.77693)
(-0.584253 -0.117825 11.785298)
(-0.1865135 0.063663 11.743663)
(-0.018362667 -0.018362667 11.927656)
(0.12502467 0.12502467 12.338175)
(0.7899125 0.22301 12.467888)
(1.0507675 0.18766367 12.735133)
(0.7640715 0.12979 12.877035)
(0.663847 0.12520167 12.858813)
(0.6515475 0.13309833 12.889434)
(0.5126815 0.071650333 12.974469)
(0.302721 0.086840667 13.008053)
(0.0680695 0.032366 12.718606)
(-0.0169 -0.024332667 12.571664)
(0.22301 0.789912 12.467888)
(0.883871 0.883871 12.501679)
(0.9109375 0.6025945 12.728506)
(0.6703785 0.4426455 12.979673)
(0.6688095 0.393475 13.074848)
(0.5712205 0.244665 13.136485)
(0.443295 0.19213 13.375059)
(0.2437945 0.2110215 13.219345)
(-0.0986905 0.0746155 12.886923)
(-0.073598667 -0.1405575 12.90986)
(0.187664 1.0507675 12.735133)
(0.602595 0.9109375 12.728507)
(0.609542 0.609542 13.046664)
(0.554952 0.551354 13.2582)
(0.4658665 0.437492 13.19185)
(0.4502025 0.214159 13.337508)
(0.479038 0.283102 13.693726)
(0.1852065 0.0996425 13.498956)
(-0.2835095 0.0412215 13.245498)
(-0.16034867 0.032517 13.04251)
(0.12979 0.764072 12.877035)
(0.4426455 0.6703785 12.979673)
(0.551354 0.554952 13.258199)
(0.4983285 0.4983285 13.358592)
(0.3316145 0.3153625 13.0895)
(0.4168305 0.211263 13.185461)
(0.3287785 0.0370185 13.546852)
(0.001914 -0.1258025 13.468103)
(-0.165816 -0.1802285 13.092184)
(-0.079401667 -0.078933 13.054347)
(0.12520167 0.663847 12.858814)
(0.393475 0.6688095 13.074849)
(0.437492 0.4658665 13.19185)
(0.3153625 0.3316145 13.089501)
(0.178801 0.178801 12.73792)
(0.1718585 -0.096983 12.86319)
(0.1419725 -0.467325 13.244789)
(-0.0320405 -0.4112945 13.272991)
(-0.23664 -0.461653 12.793635)
(-0.092818333 -0.6639125 12.86587)
(0.13309833 0.6515475 12.889434)
(0.244665 0.5712205 13.136485)
(0.214159 0.4502025 13.337508)
(0.211263 0.4168305 13.185461)
(-0.096983 0.1718585 12.86319)
(-0.2292955 -0.2292955 12.955516)
(0.014467 -0.3074275 13.129402)
(0.007586 -0.5627445 13.155474)
(-0.418434 -0.705116 13.043458)
(-0.21424133 -0.6411215 12.932026)
(0.071650333 0.5126815 12.97447)
(0.19213 0.443295 13.375059)
(0.283102 0.479038 13.693726)
(0.0370185 0.3287785 13.546853)
(-0.467325 0.1419725 13.244789)
(-0.3074275 0.014467 13.129403)
(-0.1914765 -0.1914765 13.236281)
(-0.429729 -0.5912835 13.398864)
(-0.315017 -0.7782025 13.309841)
(-0.050155333 -0.68864 13.408221)
(0.086840667 0.302721 13.008052)
(0.2110215 0.2437945 13.219346)
(0.0996425 0.1852065 13.498956)
(-0.1258025 0.001914 13.468103)
(-0.4112945 -0.0320405 13.272991)
(-0.5627445 0.007586 13.155474)
(-0.5912835 -0.4297285 13.398864)
(-0.57914 -0.57914 13.611554)
(-0.5157905 -0.595103 13.392875)
(-0.154533 -0.7318475 13.320004)
(0.032366 0.0680695 12.718606)
(0.0746155 -0.0986905 12.886923)
(0.0412215 -0.2835095 13.245498)
(-0.1802285 -0.165816 13.092184)
(-0.461653 -0.23664 12.793635)
(-0.7051155 -0.418434 13.043458)
(-0.7782025 -0.315017 13.309841)
(-0.5951035 -0.5157905 13.392876)
(-0.4677245 -0.4677245 13.358734)
(-0.14131833 -0.107855 12.899208)
(-0.024332667 -0.0169 12.571665)
(-0.1405575 -0.073598667 12.90986)
(0.032517 -0.16034867 13.04251)
(-0.078933 -0.079401667 13.054347)
(-0.6639125 -0.092818333 12.86587)
(-0.6411215 -0.21424133 12.932026)
(-0.68864 -0.050155667 13.408222)
(-0.7318475 -0.154533 13.320004)
(-0.107855 -0.14131833 12.899208)
(0.08538 0.08538 12.908677)
(0.19567667 0.19567667 14.689256)
(0.9578445 0.15309133 14.606742)
(1.187986 0.164546 14.693086)
(0.8265045 0.17855833 14.939786)
(0.611134 0.20175733 14.919966)
(0.6129445 0.22092267 15.132937)
(0.518586 0.281716 15.558196)
(0.1140495 0.204777 15.442035)
(-0.206609 0.13615333 15.126789)
(-0.071154 0.15444533 14.838024)
(0.15309133 0.9578445 14.606742)
(0.9111485 0.9111485 14.83577)
(1.2261865 0.8151375 14.843877)
(0.8823215 0.718387 14.881308)
(0.6746805 0.5416075 14.84731)
(0.7328825 0.5438125 15.024572)
(0.4943675 0.7595925 15.230066)
(-0.1042945 0.577302 15.138015)
(-0.2821065 0.408137 14.840451)
(-0.052862 0.419694 14.589903)
(0.164546 1.187986 14.693086)
(0.8151375 1.2261865 14.843877)
(0.9952245 0.9952245 15.073658)
(0.5529745 0.7244055 15.035614)
(0.4365595 0.3174415 15.167535)
(0.8309295 0.2426245 15.384046)
(0.5520755 0.285573 15.261377)
(-0.237406 0.193068 15.181458)
(-0.364217 0.122051 14.866358)
(-0.063449333 0.152899 14.63018)
(0.17855833 0.826505 14.939786)
(0.718387 0.8823215 14.881308)
(0.7244055 0.5529745 15.035614)
(0.2045385 0.204539 14.898242)
(0.1928995 -0.037187 15.065203)
(0.701014 -0.172103 15.194955)
(0.444811 -0.3493155 15.164143)
(-0.2678165 -0.2938485 15.108966)
(-0.3222755 -0.35374 14.857698)
(-0.032296667 -0.3816405 14.565999)
(0.201757 0.611134 14.919965)
(0.541607 0.6746805 14.847311)
(0.317442 0.4365595 15.167536)
(-0.037187 0.1928995 15.065202)
(0.0599175 0.059918 14.986418)
(0.518801 -0.217801 14.904262)
(0.43033 -0.5412615 14.886633)
(-0.2418305 -0.5143255 14.754773)
(-0.452009 -0.493695 14.899818)
(-0.082049667 -0.5594105 14.893792)
(0.22092267 0.6129445 15.132939)
(0.5438125 0.7328825 15.024572)
(0.2426245 0.8309295 15.384046)
(-0.172103 0.701014 15.194955)
(-0.217801 0.518801 14.904262)
(0.0998345 0.0998345 14.831469)
(0.1482865 -0.3450005 15.06881)
(-0.22025 -0.4630195 15.042638)
(-0.3673605 -0.3963175 15.079813)
(-0.076107 -0.37382 15.115598)
(0.28171567 0.518586 15.558195)
(0.759592 0.494368 15.230067)
(0.2855735 0.5520755 15.261377)
(-0.3493155 0.444811 15.164142)
(-0.541262 0.43033 14.886633)
(-0.3450005 0.1482865 15.06881)
(-0.132524 -0.132524 15.508069)
(-0.2931475 -0.377997 15.477756)
(-0.3628095 -0.5389755 15.313106)
(-0.067051333 -0.674424 15.149461)
(0.20477733 0.114049 15.442035)
(0.577302 -0.1042945 15.138014)
(0.1930675 -0.2374055 15.181458)
(-0.2938485 -0.267817 15.108966)
(-0.5143255 -0.2418305 14.754773)
(-0.4630195 -0.22025 15.042638)
(-0.377997 -0.2931475 15.477756)
(-0.6267015 -0.6267015 15.45842)
(-0.6637875 -0.8298125 15.327543)
(-0.166406 -1.0932665 15.413421)
(0.13615333 -0.2066085 15.126789)
(0.4081375 -0.282107 14.840451)
(0.122051 -0.364217 14.866357)
(-0.3537405 -0.3222755 14.857698)
(-0.493695 -0.452009 14.899818)
(-0.3963175 -0.3673605 15.079813)
(-0.5389755 -0.3628095 15.313106)
(-0.8298125 -0.6637875 15.327543)
(-0.8293745 -0.8293745 15.147141)
(-0.24268733 -0.5978405 15.33044)
(0.154445 -0.071153667 14.838023)
(0.4196935 -0.052862 14.589903)
(0.152899 -0.063449667 14.630181)
(-0.3816405 -0.032296667 14.566001)
(-0.5594105 -0.082049667 14.893792)
(-0.37382 -0.076107 15.115598)
(-0.674424 -0.067051333 15.149461)
(-1.0932665 -0.166406 15.413421)
(-0.5978405 -0.24268733 15.33044)
(-0.01205 -0.01205 14.877829)
)
;

boundaryField
{
    block1_in
    {
        type            extrapolatedCalculated;
        value           nonuniform List<vector> 
100
(
(0.060399333 0.060399333 -15.865518)
(0.29098033 0.76986 -16.080326)
(0.19606833 1.216386 -15.64132)
(0.065394667 0.765729 -15.245722)
(0.0066493333 0.5264405 -15.01613)
(0.004241 0.709716 -14.744942)
(-0.037750667 0.442878 -14.1222)
(-0.036111 -0.2064365 -14.073274)
(-0.10247467 -0.4577735 -14.077214)
(-0.084891333 -0.14689233 -14.126978)
(0.76986 0.29098033 -16.080326)
(0.9733635 0.9733635 -15.411406)
(0.749824 0.8780075 -15.273562)
(0.409501 0.4816005 -15.369798)
(0.3201255 0.43471 -15.568326)
(0.388166 0.643116 -15.351352)
(0.237628 0.38235 -15.12738)
(0.202012 -0.3035225 -15.074158)
(0.006317 -0.530944 -15.128398)
(-0.075363 -0.129309 -15.07001)
(1.216386 0.19606833 -15.64132)
(0.8780075 0.749824 -15.273562)
(0.6525235 0.6525235 -15.171308)
(0.3313235 0.3360305 -15.359484)
(0.298167 0.5051055 -15.13823)
(0.3228455 0.6272185 -14.729632)
(0.3234155 0.256724 -15.112594)
(0.244579 -0.4377475 -15.102298)
(0.1098855 -0.7351485 -15.25793)
(-0.0529925 -0.20134567 -15.426176)
(0.7657285 0.065394667 -15.245722)
(0.4816 0.409501 -15.369798)
(0.3360305 0.3313235 -15.359484)
(0.127244 0.127244 -15.64767)
(-0.1143215 0.426232 -15.045038)
(-0.3737655 0.6683645 -14.762342)
(-0.3927575 0.3040835 -14.838994)
(-0.4769645 -0.5170525 -14.834948)
(-0.3253825 -0.8285155 -15.15171)
(-0.223977 -0.23789433 -15.460682)
(0.52644 0.0066493333 -15.016132)
(0.43471 0.320126 -15.568328)
(0.5051055 0.2981675 -15.13823)
(0.426232 -0.1143215 -15.045038)
(0.004096 0.004096 -14.900786)
(-0.430008 0.3487825 -14.948044)
(-0.5728305 0.153525 -15.062626)
(-0.581984 -0.3703725 -15.353106)
(-0.408487 -0.482161 -15.04294)
(-0.293938 -0.133742 -14.734472)
(0.7097165 0.0042413333 -14.744944)
(0.6431165 0.3881665 -15.351352)
(0.6272185 0.3228455 -14.729632)
(0.6683645 -0.3737655 -14.762342)
(0.3487825 -0.430008 -14.948044)
(0.091438 0.091438 -15.170752)
(0.0923725 0.1521075 -14.988114)
(0.013745 -0.352709 -15.010934)
(-0.210343 -0.5404695 -14.72191)
(-0.342263 -0.16152833 -14.578706)
(0.4428785 -0.037750667 -14.122198)
(0.38235 0.237628 -15.12738)
(0.256724 0.3234155 -15.112594)
(0.3040835 -0.3927575 -14.838994)
(0.1535245 -0.5728305 -15.062626)
(0.1521075 0.0923725 -14.988114)
(0.075832 0.075832 -14.286372)
(-0.1585715 -0.673088 -14.336478)
(-0.409656 -0.838169 -14.53327)
(-0.4770955 -0.22168867 -14.786262)
(-0.2064365 -0.036111 -14.073274)
(-0.3035225 0.202012 -15.074158)
(-0.4377475 0.244579 -15.102298)
(-0.5170525 -0.476965 -14.834948)
(-0.370373 -0.581984 -15.353108)
(-0.352709 0.0137455 -15.010934)
(-0.673088 -0.1585715 -14.336478)
(-0.838197 -0.838197 -14.414586)
(-0.9419135 -0.8589935 -14.44363)
(-0.8949985 -0.206488 -14.420408)
(-0.457774 -0.10247467 -14.077214)
(-0.530944 0.006317 -15.128398)
(-0.735149 0.1098855 -15.257928)
(-0.8285155 -0.325383 -15.15171)
(-0.4821605 -0.408487 -15.042942)
(-0.5404695 -0.2103425 -14.72191)
(-0.838169 -0.409656 -14.53327)
(-0.8589935 -0.9419135 -14.44363)
(-0.8949705 -0.8949705 -14.71674)
(-0.9162285 -0.190412 -14.553548)
(-0.14689267 -0.084891 -14.126978)
(-0.129309 -0.075363 -15.070008)
(-0.201346 -0.0529925 -15.426176)
(-0.23789433 -0.2239765 -15.460682)
(-0.13374167 -0.293938 -14.734472)
(-0.16152833 -0.342263 -14.578706)
(-0.22168867 -0.4770955 -14.786262)
(-0.206488 -0.8949985 -14.420408)
(-0.190412 -0.9162285 -14.553548)
(-0.22066 -0.22066 -15.050492)
)
;
    }
    block1_out
    {
        type            extrapolatedCalculated;
        value           nonuniform List<vector> 
100
(
(0.19567667 0.19567667 15.42546)
(0.15309133 0.9578445 15.19571)
(0.164546 1.187986 15.263272)
(0.17855833 0.826505 15.558058)
(0.201757 0.611134 15.541158)
(0.22092267 0.6129445 15.9005)
(0.28171567 0.518586 16.537106)
(0.20477733 0.114049 16.35824)
(0.13615333 -0.2066085 16.078668)
(0.154445 -0.071153667 15.7269)
(0.9578445 0.15309133 15.19571)
(0.9111485 0.9111485 15.64413)
(0.8151375 1.2261865 15.524136)
(0.718387 0.8823215 15.397188)
(0.541607 0.6746805 15.317344)
(0.5438125 0.7328825 15.606214)
(0.759592 0.494368 15.729816)
(0.577302 -0.1042945 15.725304)
(0.4081375 -0.282107 15.49348)
(0.4196935 -0.052862 15.086554)
(1.187986 0.164546 15.263272)
(1.2261865 0.8151375 15.524136)
(0.9952245 0.9952245 15.621588)
(0.7244055 0.5529745 15.426058)
(0.317442 0.4365595 15.764382)
(0.2426245 0.8309295 15.978014)
(0.2855735 0.5520755 15.524416)
(0.1930675 -0.2374055 15.601094)
(0.122051 -0.364217 15.354498)
(0.152899 -0.063449667 14.854886)
(0.8265045 0.17855833 15.558058)
(0.8823215 0.718387 15.397188)
(0.5529745 0.7244055 15.426058)
(0.2045385 0.204539 15.249538)
(-0.037187 0.1928995 15.76423)
(-0.172103 0.701014 15.833322)
(-0.3493155 0.444811 15.628456)
(-0.2938485 -0.267817 15.588306)
(-0.3537405 -0.3222755 15.438522)
(-0.3816405 -0.032296667 14.930318)
(0.611134 0.20175733 15.54116)
(0.6746805 0.5416075 15.317342)
(0.4365595 0.3174415 15.76438)
(0.1928995 -0.037187 15.764232)
(0.0599175 0.059918 15.845254)
(-0.217801 0.518801 15.641704)
(-0.541262 0.43033 15.348634)
(-0.5143255 -0.2418305 15.129112)
(-0.493695 -0.452009 15.578202)
(-0.5594105 -0.082049667 15.55301)
(0.6129445 0.22092267 15.900498)
(0.7328825 0.5438125 15.606214)
(0.8309295 0.2426245 15.978014)
(0.701014 -0.172103 15.833322)
(0.518801 -0.217801 15.641704)
(0.0998345 0.0998345 15.408912)
(-0.3450005 0.1482865 15.559396)
(-0.4630195 -0.22025 15.591846)
(-0.3963175 -0.3673605 15.803736)
(-0.37382 -0.076107 15.650212)
(0.518586 0.281716 16.537108)
(0.4943675 0.7595925 15.729814)
(0.5520755 0.285573 15.524416)
(0.444811 -0.3493155 15.628458)
(0.43033 -0.5412615 15.348634)
(0.1482865 -0.3450005 15.559396)
(-0.132524 -0.132524 16.318362)
(-0.377997 -0.2931475 16.113862)
(-0.5389755 -0.3628095 15.889336)
(-0.674424 -0.067051333 15.669212)
(0.1140495 0.204777 16.35824)
(-0.1042945 0.577302 15.725306)
(-0.237406 0.193068 15.601094)
(-0.2678165 -0.2938485 15.588306)
(-0.2418305 -0.5143255 15.129112)
(-0.22025 -0.4630195 15.591846)
(-0.2931475 -0.377997 16.113862)
(-0.6267015 -0.6267015 16.002232)
(-0.8298125 -0.6637875 15.936104)
(-1.0932665 -0.166406 16.08273)
(-0.206609 0.13615333 16.078668)
(-0.2821065 0.408137 15.49348)
(-0.364217 0.122051 15.3545)
(-0.3222755 -0.35374 15.438522)
(-0.452009 -0.493695 15.578202)
(-0.3673605 -0.3963175 15.803736)
(-0.3628095 -0.5389755 15.889336)
(-0.6637875 -0.8298125 15.936104)
(-0.8293745 -0.8293745 15.875098)
(-0.5978405 -0.24268733 16.3021)
(-0.071154 0.15444533 15.726902)
(-0.052862 0.419694 15.086554)
(-0.063449333 0.152899 14.854884)
(-0.032296667 -0.3816405 14.930316)
(-0.082049667 -0.5594105 15.55301)
(-0.076107 -0.37382 15.650212)
(-0.067051333 -0.674424 15.669212)
(-0.166406 -1.0932665 16.08273)
(-0.24268733 -0.5978405 16.3021)
(-0.01205 -0.01205 15.769328)
)
;
    }
    block1_wall1
    {
        type            extrapolatedCalculated;
        value           nonuniform List<vector> 
200
(
(0 0.060399333 -14.813017)
(0 0.76986 -15.05811)
(0 1.216386 -15.018089)
(0 0.765729 -14.745495)
(0 0.5264405 -14.609937)
(0 0.709716 -14.367246)
(0 0.442878 -14.040236)
(0 -0.2064365 -14.119454)
(0 -0.4577735 -13.97712)
(0 -0.14689233 -13.818419)
(0 -0.041489 -12.53553)
(0 0.238054 -12.568986)
(0 0.8507055 -13.023353)
(0 0.7527665 -13.129362)
(0 0.593033 -12.799999)
(0 0.670337 -12.82699)
(0 0.1428985 -13.038267)
(0 -0.1567485 -13.022701)
(0 0.047483 -12.831387)
(0 0.044985 -12.575772)
(0 0.038095333 -11.792637)
(0 0.282037 -11.658731)
(0 0.65601 -11.687171)
(0 0.9890835 -11.730912)
(0 0.828812 -11.394132)
(0 0.471448 -11.459035)
(0 0.247168 -11.553928)
(0 0.0004435 -11.238695)
(0 -0.0108445 -11.152277)
(0 0.023517667 -11.133378)
(0 0.047782033 -10.302826)
(0 0.34351985 -10.396994)
(0 0.7785238 -10.255189)
(0 1.0458059 -10.074723)
(0 0.8649102 -10.256487)
(0 0.51054135 -10.099069)
(0 0.36323895 -9.9443336)
(0 0.244902 -9.8470989)
(0 0.15279955 -9.5814364)
(0 0.057584333 -9.3820243)
(0 -0.024682767 -8.6572468)
(0 0.32967465 -8.5279763)
(0 0.9782807 -8.4895866)
(0 0.98778535 -8.5179331)
(0 0.80446625 -8.4200764)
(0 0.78360125 -8.3741308)
(0 0.49913765 -8.2188918)
(0 0.3633407 -8.0751447)
(0 0.4542301 -7.7907402)
(0 0.15645907 -7.6809757)
(0 0.13396233 -6.8481931)
(0 0.51118 -6.7032255)
(0 0.788567 -6.7133468)
(0 1.115316 -6.7461862)
(0 1.0087125 -6.5813351)
(0 0.711726 -6.6121765)
(0 0.66222505 -6.6017574)
(0 0.6730536 -6.3978216)
(0 0.5469686 -6.2356911)
(0 0.1307607 -6.2754557)
(0 0.071962333 -4.979988)
(0 0.464521 -5.1007155)
(0 0.93532 -5.0164675)
(0 1.119797 -4.861566)
(0 0.938476 -5.1078205)
(0 0.763179 -5.0608695)
(0 0.7134925 -5.1305345)
(0 0.729407 -5.0882616)
(0 0.576596 -4.9903666)
(0 0.12994933 -4.9940222)
(0 0.053477333 -3.425549)
(0 0.4747005 -3.2787825)
(0 1.0277165 -3.197546)
(0 1.023963 -3.379078)
(0 0.809409 -3.544969)
(0 0.689012 -3.66501)
(0 0.634833 -3.8234165)
(0 0.8132215 -3.7612815)
(0 0.641208 -3.6764915)
(0 0.12832367 -3.7046325)
(0 0.16980667 -1.5962905)
(0 0.692524 -1.416696)
(0 0.8350245 -1.3930765)
(0 0.772374 -1.8043935)
(0 0.652544 -1.940694)
(0 0.4847315 -2.222552)
(0 0.617221 -2.3082705)
(0 0.876332 -2.2651225)
(0 0.633245 -2.2874185)
(0 0.11118867 -2.3497455)
(0 0.173207 0.140596)
(0 0.6779145 0.1118215)
(0 0.640019 -0.0338495)
(0 0.4763455 -0.216613)
(0 0.3912505 -0.4753495)
(0 0.3214355 -0.640989)
(0 0.5922625 -0.6702915)
(0 0.8340735 -0.7053285)
(0 0.556585 -0.81187)
(0 0.086772333 -0.894848)
(0 0.15062367 1.1964185)
(0 0.5180785 1.222619)
(0 0.50659 1.005406)
(0 0.330874 0.993827)
(0 0.228168 0.889292)
(0 0.2897895 0.8783065)
(0 0.5528815 0.9016375)
(0 0.7347535 0.8310715)
(0 0.4437255 0.6916525)
(0 0.05587 0.609925)
(0 0.190674 2.2912395)
(0 0.486902 2.257469)
(0 0.411227 2.233347)
(0 0.3602315 2.2183185)
(0 0.27573 2.284592)
(0 0.333781 2.355255)
(0 0.5450275 2.427295)
(0 0.6240885 2.3328325)
(0 0.3354385 2.1816265)
(0 0.032287333 2.1405275)
(0 0.12811 3.7542265)
(0 0.460186 3.583622)
(0 0.4674395 3.688714)
(0 0.382119 3.685313)
(0 0.3651045 3.711748)
(0 0.4324925 3.8697245)
(0 0.530459 3.885801)
(0 0.489085 3.7429475)
(0 0.2514205 3.6200385)
(0 0.028470667 3.6459115)
(0 0.076937667 5.060842)
(0 0.4213895 5.112185)
(0 0.512918 5.072436)
(0 0.3832655 5.066244)
(0 0.4601415 5.1239)
(0 0.507834 5.2674592)
(0 0.4182505 5.1844288)
(0 0.358326 5.0570505)
(0 0.2384025 5.0272185)
(0 0.049536 5.089376)
(0 0.16233867 6.4275211)
(0 0.47178 6.5387098)
(0 0.4214985 6.4248696)
(0 0.433583 6.4128345)
(0 0.56631975 6.5642933)
(0 0.4930213 6.5949746)
(0 0.3200503 6.5105748)
(0 0.33187465 6.4689829)
(0 0.28374595 6.502167)
(0 0.069909033 6.5233357)
(0 0.15106343 7.9908998)
(0 0.41873795 7.8538746)
(0 0.3870427 7.9120124)
(0 0.52268925 7.9999497)
(0 0.6422816 8.0616178)
(0 0.4541155 8.0244153)
(0 0.29225885 8.0398741)
(0 0.3499182 8.0210117)
(0 0.29275532 8.0184636)
(0 0.063648483 8.0062016)
(0 0.0709885 9.3189669)
(0 0.39289255 9.2561737)
(0 0.5675736 9.4611149)
(0 0.58318845 9.6479695)
(0 0.59078535 9.6412497)
(0 0.4712775 9.604423)
(0 0.31664675 9.6844232)
(0 0.31046425 9.7121316)
(0 0.26893575 9.7044175)
(0 0.0617343 9.6491553)
(0 0.10920133 10.675235)
(0 0.560886 10.756289)
(0 0.7788385 11.072254)
(0 0.702824 11.239483)
(0 0.598735 11.253138)
(0 0.497289 11.312544)
(0 0.3999675 11.433408)
(0 0.3699125 11.508579)
(0 0.229779 11.425664)
(0 0.026807 11.307713)
(0 0.12502467 12.338175)
(0 0.789912 12.467888)
(0 1.0507675 12.735133)
(0 0.764072 12.877035)
(0 0.663847 12.858814)
(0 0.6515475 12.889434)
(0 0.5126815 12.97447)
(0 0.302721 13.008052)
(0 0.0680695 12.718606)
(0 -0.0169 12.571665)
(0 0.19567667 14.689256)
(0 0.9578445 14.606742)
(0 1.187986 14.693086)
(0 0.826505 14.939786)
(0 0.611134 14.919965)
(0 0.6129445 15.132939)
(0 0.518586 15.558195)
(0 0.114049 15.442035)
(0 -0.2066085 15.126789)
(0 -0.071153667 14.838023)
)
;
    }
    block1_wall2
    {
        type            extrapolatedCalculated;
        value           nonuniform List<vector> 
200
(
(-0.084891333 0 -13.818419)
(-0.046009 0 -12.575772)
(-0.019686333 0 -11.133378)
(-0.0377022 0 -9.3820243)
(-0.064823467 0 -7.6809757)
(-0.10451113 0 -6.2754557)
(-0.11959233 0 -4.9940222)
(-0.13461333 0 -3.7046325)
(-0.151818 0 -2.3497455)
(-0.165658 0 -0.894848)
(-0.187114 0 0.609925)
(-0.19659033 0 2.1405275)
(-0.19445167 0 3.6459115)
(-0.19262967 0 5.089376)
(-0.17530797 0 6.5233357)
(-0.18522305 0 8.0062016)
(-0.1276341 0 9.6491553)
(-0.071018 0 11.307713)
(-0.024332667 0 12.571665)
(0.154445 0 14.838023)
(-0.075363 0 -14.408225)
(-0.0621615 0 -12.477964)
(-0.083694 0 -11.120918)
(-0.10747625 0 -9.44973)
(-0.19893105 0 -7.7811891)
(-0.3144254 0 -6.357609)
(-0.3766995 0 -5.0391754)
(-0.4558555 0 -3.752971)
(-0.5439665 0 -2.3963125)
(-0.6181265 0 -0.947792)
(-0.701731 0 0.5635265)
(-0.7347425 0 2.129521)
(-0.713616 0 3.6518525)
(-0.638286 0 5.1180915)
(-0.56703625 0 6.5344457)
(-0.46379452 0 8.0777124)
(-0.23484805 0 9.8204628)
(-0.051151 0 11.462665)
(-0.1405575 0 12.90986)
(0.4196935 0 14.589903)
(-0.0529925 0 -14.67575)
(-0.071488 0 -12.584103)
(-0.0568085 0 -11.178693)
(-0.01891475 0 -9.4972614)
(-0.1361277 0 -7.8879248)
(-0.2410759 0 -6.4532241)
(-0.3458765 0 -5.1354522)
(-0.497414 0 -3.8718995)
(-0.620599 0 -2.5120165)
(-0.702076 0 -1.0526125)
(-0.767294 0 0.493309)
(-0.776659 0 2.1286425)
(-0.7105115 0 3.742368)
(-0.6127315 0 5.2359558)
(-0.548923 0 6.6978272)
(-0.2960237 0 8.3383898)
(-0.0935354 0 10.061799)
(0.008411 0 11.402004)
(0.032517 0 13.04251)
(0.152899 0 14.630181)
(-0.223977 0 -14.681003)
(-0.1613855 0 -12.48178)
(-0.0187905 0 -11.068345)
(0.0090494 0 -9.5290492)
(-0.07627205 0 -8.0033502)
(-0.1759198 0 -6.5673578)
(-0.3066715 0 -5.2955135)
(-0.450381 0 -4.0276935)
(-0.4893925 0 -2.6009745)
(-0.484526 0 -1.094487)
(-0.489128 0 0.4889435)
(-0.494513 0 2.1863035)
(-0.4899905 0 3.81578)
(-0.5269285 0 5.27968)
(-0.4315577 0 6.8511535)
(-0.32239355 0 8.5331)
(-0.18565925 0 10.124898)
(-0.2050015 0 11.588718)
(-0.078933 0 13.054347)
(-0.3816405 0 14.566001)
(-0.293938 0 -14.172886)
(-0.209517 0 -12.378916)
(-0.114257 0 -11.008258)
(-0.1572006 0 -9.5547429)
(-0.20052485 0 -8.072894)
(-0.2896441 0 -6.6836236)
(-0.359048 0 -5.4099135)
(-0.362669 0 -4.0546205)
(-0.287265 0 -2.5461615)
(-0.2310005 0 -1.052348)
(-0.2643715 0 0.483322)
(-0.383888 0 2.12778)
(-0.481382 0 3.7099525)
(-0.485222 0 5.2943885)
(-0.42350555 0 6.9023622)
(-0.5179279 0 8.5842882)
(-0.4593826 0 10.179191)
(-0.437089 0 11.50873)
(-0.6639125 0 12.86587)
(-0.5594105 0 14.893792)
(-0.342263 0 -14.036738)
(-0.299598 0 -12.302099)
(-0.255327 0 -11.016028)
(-0.24747165 0 -9.615317)
(-0.3154318 0 -8.1357937)
(-0.35207295 0 -6.7258809)
(-0.355946 0 -5.3685384)
(-0.3113755 0 -3.9559105)
(-0.239066 0 -2.469306)
(-0.2285295 0 -1.0715935)
(-0.342569 0 0.336056)
(-0.454015 0 1.969293)
(-0.502777 0 3.714446)
(-0.548997 0 5.3375565)
(-0.67108905 0 6.8184476)
(-0.6596878 0 8.4972229)
(-0.90932185 0 10.205736)
(-0.916171 0 11.384188)
(-0.6411215 0 12.932026)
(-0.37382 0 15.115598)
(-0.4770955 0 -14.17897)
(-0.4511425 0 -12.29198)
(-0.36304 0 -10.956132)
(-0.2035123 0 -9.6148477)
(-0.21967305 0 -8.1774953)
(-0.23481335 0 -6.7241378)
(-0.269402 0 -5.369216)
(-0.292825 0 -3.9377405)
(-0.266919 0 -2.4633155)
(-0.236236 0 -1.155851)
(-0.315099 0 0.2578365)
(-0.4538625 0 1.967572)
(-0.5262125 0 3.6149705)
(-0.6020365 0 5.1260765)
(-0.7768205 0 6.7916714)
(-0.9356665 0 8.3460554)
(-1.08975 0 9.9227076)
(-1.062402 0 11.77693)
(-0.68864 0 13.408222)
(-0.674424 0 15.149461)
(-0.8949985 0 -13.913904)
(-0.642451 0 -12.188044)
(-0.3308455 0 -10.768398)
(-0.1291452 0 -9.4719501)
(-0.05291715 0 -8.1670948)
(-0.1497256 0 -6.7756099)
(-0.229381 0 -5.4265501)
(-0.1538035 0 -3.9534275)
(-0.1067235 0 -2.412717)
(-0.17917 0 -1.1197735)
(-0.230451 0 0.1184295)
(-0.295132 0 1.7581795)
(-0.3597705 0 3.566272)
(-0.397767 0 5.0869485)
(-0.5265755 0 6.4848176)
(-0.88495335 0 8.1842934)
(-0.6985802 0 10.079001)
(-0.584253 0 11.785298)
(-0.7318475 0 13.320004)
(-1.0932665 0 15.413421)
(-0.9162285 0 -13.855462)
(-0.5000885 0 -11.727827)
(-0.175435 0 -10.442826)
(-0.07966755 0 -9.3369194)
(-0.1494705 0 -8.1980757)
(-0.16610775 0 -6.9006016)
(-0.0616315 0 -5.3732939)
(-0.0849415 0 -3.815083)
(-0.107584 0 -2.488682)
(-0.110831 0 -1.2795785)
(-0.19795 0 0.1418745)
(-0.1027965 0 1.8382525)
(0.005013 0 3.5123355)
(-0.1838445 0 4.9592715)
(-0.4160385 0 6.304485)
(-0.1934981 0 8.1740507)
(-0.2502134 0 10.223408)
(-0.1865135 0 11.743663)
(-0.107855 0 12.899208)
(-0.5978405 0 15.33044)
(-0.22066 0 -14.056534)
(-0.090435667 0 -11.44725)
(-0.033608667 0 -10.347977)
(-0.0272032 0 -9.4459856)
(-0.1063195 0 -8.253535)
(-0.064176033 0 -6.6877709)
(0.035567667 0 -5.3453838)
(-0.045569333 0 -3.99938)
(-0.087297 0 -2.4386065)
(-0.012185667 0 -1.2101395)
(-0.041004333 0 0.126464)
(-0.022459333 0 1.9611425)
(0.040922333 0 3.485224)
(-0.040533667 0 4.665897)
(-0.15466067 0 6.475164)
(0.0732523 0 8.3501185)
(-0.037282167 0 10.085986)
(-0.018362667 0 11.927656)
(0.08538 0 12.908677)
(-0.01205 0 14.877829)
)
;
    }
    block1_wall3
    {
        type            extrapolatedCalculated;
        value           nonuniform List<vector> 
200
(
(0 -0.084891 -13.818419)
(0 -0.075363 -14.408224)
(0 -0.0529925 -14.67575)
(0 -0.2239765 -14.681003)
(0 -0.293938 -14.172886)
(0 -0.342263 -14.036738)
(0 -0.4770955 -14.17897)
(0 -0.8949985 -13.913904)
(0 -0.9162285 -13.855462)
(0 -0.22066 -14.056534)
(0 -0.046009333 -12.575771)
(0 -0.0621615 -12.477965)
(0 -0.0714875 -12.584102)
(0 -0.1613855 -12.48178)
(0 -0.209517 -12.378916)
(0 -0.299598 -12.302099)
(0 -0.4511425 -12.29198)
(0 -0.642451 -12.188044)
(0 -0.5000885 -11.727827)
(0 -0.090435667 -11.44725)
(0 -0.019686667 -11.133378)
(0 -0.083694 -11.120917)
(0 -0.056808 -11.178693)
(0 -0.0187905 -11.068345)
(0 -0.114257 -11.008258)
(0 -0.255327 -11.016028)
(0 -0.36304 -10.956132)
(0 -0.3308455 -10.768398)
(0 -0.175435 -10.442826)
(0 -0.033608667 -10.347977)
(0 -0.037702167 -9.3820243)
(0 -0.10747625 -9.4497295)
(0 -0.01891475 -9.4972613)
(0 0.00904945 -9.5290491)
(0 -0.1572006 -9.5547429)
(0 -0.2474716 -9.615317)
(0 -0.2035122 -9.6148477)
(0 -0.1291452 -9.47195)
(0 -0.07966765 -9.3369193)
(0 -0.027203233 -9.4459856)
(0 -0.064823447 -7.6809755)
(0 -0.19893097 -7.7811889)
(0 -0.13612765 -7.8879246)
(0 -0.0762721 -8.00335)
(0 -0.20052485 -8.0728939)
(0 -0.3154318 -8.1357936)
(0 -0.21967305 -8.1774953)
(0 -0.05291715 -8.1670948)
(0 -0.1494706 -8.1980758)
(0 -0.10631953 -8.253535)
(0 -0.1045111 -6.2754552)
(0 -0.31442535 -6.357609)
(0 -0.24107585 -6.4532237)
(0 -0.1759198 -6.5673574)
(0 -0.2896442 -6.6836231)
(0 -0.352073 -6.7258805)
(0 -0.2348134 -6.7241378)
(0 -0.1497257 -6.77561)
(0 -0.1661078 -6.9006017)
(0 -0.064176033 -6.6877709)
(0 -0.11959267 -4.9940223)
(0 -0.3766995 -5.0391751)
(0 -0.345876 -5.1354519)
(0 -0.3066715 -5.2955138)
(0 -0.359048 -5.4099131)
(0 -0.3559465 -5.3685386)
(0 -0.2694025 -5.3692161)
(0 -0.229381 -5.4265497)
(0 -0.0616315 -5.3732939)
(0 0.035567667 -5.3453838)
(0 -0.134613 -3.7046325)
(0 -0.455855 -3.752971)
(0 -0.4974145 -3.8719)
(0 -0.450381 -4.027694)
(0 -0.362669 -4.0546205)
(0 -0.311376 -3.955911)
(0 -0.2928245 -3.9377405)
(0 -0.1538035 -3.9534275)
(0 -0.084942 -3.815083)
(0 -0.045569333 -3.99938)
(0 -0.15181833 -2.349745)
(0 -0.543967 -2.396313)
(0 -0.620599 -2.5120165)
(0 -0.489392 -2.6009745)
(0 -0.287265 -2.546162)
(0 -0.2390665 -2.469306)
(0 -0.266919 -2.4633155)
(0 -0.1067235 -2.4127175)
(0 -0.107584 -2.488682)
(0 -0.087297 -2.4386065)
(0 -0.16565833 -0.8948485)
(0 -0.6181265 -0.947792)
(0 -0.702076 -1.0526125)
(0 -0.4845265 -1.094487)
(0 -0.2310005 -1.0523485)
(0 -0.2285295 -1.0715935)
(0 -0.236236 -1.1558505)
(0 -0.17917 -1.1197735)
(0 -0.110831 -1.2795785)
(0 -0.012185667 -1.2101395)
(0 -0.187114 0.609925)
(0 -0.701731 0.5635265)
(0 -0.767294 0.493309)
(0 -0.489128 0.4889435)
(0 -0.2643715 0.4833225)
(0 -0.3425685 0.336056)
(0 -0.315099 0.2578365)
(0 -0.2304515 0.1184295)
(0 -0.19795 0.1418745)
(0 -0.041004333 0.126464)
(0 -0.19659067 2.1405275)
(0 -0.7347425 2.129521)
(0 -0.776659 2.1286425)
(0 -0.494513 2.1863035)
(0 -0.383888 2.12778)
(0 -0.4540155 1.969293)
(0 -0.4538625 1.9675715)
(0 -0.295132 1.7581795)
(0 -0.1027965 1.838253)
(0 -0.022459333 1.9611425)
(0 -0.19445167 3.6459115)
(0 -0.713616 3.651853)
(0 -0.7105115 3.742368)
(0 -0.4899905 3.8157805)
(0 -0.481382 3.709952)
(0 -0.502777 3.714446)
(0 -0.5262125 3.6149705)
(0 -0.35977 3.566272)
(0 0.005013 3.5123355)
(0 0.040922 3.485224)
(0 -0.19262967 5.089376)
(0 -0.638286 5.1180916)
(0 -0.6127315 5.2359558)
(0 -0.526929 5.2796802)
(0 -0.4852225 5.2943887)
(0 -0.548997 5.3375565)
(0 -0.6020365 5.126077)
(0 -0.397767 5.0869485)
(0 -0.1838445 4.959271)
(0 -0.040533667 4.665897)
(0 -0.17530797 6.5233353)
(0 -0.5670362 6.5344453)
(0 -0.54892295 6.6978268)
(0 -0.4315577 6.851153)
(0 -0.42350565 6.9023622)
(0 -0.67108865 6.8184476)
(0 -0.7768205 6.7916714)
(0 -0.526576 6.4848176)
(0 -0.4160385 6.304485)
(0 -0.15466067 6.475164)
(0 -0.18522304 8.0062016)
(0 -0.46379455 8.0777123)
(0 -0.29602375 8.3383896)
(0 -0.32239355 8.5330998)
(0 -0.51792795 8.5842881)
(0 -0.6596878 8.4972229)
(0 -0.9356665 8.3460549)
(0 -0.8849534 8.1842934)
(0 -0.1934981 8.1740507)
(0 0.0732523 8.3501185)
(0 -0.1276341 9.6491552)
(0 -0.23484815 9.8204622)
(0 -0.09353545 10.061799)
(0 -0.1856592 10.124898)
(0 -0.45938255 10.179191)
(0 -0.9093218 10.205736)
(0 -1.0897501 9.9227076)
(0 -0.69858025 10.079001)
(0 -0.2502134 10.223408)
(0 -0.037282167 10.085986)
(0 -0.071018333 11.307713)
(0 -0.051151 11.462665)
(0 0.0084115 11.402004)
(0 -0.2050015 11.588718)
(0 -0.437089 11.50873)
(0 -0.916171 11.384188)
(0 -1.062402 11.77693)
(0 -0.584253 11.785298)
(0 -0.1865135 11.743663)
(0 -0.018362667 11.927656)
(0 -0.024332667 12.571664)
(0 -0.1405575 12.90986)
(0 0.032517 13.04251)
(0 -0.078933 13.054347)
(0 -0.6639125 12.86587)
(0 -0.6411215 12.932026)
(0 -0.68864 13.408221)
(0 -0.7318475 13.320004)
(0 -0.107855 12.899208)
(0 0.08538 12.908677)
(0 0.15444533 14.838024)
(0 0.419694 14.589903)
(0 0.152899 14.63018)
(0 -0.3816405 14.565999)
(0 -0.5594105 14.893792)
(0 -0.37382 15.115598)
(0 -0.674424 15.149461)
(0 -1.0932665 15.413421)
(0 -0.5978405 15.33044)
(0 -0.01205 14.877829)
)
;
    }
    block1_wall4
    {
        type            extrapolatedCalculated;
        value           nonuniform List<vector> 
200
(
(0.060399333 0 -14.813017)
(-0.041489 0 -12.53553)
(0.038095333 0 -11.792637)
(0.047782033 0 -10.302826)
(-0.024682767 0 -8.6572468)
(0.13396267 0 -6.8481931)
(0.071962 0 -4.979988)
(0.053477333 0 -3.425549)
(0.16980667 0 -1.5962905)
(0.173207 0 0.140596)
(0.15062367 0 1.1964185)
(0.190674 0 2.2912395)
(0.12811 0 3.7542265)
(0.076937667 0 5.060842)
(0.16233867 0 6.4275211)
(0.15106347 0 7.9908998)
(0.070988533 0 9.3189669)
(0.10920133 0 10.675235)
(0.12502467 0 12.338175)
(0.19567667 0 14.689256)
(0.76986 0 -15.05811)
(0.238054 0 -12.568986)
(0.282037 0 -11.658731)
(0.3435199 0 -10.396993)
(0.32967465 0 -8.5279758)
(0.51118 0 -6.703226)
(0.464521 0 -5.100716)
(0.4747005 0 -3.278782)
(0.692524 0 -1.416696)
(0.6779145 0 0.1118215)
(0.5180785 0 1.222619)
(0.486902 0 2.257469)
(0.4601865 0 3.583622)
(0.4213895 0 5.112185)
(0.47178 0 6.5387098)
(0.418738 0 7.8538747)
(0.3928926 0 9.2561737)
(0.560886 0 10.756289)
(0.7899125 0 12.467888)
(0.9578445 0 14.606742)
(1.216386 0 -15.018089)
(0.8507055 0 -13.023353)
(0.65601 0 -11.687171)
(0.77852385 0 -10.255189)
(0.97828075 0 -8.4895867)
(0.7885665 0 -6.7133468)
(0.9353205 0 -5.0164675)
(1.0277165 0 -3.197546)
(0.8350245 0 -1.3930765)
(0.640019 0 -0.0338495)
(0.5065905 0 1.005406)
(0.411227 0 2.2333475)
(0.4674395 0 3.688714)
(0.512918 0 5.0724355)
(0.4214985 0 6.4248696)
(0.38704275 0 7.9120125)
(0.5675737 0 9.4611149)
(0.7788385 0 11.072255)
(1.0507675 0 12.735133)
(1.187986 0 14.693086)
(0.7657285 0 -14.745495)
(0.7527665 0 -13.129362)
(0.9890835 0 -11.730912)
(1.0458058 0 -10.074723)
(0.9877854 0 -8.5179331)
(1.1153165 0 -6.7461863)
(1.119797 0 -4.861566)
(1.0239635 0 -3.379078)
(0.7723745 0 -1.8043935)
(0.4763455 0 -0.2166125)
(0.330874 0 0.993827)
(0.360232 0 2.218318)
(0.3821185 0 3.685313)
(0.3832655 0 5.066244)
(0.4335832 0 6.4128346)
(0.52268935 0 7.9999498)
(0.58318855 0 9.6479694)
(0.7028245 0 11.239483)
(0.7640715 0 12.877035)
(0.8265045 0 14.939786)
(0.52644 0 -14.609938)
(0.593033 0 -12.799998)
(0.828812 0 -11.394132)
(0.86491015 0 -10.256487)
(0.8044663 0 -8.420076)
(1.0087125 0 -6.5813352)
(0.938476 0 -5.1078205)
(0.809409 0 -3.5449685)
(0.652544 0 -1.9406945)
(0.3912505 0 -0.47535)
(0.2281675 0 0.8892925)
(0.27573 0 2.284592)
(0.3651045 0 3.7117475)
(0.4601415 0 5.1239002)
(0.56632 0 6.5642935)
(0.64228175 0 8.0616178)
(0.5907854 0 9.64125)
(0.598735 0 11.253138)
(0.663847 0 12.858813)
(0.611134 0 14.919966)
(0.7097165 0 -14.367247)
(0.670337 0 -12.82699)
(0.471448 0 -11.459035)
(0.51054135 0 -10.099068)
(0.7836013 0 -8.3741308)
(0.71172565 0 -6.6121766)
(0.763179 0 -5.0608695)
(0.6890115 0 -3.66501)
(0.484731 0 -2.222552)
(0.3214355 0 -0.640989)
(0.28979 0 0.8783065)
(0.3337805 0 2.355255)
(0.4324925 0 3.8697245)
(0.507834 0 5.2674595)
(0.4930214 0 6.5949748)
(0.45411555 0 8.0244152)
(0.47127745 0 9.6044227)
(0.4972885 0 11.312544)
(0.6515475 0 12.889434)
(0.6129445 0 15.132937)
(0.4428785 0 -14.040235)
(0.1428985 0 -13.038266)
(0.247168 0 -11.553928)
(0.363239 0 -9.9443335)
(0.49913765 0 -8.2188917)
(0.6622252 0 -6.6017575)
(0.7134925 0 -5.1305346)
(0.634833 0 -3.8234165)
(0.6172215 0 -2.3082705)
(0.592263 0 -0.670291)
(0.5528815 0 0.9016375)
(0.5450275 0 2.4272945)
(0.530459 0 3.885801)
(0.4182505 0 5.1844291)
(0.32005025 0 6.510575)
(0.29225885 0 8.0398739)
(0.3166467 0 9.684423)
(0.3999675 0 11.433408)
(0.5126815 0 12.974469)
(0.518586 0 15.558196)
(-0.2064365 0 -14.119454)
(-0.1567485 0 -13.022701)
(0.0004435 0 -11.238695)
(0.2449019 0 -9.8470988)
(0.36334065 0 -8.0751446)
(0.67305355 0 -6.3978217)
(0.729407 0 -5.0882617)
(0.8132215 0 -3.761281)
(0.876332 0 -2.265122)
(0.8340735 0 -0.705329)
(0.7347535 0 0.831071)
(0.6240885 0 2.3328325)
(0.489085 0 3.7429475)
(0.358326 0 5.0570507)
(0.33187455 0 6.4689832)
(0.34991813 0 8.0210117)
(0.31046425 0 9.7121313)
(0.369913 0 11.508579)
(0.302721 0 13.008053)
(0.1140495 0 15.442035)
(-0.457774 0 -13.97712)
(0.047483 0 -12.831387)
(-0.0108445 0 -11.152277)
(0.15279945 0 -9.5814364)
(0.45423002 0 -7.7907401)
(0.54696855 0 -6.2356912)
(0.5765965 0 -4.9903667)
(0.641208 0 -3.6764915)
(0.633245 0 -2.2874185)
(0.556585 0 -0.8118695)
(0.4437255 0 0.6916525)
(0.335439 0 2.181626)
(0.2514205 0 3.6200385)
(0.238403 0 5.0272186)
(0.2837458 0 6.5021671)
(0.29275516 0 8.0184635)
(0.26893565 0 9.7044179)
(0.229779 0 11.425664)
(0.0680695 0 12.718606)
(-0.206609 0 15.126789)
(-0.14689267 0 -13.818419)
(0.044985 0 -12.575771)
(0.023517667 0 -11.133378)
(0.057584333 0 -9.3820243)
(0.15645905 0 -7.6809755)
(0.1307607 0 -6.2754552)
(0.12994967 0 -4.9940223)
(0.12832367 0 -3.7046325)
(0.111189 0 -2.349745)
(0.086772667 0 -0.8948485)
(0.055869667 0 0.609925)
(0.032287667 0 2.1405275)
(0.028470667 0 3.6459115)
(0.049536333 0 5.089376)
(0.069908933 0 6.5233353)
(0.06364845 0 8.0062016)
(0.061734267 0 9.6491552)
(0.026806667 0 11.307713)
(-0.0169 0 12.571664)
(-0.071154 0 14.838024)
)
;
    }
}


// ************************************************************************* //
