/*--------------------------------*- C++ -*----------------------------------*\
| =========                 |                                                 |
| \\      /  F ield         | OpenFOAM: The Open Source CFD Toolbox           |
|  \\    /   O peration     | Version:  v2106                                 |
|   \\  /    A nd           | Website:  www.openfoam.com                      |
|    \\/     M anipulation  |                                                 |
\*---------------------------------------------------------------------------*/
FoamFile
{
    version     2.0;
    format      ascii;
    arch        "LSB;label=32;scalar=64";
    class       volScalarField;
    location    "0";
    object      lapTmode3;
}
// * * * * * * * * * * * * * * * * * * * * * * * * * * * * * * * * * * * * * //

dimensions      [0 -2 0 1 0 0 0];

internalField   nonuniform List<scalar> 
2000
(
3519.9
5116.912
2173.627
1079.823
1376.996
1373.901
-629.126
-783.74
27.049
1111.683
5116.912
2421.483
1405.357
1630.592
3231.321
2825.63
1580.695
1342.789
2703.689
2731.9
2173.627
1405.357
47.227
680.172
1140.085
-300.823
27.593
-436.349
1468.742
2541.438
1079.824
1630.593
680.172
2299.619
1338.662
412.192
-956.724
-1278.279
1206.631
3024.631
1376.992
3231.315
1140.086
1338.662
2246.037
2286.182
1248.151
1954.681
2202.673
1974.148
1373.896
2825.632
-300.823
412.192
2286.182
3382.767
1956.877
1522.546
1681.178
2125.672
-629.123
1580.695
27.593
-956.724
1248.152
1956.877
-1149.937
-1116.461
1067.507
2202.094
-783.74
1342.789
-436.349
-1278.277
1954.675
1522.547
-1116.461
-300.975
1287.283
1588.018
27.05
2703.689
1468.745
1206.632
2202.667
1681.179
1067.507
1287.283
3421.427
3173.991
1111.68
2731.905
2541.434
3024.632
1974.149
2125.672
2202.094
1588.018
3173.991
4305.835
96.034
2109.435
2556.752
711.859
2944.433
1586.3
988.752
3104.045
2197.321
978.075
2109.435
981.494
1501.619
1807.385
-60.996
1447.368
956.86
163.1
1647.042
1499.471
2556.752
1501.619
1132.323
1379.973
1514.416
1078.793
647.956
1454.157
1648.232
1159.077
711.859
1807.385
1379.973
514.124
3016.475
1429.968
206.112
1902.529
1974.976
1381.095
2944.434
-60.995
1514.416
3016.475
1605.919
1134.378
1641.642
1878.605
1301.97
1419.562
1586.301
1447.368
1078.793
1429.968
1134.378
1513.562
461.576
1220.99
1730.726
1380.68
988.752
956.86
647.956
206.113
1641.642
461.576
559.869
1898.248
1270.795
1463.445
3104.045
163.1
1454.158
1902.523
1878.607
1220.99
1898.248
1312.855
1213.876
1691.407
2197.321
1647.043
1648.232
1974.978
1301.972
1730.726
1270.795
1213.876
1842.818
2360.764
978.077
1499.467
1159.079
1381.095
1419.562
1380.68
1463.445
1691.407
2360.764
1785.348
1369.3895
1134.7956
2010.0183
2239.6143
179.693
1378.0286
1024.6327
871.3586
1793.2785
1504.1145
1134.7956
4104.4086
861.0901
764.5241
2290.6897
-832.5149
1084.3858
2576.2443
793.5445
1603.31
2010.0182
861.0901
2448.9527
1430.597
516.3552
1492.9494
1623.4477
676.5301
1026.4879
1908.227
2239.6142
764.524
1430.597
1632.839
1649.1296
1097.7907
1418.3093
2167.7171
1918.3848
1437.5055
179.6929
2290.6896
516.3552
1649.1296
1863.5544
511.816
1507.4015
1872.5337
793.4477
1283.7659
1378.0286
-832.515
1492.9494
1097.7907
511.816
155.3023
1100.3851
1063.4778
1289.8157
1194.1473
1024.6326
1084.3857
1623.4477
1418.3092
1507.4015
1100.3851
1106.5306
1061.4005
1205.6224
1356.9837
871.3585
2576.2443
676.5302
2167.7191
1872.5347
1063.4778
1061.4006
1412.0252
1174.57
1834.6419
1793.2786
793.5456
1026.4889
1918.3798
793.4428
1289.8168
1205.6224
1174.57
1998.2436
1371.7843
1504.1156
1603.306
1908.2281
1437.5065
1283.7669
1194.1473
1356.9836
1834.6417
1371.7842
1157.4636
2125.4965
2136.8984
2366.6361
2116.8714
1141.47
1235.2589
1958.0225
1409.0069
1839.9424
1583.1209
2136.8983
2384.642
2782.2827
1183.3765
929.9066
1837.2786
1435.9979
1239.7286
1147.8104
1918.7561
2366.6365
2782.2825
2086.0391
2341.554
1684.8635
2081.7407
1685.6512
1345.1882
2092.3737
1805.2739
2116.8715
1183.3768
2341.5538
1515.4798
1269.0953
1598.8732
2098.2029
2514.4163
1863.6244
1139.687
1141.4702
929.9068
1684.8633
1269.0952
1118.1877
1319.3475
2001.3792
1739.7169
964.3086
1152.1563
1235.2584
1837.2788
2081.7404
1598.873
1319.3474
1399.5516
1582.5688
1534.7669
1450.2188
1472.2829
1958.0226
1435.9982
1685.651
2098.2033
2001.379
1582.5687
1533.126
1880.1571
2284.7646
1202.4938
1409.0072
1239.7285
1345.1874
2514.4162
1739.717
1534.7671
1880.1565
2862.6046
1079.0574
1314.6445
1839.9419
1147.8098
2092.3739
1863.6254
964.3089
1450.2182
2284.7647
1079.0572
702.0226
1225.687
1583.1206
1918.7573
1805.2732
1139.6869
1152.1563
1472.2827
1202.494
1314.6451
1225.6872
1011.3909
1304.2583
3237.4177
2593.8094
910.8518
2551.793
1737.9622
951.2514
2276.9757
2169.812
869.26964
3237.4167
2567.9876
2380.6944
2432.3476
1331.1514
1799.1205
1843.8494
1366.3181
667.59248
1444.2714
2593.8092
2380.6943
2532.6552
1916.6197
1727.5906
2150.7046
2096.8972
1287.4206
1398.6426
1480.4809
910.852
2432.3478
1916.6201
278.0534
2019.2186
1895.2434
1779.7836
2043.0802
1528.5388
1200.6828
2551.792
1331.1514
1727.5897
2019.219
1458.6352
1391.0877
2074.5427
1896.1693
1130.2482
960.7172
1737.9627
1799.1208
2150.7053
1895.2434
1391.0881
1893.7715
2143.7481
1859.1392
1268.0759
1256.5087
951.2515
1843.849
2096.8969
1779.7841
2074.5427
2143.7485
1916.3443
2021.3306
1727.0323
1568.1356
2276.9759
1366.3178
1287.4213
2043.08
1896.1687
1859.1389
2021.3307
2101.7406
906.7963
1636.4346
2169.812
667.59272
1398.6423
1528.5385
1130.2489
1268.0761
1727.032
906.7959
1374.1381
844.3386
869.2695
1444.2712
1480.4813
1200.683
960.7168
1256.5092
1568.1354
1636.4351
844.3388
2174.6468
2969.5273
1717.447
2369.5016
2916.5975
909.1424
1606.7882
1649.647
1646.9535
982.01
572.10804
1717.453
3994.9882
1891.4136
1231.544
2028.3532
1186.984
1515.8123
610.8177
169.31982
1359.3302
2369.5006
1891.4136
2162.6461
1763.583
1355.569
1884.1657
1823.7118
805.6988
1110.8771
1422.6791
2916.5964
1231.5429
1763.5819
1325.1586
1789.5796
1551.7326
1749.1271
1811.9772
1441.0548
1012.5201
909.1473
2028.3499
1355.5749
1789.5785
1217.1049
1645.7789
2074.9688
1750.9464
838.5916
861.0655
1606.7865
1186.9847
1884.1641
1551.7323
1645.7776
1939.4919
1846.0966
1363.136
1276.6882
1320.5834
1649.6477
1515.813
1823.7122
1749.1274
2074.9694
1846.0968
1341.1398
1936.4366
1554.6906
1425.2917
1646.954
610.8183
805.6987
1811.977
1750.9467
1363.1352
1936.4364
1545.8027
1060.4268
1401.7201
982.0101
169.31938
1110.8777
1441.0552
838.5923
1276.687
1554.6907
1060.4278
1616.4959
1427.3968
572.1073
1359.3308
1422.6784
1012.52
861.065
1320.5826
1425.2922
1401.72
1427.3966
1979.8546
2002.431
2486.937
2378.51
1743.855
1291.058
1469.031
1062.9233
1393.2374
960.0344
536.3155
2486.931
2098.492
2639.811
1511.443
1187.424
811.7838
1615.4861
660.8284
64.1928
1264.3542
2378.511
2639.81
2491.408
1550.272
1443.352
1730.643
1774.6915
813.8844
871.2659
1267.4438
1743.854
1511.448
1550.271
1506.058
1479.906
1467.423
1717.0665
1570.8696
1347.5938
881.0575
1291.055
1187.429
1443.35
1479.906
1352.07
1371.92
1793.6943
1820.5721
829.1956
949.6412
1469.031
811.7826
1730.643
1467.422
1371.926
1538.606
1843.8559
1347.6635
1056.6444
1340.6501
1062.923
1615.4858
1774.6913
1717.0653
1793.6931
1843.8548
1137.967
1524.4329
1187.0146
1372.0972
1393.2371
660.8271
813.8822
1570.8753
1820.5689
1347.6684
1524.4319
1290.0778
1710.0326
1331.7063
960.0322
64.1975
871.2636
1347.5915
829.1923
1056.6483
1187.0135
1710.0324
999.1254
2165.3388
536.3193
1264.3499
1267.4465
881.0601
949.6429
1340.6529
1372.096
1331.7052
2165.3388
876.5697
1859.084
2778.197
2789.364
944.451
1863.732
942.257
1427.157
1747.22
860.086
505.027
2778.198
3599.235
2146.632
1940.705
1017.869
1218.534
1918.082
796.604
-81.154
1234.315
2789.364
2146.632
1986.316
1715.43
1613.766
1707.081
2103.331
688.251
617.702
1316.21
944.45
1940.704
1715.43
1625.777
1541.664
1689.096
1759.915
1510.902
1411.214
1253.282
1863.736
1017.867
1613.766
1541.664
1464.347
1477.233
1951.251
1933.886
1020.715
1534.325
942.256
1218.533
1707.081
1689.095
1477.232
1702.267
1704.479
1247.485
1239.128
1490.449
1427.157
1918.082
2103.33
1759.915
1951.25
1704.479
918.373
1740.518
1517.714
1588.745
1747.219
796.602
688.257
1510.899
1933.89
1247.482
1740.518
2023.49
1535.953
1942.3
860.085
-81.15
617.699
1411.212
1020.719
1239.126
1517.714
1535.952
1583.356
1430.266
505.024
1234.318
1316.213
1253.279
1534.327
1490.447
1588.744
1942.305
1430.265
1875.448
3139.137
2463.158
1979.509
2042.376
1477.977
1365.771
1994.907
1833.028
847.842
626.916
2463.158
3337.406
1534.944
1357.203
1393.538
1616.656
2147.804
882.922
-82.059
1380.313
1979.509
1534.944
984.588
1846.657
1460.862
1914.888
2268.397
477.206
713.938
1607.697
2042.375
1357.203
1846.657
1543.356
1712.447
1903.34
1704.846
1753.478
1758.831
1691.217
1477.981
1393.536
1460.862
1712.446
1636.278
1522.097
2092.973
2006.589
1207.173
1715.968
1365.769
1616.662
1914.886
1903.346
1522.096
1621.868
1547.649
1110.962
1313.383
1416.149
1994.906
2147.803
2268.397
1704.845
2092.972
1547.648
1032.426
1752.286
1492.62
1469.15
1833.032
882.921
477.204
1753.476
2006.593
1110.967
1752.285
1737.939
962.701
1988.47
847.84
-82.06
713.937
1758.836
1207.169
1313.382
1492.62
962.701
2163.414
796.796
626.919
1380.311
1607.695
1691.215
1715.972
1416.148
1469.15
1988.469
796.796
2043.297
2392.718
2271.824
1098.071
1906.542
1259.834
1749.055
2099.943
1809.76
927.802
736.562
2271.824
527.24
1119.783
474.297
1342.905
1523.555
2052.587
726.639
-180.176
1472.383
1098.071
1119.782
25.293
1519.325
1096.689
1695.201
1976.633
154.22
812.651
1802.04
1906.541
474.297
1519.325
1172.081
1488.285
1647.756
1497.681
1718.973
1851.641
1896.348
1259.833
1342.904
1096.689
1488.285
1304.062
1148.245
1872.197
1581.388
1247.745
1652.026
1749.055
1523.554
1695.201
1647.755
1148.244
1307.277
1155.35
849.618
1286.579
1208.35
2099.941
2052.587
1976.632
1497.681
1872.197
1155.35
808.956
1502.586
956.696
1478.686
1809.764
726.637
154.225
1718.971
1581.387
849.617
1502.585
925.913
1143.054
1235.287
927.799
-180.176
812.648
1851.645
1247.743
1286.579
956.696
1143.054
498.924
1652.393
736.565
1472.381
1802.045
1896.346
1652.025
1208.35
1478.685
1235.287
1652.393
1010.533
1661.911
1565.764
1412.919
1142.145
1569.386
1711.453
1963.537
1691.222
887.54
786.741
1565.764
1186.531
220.775
788.998
1087.477
1160.448
1789.955
361.175
-159.605
1610.628
1412.917
220.781
131.319
1203.008
705.105
1507.875
1696.719
41.251
1187.007
2062.809
1142.15
788.994
1203.008
1003.22
1294.572
1477.311
1397.728
1878.536
2197.592
2097.491
1569.383
1087.483
705.104
1294.572
947.958
1057.846
1907.803
1768.233
1625.742
1639.185
1711.452
1160.447
1507.875
1477.31
1057.852
1512
1358.877
1232.655
1429.595
1293.124
1963.542
1789.954
1696.717
1397.728
1907.801
1358.877
1088.183
1730.443
1164.519
2040.623
1691.219
361.174
41.256
1878.534
1768.232
1232.654
1730.449
1069.67
1662.609
1344.735
887.545
-159.606
1187.005
2197.596
1625.747
1429.594
1164.517
1662.609
1149.362
1930.492
786.738
1610.628
2062.807
2097.49
1639.183
1293.123
2040.628
1344.734
1930.492
1981.814
2575.517
1163.598
2037.13
1597.947
1561.749
1785.175
1778.28
1547.566
863.625
858.878
1163.598
2751.502
153.634
1145.189
1057.126
1105.891
1728.891
143.718
68.168
1637.887
2037.129
153.632
1050.514
1459.178
1112.849
2023.028
1608.895
285.581
1510.85
2106.947
1597.944
1145.195
1459.177
1445.854
1708.553
1629.237
1550.407
2208.385
2387.999
2030.877
1561.754
1057.123
1112.848
1708.553
1180.745
1483.345
2204.125
2072.348
1803.644
1403.114
1785.174
1105.891
2023.026
1629.237
1483.343
1920.948
1766.677
1681.576
1725.605
1713.489
1778.279
1728.889
1608.901
1550.404
2204.131
1766.676
1627.427
2231.109
2210.897
1703.805
1547.566
143.718
285.579
2208.385
2072.346
1681.576
2231.108
2153.678
2072.311
2199.917
863.623
68.167
1510.849
2387.997
1803.642
1725.605
2210.897
2072.311
3543.762
1629.952
858.882
1637.885
2106.952
2030.875
1403.119
1713.488
1703.804
2199.917
1629.951
2068.325
2263.161
2122.976
1720.588
1726.894
1539.585
1699.433
1333.62
1213.591
863.61
796.488
2122.975
1391.655
1111.596
1008.856
1210.129
947.028
1310.029
47.273
193.361
1506.745
1720.593
1111.595
1271.112
1735.866
1462.484
2011.083
1377.647
657.855
1480.104
2026.504
1726.893
1008.855
1735.865
1545.289
1898.686
1603.58
1751.194
2173.579
2143.765
1560.06
1539.584
1210.127
1462.489
1898.685
1433.893
1663.639
2081.209
1936.108
1472.562
1179.38
1699.433
947.026
2011.088
1603.578
1663.639
1822.074
1817.399
1902.062
1654.361
1726.543
1333.619
1310.034
1377.643
1751.2
2081.206
1817.399
1863.233
2373.014
2109.989
1108.979
1213.591
47.271
657.855
2173.576
1936.114
1902.061
2373.014
2526.439
2554.699
2071.574
863.609
193.367
1480.101
2143.771
1472.559
1654.361
2109.989
2554.699
2080.164
1670.64
796.486
1506.743
2026.502
1560.058
1179.379
1726.543
1108.979
2071.573
1670.645
869.061
1580.356
2370.896
1391.695
1345.643
1720.4554
1070.379
903.0732
1153.5025
1059.9113
695.1761
2370.896
1236.372
1211.687
1050.729
1017.7885
747.4239
1277.0024
538.041
338.0999
1592.4052
1391.694
1211.687
627.351
1666.971
1452.625
1922.2478
1617.8897
947.0099
1315.7555
1695.4787
1345.643
1050.727
1666.971
1575.135
2009.46
1643.019
1753.316
1820.8314
1807.7735
1241.3823
1720.454
1017.7942
1452.622
2009.459
1500.942
1548.76
1831.462
1870.373
1258.572
1693.3543
1070.3785
747.4215
1922.2465
1643.018
1548.759
1802.106
1804.114
1713.677
1791.065
1149.744
903.0716
1277.0071
1617.8884
1753.315
1831.462
1804.114
1496.013
1823.557
1463.055
1617.092
1153.5021
538.0397
947.0086
1820.8312
1870.371
1713.677
1823.557
2052.203
2266.01
1581.079
1059.9099
338.0967
1315.7602
1807.7693
1258.578
1791.064
1463.055
2266.01
827.202
1591.78
695.179
1592.4081
1695.4805
1241.3861
1693.3521
1149.744
1617.091
1581.079
1591.779
1489.954
2588.6602
1517.9166
1695.9892
1646.4135
1760.5204
904.8631
1122.6579
1477.0553
1248.4793
710.59371
1517.9165
2294.4857
586.1688
1667.4161
1024.5946
831.2319
1577.4931
948.6523
325.718
1468.8802
1695.9891
586.1677
1232.1006
1940.4189
1327.0035
1928.7174
1977.2904
878.5935
1274.0723
1704.135
1646.4119
1667.4216
1940.4168
1543.2708
1920.8833
2012.8746
1661.989
1821.5416
2053.4734
1705.811
1760.5213
1024.5922
1327.0075
1920.8871
1926.0591
1635.8308
1703.9237
2041.4909
1589.8298
1280.4832
904.8637
831.2325
1928.7162
2012.878
1635.8358
1587.8354
1644.3214
1563.8209
1786.1374
876.6594
1122.6593
1577.4919
1977.2911
1661.9872
1703.9225
1644.3214
969.5335
1536.7104
1299.7815
2160.0598
1477.0555
948.6526
878.594
1821.5422
2041.4906
1563.8209
1536.7105
1898.6612
1452.989
1967.7121
1248.4803
325.7179
1274.0721
2053.4737
1589.8283
1786.1373
1299.7804
1452.9889
3157.2017
1200.576
710.59244
1468.879
1704.1343
1705.8103
1280.4839
876.6582
2160.0647
1967.7111
1200.576
3299.7459
2418.51
1458.4304
1904.9764
2175.2289
1595.2719
962.371
1402.0977
1606.3138
1125.3877
772.87362
1458.4307
2010.9145
1064.2843
1821.5035
824.7587
1193.1392
1729.4671
985.4148
824.61616
2093.0311
1904.9764
1064.2844
2025.5079
1662.9011
1879.8827
2207.5527
2069.1176
1443.1385
1846.2569
1919.3379
2175.229
1821.5028
1662.901
2154.3799
2372.8905
1889.0347
1710.746
2389.3943
1801.914
1210.5634
1595.2716
824.7592
1879.8829
2372.8899
1691.1341
1182.4211
1899.2955
2004.2762
1412.6378
1566.9889
962.3715
1193.1394
2207.5527
1889.0344
1182.4195
1518.5052
1665.6786
1401.7993
1392.7365
1913.3
1402.0975
1729.4677
2069.1171
1710.7468
1899.2962
1665.6784
385.2977
1753.9214
2028.5606
841.6466
1606.3146
985.4147
1443.1387
2389.3938
2004.2764
1401.7992
1753.9207
2417.8109
2113.8706
2762.583
1125.3876
824.61619
1846.2565
1801.9145
1412.6379
1392.7369
2028.5609
2113.8711
2505.1818
3500.7341
772.87363
2093.0314
1919.3379
1210.5633
1566.989
1913.2996
841.6459
2762.5828
3500.7341
938.6133
1569.9359
2235.2978
1876.3027
1701.9175
1725.1678
1435.6517
1345.0971
1806.5648
1648.5464
1198.3141
2235.2981
1708.5724
1164.5271
2257.6753
1431.4836
1248.9572
2186.8282
1995.4749
1157.8402
2207.8601
1876.3025
1164.527
2595.9961
1869.1588
1785.7722
2202.024
2591.5219
1495.4764
1116.1016
1673.5497
1701.9183
2257.6748
1869.159
1809.0424
1897.9479
1716.1229
1720.0271
1576.581
1705.3121
1234.9302
1725.167
1431.4832
1785.7723
1897.9478
1178.3053
1214.1193
1546.2143
1851.8855
1693.6449
879.0821
1435.6525
1248.9569
2202.024
1716.1238
1214.1195
1121.3419
1101.9257
1426.2755
366.6822
1138.2944
1345.0968
2186.8281
2591.5213
1720.0273
1546.2144
1101.9256
1182.3949
2163.1535
1192.1686
2344.3529
1806.5651
1995.4758
1495.4756
1576.5812
1851.8852
1426.2755
2163.1535
1792.364
3856.3765
2548.905
1648.5456
1157.84
1116.1014
1705.3124
1693.6447
366.6819
1192.169
3856.3763
2167.3541
2074.8247
1198.314
2207.8613
1673.549
1234.9301
879.0819
1138.2948
2344.3531
2548.9049
2074.8247
2317.3001
2223.7387
2359.6173
2166.8299
1831.7207
1660.211
1789.5985
1795.7229
2005.9969
1350.1404
1257.2212
2359.6172
2798.9411
1265.992
1362.697
1841.3467
1385.7887
1918.2032
1137.9557
636.195
2049.1739
2166.8278
1265.9978
1199.9403
1409.8503
1652.9838
1903.5924
1900.4314
1130.7454
2626.9548
584.1769
1831.7194
1362.6949
1409.8502
1707.5326
1517.1114
1041.8609
1584.0318
1801.6036
1089.2978
1164.296
1660.2147
1841.3514
1652.9826
1517.1113
323.9997
556.0149
1363.2011
1180.93
-1003.5397
1443.8985
1789.5971
1385.7875
1903.5912
1041.8606
556.0148
1534.7182
1220.6945
490.548
2008.7754
156.3139
1795.7227
1918.202
1900.4372
1584.0306
1363.201
1220.6945
1784.131
1546.6267
1481.696
2680.6929
2005.9956
1137.9554
1130.7444
1801.6035
1180.93
490.548
1546.6267
2813.1233
1462.7241
2445.9197
1350.1452
636.1949
2626.9548
1089.2977
-1003.5397
2008.7754
1481.6969
1462.7241
4340.8271
1407.1264
1257.2211
2049.1688
584.178
1164.296
1443.8985
156.3138
2680.6928
2445.9197
1407.1264
1699.9099
2507.497
3420.542
1890.184
1776.359
2078.113
1726.484
1278.602
1231.903
868.408
954.909
3420.541
2294.104
1213.366
1740.73
1802.967
842.739
1707.137
948.417
1005.762
1459.161
1890.189
1213.364
1731.646
2060.049
1481.978
2068.428
2265.426
1020.344
872.254
3238.837
1776.358
1740.73
2060.049
1240.283
742.225
1498.42
194.519
846.549
641.878
1100.074
2078.113
1802.966
1481.978
742.226
1108.509
732.611
1124.29
896.786
1273.428
1231.635
1726.484
842.739
2068.428
1498.42
732.611
1637.79
2914.9
1114.988
383.284
3382.785
1278.603
1707.137
2265.425
194.52
1124.29
2914.9
548.751
1515.653
2229.695
947.531
1231.903
948.418
1020.344
846.549
896.786
1114.988
1515.654
1563.117
1706.692
2493.19
868.407
1005.762
872.255
641.878
1273.428
383.285
2229.689
1706.693
840.067
2127.771
954.91
1459.162
3238.837
1100.074
1231.635
3382.785
947.532
2493.19
2127.771
-139.972
3382.671
2967.808
1922.851
1948.874
2479.729
2958.195
3600.421
2735.335
3250.392
3343.432
2967.808
4232.579
2410.102
1499.008
1281.542
1624.643
733.474
1085.149
2205.483
1561.254
1922.85
2410.102
1078.139
216.271
1838.378
1837.333
-965.413
-36.862
1240.639
418.155
1948.875
1499.008
216.271
-318.805
2371.902
1803.272
34.531
598.909
1813.186
567.067
2479.723
1281.545
1838.381
2371.895
3741.438
2921.221
982.717
129.41
2547.018
2491.036
2958.199
1624.643
1837.333
1803.274
2921.221
2255.682
1590.549
1339.466
2544.457
1936.111
3600.415
733.478
-965.412
34.524
982.718
1590.549
2713.654
1351.585
1672.075
1055.251
2735.337
1085.142
-36.86
598.91
129.41
1339.466
1351.585
824.814
1953.073
2374.617
3250.393
2205.485
1240.632
1813.187
2547.018
2544.457
1672.076
1953.073
2589.12
4766.422
3343.427
1561.255
418.158
567.069
2491.036
1936.111
1055.251
2374.617
4766.422
2746.797
)
;

boundaryField
{
    block1_in
    {
        type            extrapolatedCalculated;
        value           nonuniform List<scalar> 
100
(
3519.9
5116.912
2173.627
1079.824
1376.992
1373.896
-629.123
-783.74
27.05
1111.68
5116.912
2421.483
1405.357
1630.593
3231.315
2825.632
1580.695
1342.789
2703.689
2731.905
2173.627
1405.357
47.227
680.172
1140.086
-300.823
27.593
-436.349
1468.745
2541.434
1079.823
1630.592
680.172
2299.619
1338.662
412.192
-956.724
-1278.277
1206.632
3024.632
1376.996
3231.321
1140.085
1338.662
2246.037
2286.182
1248.152
1954.675
2202.667
1974.149
1373.901
2825.63
-300.823
412.192
2286.182
3382.767
1956.877
1522.547
1681.179
2125.672
-629.126
1580.695
27.593
-956.724
1248.151
1956.877
-1149.937
-1116.461
1067.507
2202.094
-783.74
1342.789
-436.349
-1278.279
1954.681
1522.546
-1116.461
-300.975
1287.283
1588.018
27.049
2703.689
1468.742
1206.631
2202.673
1681.178
1067.507
1287.283
3421.427
3173.991
1111.683
2731.9
2541.438
3024.631
1974.148
2125.672
2202.094
1588.018
3173.991
4305.835
)
;
    }
    block1_out
    {
        type            extrapolatedCalculated;
        value           nonuniform List<scalar> 
100
(
3382.671
2967.808
1922.85
1948.875
2479.723
2958.199
3600.415
2735.337
3250.393
3343.427
2967.808
4232.579
2410.102
1499.008
1281.545
1624.643
733.478
1085.142
2205.485
1561.255
1922.851
2410.102
1078.139
216.271
1838.381
1837.333
-965.412
-36.86
1240.632
418.158
1948.874
1499.008
216.271
-318.805
2371.895
1803.274
34.524
598.91
1813.187
567.069
2479.729
1281.542
1838.378
2371.902
3741.438
2921.221
982.718
129.41
2547.018
2491.036
2958.195
1624.643
1837.333
1803.272
2921.221
2255.682
1590.549
1339.466
2544.457
1936.111
3600.421
733.474
-965.413
34.531
982.717
1590.549
2713.654
1351.585
1672.076
1055.251
2735.335
1085.149
-36.862
598.909
129.41
1339.466
1351.585
824.814
1953.073
2374.617
3250.392
2205.483
1240.639
1813.186
2547.018
2544.457
1672.075
1953.073
2589.12
4766.422
3343.432
1561.254
418.155
567.067
2491.036
1936.111
1055.251
2374.617
4766.422
2746.797
)
;
    }
    block1_wall1
    {
        type            extrapolatedCalculated;
        value           nonuniform List<scalar> 
200
(
3519.9
5116.912
2173.627
1079.824
1376.992
1373.896
-629.123
-783.74
27.05
1111.68
96.034
2109.435
2556.752
711.859
2944.434
1586.301
988.752
3104.045
2197.321
978.077
1369.3895
1134.7956
2010.0182
2239.6142
179.6929
1378.0286
1024.6326
871.3585
1793.2786
1504.1156
2125.4965
2136.8983
2366.6365
2116.8715
1141.4702
1235.2584
1958.0226
1409.0072
1839.9419
1583.1206
1304.2583
3237.4167
2593.8092
910.852
2551.792
1737.9627
951.2515
2276.9759
2169.812
869.2695
2969.5273
1717.453
2369.5006
2916.5964
909.1473
1606.7865
1649.6477
1646.954
982.0101
572.1073
2002.431
2486.931
2378.511
1743.854
1291.055
1469.031
1062.923
1393.2371
960.0322
536.3193
1859.084
2778.198
2789.364
944.45
1863.736
942.256
1427.157
1747.219
860.085
505.024
3139.137
2463.158
1979.509
2042.375
1477.981
1365.769
1994.906
1833.032
847.84
626.919
2392.718
2271.824
1098.071
1906.541
1259.833
1749.055
2099.941
1809.764
927.799
736.565
1661.911
1565.764
1412.917
1142.15
1569.383
1711.452
1963.542
1691.219
887.545
786.738
2575.517
1163.598
2037.129
1597.944
1561.754
1785.174
1778.279
1547.566
863.623
858.882
2263.161
2122.975
1720.593
1726.893
1539.584
1699.433
1333.619
1213.591
863.609
796.486
1580.356
2370.896
1391.694
1345.643
1720.454
1070.3785
903.0716
1153.5021
1059.9099
695.179
2588.6602
1517.9165
1695.9891
1646.4119
1760.5213
904.8637
1122.6593
1477.0555
1248.4803
710.59244
2418.51
1458.4307
1904.9764
2175.229
1595.2716
962.3715
1402.0975
1606.3146
1125.3876
772.87363
1569.9359
2235.2981
1876.3025
1701.9183
1725.167
1435.6525
1345.0968
1806.5651
1648.5456
1198.314
2223.7387
2359.6172
2166.8278
1831.7194
1660.2147
1789.5971
1795.7227
2005.9956
1350.1452
1257.2211
2507.497
3420.541
1890.189
1776.358
2078.113
1726.484
1278.603
1231.903
868.407
954.91
3382.671
2967.808
1922.85
1948.875
2479.723
2958.199
3600.415
2735.337
3250.393
3343.427
)
;
    }
    block1_wall2
    {
        type            extrapolatedCalculated;
        value           nonuniform List<scalar> 
200
(
1111.68
978.077
1504.1156
1583.1206
869.2695
572.1073
536.3193
505.024
626.919
736.565
786.738
858.882
796.486
695.179
710.59244
772.87363
1198.314
1257.2211
954.91
3343.427
2731.905
1499.467
1603.306
1918.7573
1444.2712
1359.3308
1264.3499
1234.318
1380.311
1472.381
1610.628
1637.885
1506.743
1592.4081
1468.879
2093.0314
2207.8613
2049.1688
1459.162
1561.255
2541.434
1159.079
1908.2281
1805.2732
1480.4813
1422.6784
1267.4465
1316.213
1607.695
1802.045
2062.807
2106.952
2026.502
1695.4805
1704.1343
1919.3379
1673.549
584.178
3238.837
418.158
3024.632
1381.095
1437.5065
1139.6869
1200.683
1012.52
881.0601
1253.279
1691.215
1896.346
2097.49
2030.875
1560.058
1241.3861
1705.8103
1210.5633
1234.9301
1164.296
1100.074
567.069
1974.149
1419.562
1283.7669
1152.1563
960.7168
861.065
949.6429
1534.327
1715.972
1652.025
1639.183
1403.119
1179.379
1693.3521
1280.4839
1566.989
879.0819
1443.8985
1231.635
2491.036
2125.672
1380.68
1194.1473
1472.2827
1256.5092
1320.5826
1340.6529
1490.447
1416.148
1208.35
1293.123
1713.488
1726.543
1149.744
876.6582
1913.2996
1138.2948
156.3138
3382.785
1936.111
2202.094
1463.445
1356.9836
1202.494
1568.1354
1425.2922
1372.096
1588.744
1469.15
1478.685
2040.628
1703.804
1108.979
1617.091
2160.0647
841.6459
2344.3531
2680.6928
947.532
1055.251
1588.018
1691.407
1834.6417
1314.6451
1636.4351
1401.72
1331.7052
1942.305
1988.469
1235.287
1344.734
2199.917
2071.573
1581.079
1967.7111
2762.5828
2548.9049
2445.9197
2493.19
2374.617
3173.991
2360.764
1371.7842
1225.6872
844.3388
1427.3966
2165.3388
1430.265
796.796
1652.393
1930.492
1629.951
1670.645
1591.779
1200.576
3500.7341
2074.8247
1407.1264
2127.771
4766.422
4305.835
1785.348
1157.4636
1011.3909
2174.6468
1979.8546
876.5697
1875.448
2043.297
1010.533
1981.814
2068.325
869.061
1489.954
3299.7459
938.6133
2317.3001
1699.9099
-139.972
2746.797
)
;
    }
    block1_wall3
    {
        type            extrapolatedCalculated;
        value           nonuniform List<scalar> 
200
(
1111.683
2731.9
2541.438
3024.631
1974.148
2125.672
2202.094
1588.018
3173.991
4305.835
978.075
1499.471
1159.077
1381.095
1419.562
1380.68
1463.445
1691.407
2360.764
1785.348
1504.1145
1603.31
1908.227
1437.5055
1283.7659
1194.1473
1356.9837
1834.6419
1371.7843
1157.4636
1583.1209
1918.7561
1805.2739
1139.687
1152.1563
1472.2829
1202.4938
1314.6445
1225.687
1011.3909
869.26964
1444.2714
1480.4809
1200.6828
960.7172
1256.5087
1568.1356
1636.4346
844.3386
2174.6468
572.10804
1359.3302
1422.6791
1012.5201
861.0655
1320.5834
1425.2917
1401.7201
1427.3968
1979.8546
536.3155
1264.3542
1267.4438
881.0575
949.6412
1340.6501
1372.0972
1331.7063
2165.3388
876.5697
505.027
1234.315
1316.21
1253.282
1534.325
1490.449
1588.745
1942.3
1430.266
1875.448
626.916
1380.313
1607.697
1691.217
1715.968
1416.149
1469.15
1988.47
796.796
2043.297
736.562
1472.383
1802.04
1896.348
1652.026
1208.35
1478.686
1235.287
1652.393
1010.533
786.741
1610.628
2062.809
2097.491
1639.185
1293.124
2040.623
1344.735
1930.492
1981.814
858.878
1637.887
2106.947
2030.877
1403.114
1713.489
1703.805
2199.917
1629.952
2068.325
796.488
1506.745
2026.504
1560.06
1179.38
1726.543
1108.979
2071.574
1670.64
869.061
695.1761
1592.4052
1695.4787
1241.3823
1693.3543
1149.744
1617.092
1581.079
1591.78
1489.954
710.59371
1468.8802
1704.135
1705.811
1280.4832
876.6594
2160.0598
1967.7121
1200.576
3299.7459
772.87362
2093.0311
1919.3379
1210.5634
1566.9889
1913.3
841.6466
2762.583
3500.7341
938.6133
1198.3141
2207.8601
1673.5497
1234.9302
879.0821
1138.2944
2344.3529
2548.905
2074.8247
2317.3001
1257.2212
2049.1739
584.1769
1164.296
1443.8985
156.3139
2680.6929
2445.9197
1407.1264
1699.9099
954.909
1459.161
3238.837
1100.074
1231.635
3382.785
947.531
2493.19
2127.771
-139.972
3343.432
1561.254
418.155
567.067
2491.036
1936.111
1055.251
2374.617
4766.422
2746.797
)
;
    }
    block1_wall4
    {
        type            extrapolatedCalculated;
        value           nonuniform List<scalar> 
200
(
3519.9
96.034
1369.3895
2125.4965
1304.2583
2969.5273
2002.431
1859.084
3139.137
2392.718
1661.911
2575.517
2263.161
1580.356
2588.6602
2418.51
1569.9359
2223.7387
2507.497
3382.671
5116.912
2109.435
1134.7956
2136.8984
3237.4177
1717.447
2486.937
2778.197
2463.158
2271.824
1565.764
1163.598
2122.976
2370.896
1517.9166
1458.4304
2235.2978
2359.6173
3420.542
2967.808
2173.627
2556.752
2010.0183
2366.6361
2593.8094
2369.5016
2378.51
2789.364
1979.509
1098.071
1412.919
2037.13
1720.588
1391.695
1695.9892
1904.9764
1876.3027
2166.8299
1890.184
1922.851
1079.823
711.859
2239.6143
2116.8714
910.8518
2916.5975
1743.855
944.451
2042.376
1906.542
1142.145
1597.947
1726.894
1345.643
1646.4135
2175.2289
1701.9175
1831.7207
1776.359
1948.874
1376.996
2944.433
179.693
1141.47
2551.793
909.1424
1291.058
1863.732
1477.977
1259.834
1569.386
1561.749
1539.585
1720.4554
1760.5204
1595.2719
1725.1678
1660.211
2078.113
2479.729
1373.901
1586.3
1378.0286
1235.2589
1737.9622
1606.7882
1469.031
942.257
1365.771
1749.055
1711.453
1785.175
1699.433
1070.379
904.8631
962.371
1435.6517
1789.5985
1726.484
2958.195
-629.126
988.752
1024.6327
1958.0225
951.2514
1649.647
1062.9233
1427.157
1994.907
2099.943
1963.537
1778.28
1333.62
903.0732
1122.6579
1402.0977
1345.0971
1795.7229
1278.602
3600.421
-783.74
3104.045
871.3586
1409.0069
2276.9757
1646.9535
1393.2374
1747.22
1833.028
1809.76
1691.222
1547.566
1213.591
1153.5025
1477.0553
1606.3138
1806.5648
2005.9969
1231.903
2735.335
27.049
2197.321
1793.2785
1839.9424
2169.812
982.01
960.0344
860.086
847.842
927.802
887.54
863.625
863.61
1059.9113
1248.4793
1125.3877
1648.5464
1350.1404
868.408
3250.392
1111.683
978.075
1504.1145
1583.1209
869.26964
572.10804
536.3155
505.027
626.916
736.562
786.741
858.878
796.488
695.1761
710.59371
772.87362
1198.3141
1257.2212
954.909
3343.432
)
;
    }
}


// ************************************************************************* //
