/*--------------------------------*- C++ -*----------------------------------*\
| =========                 |                                                 |
| \\      /  F ield         | OpenFOAM: The Open Source CFD Toolbox           |
|  \\    /   O peration     | Version:  v2106                                 |
|   \\  /    A nd           | Website:  www.openfoam.com                      |
|    \\/     M anipulation  |                                                 |
\*---------------------------------------------------------------------------*/
FoamFile
{
    version     2.0;
    format      ascii;
    arch        "LSB;label=32;scalar=64";
    class       volScalarField;
    location    "0";
    object      lapTmode2;
}
// * * * * * * * * * * * * * * * * * * * * * * * * * * * * * * * * * * * * * //

dimensions      [0 -2 0 1 0 0 0];

internalField   nonuniform List<scalar> 
2000
(
-0.026
-0.021
-0.029
-0.008
-0.019
-0.024
-0.003
0.01
-0.019
-0.041
-0.021
-0.021
-0.014
-0.012
-0.021
-0.014
-0.003
-0.012
-0.031
-0.04
-0.029
-0.014
0.009
-0.006
-0.004
0.004
-0.01
-0.006
-0.015
-0.035
-0.008
-0.012
-0.006
-0.011
-0.003
-0.011
-0.019
-0.002
-0.015
-0.037
-0.019
-0.021
-0.004
-0.003
-0.022
-0.029
-0.024
-0.032
-0.019
-0.017
-0.024
-0.014
0.004
-0.011
-0.029
-0.035
-0.027
-0.019
-0.012
-0.017
-0.003
-0.003
-0.01
-0.019
-0.024
-0.027
-0.007
0.001
-0.014
-0.018
0.01
-0.012
-0.006
-0.002
-0.032
-0.019
0.001
-0.015
-0.028
-0.015
-0.019
-0.031
-0.015
-0.015
-0.019
-0.012
-0.014
-0.028
-0.026
-0.008
-0.041
-0.04
-0.035
-0.037
-0.017
-0.017
-0.018
-0.015
-0.008
-0.021
0.009
8.4703295e-12
-0.004
0.016
-0.005
-0.011
-0.008
-0.014
-0.018
-0.011
0
0.013
0.012
0.01
0.006
-0.016
-1.0164395e-11
-0.01
-0.017
-0.006
-0.004
0.012
0.013
0.007
-0.01
-0.002
-0.006
-0.017
-0.004
-0.001
0.016
0.01
0.007
-0.002
-0.004
-0.014
-0.009
-0.007
-0.006
-0.003
-0.005
0.006
-0.01
-0.004
-0.012
-0.018
-0.005
-0.01
-0.011
1.5246593e-11
-0.011
-0.016
-0.002
-0.014
-0.018
-0.01
-0.009
-0.015
0.006
0.003
-0.008
-5.0821977e-12
-0.006
-0.009
-0.005
-0.009
-0.007
-0.003
0.001
-0.006
-0.014
-0.01
-0.017
-0.007
-0.01
-0.015
-0.003
-0.012
-0.009
0.001
-0.018
-0.017
-0.004
-0.006
-0.011
0.006
0.001
-0.009
0.004
-0.00099999998
-0.011
-0.006
-0.001
-0.003
2.5410988e-11
0.003
-0.006
0.001
-0.00099999999
-0.002
0.005
0.014
0.007
0.012
0.014
-0.004
-0.005
-0.006
-0.017
-0.004
0.014
0.007
0.027
0.023
-0.002
-0.003
-0.00099999999
-0.013
-0.003
0.007
0.007
0.027
0.018
0.011
0.003
5.9292306e-12
-0.009
-0.006
0.008
0.009
0.012
0.023
0.011
8.4703295e-13
0.00099999998
-0.005
-0.004
0.006
0.004
0.005
0.014
-0.002
0.003
0.001
-0.009
-0.005
0.01
0.003
0.006
0.006
-0.004
-0.003
9.3173624e-12
-0.005
-0.005
0.002
0.008
-0.001
0.004
0.01
-0.005
-0.001
-0.009
-0.004
0.01
0.008
-0.005
-0.002
0.008
-0.001
-0.006
-0.013
-0.006
0.006
0.003
-0.001
-0.002
0.006
0.007
-0.008
-0.017
-0.003
0.008
0.004
0.006
0.004
0.008
0.007
-0.008
-0.007
-0.004
0.007
0.009
0.005
0.006
0.01
-0.001
-0.008
-0.007
-0.017
0.013
0.02
0.021
0.018
0.014
-0.004
2.2022857e-11
0.005
2.5410988e-12
0.007
0.02
0.03
0.025
0.024
0.011
0.003
0.011
0.006
0.003
0.012
0.021
0.025
0.019
0.009
0.004
0.01
0.01
0.003
0.014
0.008
0.018
0.024
0.009
0.012
0.013
0.01
0.01
0.018
0.01
0.008
0.014
0.011
0.004
0.013
0.006
0.008
0.023
0.011
0.003
0.003
-0.004
0.003
0.01
0.01
0.008
0.023
0.007
0.001
0.012
-0.002
6.7762636e-12
0.011
0.01
0.01
0.023
0.007
0.005
0.006
-0.00099999998
-0.006
0.005
0.006
0.003
0.018
0.011
0.001
0.006
-0.005
-0.013
-0.015
-4.2351647e-12
0.003
0.014
0.01
0.003
0.012
-0.00099999999
-0.013
-0.031
-0.009
0.007
0.012
0.008
0.008
0.003
-0.002
-0.006
-0.015
-0.009
-0.022
0.018
0.021
0.019
0.027
0.01
0.009
0.009
0.013
0.007
0.011
0.021
0.026
0.027
0.019
0.015
0.01
0.021
0.014
0.009
0.013
0.019
0.027
0.014
0.02
0.014
0.024
0.02
0.004
0.015
0.01
0.027
0.019
0.02
0.019
0.027
0.02
0.018
0.02
0.012
0.002
0.01
0.015
0.014
0.027
0.018
0.019
0.026
0.008
-0.004
0.002
0.009
0.01
0.024
0.02
0.019
0.026
0.01
-0.004
0.008
-0.007
0.009
0.021
0.02
0.018
0.026
0.01
-0.004
0.009
-0.008
-0.011
0.013
0.014
0.004
0.02
0.008
-0.004
0.009
-0.016
-0.032
-0.01
0.007
0.009
0.015
0.012
-0.004
0.008
-0.008
-0.032
-0.016
-0.016
0.011
0.013
0.01
0.002
0.002
-0.007
-0.011
-0.01
-0.016
0.017
0.019
0.027
0.017
0.014
0.02
0.014
0.02
0.018
0.014
0.007
0.027
0.016
0.019
0.024
0.02
0.02
0.028
0.011
0.001
0.003
0.017
0.019
0.02
0.021
0.02
0.027
0.018
0.003
0.004
0.005
0.014
0.024
0.021
0.02
0.029
0.027
0.014
0.012
0.002
-0.005
0.02
0.02
0.02
0.029
0.024
0.015
0.023
-0.001
-0.004
-0.009
0.014
0.02
0.027
0.027
0.015
0.018
0.009
-0.002
-0.006
-0.007
0.02
0.028
0.018
0.014
0.023
0.009
-0.003
-0.006
-0.02
-0.009
0.018
0.011
0.003
0.012
-0.001
-0.002
-0.006
-0.033
-0.023
-0.006
0.014
0.001
0.004
0.002
-0.004
-0.006
-0.02
-0.023
0.002
0.003
0.007
0.003
0.005
-0.005
-0.009
-0.007
-0.009
-0.006
0.003
0.017
0.023
0.011
0.014
0.021
0.02
0.019
0.022
0.018
0.01
0.002
0.011
0.018
0.018
0.022
0.018
0.02
0.016
0.005
-0.006
0.002
0.014
0.018
0.019
0.028
0.016
0.02
0.016
-0.007
-0.007
8.4703295e-13
0.021
0.022
0.028
0.015
0.026
0.018
0.004
0.00099999999
-0.0049999999
-0.004
0.02
0.018
0.016
0.026
0.009
0.006
0.013
-0.009
-0.007
-0.008
0.019
0.02
0.02
0.018
0.006
0.016
-0.004
-0.004
-0.009
0.001
0.022
0.016
0.016
0.004
0.013
-0.004
-0.01
-0.013
-0.015
-0.005
0.018
0.005
-0.007
0.001
-0.009
-0.004
-0.013
-0.017
0.002
-0.001
0.01
-0.006
-0.007
-0.005
-0.007
-0.009
-0.015
0.002
-0.01
0.03
0.002
0.002
-1.1858461e-11
-0.004
-0.008
0.001
-0.005
-0.001
0.03
-0.013
0.0168
0.0156
0.0162
0.0307
0.0182
0.0179
0.0137
0.0119
0.0057
-0.00040000001
0.0156
0.0209
0.0208
0.0204
0.0149
0.0053
0.0146
0.0014
-0.0135
-0.0011
0.0162
0.0208
0.0167
0.0229
0.0068
0.0121
0.005
-0.0177
-0.0057
-0.0007
0.0307
0.0204
0.0229
0.0138
0.0136
0.0077
-0.00060000002
0.0015
-0.00070000001
0.00099999997
0.0182
0.0149
0.0068
0.0136
0.0022
0.0011
0.0075
0.00070000001
-0.0077
0.0083
0.0179
0.0053
0.0121
0.0077
0.0011
0.0095
-0.0057
-0.0049
0.00070000002
0.0072
0.0137
0.0146
0.005
-0.0006
0.0075
-0.0057
-0.0083
0.00070000001
0.0005
0.008
0.0119
0.0014
-0.0177
0.0015
0.0007
-0.0049
0.00070000001
0.0096
0.0021
0.0163
0.0057
-0.0135
-0.0057
-0.00070000002
-0.0077
0.00069999999
0.00049999998
0.0021
0.0079
0.0075
-0.00040000001
-0.0011
-0.0007
0.001
0.0083
0.0072
0.008
0.0163
0.0075
0.0168
0.0146
0.0247
0.0276
0.0233
0.0193
0.014
0.0102
0.0152
0.0093
0.0013
0.0247
0.0289
0.0256
0.0196
0.0101
0.0022
0.0112
0.00019999998
-0.0123
0.0052
0.0276
0.0256
0.0231
0.0183
0.0044
0.0124
0.0053
-0.014
-0.0048
0.0066
0.0233
0.0196
0.0183
0.0065
0.0103
0.0042
0.0009
0.0025
0.003
0.0115
0.0193
0.0101
0.0044
0.0103
-0.00060000001
0.0013
0.0067
-0.0042
0.00049999998
0.0155
0.014
0.0022
0.0124
0.0042
0.0013
0.0018
-0.0107
-0.0052
0.0038
0.0079
0.0102
0.0112
0.0053
0.0009
0.0067
-0.0107
-0.0036
0.0028
0.0033
0.0013
0.0152
0.00020000003
-0.014
0.0025
-0.0042
-0.0052
0.0028
0.0023
-0.0149
0.0142
0.0093
-0.0123
-0.0048
0.003
0.00049999998
0.0038
0.0033
-0.0149
0.0221
-0.012
0.0013
0.0052
0.0066
0.0115
0.0155
0.0079
0.0013
0.0142
-0.012
0.0136
0.0278
0.0322
0.0351
0.0241
0.0192
0.012
0.0138
0.0207
0.0114
0.0048
0.0322
0.0472
0.0238
0.0222
0.0088
0.0064
0.0183
0.0039
-0.0069
0.0114
0.0351
0.0238
0.0255
0.0189
0.0079
0.0188
0.0123
-0.0075
0.004
0.0118
0.0241
0.0222
0.0189
0.0088
0.0161
0.011
0.0075
0.0099
0.0116
0.0209
0.0192
0.0088
0.0079
0.0161
0.0061
0.0024
0.0089
0.00070000004
0.0109
0.0178
0.012
0.0064
0.0188
0.011
0.0024
0.002
-0.0033
0.00010000003
0.0084000001
0.0027
0.0138
0.0183
0.0123
0.0075
0.0089
-0.0033
0.0022
0.00069999997
-0.0123
0.001
0.0207
0.0039
-0.0075
0.0099
0.00070000004
0.00010000004
0.00070000001
-0.0204
-0.0116
-0.0071
0.0114
-0.0069
0.004
0.0116
0.0109
0.0084
-0.0123
-0.0116
-0.028
0.0079
0.0048
0.0114
0.0118
0.0209
0.0178
0.0027
0.001
-0.0071
0.0079
-0.0102
0.04
0.0323
0.0296
0.0271
0.0162
0.0164
0.0214
0.0247
0.0131
0.0112
0.0323
0.0357
0.023
0.0162
0.0133
0.0154
0.026
0.0074
0.0056
0.0185
0.0296
0.023
0.0219
0.0223
0.0178
0.0315
0.0238
0.0073
0.0194
0.0229
0.0271
0.0162
0.0223
0.0172
0.0304
0.0245
0.0235
0.0281
0.0294
0.0319
0.0162
0.0133
0.0178
0.0304
0.0194
0.0183
0.0268
0.0192
0.0277
0.0211
0.0164
0.0154
0.0315
0.0245
0.0183
0.0237
0.0165
0.0172
0.0144
0.0065000001
0.0214
0.026
0.0238
0.0235
0.0268
0.0165
0.0145
0.0095
-0.0047
0.0195
0.0247
0.0074
0.0073
0.0281
0.0192
0.0172
0.0094999999
-0.0125
0.0053
0.0015
0.0131
0.0056
0.0194
0.0294
0.0277
0.0144
-0.0047
0.0053
-0.0058
0.0214
0.0112
0.0185
0.0229
0.0319
0.0211
0.0065
0.0195
0.0015
0.0214
0.0296
0.0328
0.0246
0.0197
0.0198
0.0182
0.0215
0.025
0.0257
0.0185
0.0167
0.0246
0.014
0.0162
0.0129
0.0198
0.0225
0.0296
0.0099
0.0164
0.0225
0.0197
0.0162
0.0145
0.0289
0.0284
0.0398
0.0279
0.02
0.0301
0.0303
0.0198
0.0129
0.0289
0.0283
0.0426
0.0289
0.033
0.0413
0.039
0.0351
0.0182
0.0198
0.0284
0.0426
0.0231
0.0291
0.0387
0.0303
0.0357
0.017
0.0215
0.0225
0.0398
0.0289
0.0291
0.0371
0.0277
0.0315
0.026
0.0233
0.025
0.0296
0.0279
0.033
0.0387
0.0277
0.0298
0.0279
0.0309
0.0201
0.0257
0.0099
0.02
0.0413
0.0303
0.0315
0.0279
0.0249
0.0271
0.0383
0.0185
0.0164
0.0301
0.039
0.0357
0.026
0.0309
0.0271
0.075
0.0299
0.0167
0.0225
0.0303
0.0351
0.017
0.0233
0.0201
0.0383
0.0299
0.0416
0.0282
0.0077
0.0166
0.0188
0.0234
0.0233
0.0243
0.0214
0.0216
0.0157
0.0077
0.0152
0.0077
0.0199
0.0209
0.0175
0.0196
0.0073999999
0.0159
0.0236
0.0166
0.0077
0.018
0.0334
0.0243
0.0339
0.0233
0.0271
0.0309
0.0311
0.0188
0.0199
0.0334
0.0281
0.0396
0.0218
0.0367
0.0395
0.0341
0.0238
0.0234
0.0209
0.0243
0.0396
0.0162
0.0304
0.0344
0.0256
0.0278
0.0157
0.0233
0.0175
0.0339
0.0218
0.0304
0.0327
0.0249
0.0389
0.0306
0.0329
0.0243
0.0196
0.0233
0.0367
0.0344
0.0249
0.0367
0.0411
0.041
0.0173
0.0214
0.0074
0.0271
0.0395
0.0256
0.0389
0.0411
0.0502
0.0611
0.0501
0.0216
0.0159
0.0309
0.0341
0.0278
0.0306
0.041
0.0611
0.0569
0.0452
0.0157
0.0236
0.0311
0.0238
0.0157
0.0329
0.0173
0.0501
0.0452
0.01
0.0264
0.0021
0.0171
0.0257
0.0249
0.0183
0.0188
0.0204
0.0204
0.0134
0.0021
0.0187
0.0102
0.0165
0.0134
0.0083000001
0.0205
0.0122
0.0174
0.0237
0.0171
0.0102
0.0257
0.0305
0.0203
0.0375
0.0264
0.0244
0.0234
0.0261
0.0257
0.0165
0.0305
0.0249
0.0337
0.0205
0.0285
0.0249
0.0293
0.0151
0.0249
0.0134
0.0203
0.0337
0.0136
0.0204
0.0194
0.0255
0.0235
0.0325
0.0183
0.0083
0.0375
0.0205
0.0204
0.0244
0.0252
0.036
0.0417
0.0268
0.0188
0.0205
0.0264
0.0285
0.0194
0.0252
0.0331
0.0414
0.0358
0.0436
0.0204
0.0122
0.0244
0.0249
0.0255
0.036
0.0414
0.0523
0.0687
0.0455
0.0204
0.0174
0.0234
0.0293
0.0235
0.0417
0.0358
0.0687
0.0357
0.039
0.0134
0.0237
0.0261
0.0151
0.0325
0.0268
0.0436
0.0455
0.039
0.0258
0.023
0.005
0.021
0.021
0.018
0.014
0.017
0.02
0.024
0.012
0.005
0.006
0.012
0.02
-7.6232965e-12
0.012
0.016
0.011
0.008
0.022
0.021
0.012
0.03
0.017
0.019
0.028
0.019
0.016
0.023
0.024
0.021
0.02
0.017
0.022
0.023
0.012
0.018
0.026
0.033
0.033
0.018
3.8963516e-11
0.019
0.023
0.011
0.014
0.016
0.031
0.032
0.033
0.014
0.012
0.028
0.012
0.014
0.019
0.024
0.038
0.051
0.025
0.017
0.016
0.019
0.018
0.016
0.024
0.028
0.042
0.04
0.052
0.02
0.011
0.016
0.026
0.031
0.038
0.042
0.063
0.045
0.048
0.024
0.008
0.023
0.033
0.032
0.051
0.04
0.045
0.09
0.027
0.012
0.022
0.024
0.033
0.033
0.025
0.052
0.048
0.027
0.065
0.022
0.005
0.02
0.02
0.012
0.007
0.017
0.021
0.015
0.01
0.005
0.013
0.002
0.002
-0.011
0.0060000001
0.014
0.006
0.016
0.041
0.02
0.002
0.011
0.003
0.023
0.02
0.021
0.026
0.035
0.031
0.02
0.002
0.003
0.025
0.023
0.0069999999
0.024
0.039
0.028
0.029
0.012
-0.011
0.023
0.023
-0.001
0.011
0.03
0.029
0.042
0.042
0.007
0.0059999999
0.02
0.007
0.011
0.025
0.031
0.045
0.044
0.046
0.017
0.014
0.021
0.024
0.03
0.031
0.018
0.047
0.052
0.016
0.021
0.0059999999
0.026
0.039
0.029
0.045
0.047
0.063
0.054
0.057
0.015
0.016
0.035
0.028
0.042
0.044
0.052
0.054
0.061
0.079
0.01
0.041
0.031
0.029
0.042
0.046
0.016
0.057
0.079
0.014
0.031
0.002
0.011
0.0090000001
0.014
0.011
0.014
0.024
0.025
0.02
0.002
0.0030000001
-0.016
0.02
-5.9292306e-12
0.006
0.022
0.025
0.02
0.049
0.011
-0.016
0.028
0.011
0.015
0.024
0.033
0.032
0.023
0.035
0.0090000001
0.02
0.011
0.02
0.012
0.012
0.029
0.029
0.031
0.026
0.014
-1.2705494e-11
0.015
0.012
0.002
0.027
0.028
0.041
0.046
0.031
0.011
0.006
0.024
0.012
0.027
0.021
0.025
0.04
0.021
0.022
0.014
0.022
0.033
0.029
0.028
0.025
0.036
0.054
0.023
0.044
0.024
0.025
0.032
0.029
0.041
0.04
0.054
0.038
0.084
0.064
0.025
0.02
0.023
0.031
0.046
0.021
0.023
0.084
0.056
0.046
0.02
0.049
0.035
0.026
0.031
0.022
0.044
0.064
0.046
0.042
0.028
0.0030000001
0.017
0.017
0.011
0.022
0.027
0.032
0.024
0.03
0.0030000001
0.013
-0.015
-9.9949888e-11
0.012
0.01
0.028
0.018
0.019
0.054
0.017
-0.015
0.0029999999
0.01
0.023
0.027
0.036
0.033
0.063
0.021
0.017
-5.9292306e-11
0.0099999999
0.022
0.018
0.015
0.039
0.043
0.019
0.031
0.011
0.012
0.023
0.018
0.0039999999
0.022
0.035
0.031
-0.011
0.038
0.022
0.01
0.027
0.015
0.022
0.036
0.035
0.024
0.045
0.004
0.027
0.028
0.036
0.039
0.035
0.035
0.05
0.034
0.025
0.062
0.032
0.018
0.033
0.043
0.031
0.024
0.034
0.059
0.031
0.061
0.024
0.019
0.063
0.019
-0.011
0.045
0.025
0.031
0.106
0.031
0.03
0.054
0.021
0.031
0.038
0.004
0.062
0.061
0.031
0.041
0.022
0.043
0.025
0.025
0.028
0.025
0.029
0.027
0.019
0.031
0.043
0.032
0.021
0.02
0.015
0.024
0.036
0.02
0.025
0.039
0.025
0.021
0.026
0.028
0.036
0.055
0.049
0.032
0.027
0.069
0.025
0.02
0.028
0.027
0.022
0.031
0.018
0.019
0.004
0.034
0.028
0.015
0.036
0.022
0.031
0.025
0.03
0.011
0.04
0.04
0.025
0.024
0.055
0.031
0.025
0.047
0.067
0.029
0.016
0.079
0.029
0.036
0.049
0.018
0.03
0.067
0.018
0.033
0.043
0.017
0.027
0.02
0.032
0.019
0.011
0.029
0.033
0.022
0.038
0.065
0.019
0.025
0.027
0.004
0.04
0.016
0.043
0.038
0.021
0.049
0.031
0.039
0.069
0.034
0.04
0.079
0.017
0.065
0.049
-0.002
0.077
0.059
0.052
0.053
0.081
0.091
0.124
0.1
0.135
0.144
0.059
0.113
0.075
0.043
0.03
0.049
0.019
0.028
0.07
0.066
0.052
0.075
0.036
0.021
0.061
0.068
-0.017
-8.8938459e-11
0.025
0.023
0.053
0.043
0.021
-0.002
0.074
0.066
0.023
0.023
0.039
0.027
0.081
0.03
0.061
0.074
0.113
0.099
0.035
-0.00099999996
0.06
0.095
0.091
0.049
0.068
0.066
0.099
0.057
0.035
0.026
0.071
0.085
0.124
0.019
-0.017
0.023
0.035
0.035
0.063
0.033
0.05
0.037
0.1
0.028
3.2187252e-11
0.023
-0.00099999993
0.026
0.033
0.017
0.071
0.079
0.135
0.07
0.025
0.039
0.06
0.071
0.05
0.071
0.077
0.121
0.144
0.066
0.023
0.027
0.095
0.085
0.037
0.079
0.121
0.084
)
;

boundaryField
{
    block1_in
    {
        type            extrapolatedCalculated;
        value           nonuniform List<scalar> 
100
(
-0.026
-0.021
-0.029
-0.008
-0.019
-0.024
-0.003
0.01
-0.019
-0.041
-0.021
-0.021
-0.014
-0.012
-0.021
-0.014
-0.003
-0.012
-0.031
-0.04
-0.029
-0.014
0.009
-0.006
-0.004
0.004
-0.01
-0.006
-0.015
-0.035
-0.008
-0.012
-0.006
-0.011
-0.003
-0.011
-0.019
-0.002
-0.015
-0.037
-0.019
-0.021
-0.004
-0.003
-0.022
-0.029
-0.024
-0.032
-0.019
-0.017
-0.024
-0.014
0.004
-0.011
-0.029
-0.035
-0.027
-0.019
-0.012
-0.017
-0.003
-0.003
-0.01
-0.019
-0.024
-0.027
-0.007
0.001
-0.014
-0.018
0.01
-0.012
-0.006
-0.002
-0.032
-0.019
0.001
-0.015
-0.028
-0.015
-0.019
-0.031
-0.015
-0.015
-0.019
-0.012
-0.014
-0.028
-0.026
-0.008
-0.041
-0.04
-0.035
-0.037
-0.017
-0.017
-0.018
-0.015
-0.008
-0.021
)
;
    }
    block1_out
    {
        type            extrapolatedCalculated;
        value           nonuniform List<scalar> 
100
(
0.077
0.059
0.052
0.053
0.081
0.091
0.124
0.1
0.135
0.144
0.059
0.113
0.075
0.043
0.03
0.049
0.019
0.028
0.07
0.066
0.052
0.075
0.036
0.021
0.061
0.068
-0.017
3.2187252e-11
0.025
0.023
0.053
0.043
0.021
-0.002
0.074
0.066
0.023
0.023
0.039
0.027
0.081
0.03
0.061
0.074
0.113
0.099
0.035
-0.00099999993
0.06
0.095
0.091
0.049
0.068
0.066
0.099
0.057
0.035
0.026
0.071
0.085
0.124
0.019
-0.017
0.023
0.035
0.035
0.063
0.033
0.05
0.037
0.1
0.028
-8.8938459e-11
0.023
-0.00099999996
0.026
0.033
0.017
0.071
0.079
0.135
0.07
0.025
0.039
0.06
0.071
0.05
0.071
0.077
0.121
0.144
0.066
0.023
0.027
0.095
0.085
0.037
0.079
0.121
0.084
)
;
    }
    block1_wall1
    {
        type            extrapolatedCalculated;
        value           nonuniform List<scalar> 
200
(
-0.026
-0.021
-0.029
-0.008
-0.019
-0.024
-0.003
0.01
-0.019
-0.041
0.009
0
-0.004
0.016
-0.005
-0.011
-0.008
-0.014
-0.018
-0.011
0.005
0.014
0.007
0.012
0.014
-0.004
-0.005
-0.006
-0.017
-0.004
0.013
0.02
0.021
0.018
0.014
-0.004
6.7762636e-12
0.005
-4.2351647e-12
0.007
0.018
0.021
0.019
0.027
0.01
0.009
0.009
0.013
0.007
0.011
0.019
0.027
0.017
0.014
0.02
0.014
0.02
0.018
0.014
0.007
0.023
0.011
0.014
0.021
0.02
0.019
0.022
0.018
0.01
0.002
0.0168
0.0156
0.0162
0.0307
0.0182
0.0179
0.0137
0.0119
0.0057
-0.00040000001
0.0146
0.0247
0.0276
0.0233
0.0193
0.014
0.0102
0.0152
0.0093
0.0013
0.0278
0.0322
0.0351
0.0241
0.0192
0.012
0.0138
0.0207
0.0114
0.0048
0.04
0.0323
0.0296
0.0271
0.0162
0.0164
0.0214
0.0247
0.0131
0.0112
0.0328
0.0246
0.0197
0.0198
0.0182
0.0215
0.025
0.0257
0.0185
0.0167
0.0282
0.0077
0.0166
0.0188
0.0234
0.0233
0.0243
0.0214
0.0216
0.0157
0.0264
0.0021
0.0171
0.0257
0.0249
0.0183
0.0188
0.0204
0.0204
0.0134
0.023
0.005
0.021
0.021
0.018
0.014
0.017
0.02
0.024
0.012
0.022
0.005
0.02
0.02
0.012
0.007
0.017
0.021
0.015
0.01
0.031
0.002
0.011
0.0090000001
0.014
0.011
0.014
0.024
0.025
0.02
0.028
0.0030000001
0.017
0.017
0.011
0.022
0.027
0.032
0.024
0.03
0.022
0.043
0.025
0.025
0.028
0.025
0.029
0.027
0.019
0.031
0.077
0.059
0.052
0.053
0.081
0.091
0.124
0.1
0.135
0.144
)
;
    }
    block1_wall2
    {
        type            extrapolatedCalculated;
        value           nonuniform List<scalar> 
200
(
-0.041
-0.011
-0.004
0.007
0.011
0.007
0.002
-0.00040000001
0.0013
0.0048
0.0112
0.0167
0.0157
0.0134
0.012
0.01
0.02
0.03
0.031
0.144
-0.04
-0.006
0.007
0.012
0.013
0.003
0.002
-0.0011
0.0052
0.0114
0.0185
0.0225
0.0236
0.0237
0.022
0.041
0.049
0.054
0.039
0.066
-0.035
-0.001
0.009
0.008
0.01
0.005
-1.1858461e-11
-0.0007
0.0066
0.0118
0.0229
0.0303
0.0311
0.0261
0.024
0.031
0.035
0.021
0.069
0.023
-0.037
-0.003
0.005
0.008
0.002
-0.005
-0.004
0.001
0.0115
0.0209
0.0319
0.0351
0.0238
0.0151
0.033
0.029
0.026
0.031
0.034
0.027
-0.017
2.5410988e-11
0.006
0.003
0.002
-0.009
-0.008
0.0083
0.0155
0.0178
0.0211
0.017
0.0157
0.0325
0.033
0.042
0.031
0.038
0.04
0.095
-0.017
0.003
0.01
-0.002
-0.007
-0.007
0.001
0.0072
0.0079
0.0027
0.0065
0.0233
0.0329
0.0268
0.025
0.046
0.022
0.004
0.079
0.085
-0.018
-0.006
-0.001
-0.006
-0.011
-0.009
-0.005
0.008
0.0013
0.001
0.0195
0.0201
0.0173
0.0436
0.052
0.016
0.044
0.062
0.017
0.037
-0.015
0.001
-0.008
-0.015
-0.01
-0.006
-0.001
0.0163
0.0142
-0.0071
0.0015
0.0383
0.0501
0.0455
0.048
0.057
0.064
0.061
0.065
0.079
-0.008
-0.00099999999
-0.007
-0.009
-0.016
0.003
0.03
0.0075
-0.012
0.0079
0.0214
0.0299
0.0452
0.039
0.027
0.079
0.046
0.031
0.049
0.121
-0.021
-0.002
-0.017
-0.022
0.017
0.017
-0.013
0.0168
0.0136
-0.0102
0.0296
0.0416
0.01
0.0258
0.065
0.014
0.042
0.041
-0.002
0.084
)
;
    }
    block1_wall3
    {
        type            extrapolatedCalculated;
        value           nonuniform List<scalar> 
200
(
-0.041
-0.04
-0.035
-0.037
-0.017
-0.017
-0.018
-0.015
-0.008
-0.021
-0.011
-0.006
-0.001
-0.003
1.5246593e-11
0.003
-0.006
0.001
-0.00099999998
-0.002
-0.004
0.007
0.009
0.005
0.006
0.01
-0.001
-0.008
-0.007
-0.017
0.007
0.012
0.008
0.008
0.003
-0.002
-0.006
-0.015
-0.009
-0.022
0.011
0.013
0.01
0.002
0.002
-0.007
-0.011
-0.01
-0.016
0.017
0.007
0.003
0.005
-0.005
-0.009
-0.007
-0.009
-0.006
0.003
0.017
0.002
0.002
8.4703295e-13
-0.004
-0.008
0.001
-0.005
-0.001
0.03
-0.013
-0.00040000001
-0.0011
-0.0007
0.00099999997
0.0083
0.0072
0.008
0.0163
0.0075
0.0168
0.0013
0.0052
0.0066
0.0115
0.0155
0.0079
0.0013
0.0142
-0.012
0.0136
0.0048
0.0114
0.0118
0.0209
0.0178
0.0027
0.001
-0.0071
0.0079
-0.0102
0.0112
0.0185
0.0229
0.0319
0.0211
0.0065000001
0.0195
0.0015
0.0214
0.0296
0.0167
0.0225
0.0303
0.0351
0.017
0.0233
0.0201
0.0383
0.0299
0.0416
0.0157
0.0236
0.0311
0.0238
0.0157
0.0329
0.0173
0.0501
0.0452
0.01
0.0134
0.0237
0.0261
0.0151
0.0325
0.0268
0.0436
0.0455
0.039
0.0258
0.012
0.022
0.024
0.033
0.033
0.025
0.052
0.048
0.027
0.065
0.01
0.041
0.031
0.029
0.042
0.046
0.016
0.057
0.079
0.014
0.02
0.049
0.035
0.026
0.031
0.022
0.044
0.064
0.046
0.042
0.03
0.054
0.021
0.031
0.038
0.004
0.062
0.061
0.031
0.041
0.031
0.039
0.069
0.034
0.04
0.079
0.017
0.065
0.049
-0.002
0.144
0.066
0.023
0.027
0.095
0.085
0.037
0.079
0.121
0.084
)
;
    }
    block1_wall4
    {
        type            extrapolatedCalculated;
        value           nonuniform List<scalar> 
200
(
-0.026
0.009
0.005
0.013
0.018
0.019
0.023
0.0168
0.0146
0.0278
0.04
0.0328
0.0282
0.0264
0.023
0.022
0.031
0.028
0.022
0.077
-0.021
8.4703295e-12
0.014
0.02
0.021
0.027
0.011
0.0156
0.0247
0.0322
0.0323
0.0246
0.0077
0.0021
0.005
0.005
0.002
0.0030000001
0.043
0.059
-0.029
-0.004
0.007
0.021
0.019
0.017
0.014
0.0162
0.0276
0.0351
0.0296
0.0197
0.0166
0.0171
0.021
0.02
0.011
0.017
0.025
0.052
-0.008
0.016
0.012
0.018
0.027
0.014
0.021
0.0307
0.0233
0.0241
0.0271
0.0198
0.0188
0.0257
0.021
0.02
0.0090000001
0.017
0.025
0.053
-0.019
-0.005
0.014
0.014
0.01
0.02
0.02
0.0182
0.0193
0.0192
0.0162
0.0182
0.0234
0.0249
0.018
0.012
0.014
0.011
0.028
0.081
-0.024
-0.011
-0.004
-0.004
0.009
0.014
0.019
0.0179
0.014
0.012
0.0164
0.0215
0.0233
0.0183
0.014
0.007
0.011
0.022
0.025
0.091
-0.003
-0.008
-0.005
2.2022857e-11
0.009
0.02
0.022
0.0137
0.0102
0.0138
0.0214
0.025
0.0243
0.0188
0.017
0.017
0.014
0.027
0.029
0.124
0.01
-0.014
-0.006
0.005
0.013
0.018
0.018
0.0119
0.0152
0.0207
0.0247
0.0257
0.0214
0.0204
0.02
0.021
0.024
0.032
0.027
0.1
-0.019
-0.018
-0.017
2.5410988e-12
0.007
0.014
0.01
0.0057
0.0093
0.0114
0.0131
0.0185
0.0216
0.0204
0.024
0.015
0.025
0.024
0.019
0.135
-0.041
-0.011
-0.004
0.007
0.011
0.007
0.002
-0.00040000001
0.0013
0.0048
0.0112
0.0167
0.0157
0.0134
0.012
0.01
0.02
0.03
0.031
0.144
)
;
    }
}


// ************************************************************************* //
