/*--------------------------------*- C++ -*----------------------------------*\
| =========                 |                                                 |
| \\      /  F ield         | OpenFOAM: The Open Source CFD Toolbox           |
|  \\    /   O peration     | Version:  v2106                                 |
|   \\  /    A nd           | Website:  www.openfoam.com                      |
|    \\/     M anipulation  |                                                 |
\*---------------------------------------------------------------------------*/
FoamFile
{
    version     2.0;
    format      ascii;
    arch        "LSB;label=32;scalar=64";
    class       volScalarField;
    location    "0";
    object      lapTmode1;
}
// * * * * * * * * * * * * * * * * * * * * * * * * * * * * * * * * * * * * * //

dimensions      [0 -2 0 1 0 0 0];

internalField   nonuniform List<scalar> 
2000
(
-0.001
-0.002
0.001
-3.5204807e-12
-0.005
0.001
-0.001
-0.001
-0.001
-0.001
-0.002
-0.005
0.001
-0.005
0.002
-3.4146016e-12
-0.002
-0.002
-0.001
-0.001
0.001
0.001
-0.004
0.002
-3.4410713e-12
-0.001
0.002
0.002
-0.002
-0.001
-3.4675411e-12
-0.005
0.002
-3.3087225e-12
-3.6528296e-12
-0.001
0.002
0.002
-0.002
-0.001
-0.005
0.002
-3.5204807e-12
-3.3351922e-12
-3.3087225e-12
-0.001
-0.002
-0.002
-0.001
-3.59989e-12
0.001
-3.4146016e-12
-0.001
-0.001
-0.001
-0.001
-0.001
-0.001
-3.3881318e-12
-3.5734202e-12
-0.001
-0.002
0.002
0.002
-0.002
-0.001
-0.001
-0.001
-3.4940109e-12
0.001
-0.001
-0.002
0.002
0.002
-0.002
-0.001
-0.001
-3.4146016e-12
0.002
-0.003
-0.001
-0.001
-0.002
-0.002
-0.001
-3.4410713e-12
-3.4675411e-12
0.002
-0.003
-0.001
-0.001
-0.001
-0.001
-0.001
-3.4410713e-12
-3.4146016e-12
0.001
-0.003
-0.001
-0.001
0.001
0.001
-0.001
-0.003
0.001
-0.002
0.002
5.2939559e-14
1.0587912e-13
-5.2939559e-14
0.001
0.001
-0.002
0.003
-0.001
-0.002
0.001
-2.1175824e-13
-5.5586537e-13
1.0587912e-13
-0.001
-0.002
-0.003
2.646978e-14
-0.001
-0.002
1.0587912e-13
-0.001
7.9409339e-14
-2.646978e-14
-0.003
0.003
-2.646978e-14
-0.001
-0.001
-0.003
2.1175824e-13
-0.001
0
0.001
0.001
-0.001
-0.001
-0.001
-0.003
0.002
-1.8528846e-13
2.646978e-14
0.002
-0.004
-0.002
-0.002
-0.002
-0.003
0.002
1.5881868e-13
-7.9409339e-14
0.001
-0.004
-0.002
0.002
0.001
-2.646978e-14
0
7.9409339e-14
2.646978e-14
5.2939559e-14
0.002
-0.003
-0.001
-2.646978e-14
1.0587912e-13
-0.001
-0.001
-2.646978e-14
0.001
0.002
-0.003
-0.001
2.646978e-14
0
-1.8528846e-13
5.2939559e-14
-7.9409339e-14
0.002
-0.004
-0.003
-0.001
-5.2939559e-14
0
-2.1175824e-13
0
0
0.001
-0.004
-0.002
-0.001
0
5.2939559e-14
-7.9409339e-14
-0.002
-0.003
0.001
-0.002
0.001
-0.001
-0.004
0.001
0
3.4410713e-13
-0.003
-0.004
0.001
-0.004
0.001
-0.002
0.002
-2.1175824e-13
2.1175824e-13
7.9409339e-14
0.001
0.001
-0.003
0.002
-0.001
-0.002
0.001
-7.9409339e-14
-1.0587912e-13
2.1175824e-13
-0.002
-0.004
0.002
3.7851785e-12
-0.001
-0.003
0.001
4.7645603e-13
2.9116758e-13
2.1175824e-13
0.001
0.001
-0.001
-0.001
-0.003
0.002
1.0587912e-13
-5.2939559e-14
-5.2939559e-14
0.001
-0.001
-0.002
-0.002
-0.003
0.002
5.2939559e-14
3.1763736e-13
-7.9409339e-14
0.001
0.002
-0.004
0.002
0.001
0.001
3.1763736e-13
-7.9409339e-14
-7.9409339e-14
0.001
0.003
-0.003
0.001
-4.2351647e-13
3.4410713e-13
-5.2939559e-14
-5.2939559e-14
-2.646978e-14
0.001
-0.003
-0.002
-0.001
2.1175824e-13
2.646978e-14
0
-2.9116758e-13
2.646978e-14
0.001
0.003
-0.002
-0.001
-0.001
2.9116758e-13
2.1175824e-13
-5.2939559e-14
5.2939559e-14
0.001
0.002
-0.003
-0.001
-0.001
-0.001
-5.2939559e-13
-2.3822802e-13
-0.003
0.001
-0.003
0.001
-5.8233515e-13
-0.002
-0.002
-0.002
-5.5586537e-13
-0.001
-0.004
0.001
-0.004
0.001
-0.001
-0.002
-0.002
-0.002
-0.003
-0.004
0.002
-0.002
0.002
-5.2939559e-14
-0.001
-0.002
-0.002
-0.002
0.001
0.001
-0.002
-0.004
0.001
1.0587912e-13
-0.001
-0.002
-0.002
-0.002
-0.003
-0.004
0.002
0.001
1.0587912e-13
-0.001
-0.001
-0.002
-0.002
-0.002
0.001
0.001
2.3822802e-13
3.7057691e-13
-0.001
-0.001
-0.001
-0.002
-0.002
-0.002
0
-0.001
-0.001
-0.001
-0.001
-0.001
-0.001
-0.001
-0.002
-0.001
-0.002
-0.002
-0.002
-0.002
-0.002
-0.002
-0.001
-0.001
-0.001
-0.001
-0.002
-0.002
-0.002
-0.002
-0.002
-0.002
-0.002
-0.001
-0.001
-0.001
-0.002
-0.002
-0.002
-0.002
-0.002
-0.002
-0.001
-0.001
-0.001
-0.001
-0.001
-0.004
0.001
-0.002
0.001
-0.001
-0.002
0.001
-2.646978e-14
7.1468405e-13
-0.004
0.002
-3.7322389e-12
-0.002
0.001
-0.001
-0.002
0.001
-5.2939559e-13
9.2644229e-13
0.001
-2.5675686e-12
-0.001
-0.004
5.1086675e-12
-0.001
-0.002
0.001
2.9116758e-13
-7.9409339e-14
-0.002
-0.002
-0.004
0.002
-0.001
-0.001
-0.002
0.001
1.0587912e-13
7.4115383e-13
0.001
0.001
3.9175274e-12
-0.001
-0.001
-0.001
-0.002
0.001
1.8528846e-13
1.323489e-13
-0.001
-0.001
-0.001
-0.001
-0.001
-0.001
-0.002
0.002
1.8528846e-13
-7.9409339e-14
-0.002
-0.002
-0.002
-0.002
-0.002
-0.002
-0.001
-0.005
0.001
7.9409339e-13
0.001
0.001
0.001
0.001
0.001
0.002
-0.005
0.002
4.2351647e-13
7.9409339e-14
-3.1763736e-13
-6.6174449e-13
7.9409339e-14
-8.2056317e-13
-9.5291207e-13
1.8528846e-13
0.001
-1.8528846e-13
-1.0323214e-12
7.4115383e-13
3.1763736e-13
7.1468405e-13
3.1763736e-13
6.3527471e-13
8.7350273e-13
-2.646978e-14
6.3527471e-13
3.1763736e-13
4.4998625e-13
1.0587912e-13
-0.003
0.002
-0.001
-0.002
0.001
-0.001
-0.002
0.001
-0.001
-0.001
0.002
3.838118e-12
-0.001
-0.003
-6.3527471e-13
-0.001
-0.002
0.001
-0.001
-0.001
-0.001
-0.001
-0.003
0.003
-0.001
-0.001
-0.002
0.001
-0.001
-0.001
-0.002
-0.003
0.003
7.4115383e-13
-0.001
-0.001
-0.002
0.001
-1.5881868e-13
-0.001
0.001
-9.2644229e-13
-0.001
-0.001
-0.001
-0.001
-0.002
0.001
-5.0292581e-13
-0.001
-0.001
-0.001
-0.001
-0.001
-0.001
-0.001
-0.002
0.001
-5.0292581e-13
1.323489e-13
-0.002
-0.002
-0.002
-0.002
-0.002
-0.002
-0.003
0.002
-2.646978e-13
7.9409339e-13
0.001
0.001
0.001
0.001
0.001
0.001
0.002
1.323489e-13
-1.0323214e-12
-5.2939559e-13
-0.001
-0.001
-0.001
7.6762361e-13
1.0587912e-13
1.323489e-13
8.9997251e-13
6.0880493e-13
1.0587912e-13
5.2939559e-13
-0.001
-0.001
-0.001
-0.001
-0.001
-5.0292581e-13
-2.646978e-13
1.323489e-13
2.646978e-13
1.323489e-13
-0.001
-0.003
0.001
-0.001
-0.004
0.001
6.3527471e-13
-0.003
0.001
6.6174449e-13
-0.003
-0.004
0.001
-0.002
0.002
-2.9116758e-13
-6.6174449e-13
-0.003
0.001
-3.9704669e-13
0.001
0.001
1.0587912e-13
-0.003
0.001
1.1911401e-12
1.323489e-13
-0.003
0.002
2.646978e-14
-0.001
-0.002
-0.003
-0.004
0.001
-7.6762361e-13
2.646978e-14
-0.001
-0.004
0.001
-0.004
0.002
0.001
0.001
-2.646978e-13
-1.323489e-13
0
-0.001
-0.003
0.002
0.001
2.3822802e-13
7.9409339e-14
-6.0880493e-13
2.646978e-13
-8.9997251e-13
7.9409339e-13
-0.001
-0.001
-0.003
3.9704669e-13
-1.5881868e-13
1.0587912e-12
-7.6762361e-13
6.6174449e-13
9.2644229e-13
-1.0587912e-12
-0.001
-0.001
-0.001
-0.003
-0.003
-0.003
-0.001
-0.001
-0.001
-0.001
-0.001
-0.001
-0.001
0.001
0.001
0.002
-0.004
-0.003
-0.001
-0.001
-0.001
-0.001
-0.001
0
0
5.2939559e-13
0.001
0.002
-0.003
-0.001
-0.001
-0.001
-0.001
-3.2028433e-12
-3.4675411e-12
-0.002
0.00099999999
-2.9116758e-12
-0.001
-0.002
0.001
-0.001
-0.001
-3.4675411e-12
-3.7322389e-12
-0.002
0.001
-0.001
-0.001
-0.002
0.001
-0.001
-0.001
-0.002
-0.002
-0.004
0.001
-0.001
-0.001
-0.002
0.002
-0.001
-0.001
0.001
0.001
0.001
-2.3028708e-12
-0.001
-0.001
-0.001
-0.003
0.002
-0.001
-3.6263598e-12
-0.001
-0.001
-0.001
-0.001
-0.001
-0.001
-0.002
0.003
-3.6263598e-12
-0.001
-0.001
-0.001
-0.001
-0.001
-0.001
-0.001
-0.001
-0.003
0.003
-0.002
-0.002
-0.002
-0.001
-0.001
-0.001
-0.001
-0.001
-0.001
-0.002
0.001
0.001
0.002
-0.003
-0.002
-0.001
-0.001
-0.001
-0.001
-0.001
-0.001
-0.001
-0.001
0.002
0.003
-0.003
-0.001
-0.001
-0.001
-0.001
-0.001
-0.001
-0.001
-0.001
-3.2028433e-12
0.003
-0.002
-0.001
-0.001
-0.001
-0.001
-0.001
-0.002
0.001
-0.001
-0.001
-0.002
0.001
-0.001
-0.001
-0.001
-0.001
-0.003
4.1292856e-12
-0.001
-0.001
-0.002
0.001
-0.001
-0.001
-0.002
-0.003
0.002
-0.001
-0.001
-0.001
-0.002
0.002
0.001
2.4087499e-12
0.001
3.7322389e-12
-0.001
-0.001
-0.001
-0.001
-0.001
-0.002
-0.004
0.002
-0.00099999999
-0.001
-0.001
-0.001
-0.001
-0.001
-0.001
-0.001
-0.002
-0.003
-0.00099999999
-0.001
-0.001
-0.001
-0.001
-0.001
-0.001
-0.001
-0.001
-0.002
-0.002
-0.002
-0.002
-0.001
-0.001
-0.001
-0.001
-0.001
-0.001
-0.001
0.001
0.001
0.002
-0.002
-0.001
-0.001
-0.001
-0.001
4.2351647e-12
2.4087499e-12
-0.00099999999
-0.001
0.001
-0.004
-0.002
-0.001
-0.001
3.59989e-12
3.9704669e-12
3.7322389e-12
-0.001
-0.001
3.7322389e-12
0.002
-0.003
-0.002
-0.001
3.4675411e-12
3.7057691e-12
3.0704944e-12
-2.6734477e-12
-2.9646153e-12
-0.001
-0.004
0.001
-3.9704669e-12
-2.4352197e-12
-0.002
0.001
-2.9381455e-12
-2.6999175e-12
-3.2028433e-12
-0.003
0.002
-3.4940109e-12
-3.7587087e-12
-1.6411263e-12
-0.003
0.002
0.001
-0.001
-0.003
0.002
-4.7910301e-12
-2.6734477e-12
-2.6734477e-12
-4.4998625e-12
-0.001
-0.002
-0.002
-0.004
0.002
-4.7910301e-12
-3.7587087e-12
-4.2616345e-12
-4.5263323e-12
-2.6734477e-12
-3.7057691e-12
-2.9116758e-12
-0.001
0.001
-2.4087499e-12
-3.9704669e-12
-3.9969367e-12
-3.7057691e-12
-3.9704669e-12
-2.1440521e-12
-5.0292581e-12
-6.1145191e-12
-1.6146566e-12
-3.9704669e-12
-2.4087499e-12
-3.9704669e-12
-4.2616345e-12
-3.4940109e-12
-3.4410713e-12
-5.3468955e-12
-4.4998625e-12
-6.1145191e-12
-1.6146566e-12
-3.4410713e-12
-2.6734477e-12
-4.5263323e-12
-2.4087499e-12
-3.9969367e-12
-3.7322389e-12
-3.9969367e-12
0.001
0.002
0.002
-0.002
-0.003
-0.001
-4.2616345e-12
-5.0292581e-12
-5.0292581e-12
0.001
0.003
-0.003
-0.002
0.00099999999
0.002
-0.002
-1.9058241e-12
-5.0292581e-12
-4.7645603e-12
0.002
-0.003
-0.001
-0.001
-3.9969367e-12
0.001
-0.002
-0.001
-3.2028433e-12
-3.2028433e-12
0.002
-0.002
-0.001
-0.001
-0.001
-0.002
0.002
2.646978e-13
-0.001
-0.001
-0.001
-0.003
0.001
-0.001
-0.002
-0.003
0.001
-0.001
-0.001
-0.001
-0.002
0.004
0.001
0.001
0.002
0.001
-0.001
-0.001
-0.001
-0.001
-0.001
-0.002
-0.002
-0.002
-5.2939559e-13
-0.001
-0.001
-0.001
-0.001
-0.001
-0.001
-0.001
-0.001
-0.001
-0.001
-0.001
-0.001
-0.001
2.9381455e-12
2.9381455e-12
4.4733928e-12
5.8498213e-12
3.7057691e-12
1.323489e-12
-0.001
-0.001
-0.001
-0.001
2.9381455e-12
3.2028433e-12
3.4675411e-12
0.001
0.001
0.001
-0.001
-0.002
-0.001
-0.001
4.7910301e-12
4.7910301e-12
0.002
-0.004
-0.003
-0.003
-0.003
0.004
-0.002
-0.001
5.0557279e-12
0.001
-0.004
-0.002
-0.001
-0.001
0.001
0.001
-0.002
-0.001
4.2616345e-12
0.001
-0.003
-0.001
-0.001
-0.001
-0.001
0.001
-0.002
-0.001
3.9439972e-12
0.001
-0.003
-0.001
-0.001
-0.001
-3.2028433e-12
-3.4940109e-12
-0.004
0.001
3.7322389e-12
3.9969367e-12
2.6999175e-12
-0.001
-0.003
0.002
-3.7322389e-12
-0.003
0.002
2.6999175e-12
4.0234065e-12
4.0234065e-12
3.7587087e-12
-0.002
-0.002
-0.003
-0.004
0.002
4.5528021e-12
8.2056317e-13
3.9969367e-12
3.7322389e-12
2.9381455e-12
3.7322389e-12
2.1705219e-12
4.5263323e-12
0.001
3.2293131e-12
3.2028433e-12
2.4087499e-12
0.001
0.001
0.001
0.001
0.001
0.001
3.9969367e-12
3.4940109e-12
4.2616345e-12
0.001
-0.004
-0.003
-0.003
-0.003
-0.003
-0.003
4.2616345e-12
3.7587087e-12
4.2616345e-12
0.001
-0.003
-0.002
-0.002
-0.001
-0.001
-0.001
2.6999175e-12
1.9058241e-12
4.2616345e-12
0.001
-0.003
-0.002
-0.001
-1.3764285e-12
-3.4940109e-12
-3.2028433e-12
-0.001
-0.002
2.4616895e-12
0.001
-0.003
-0.001
-2.9381455e-12
-5.8233515e-12
-1.6411263e-12
-2.9381455e-12
-0.003
-0.002
5.8233515e-13
0.001
-0.003
-0.001
-5.8762911e-12
-1.6675961e-12
-4.0234065e-12
-4.2616345e-12
0.002
-0.003
6.6439147e-12
0.001
-0.003
-0.001
-2.4616895e-12
-2.4616895e-12
-5.0292581e-12
-2.1705219e-12
-0.001
-0.003
0.001
-0.001
-0.001
-0.001
-0.002
0.002
4.2351647e-12
-0.001
-0.003
0.002
-0.001
-0.001
-0.001
-0.001
-0.002
0.003
0.002
0.002
0.001
-0.001
-0.001
-0.001
-0.001
-0.001
-0.001
-0.002
-0.002
-0.002
-0.001
-0.001
-0.001
-0.001
-0.001
-0.001
-0.001
-0.001
-0.001
-0.001
-0.001
-0.001
-0.001
-0.001
0
-2.646978e-13
1.5881868e-12
0.001
0.001
0.001
-0.001
-0.001
-0.001
-0.001
0
0.001
0.003
-0.003
-0.002
-0.002
-0.002
-0.002
-0.001
-0.001
5.2939559e-13
0.003
-0.003
-0.001
-0.001
-0.001
0.002
0.003
-0.002
-0.001
0.001
-0.003
-0.001
-0.001
-0.001
-0.001
1.3764285e-12
0.002
-0.002
-0.001
0.001
-0.002
-0.001
-0.001
-0.001
-0.001
-0.001
0.002
-0.002
-0.001
0.001
-0.002
-0.001
-0.001
-0.001
-0.001
-0.001
-0.003
0.001
-2.6734477e-12
2.9116758e-13
-0.001
-0.001
-0.003
0.002
0.001
-0.003
0.002
-2.9116758e-12
2.9116758e-13
-2.9381455e-12
-2.9381455e-12
-0.001
-0.002
-0.003
-0.003
0.001
-1.323489e-12
-7.9409339e-13
-2.3822802e-13
-2.9116758e-12
-3.1763736e-12
1.8528846e-12
0
-1.561717e-12
2.646978e-13
-1.8793544e-12
5.5586537e-13
-1.5881868e-12
-2.9116758e-13
-1.5881868e-12
-1.323489e-12
-3.2028433e-12
7.9409339e-13
-2.885206e-12
1.0587912e-12
-7.6762361e-13
2.9116758e-13
-7.6762361e-13
-2.3822802e-13
-1.323489e-12
0.001
0.001
0.001
0.001
0.001
-0.001
2.9116758e-13
-7.6762361e-13
-7.9409339e-13
0.001
-0.004
-0.003
-0.002
-0.002
-0.002
-0.001
-0.001
-1.0323214e-12
-7.9409339e-13
0.001
-0.003
-0.001
-0.001
-0.001
-0.001
-0.003
-0.002
-5.0292581e-13
-2.3822802e-13
0.001
-0.002
-0.001
0
-1.561717e-12
-2.646978e-13
0.002
-0.003
-1.5881868e-12
-1.0323214e-12
0.001
-0.002
-0.001
-2.3558104e-12
-2.4087499e-12
2.646978e-13
0.001
-0.003
3.4410713e-12
7.6762361e-13
0.001
-0.002
-0.001
4.2616345e-12
-1.0587912e-12
1.323489e-12
5.2939559e-13
-1.085261e-12
-0.001
-0.001
-0.002
0.002
0
2.9116758e-13
-0.001
-0.001
5.2939559e-13
-0.001
-0.001
-0.001
-0.001
-0.003
0.002
0.001
0.001
0.001
-0.001
-0.001
-0.001
-0.001
-0.001
-0.001
-0.002
-0.002
-0.003
-0.002
-0.001
-0.001
-0.001
-0.001
-0.001
-0.001
-0.001
-0.001
-0.001
-0.001
-0.002
-0.001
-0.001
-0.001
-0.001
-0.001
-0.001
-0.001
-0.001
-0.001
0.002
-0.003
-0.001
-0.001
-0.001
-5.2939559e-13
1.0587912e-12
7.9409339e-13
-2.0911126e-12
0
2.0911126e-12
0.002
-0.002
-0.001
-0.001
1.085261e-12
5.2939559e-13
0.001
0.001
0.001
-1.0587912e-12
0.001
-0.002
-0.001
-0.001
5.2939559e-13
0.001
-0.004
-0.002
-0.002
-0.001
0.001
-0.003
-0.001
-0.001
7.6762361e-13
0.001
-0.002
-0.001
-0.001
-0.001
0.001
-0.002
-0.001
-0.001
-1.6146566e-12
0.001
-0.002
-0.001
-0.001
-2.646978e-14
-0.001
-0.001
-0.001
-0.002
0.002
1.5881868e-12
-5.2939559e-13
-5.2939559e-13
-0.001
-0.001
-0.001
-0.001
-0.001
-0.001
-0.003
0.002
0.001
7.9409339e-13
0.001
-0.001
-0.001
-0.001
-0.001
-0.001
-0.001
-0.002
-0.003
0.004
-0.003
-0.001
-0.001
-0.001
-0.001
-0.001
-0.001
-0.001
-0.001
-0.002
-0.001
-0.002
-0.001
-0.001
-0.001
-0.001
-0.001
-0.001
-0.001
-0.001
-0.00099999999
0.002
-0.003
-0.001
-0.001
-0.001
-0.001
-0.001
-0.001
-0.001
-0.00099999999
-1.2970192e-12
0.002
-0.002
-0.001
-0.001
-0.001
-0.001
-0.001
0.001
0.001
7.6762361e-13
0.001
-0.003
-0.001
-0.001
-0.001
-0.001
0.003
-0.003
-0.002
5.0292581e-13
1.6146566e-12
0.004
-0.002
-0.001
-0.001
0.001
-0.003
-0.001
-0.001
-0.001
0.001
-0.003
-0.001
-0.001
-0.001
0.001
-0.002
-0.001
-0.001
-0.004
0.001
-1.3499588e-12
-6.9086125e-12
-3.1763736e-12
-0.002
-0.002
-0.002
-0.003
0.002
0.001
-5.8233515e-12
-5.5851235e-12
-4.7645603e-12
-3.4675411e-12
-0.001
-0.002
-0.002
-0.002
-0.003
-2.9116758e-13
-3.4675411e-12
2.3822802e-13
-2.1440521e-12
-0.001
-0.001
-0.001
-0.001
-0.002
-0.001
-5.5851235e-12
-6.1145191e-12
-7.4115383e-12
-0.001
-0.001
-0.001
-0.001
-0.001
-0.001
-0.001
-4.7645603e-12
-3.1763736e-12
-0.001
-0.001
-0.001
-0.001
-0.001
-0.001
-0.001
-3.7587087e-12
-0.002
-0.001
-0.001
-0.001
-0.001
-0.001
-1.3499588e-12
-5.5851235e-12
0.001
0.001
-0.002
-0.002
-0.001
-0.001
-0.001
-4.7645603e-12
-3.4675411e-12
0.002
-0.004
-0.003
-0.002
-0.002
-0.001
-0.001
-0.001
-3.9969367e-12
0.002
-0.004
-0.001
-0.001
-0.003
-0.002
-0.002
-0.001
-0.001
0.001
-0.004
-0.001
-1.8264148e-12
-2.646978e-13
0.002
-0.003
-0.001
-0.001
-2.1440521e-12
0.00099999999
-0.003
-0.001
1.5881868e-12
1.323489e-12
0.001
8.2056317e-13
-0.001
-0.001
-0.002
0.002
3.4675411e-12
-2.3822802e-13
6.6439147e-12
-0.001
2.9116758e-13
-0.001
-0.001
-0.00099999999
-0.003
0.001
3.4675411e-12
8.2321015e-12
-2.3822802e-13
3.9969367e-12
-0.001
-0.001
-0.00099999999
-0.003
0.002
5.5851235e-12
2.9381455e-12
8.2056317e-13
1.8793544e-12
2.9381455e-12
-0.001
-0.00099999999
-0.003
0.002
5.0557279e-12
4.5263323e-12
5.5851235e-12
3.4675411e-12
3.4675411e-12
0.001
-0.002
-0.003
0.002
1.8793544e-12
6.1145191e-12
5.5851235e-12
0.001
0.001
0.002
-0.003
0.002
0.001
4.5263323e-12
6.1145191e-12
1.8793544e-12
0.002
-0.003
-0.002
-0.002
-0.00099999999
2.4087499e-12
6.1145191e-12
1.3764285e-12
1.3499588e-12
0.001
-0.003
-0.00099999999
-0.001
5.5851235e-12
4.5263323e-12
3.4675411e-12
1.8793544e-12
1.3764285e-12
6.6439147e-12
0.001
-0.002
-0.001
3.9969367e-12
0.001
0.001
3.9969367e-12
2.4087499e-12
2.4352197e-12
2.4087499e-12
0.002
-0.002
7.7027059e-12
0.001
-0.004
-0.002
-0.001
3.4675411e-12
2.4087499e-12
0.001
-0.003
-0.001
2.9116758e-13
0.001
-0.002
-0.001
-0.002
-0.004
0.001
-0.001
-0.001
-0.004
0.001
5.2939559e-13
2.1175824e-12
5.2939559e-13
-0.004
0.002
5.2939559e-13
-0.001
-0.003
0.002
-1.0587912e-12
1.5881868e-12
1.5881868e-12
1.0587912e-12
0.001
0
-0.001
-0.003
0.002
1.0587912e-12
-0.001
-0.001
-1.0587912e-12
1.0587912e-12
-0.001
-0.001
-0.003
0.002
1.5881868e-12
1.0587912e-12
-0.001
-0.001
1.5881868e-12
0.001
-0.001
-0.003
0.002
2.1175824e-12
-2.1175824e-12
-2.1175824e-12
0.001
0.001
0.002
-0.003
-0.004
0.002
0
1.0587912e-12
-1.0587912e-12
0.002
-0.003
-0.002
-0.002
-0.001
0.001
0
-0.001
-0.001
0.001
-0.003
-0.001
-0.001
-0.001
-0.001
5.2939559e-13
3.1499038e-12
-0.001
-0.001
0.001
-0.002
-0.001
-0.001
1.0587912e-12
0.001
5.2939559e-13
3.6792994e-12
-5.2939559e-13
1.0587912e-12
0.002
-0.002
-0.001
1.5881868e-12
0.003
-0.003
1.5881868e-12
-5.2939559e-13
2.646978e-12
0.001
-0.003
-0.001
-0.001
0.001
-0.003
-0.00099999999
-6.4056867e-12
-1.1382005e-12
-0.002
0.00099999999
-3.2557829e-12
-2.7263873e-12
-0.001
-0.001
-0.001
-0.001
-2.7263873e-12
-0.001
-0.003
0.00099999999
-8.523269e-12
-0.001
-0.002
-0.004
-0.001
-0.001
-0.002
-0.003
0.002
-5.9027609e-12
-0.001
-0.002
0.002
0.002
-0.002
-0.001
0.00099999999
0.001
-7.4909476e-12
-0.001
-0.001
-0.002
0.002
0.002
-0.002
-0.001
-5.3733653e-12
-4.3145741e-12
-0.001
-0.001
-0.001
-0.001
-0.002
-0.002
-0.001
-1.0111456e-11
-5.9027609e-12
-0.001
-0.002
-0.002
-0.001
-0.001
-1.2202568e-11
-8.4967993e-12
-7.4644778e-12
-9.5820602e-12
-0.001
-0.002
0.002
0.002
-0.002
-5.3733653e-12
-9.0261948e-12
-5.3733653e-12
0.00099999999
0.00099999999
-0.001
-0.004
0.002
0.002
-0.002
-9.0261948e-12
-7.9938734e-12
0.002
-0.005
-0.002
-0.001
-0.001
-0.002
-0.002
-0.001
-7.9674037e-12
0.00099999999
-0.005
-0.001
-5.8762911e-12
-0.001
-0.001
-0.001
-0.001
-7.4644778e-12
-7.4644778e-12
0.00099999999
-0.002
-7.9938734e-12
-5.3468955e-12
)
;

boundaryField
{
    block1_in
    {
        type            extrapolatedCalculated;
        value           nonuniform List<scalar> 
100
(
-0.001
-0.002
0.001
-3.4675411e-12
-0.005
0.001
-0.001
-0.001
-0.001
-0.001
-0.002
-0.005
0.001
-0.005
0.002
-3.4146016e-12
-0.002
-0.002
-0.001
-0.001
0.001
0.001
-0.004
0.002
-3.5204807e-12
-0.001
0.002
0.002
-0.002
-0.001
-3.5204807e-12
-0.005
0.002
-3.3087225e-12
-3.3351922e-12
-0.001
0.002
0.002
-0.002
-0.001
-0.005
0.002
-3.4410713e-12
-3.6528296e-12
-3.3087225e-12
-0.001
-0.002
-0.002
-0.001
-3.4410713e-12
0.001
-3.4146016e-12
-0.001
-0.001
-0.001
-0.001
-0.001
-0.001
-3.4410713e-12
-3.4146016e-12
-0.001
-0.002
0.002
0.002
-0.002
-0.001
-0.001
-0.001
-3.4675411e-12
0.001
-0.001
-0.002
0.002
0.002
-0.002
-0.001
-0.001
-3.4146016e-12
0.002
-0.003
-0.001
-0.001
-0.002
-0.002
-0.001
-3.3881318e-12
-3.4940109e-12
0.002
-0.003
-0.001
-0.001
-0.001
-0.001
-0.001
-3.59989e-12
-3.5734202e-12
0.001
-0.003
-0.001
-0.001
)
;
    }
    block1_out
    {
        type            extrapolatedCalculated;
        value           nonuniform List<scalar> 
100
(
-6.4056867e-12
-2.7263873e-12
-0.002
0.00099999999
-5.3733653e-12
-5.9027609e-12
-0.001
-0.001
-0.001
-0.001
-1.1382005e-12
-0.001
-0.003
0.001
-4.3145741e-12
-0.001
-0.002
-0.004
-0.001
-0.001
-0.002
-0.003
0.002
-7.4909476e-12
-0.001
-0.002
0.002
0.002
-0.002
-0.001
0.00099999999
0.00099999999
-5.9027609e-12
-0.001
-0.001
-0.002
0.002
0.002
-0.002
-0.001
-3.2557829e-12
-8.523269e-12
-0.001
-0.001
-0.001
-0.001
-0.002
-0.002
-0.001
-7.4644778e-12
-2.7263873e-12
-0.001
-0.002
-0.002
-0.001
-0.001
-5.3733653e-12
-9.0261948e-12
-7.9674037e-12
-7.4644778e-12
-0.001
-0.002
0.002
0.002
-0.002
-1.2202568e-11
-9.0261948e-12
-7.9938734e-12
0.00099999999
0.00099999999
-0.001
-0.004
0.002
0.002
-0.002
-8.4967993e-12
-5.3733653e-12
0.002
-0.005
-0.002
-0.001
-0.001
-0.002
-0.002
-0.001
-7.4644778e-12
0.00099999999
-0.005
-0.001
-7.9938734e-12
-0.001
-0.001
-0.001
-0.001
-1.0111456e-11
-9.5820602e-12
0.00099999999
-0.002
-5.8762911e-12
-5.3468955e-12
)
;
    }
    block1_wall1
    {
        type            extrapolatedCalculated;
        value           nonuniform List<scalar> 
200
(
-0.001
-0.002
0.001
-3.4675411e-12
-0.005
0.001
-0.001
-0.001
-0.001
-0.001
0.001
0.001
-0.001
-0.003
0.001
-0.002
0.002
-2.646978e-14
0
-2.1175824e-13
-0.002
-0.003
0.001
-0.002
0.001
-0.001
-0.004
0.001
2.1175824e-13
2.9116758e-13
-5.2939559e-13
-5.5586537e-13
-0.003
0.001
-0.003
0.001
0
-0.002
-0.002
-0.002
-0.001
-0.004
0.001
-0.002
0.001
-0.001
-0.002
0.001
-3.1763736e-13
3.1763736e-13
-0.003
0.002
-0.001
-0.002
0.001
-0.001
-0.002
0.001
-0.001
-0.001
-0.001
-0.003
0.001
-0.001
-0.004
0.001
3.9704669e-13
-0.003
0.001
0
-3.2028433e-12
-3.4675411e-12
-0.002
0.001
-3.6263598e-12
-0.001
-0.002
0.001
-0.001
-0.001
-0.001
-0.001
-0.002
0.001
-0.00099999999
-0.00099999999
-0.002
0.001
-0.00099999999
-0.001
-2.6734477e-12
-2.6999175e-12
-0.001
-0.004
0.001
-3.9704669e-12
-3.4410713e-12
-0.002
0.00099999999
-3.9969367e-12
-0.001
-0.002
0.002
-5.2939559e-13
-0.001
-0.001
-0.001
-0.003
0.001
-0.001
-3.2028433e-12
-3.7322389e-12
-0.004
0.001
3.9969367e-12
4.2616345e-12
2.6999175e-12
-0.001
-0.003
0.002
-0.001
-0.003
0.001
-0.001
-0.001
-0.001
-0.002
0.002
1.3764285e-12
-0.001
-0.001
-0.003
0.001
-1.8793544e-12
-7.6762361e-13
-0.001
-0.001
-0.003
0.002
0.001
5.2939559e-13
5.2939559e-13
-0.001
-0.001
-0.002
0.002
2.0911126e-12
-1.0587912e-12
-0.001
-0.001
-2.646978e-14
-0.001
-0.001
-0.001
-0.002
0.002
-1.2970192e-12
7.6762361e-13
5.0292581e-13
-0.001
-0.004
0.001
-2.9116758e-13
-5.5851235e-12
-4.7645603e-12
-0.002
-0.002
-0.002
-0.003
0.002
0.001
2.9116758e-13
-0.001
-0.001
-0.002
0.002
2.4087499e-12
3.4675411e-12
3.9969367e-12
-0.001
-0.002
-0.004
0.001
-0.001
-0.001
-0.004
0.001
5.2939559e-13
5.2939559e-13
1.5881868e-12
-6.4056867e-12
-2.7263873e-12
-0.002
0.00099999999
-5.3733653e-12
-5.9027609e-12
-0.001
-0.001
-0.001
-0.001
)
;
    }
    block1_wall2
    {
        type            extrapolatedCalculated;
        value           nonuniform List<scalar> 
200
(
-0.001
-2.1175824e-13
2.9116758e-13
-0.002
3.1763736e-13
-0.001
0
-0.001
-0.001
-3.9969367e-12
-0.001
0.002
-0.001
0.001
-0.001
-0.001
0.002
-0.001
1.5881868e-12
-0.001
-0.001
0
2.1175824e-13
-0.002
7.1468405e-13
-0.001
0
-0.001
-0.001
0.001
0.001
-0.003
0.002
-0.003
0.001
0.001
-0.003
3.4675411e-12
-5.2939559e-13
-0.001
-0.001
0
-5.2939559e-14
-0.002
3.1763736e-13
-0.001
5.2939559e-13
-0.001
3.7322389e-12
-0.002
-0.002
6.6439147e-12
-0.002
3.4410713e-12
-0.002
-0.003
-0.001
2.4087499e-12
2.646978e-12
-0.001
-0.001
0.001
5.2939559e-14
-0.002
6.3527471e-13
-0.001
0.001
-0.001
0.002
-0.001
-0.001
0.001
-0.001
7.6762361e-13
-0.001
-0.001
-0.001
0.001
0.001
-0.001
-3.4410713e-12
-0.004
0.001
-0.002
8.7350273e-13
-0.001
0.002
-3.2028433e-12
-0.003
-3.2028433e-12
3.9439972e-12
-0.003
0.001
0.001
-0.001
-0.001
-2.1440521e-12
-0.003
-0.003
-7.4644778e-12
-3.4146016e-12
-0.002
0.002
-0.002
-2.646978e-14
-5.0292581e-13
-0.003
0.003
-0.002
-3.2028433e-12
0.001
-0.001
-0.002
-0.002
-1.6146566e-12
-0.001
0.00099999999
-0.001
-0.001
-7.4644778e-12
0.001
-0.001
-0.003
-0.001
6.3527471e-13
-2.646978e-13
-0.001
-0.002
-0.001
0.002
-0.003
-2.4616895e-12
-0.001
-0.001
0.001
0.001
-0.003
2.9116758e-13
-0.001
0.00099999999
-0.003
0
-0.001
-0.001
3.1763736e-13
1.323489e-13
-0.001
-0.001
3.4675411e-12
-0.002
-0.001
-2.4616895e-12
-0.001
4.2616345e-12
-0.002
-0.002
-0.001
0.001
0.001
-0.002
-0.001
5.2939559e-14
-0.001
-0.001
4.4998625e-13
2.646978e-13
-0.001
-0.001
3.7057691e-12
-0.001
-0.001
-5.0292581e-12
-0.001
-1.0587912e-12
-0.001
-0.001
1.5881868e-12
-0.002
-0.003
-7.9938734e-12
-0.001
-7.9409339e-14
-0.001
-0.001
1.0587912e-13
1.323489e-13
-0.001
-0.001
3.0704944e-12
-0.001
-0.001
-2.1705219e-12
-0.001
1.323489e-12
-0.001
-0.001
1.323489e-12
-0.001
-0.00099999999
-5.3468955e-12
)
;
    }
    block1_wall3
    {
        type            extrapolatedCalculated;
        value           nonuniform List<scalar> 
200
(
-0.001
-0.001
-0.001
-0.001
-3.59989e-12
-3.5734202e-12
0.001
-0.003
-0.001
-0.001
-5.2939559e-14
1.0587912e-13
-2.646978e-14
0.001
-0.004
-0.002
-0.001
2.646978e-14
0
-7.9409339e-14
3.4410713e-13
7.9409339e-14
2.1175824e-13
2.1175824e-13
0.001
0.002
-0.003
-0.001
-0.001
-0.001
-0.002
-0.002
-0.002
-0.002
-0.002
-0.002
-0.001
-0.001
-0.001
-0.001
7.1468405e-13
9.2644229e-13
-7.9409339e-14
7.4115383e-13
1.323489e-13
-7.9409339e-14
7.9409339e-13
7.9409339e-14
7.4115383e-13
1.0587912e-13
-0.001
-0.001
-0.001
-0.001
-0.001
1.323489e-13
7.9409339e-13
-5.2939559e-13
5.2939559e-13
1.323489e-13
6.6174449e-13
-3.9704669e-13
2.646978e-14
0.001
0.002
-0.003
-0.001
-0.001
-0.001
-0.001
-0.001
-0.001
-0.001
-0.001
-3.6263598e-12
0.003
-0.002
-0.001
-0.001
-0.001
-0.001
-0.001
2.4087499e-12
0.002
-0.003
-0.002
-0.001
2.4087499e-12
3.7322389e-12
3.0704944e-12
-2.9381455e-12
0.001
-0.002
-0.001
-1.6146566e-12
-1.6146566e-12
0.002
-0.002
-0.001
-0.001
-0.001
0.001
-0.002
-0.001
1.323489e-12
0.001
-0.003
-0.001
-0.001
-0.001
0.002
-0.003
4.5263323e-12
0.001
-0.003
-0.001
-3.2028433e-12
-2.9381455e-12
-4.2616345e-12
-2.1705219e-12
-0.001
0.002
-0.002
-0.001
0.001
-0.002
-0.001
-0.001
-0.001
-0.001
0.001
-0.003
2.646978e-13
1.0587912e-12
0.001
-0.002
-0.001
-2.646978e-13
2.646978e-13
1.323489e-12
-0.001
0.001
-0.002
-0.001
-0.001
0
0.001
-0.002
-0.001
-0.001
-0.001
0.001
-0.003
-0.001
-0.00099999999
-0.00099999999
0.001
-0.002
-0.001
-0.001
0.002
-0.003
-0.001
-0.001
-3.7587087e-12
0.001
-0.003
-0.001
-2.646978e-13
1.323489e-12
-0.001
3.9969367e-12
2.9381455e-12
0.001
-0.003
-0.00099999999
4.5263323e-12
0.001
-0.002
-0.001
5.2939559e-13
1.0587912e-12
1.0587912e-12
0.001
-0.003
-0.001
-0.001
0.001
-0.003
-0.00099999999
-0.001
-0.001
-0.001
-0.001
-1.0111456e-11
-9.5820602e-12
0.00099999999
-0.002
-5.8762911e-12
-5.3468955e-12
)
;
    }
    block1_wall4
    {
        type            extrapolatedCalculated;
        value           nonuniform List<scalar> 
200
(
-0.001
0.001
-0.002
-5.2939559e-13
-0.001
-0.003
-0.001
-3.2028433e-12
-0.001
-2.6734477e-12
-0.001
-3.2028433e-12
-0.001
-0.001
5.2939559e-13
-2.646978e-14
-0.004
0.001
-0.002
-6.4056867e-12
-0.002
0.001
-0.003
-2.3822802e-13
-0.004
0.002
-0.003
-3.4675411e-12
-0.001
-2.9646153e-12
-0.002
-3.4940109e-12
-0.003
-0.003
-1.085261e-12
-0.001
0.001
8.2056317e-13
-0.004
-1.1382005e-12
0.001
-0.001
0.001
-0.003
0.001
-0.001
0.001
-0.002
-0.002
-0.001
0.002
-0.004
0.001
0.001
-0.001
-0.001
-1.3499588e-12
-0.001
0.001
-0.002
-3.5204807e-12
-0.003
-0.002
0.001
-0.002
-0.002
-0.001
0.00099999999
0.001
-0.004
2.646978e-13
0.001
-0.001
-2.6734477e-12
-0.001
-0.001
-6.9086125e-12
-0.001
-0.001
0.00099999999
-0.005
0.001
0.001
-0.003
0.001
0.001
-0.004
-2.9116758e-12
-0.001
0.001
-0.001
3.7322389e-12
-0.001
2.9116758e-13
-0.002
-0.002
-3.1763736e-12
-0.002
-0.001
-3.2557829e-12
0.001
-0.002
-0.001
0.001
-0.001
-0.001
0.001
-0.001
-0.001
-3.9704669e-12
-0.001
3.9969367e-12
-0.001
-0.001
0.002
0.002
-0.002
0.002
-0.004
-2.7263873e-12
-0.001
0.002
-0.004
-5.8233515e-13
-0.002
-0.002
6.3527471e-13
-0.002
-0.002
-2.4352197e-12
-0.001
2.6999175e-12
-0.002
-0.001
0
1.5881868e-12
-0.002
3.4675411e-12
0.001
-0.001
-0.001
5.2939559e-14
0.001
-0.002
0.001
0.001
-0.003
0.001
0.001
-0.002
-0.003
-0.001
0.002
-0.003
2.9116758e-13
-5.2939559e-13
-0.002
-2.3822802e-13
5.2939559e-13
-0.001
-0.001
1.0587912e-13
0
-0.002
-2.646978e-14
-0.001
0.001
-0.001
-0.001
0.001
0.001
-0.003
4.2351647e-12
0.002
-0.001
-5.2939559e-13
-0.003
6.6439147e-12
2.1175824e-12
-0.001
-0.001
-5.2939559e-14
3.4410713e-13
-0.002
7.1468405e-13
-0.001
6.6174449e-13
-0.001
-0.001
-2.9381455e-12
-0.001
0.002
-0.001
0.001
-0.001
-0.001
0.002
-0.001
5.2939559e-13
-0.001
)
;
    }
}


// ************************************************************************* //
