/*--------------------------------*- C++ -*----------------------------------*\
| =========                 |                                                 |
| \\      /  F ield         | OpenFOAM: The Open Source CFD Toolbox           |
|  \\    /   O peration     | Version:  v2106                                 |
|   \\  /    A nd           | Website:  www.openfoam.com                      |
|    \\/     M anipulation  |                                                 |
\*---------------------------------------------------------------------------*/
FoamFile
{
    version     2.0;
    format      ascii;
    arch        "LSB;label=32;scalar=64";
    class       volScalarField;
    location    "0";
    object      Tmode1;
}
// * * * * * * * * * * * * * * * * * * * * * * * * * * * * * * * * * * * * * //

dimensions      [0 0 0 1 0 0 0];

internalField   nonuniform List<scalar> 
2000
(
-0.020896087
-0.020896087
-0.020896088
-0.020896088
-0.020896088
-0.020896089
-0.020896089
-0.020896089
-0.020896089
-0.020896089
-0.020896087
-0.020896087
-0.020896088
-0.020896088
-0.020896089
-0.020896089
-0.020896089
-0.020896089
-0.020896089
-0.020896089
-0.020896088
-0.020896088
-0.020896088
-0.020896089
-0.020896089
-0.020896089
-0.02089609
-0.02089609
-0.020896089
-0.020896089
-0.020896088
-0.020896088
-0.020896089
-0.020896089
-0.020896089
-0.020896089
-0.02089609
-0.02089609
-0.020896089
-0.020896089
-0.020896088
-0.020896089
-0.020896089
-0.020896089
-0.020896089
-0.020896089
-0.020896089
-0.020896089
-0.020896089
-0.020896089
-0.020896089
-0.020896089
-0.020896089
-0.020896089
-0.020896089
-0.020896089
-0.020896089
-0.020896089
-0.020896089
-0.020896089
-0.020896089
-0.020896089
-0.02089609
-0.02089609
-0.020896089
-0.020896089
-0.020896089
-0.020896089
-0.020896089
-0.020896089
-0.020896089
-0.020896089
-0.02089609
-0.02089609
-0.020896089
-0.020896089
-0.020896089
-0.020896089
-0.020896089
-0.020896088
-0.020896089
-0.020896089
-0.020896089
-0.020896089
-0.020896089
-0.020896089
-0.020896089
-0.020896089
-0.020896088
-0.020896088
-0.020896089
-0.020896089
-0.020896089
-0.020896089
-0.020896089
-0.020896089
-0.020896089
-0.020896088
-0.020896088
-0.020896088
-0.021048434
-0.021048434
-0.021048434
-0.021048434
-0.021048435
-0.021048435
-0.021048436
-0.021048436
-0.021048436
-0.021048436
-0.021048434
-0.021048434
-0.021048434
-0.021048435
-0.021048435
-0.021048435
-0.021048436
-0.021048436
-0.021048436
-0.021048436
-0.021048434
-0.021048434
-0.021048434
-0.021048435
-0.021048435
-0.021048435
-0.021048436
-0.021048436
-0.021048436
-0.021048436
-0.021048434
-0.021048435
-0.021048435
-0.021048435
-0.021048435
-0.021048435
-0.021048436
-0.021048436
-0.021048436
-0.021048436
-0.021048435
-0.021048435
-0.021048435
-0.021048435
-0.021048435
-0.021048436
-0.021048436
-0.021048436
-0.021048436
-0.021048435
-0.021048435
-0.021048435
-0.021048435
-0.021048435
-0.021048436
-0.021048436
-0.021048436
-0.021048436
-0.021048435
-0.021048435
-0.021048436
-0.021048436
-0.021048436
-0.021048436
-0.021048436
-0.021048436
-0.021048436
-0.021048436
-0.021048435
-0.021048435
-0.021048436
-0.021048436
-0.021048436
-0.021048436
-0.021048436
-0.021048436
-0.021048436
-0.021048435
-0.021048435
-0.021048435
-0.021048436
-0.021048436
-0.021048436
-0.021048436
-0.021048436
-0.021048435
-0.021048435
-0.021048435
-0.021048435
-0.021048435
-0.021048436
-0.021048436
-0.021048436
-0.021048436
-0.021048435
-0.021048435
-0.021048435
-0.021048435
-0.021048435
-0.021048435
-0.02120078
-0.02120078
-0.021200781
-0.021200781
-0.021200782
-0.021200782
-0.021200782
-0.021200783
-0.021200783
-0.021200783
-0.02120078
-0.02120078
-0.021200781
-0.021200781
-0.021200782
-0.021200782
-0.021200783
-0.021200783
-0.021200783
-0.021200783
-0.021200781
-0.021200781
-0.021200781
-0.021200782
-0.021200782
-0.021200782
-0.021200783
-0.021200783
-0.021200783
-0.021200783
-0.021200781
-0.021200781
-0.021200782
-0.021200782
-0.021200782
-0.021200782
-0.021200783
-0.021200783
-0.021200783
-0.021200783
-0.021200782
-0.021200782
-0.021200782
-0.021200782
-0.021200782
-0.021200783
-0.021200783
-0.021200783
-0.021200783
-0.021200783
-0.021200782
-0.021200782
-0.021200782
-0.021200782
-0.021200783
-0.021200783
-0.021200783
-0.021200783
-0.021200783
-0.021200783
-0.021200782
-0.021200783
-0.021200783
-0.021200783
-0.021200783
-0.021200783
-0.021200783
-0.021200783
-0.021200783
-0.021200782
-0.021200783
-0.021200783
-0.021200783
-0.021200783
-0.021200783
-0.021200783
-0.021200783
-0.021200782
-0.021200782
-0.021200782
-0.021200783
-0.021200783
-0.021200783
-0.021200783
-0.021200783
-0.021200783
-0.021200783
-0.021200782
-0.021200782
-0.021200782
-0.021200783
-0.021200783
-0.021200783
-0.021200783
-0.021200783
-0.021200783
-0.021200782
-0.021200782
-0.021200782
-0.021200782
-0.021353128
-0.021353128
-0.021353128
-0.021353129
-0.021353129
-0.02135313
-0.02135313
-0.02135313
-0.02135313
-0.02135313
-0.021353128
-0.021353128
-0.021353128
-0.021353129
-0.021353129
-0.02135313
-0.02135313
-0.02135313
-0.02135313
-0.02135313
-0.021353128
-0.021353128
-0.021353129
-0.021353129
-0.02135313
-0.02135313
-0.02135313
-0.02135313
-0.02135313
-0.02135313
-0.021353129
-0.021353129
-0.021353129
-0.021353129
-0.02135313
-0.02135313
-0.02135313
-0.02135313
-0.02135313
-0.02135313
-0.021353129
-0.021353129
-0.02135313
-0.02135313
-0.02135313
-0.02135313
-0.02135313
-0.02135313
-0.02135313
-0.02135313
-0.02135313
-0.02135313
-0.02135313
-0.02135313
-0.02135313
-0.02135313
-0.02135313
-0.02135313
-0.02135313
-0.02135313
-0.02135313
-0.02135313
-0.02135313
-0.02135313
-0.02135313
-0.02135313
-0.02135313
-0.02135313
-0.02135313
-0.02135313
-0.02135313
-0.02135313
-0.02135313
-0.02135313
-0.02135313
-0.02135313
-0.02135313
-0.02135313
-0.02135313
-0.02135313
-0.02135313
-0.02135313
-0.02135313
-0.02135313
-0.02135313
-0.02135313
-0.02135313
-0.02135313
-0.02135313
-0.02135313
-0.02135313
-0.02135313
-0.02135313
-0.02135313
-0.02135313
-0.02135313
-0.02135313
-0.02135313
-0.02135313
-0.02135313
-0.021505476
-0.021505476
-0.021505477
-0.021505477
-0.021505478
-0.021505478
-0.021505478
-0.021505479
-0.021505479
-0.021505479
-0.021505476
-0.021505477
-0.021505477
-0.021505477
-0.021505478
-0.021505478
-0.021505478
-0.021505479
-0.021505479
-0.021505479
-0.021505477
-0.021505477
-0.021505477
-0.021505477
-0.021505478
-0.021505478
-0.021505478
-0.021505479
-0.021505479
-0.021505479
-0.021505477
-0.021505477
-0.021505477
-0.021505478
-0.021505478
-0.021505478
-0.021505478
-0.021505479
-0.021505479
-0.021505479
-0.021505478
-0.021505478
-0.021505478
-0.021505478
-0.021505478
-0.021505478
-0.021505478
-0.021505479
-0.021505479
-0.021505479
-0.021505478
-0.021505478
-0.021505478
-0.021505478
-0.021505478
-0.021505478
-0.021505478
-0.021505479
-0.021505479
-0.021505479
-0.021505478
-0.021505478
-0.021505478
-0.021505478
-0.021505478
-0.021505478
-0.021505478
-0.021505478
-0.021505479
-0.021505479
-0.021505479
-0.021505479
-0.021505479
-0.021505479
-0.021505479
-0.021505479
-0.021505478
-0.021505479
-0.021505479
-0.021505479
-0.021505479
-0.021505479
-0.021505479
-0.021505479
-0.021505479
-0.021505479
-0.021505479
-0.021505479
-0.021505479
-0.021505479
-0.021505479
-0.021505479
-0.021505479
-0.021505479
-0.021505479
-0.021505479
-0.021505479
-0.021505479
-0.021505479
-0.021505479
-0.021657825
-0.021657826
-0.021657826
-0.021657826
-0.021657827
-0.021657827
-0.021657827
-0.021657828
-0.021657828
-0.021657828
-0.021657826
-0.021657826
-0.021657826
-0.021657826
-0.021657827
-0.021657827
-0.021657827
-0.021657828
-0.021657828
-0.021657828
-0.021657826
-0.021657826
-0.021657826
-0.021657827
-0.021657827
-0.021657827
-0.021657827
-0.021657828
-0.021657828
-0.021657828
-0.021657826
-0.021657826
-0.021657827
-0.021657827
-0.021657827
-0.021657827
-0.021657827
-0.021657828
-0.021657828
-0.021657828
-0.021657827
-0.021657827
-0.021657827
-0.021657827
-0.021657827
-0.021657827
-0.021657827
-0.021657828
-0.021657828
-0.021657828
-0.021657827
-0.021657827
-0.021657827
-0.021657827
-0.021657827
-0.021657827
-0.021657827
-0.021657828
-0.021657828
-0.021657828
-0.021657827
-0.021657827
-0.021657827
-0.021657827
-0.021657827
-0.021657827
-0.021657827
-0.021657828
-0.021657828
-0.021657828
-0.021657828
-0.021657828
-0.021657828
-0.021657828
-0.021657828
-0.021657828
-0.021657828
-0.021657828
-0.021657828
-0.021657828
-0.021657828
-0.021657828
-0.021657828
-0.021657828
-0.021657828
-0.021657828
-0.021657828
-0.021657828
-0.021657828
-0.021657828
-0.021657828
-0.021657828
-0.021657828
-0.021657828
-0.021657828
-0.021657828
-0.021657828
-0.021657828
-0.021657828
-0.021657828
-0.021810175
-0.021810175
-0.021810176
-0.021810176
-0.021810176
-0.021810177
-0.021810177
-0.021810177
-0.021810178
-0.021810178
-0.021810175
-0.021810175
-0.021810176
-0.021810176
-0.021810177
-0.021810177
-0.021810177
-0.021810177
-0.021810178
-0.021810178
-0.021810176
-0.021810176
-0.021810176
-0.021810176
-0.021810177
-0.021810177
-0.021810177
-0.021810177
-0.021810178
-0.021810178
-0.021810176
-0.021810176
-0.021810176
-0.021810176
-0.021810177
-0.021810177
-0.021810177
-0.021810177
-0.021810177
-0.021810178
-0.021810176
-0.021810177
-0.021810177
-0.021810177
-0.021810177
-0.021810177
-0.021810177
-0.021810177
-0.021810177
-0.021810178
-0.021810177
-0.021810177
-0.021810177
-0.021810177
-0.021810177
-0.021810177
-0.021810177
-0.021810177
-0.021810177
-0.021810177
-0.021810177
-0.021810177
-0.021810177
-0.021810177
-0.021810177
-0.021810177
-0.021810177
-0.021810177
-0.021810177
-0.021810177
-0.021810177
-0.021810177
-0.021810177
-0.021810177
-0.021810177
-0.021810177
-0.021810177
-0.021810177
-0.021810177
-0.021810177
-0.021810178
-0.021810178
-0.021810178
-0.021810177
-0.021810177
-0.021810177
-0.021810177
-0.021810177
-0.021810177
-0.021810177
-0.021810178
-0.021810178
-0.021810178
-0.021810178
-0.021810178
-0.021810177
-0.021810177
-0.021810177
-0.021810177
-0.021810177
-0.021962526
-0.021962526
-0.021962526
-0.021962527
-0.021962527
-0.021962527
-0.021962527
-0.021962528
-0.021962528
-0.021962528
-0.021962526
-0.021962526
-0.021962526
-0.021962527
-0.021962527
-0.021962527
-0.021962527
-0.021962528
-0.021962528
-0.021962528
-0.021962526
-0.021962526
-0.021962526
-0.021962527
-0.021962527
-0.021962527
-0.021962527
-0.021962528
-0.021962528
-0.021962528
-0.021962527
-0.021962527
-0.021962527
-0.021962527
-0.021962527
-0.021962527
-0.021962527
-0.021962527
-0.021962528
-0.021962528
-0.021962527
-0.021962527
-0.021962527
-0.021962527
-0.021962527
-0.021962527
-0.021962527
-0.021962527
-0.021962528
-0.021962528
-0.021962527
-0.021962527
-0.021962527
-0.021962527
-0.021962527
-0.021962527
-0.021962527
-0.021962527
-0.021962527
-0.021962528
-0.021962527
-0.021962527
-0.021962527
-0.021962527
-0.021962527
-0.021962527
-0.021962527
-0.021962527
-0.021962527
-0.021962527
-0.021962528
-0.021962528
-0.021962528
-0.021962527
-0.021962527
-0.021962527
-0.021962527
-0.021962527
-0.021962527
-0.021962527
-0.021962528
-0.021962528
-0.021962528
-0.021962528
-0.021962528
-0.021962527
-0.021962527
-0.021962527
-0.021962527
-0.021962527
-0.021962528
-0.021962528
-0.021962528
-0.021962528
-0.021962528
-0.021962528
-0.021962527
-0.021962527
-0.021962527
-0.021962527
-0.022114877
-0.022114877
-0.022114877
-0.022114878
-0.022114878
-0.022114878
-0.022114878
-0.022114879
-0.022114879
-0.022114879
-0.022114877
-0.022114877
-0.022114877
-0.022114878
-0.022114878
-0.022114878
-0.022114878
-0.022114879
-0.022114879
-0.022114879
-0.022114877
-0.022114877
-0.022114878
-0.022114878
-0.022114878
-0.022114878
-0.022114878
-0.022114879
-0.022114879
-0.022114879
-0.022114878
-0.022114878
-0.022114878
-0.022114878
-0.022114878
-0.022114878
-0.022114878
-0.022114878
-0.022114878
-0.022114879
-0.022114878
-0.022114878
-0.022114878
-0.022114878
-0.022114878
-0.022114878
-0.022114878
-0.022114878
-0.022114878
-0.022114878
-0.022114878
-0.022114878
-0.022114878
-0.022114878
-0.022114878
-0.022114878
-0.022114878
-0.022114878
-0.022114878
-0.022114878
-0.022114878
-0.022114878
-0.022114878
-0.022114878
-0.022114878
-0.022114878
-0.022114878
-0.022114878
-0.022114878
-0.022114878
-0.022114879
-0.022114879
-0.022114879
-0.022114878
-0.022114878
-0.022114878
-0.022114878
-0.022114878
-0.022114878
-0.022114878
-0.022114879
-0.022114879
-0.022114879
-0.022114878
-0.022114878
-0.022114878
-0.022114878
-0.022114878
-0.022114878
-0.022114878
-0.022114879
-0.022114879
-0.022114879
-0.022114879
-0.022114878
-0.022114878
-0.022114878
-0.022114878
-0.022114878
-0.022114878
-0.022267229
-0.022267229
-0.022267229
-0.022267229
-0.02226723
-0.02226723
-0.02226723
-0.02226723
-0.022267231
-0.022267231
-0.022267229
-0.022267229
-0.022267229
-0.02226723
-0.02226723
-0.02226723
-0.02226723
-0.02226723
-0.022267231
-0.022267231
-0.022267229
-0.022267229
-0.02226723
-0.02226723
-0.02226723
-0.02226723
-0.02226723
-0.02226723
-0.02226723
-0.02226723
-0.022267229
-0.02226723
-0.02226723
-0.02226723
-0.02226723
-0.02226723
-0.02226723
-0.02226723
-0.02226723
-0.02226723
-0.02226723
-0.02226723
-0.02226723
-0.02226723
-0.02226723
-0.02226723
-0.02226723
-0.02226723
-0.02226723
-0.02226723
-0.02226723
-0.02226723
-0.02226723
-0.02226723
-0.02226723
-0.02226723
-0.02226723
-0.02226723
-0.02226723
-0.02226723
-0.02226723
-0.02226723
-0.02226723
-0.02226723
-0.02226723
-0.02226723
-0.02226723
-0.02226723
-0.02226723
-0.02226723
-0.02226723
-0.02226723
-0.02226723
-0.02226723
-0.02226723
-0.02226723
-0.02226723
-0.02226723
-0.022267229
-0.022267229
-0.022267231
-0.022267231
-0.02226723
-0.02226723
-0.02226723
-0.02226723
-0.02226723
-0.022267229
-0.022267229
-0.022267229
-0.022267231
-0.022267231
-0.02226723
-0.02226723
-0.02226723
-0.02226723
-0.02226723
-0.022267229
-0.022267229
-0.022267229
-0.022419581
-0.022419581
-0.022419582
-0.022419582
-0.022419582
-0.022419582
-0.022419582
-0.022419582
-0.022419583
-0.022419583
-0.022419581
-0.022419581
-0.022419582
-0.022419582
-0.022419582
-0.022419582
-0.022419582
-0.022419583
-0.022419583
-0.022419583
-0.022419582
-0.022419582
-0.022419582
-0.022419582
-0.022419582
-0.022419582
-0.022419582
-0.022419582
-0.022419582
-0.022419582
-0.022419582
-0.022419582
-0.022419582
-0.022419582
-0.022419582
-0.022419582
-0.022419582
-0.022419582
-0.022419582
-0.022419582
-0.022419582
-0.022419582
-0.022419582
-0.022419582
-0.022419582
-0.022419582
-0.022419582
-0.022419582
-0.022419582
-0.022419582
-0.022419582
-0.022419582
-0.022419582
-0.022419582
-0.022419582
-0.022419582
-0.022419582
-0.022419582
-0.022419582
-0.022419582
-0.022419582
-0.022419582
-0.022419582
-0.022419582
-0.022419582
-0.022419582
-0.022419582
-0.022419581
-0.022419581
-0.022419581
-0.022419582
-0.022419583
-0.022419582
-0.022419582
-0.022419582
-0.022419582
-0.022419581
-0.022419581
-0.022419581
-0.022419581
-0.022419583
-0.022419583
-0.022419582
-0.022419582
-0.022419582
-0.022419582
-0.022419581
-0.022419581
-0.022419581
-0.022419581
-0.022419583
-0.022419583
-0.022419582
-0.022419582
-0.022419582
-0.022419582
-0.022419581
-0.022419581
-0.022419581
-0.022419581
-0.022571934
-0.022571934
-0.022571934
-0.022571935
-0.022571935
-0.022571935
-0.022571935
-0.022571935
-0.022571935
-0.022571936
-0.022571934
-0.022571934
-0.022571935
-0.022571935
-0.022571935
-0.022571935
-0.022571935
-0.022571935
-0.022571935
-0.022571935
-0.022571934
-0.022571935
-0.022571935
-0.022571935
-0.022571935
-0.022571935
-0.022571935
-0.022571935
-0.022571935
-0.022571935
-0.022571935
-0.022571935
-0.022571935
-0.022571935
-0.022571935
-0.022571935
-0.022571935
-0.022571935
-0.022571935
-0.022571935
-0.022571935
-0.022571935
-0.022571935
-0.022571935
-0.022571934
-0.022571934
-0.022571934
-0.022571934
-0.022571934
-0.022571934
-0.022571935
-0.022571935
-0.022571935
-0.022571935
-0.022571934
-0.022571934
-0.022571934
-0.022571934
-0.022571934
-0.022571934
-0.022571935
-0.022571935
-0.022571935
-0.022571935
-0.022571934
-0.022571934
-0.022571934
-0.022571934
-0.022571934
-0.022571934
-0.022571935
-0.022571935
-0.022571935
-0.022571935
-0.022571934
-0.022571934
-0.022571934
-0.022571934
-0.022571934
-0.022571934
-0.022571935
-0.022571935
-0.022571935
-0.022571935
-0.022571934
-0.022571934
-0.022571934
-0.022571934
-0.022571934
-0.022571934
-0.022571936
-0.022571935
-0.022571935
-0.022571935
-0.022571934
-0.022571934
-0.022571934
-0.022571934
-0.022571934
-0.022571934
-0.022724287
-0.022724287
-0.022724288
-0.022724288
-0.022724288
-0.022724288
-0.022724288
-0.022724289
-0.022724289
-0.022724289
-0.022724287
-0.022724288
-0.022724288
-0.022724288
-0.022724288
-0.022724288
-0.022724288
-0.022724289
-0.022724289
-0.022724289
-0.022724288
-0.022724288
-0.022724288
-0.022724288
-0.022724288
-0.022724288
-0.022724288
-0.022724288
-0.022724288
-0.022724288
-0.022724288
-0.022724288
-0.022724288
-0.022724288
-0.022724288
-0.022724288
-0.022724288
-0.022724288
-0.022724288
-0.022724288
-0.022724288
-0.022724288
-0.022724288
-0.022724288
-0.022724288
-0.022724288
-0.022724288
-0.022724288
-0.022724288
-0.022724288
-0.022724288
-0.022724288
-0.022724288
-0.022724288
-0.022724288
-0.022724288
-0.022724288
-0.022724287
-0.022724287
-0.022724287
-0.022724288
-0.022724288
-0.022724288
-0.022724288
-0.022724288
-0.022724288
-0.022724287
-0.022724287
-0.022724287
-0.022724287
-0.022724289
-0.022724289
-0.022724288
-0.022724288
-0.022724288
-0.022724287
-0.022724287
-0.022724287
-0.022724287
-0.022724287
-0.022724289
-0.022724289
-0.022724288
-0.022724288
-0.022724288
-0.022724287
-0.022724287
-0.022724287
-0.022724287
-0.022724287
-0.022724289
-0.022724289
-0.022724288
-0.022724288
-0.022724288
-0.022724287
-0.022724287
-0.022724287
-0.022724287
-0.022724287
-0.022876641
-0.022876641
-0.022876642
-0.022876642
-0.022876642
-0.022876642
-0.022876642
-0.022876642
-0.022876643
-0.022876643
-0.022876641
-0.022876642
-0.022876642
-0.022876642
-0.022876642
-0.022876642
-0.022876642
-0.022876642
-0.022876642
-0.022876642
-0.022876642
-0.022876642
-0.022876642
-0.022876642
-0.022876642
-0.022876642
-0.022876642
-0.022876642
-0.022876642
-0.022876642
-0.022876642
-0.022876642
-0.022876642
-0.022876642
-0.022876642
-0.022876642
-0.022876642
-0.022876642
-0.022876642
-0.022876642
-0.022876642
-0.022876642
-0.022876642
-0.022876642
-0.022876642
-0.022876642
-0.022876642
-0.022876642
-0.022876642
-0.022876642
-0.022876642
-0.022876642
-0.022876642
-0.022876642
-0.022876642
-0.022876641
-0.022876641
-0.022876641
-0.022876641
-0.022876641
-0.022876642
-0.022876642
-0.022876642
-0.022876642
-0.022876642
-0.022876641
-0.022876641
-0.022876641
-0.022876641
-0.022876641
-0.022876642
-0.022876642
-0.022876642
-0.022876642
-0.022876642
-0.022876641
-0.022876641
-0.022876641
-0.022876641
-0.022876641
-0.022876643
-0.022876642
-0.022876642
-0.022876642
-0.022876642
-0.022876641
-0.022876641
-0.022876641
-0.022876641
-0.022876641
-0.022876643
-0.022876642
-0.022876642
-0.022876642
-0.022876642
-0.022876641
-0.022876641
-0.022876641
-0.022876641
-0.022876641
-0.023028996
-0.023028996
-0.023028996
-0.023028996
-0.023028996
-0.023028997
-0.023028997
-0.023028997
-0.023028997
-0.023028997
-0.023028996
-0.023028996
-0.023028996
-0.023028996
-0.023028996
-0.023028996
-0.023028997
-0.023028997
-0.023028997
-0.023028997
-0.023028996
-0.023028996
-0.023028996
-0.023028996
-0.023028996
-0.023028996
-0.023028996
-0.023028996
-0.023028996
-0.023028996
-0.023028996
-0.023028996
-0.023028996
-0.023028996
-0.023028996
-0.023028996
-0.023028996
-0.023028996
-0.023028996
-0.023028996
-0.023028996
-0.023028996
-0.023028996
-0.023028996
-0.023028996
-0.023028996
-0.023028996
-0.023028996
-0.023028996
-0.023028996
-0.023028997
-0.023028996
-0.023028996
-0.023028996
-0.023028996
-0.023028996
-0.023028996
-0.023028996
-0.023028996
-0.023028996
-0.023028997
-0.023028997
-0.023028996
-0.023028996
-0.023028996
-0.023028996
-0.023028996
-0.023028996
-0.023028996
-0.023028996
-0.023028997
-0.023028997
-0.023028996
-0.023028996
-0.023028996
-0.023028996
-0.023028996
-0.023028995
-0.023028995
-0.023028995
-0.023028997
-0.023028997
-0.023028996
-0.023028996
-0.023028996
-0.023028996
-0.023028996
-0.023028995
-0.023028995
-0.023028995
-0.023028997
-0.023028997
-0.023028996
-0.023028996
-0.023028996
-0.023028996
-0.023028996
-0.023028995
-0.023028995
-0.023028995
-0.023181351
-0.023181351
-0.023181351
-0.023181351
-0.023181351
-0.023181352
-0.023181352
-0.023181352
-0.023181352
-0.023181352
-0.023181351
-0.023181351
-0.023181351
-0.023181351
-0.023181351
-0.023181351
-0.023181352
-0.023181352
-0.023181352
-0.023181352
-0.023181351
-0.023181351
-0.023181351
-0.023181351
-0.023181351
-0.023181351
-0.023181351
-0.023181351
-0.023181352
-0.023181351
-0.023181351
-0.023181351
-0.023181351
-0.023181351
-0.023181351
-0.023181351
-0.023181351
-0.023181351
-0.023181351
-0.023181351
-0.023181351
-0.023181351
-0.023181351
-0.023181351
-0.023181351
-0.023181351
-0.023181351
-0.023181351
-0.023181351
-0.023181351
-0.023181352
-0.023181351
-0.023181351
-0.023181351
-0.023181351
-0.023181351
-0.023181351
-0.023181351
-0.023181351
-0.023181351
-0.023181352
-0.023181352
-0.023181351
-0.023181351
-0.023181351
-0.023181351
-0.023181351
-0.023181351
-0.023181351
-0.023181351
-0.023181352
-0.023181352
-0.023181351
-0.023181351
-0.023181351
-0.023181351
-0.023181351
-0.023181351
-0.02318135
-0.02318135
-0.023181352
-0.023181352
-0.023181352
-0.023181351
-0.023181351
-0.023181351
-0.023181351
-0.02318135
-0.02318135
-0.02318135
-0.023181352
-0.023181352
-0.023181351
-0.023181351
-0.023181351
-0.023181351
-0.023181351
-0.02318135
-0.02318135
-0.02318135
-0.023333706
-0.023333707
-0.023333707
-0.023333707
-0.023333707
-0.023333707
-0.023333707
-0.023333707
-0.023333707
-0.023333708
-0.023333707
-0.023333707
-0.023333707
-0.023333707
-0.023333707
-0.023333707
-0.023333707
-0.023333707
-0.023333707
-0.023333707
-0.023333707
-0.023333707
-0.023333707
-0.023333707
-0.023333707
-0.023333707
-0.023333707
-0.023333707
-0.023333707
-0.023333707
-0.023333707
-0.023333707
-0.023333707
-0.023333707
-0.023333707
-0.023333707
-0.023333707
-0.023333707
-0.023333707
-0.023333707
-0.023333707
-0.023333707
-0.023333707
-0.023333707
-0.023333707
-0.023333707
-0.023333707
-0.023333707
-0.023333707
-0.023333707
-0.023333707
-0.023333707
-0.023333707
-0.023333707
-0.023333707
-0.023333707
-0.023333707
-0.023333707
-0.023333707
-0.023333707
-0.023333707
-0.023333707
-0.023333707
-0.023333707
-0.023333707
-0.023333707
-0.023333707
-0.023333707
-0.023333706
-0.023333706
-0.023333707
-0.023333707
-0.023333707
-0.023333707
-0.023333707
-0.023333707
-0.023333707
-0.023333706
-0.023333706
-0.023333706
-0.023333707
-0.023333707
-0.023333707
-0.023333707
-0.023333707
-0.023333707
-0.023333706
-0.023333706
-0.023333706
-0.023333706
-0.023333708
-0.023333707
-0.023333707
-0.023333707
-0.023333707
-0.023333707
-0.023333706
-0.023333706
-0.023333706
-0.023333706
-0.023486063
-0.023486063
-0.023486063
-0.023486063
-0.023486063
-0.023486064
-0.023486064
-0.023486064
-0.023486064
-0.023486064
-0.023486063
-0.023486063
-0.023486063
-0.023486063
-0.023486063
-0.023486064
-0.023486064
-0.023486064
-0.023486064
-0.023486064
-0.023486063
-0.023486063
-0.023486063
-0.023486063
-0.023486064
-0.023486064
-0.023486064
-0.023486064
-0.023486064
-0.023486064
-0.023486063
-0.023486063
-0.023486063
-0.023486064
-0.023486064
-0.023486064
-0.023486064
-0.023486064
-0.023486064
-0.023486064
-0.023486063
-0.023486063
-0.023486064
-0.023486064
-0.023486064
-0.023486064
-0.023486064
-0.023486064
-0.023486064
-0.023486063
-0.023486064
-0.023486064
-0.023486064
-0.023486064
-0.023486064
-0.023486064
-0.023486063
-0.023486063
-0.023486063
-0.023486063
-0.023486064
-0.023486064
-0.023486064
-0.023486064
-0.023486064
-0.023486063
-0.023486063
-0.023486063
-0.023486063
-0.023486063
-0.023486064
-0.023486064
-0.023486064
-0.023486064
-0.023486064
-0.023486063
-0.023486063
-0.023486063
-0.023486063
-0.023486063
-0.023486064
-0.023486064
-0.023486064
-0.023486064
-0.023486064
-0.023486063
-0.023486063
-0.023486063
-0.023486062
-0.023486062
-0.023486064
-0.023486064
-0.023486064
-0.023486064
-0.023486063
-0.023486063
-0.023486063
-0.023486063
-0.023486062
-0.023486062
-0.023638419
-0.023638419
-0.02363842
-0.02363842
-0.02363842
-0.02363842
-0.023638421
-0.023638421
-0.023638421
-0.023638421
-0.023638419
-0.02363842
-0.02363842
-0.02363842
-0.02363842
-0.023638421
-0.023638421
-0.023638421
-0.023638421
-0.023638421
-0.02363842
-0.02363842
-0.02363842
-0.02363842
-0.023638421
-0.023638421
-0.023638421
-0.023638421
-0.023638421
-0.023638421
-0.02363842
-0.02363842
-0.02363842
-0.023638421
-0.023638421
-0.023638421
-0.023638421
-0.023638421
-0.023638421
-0.023638421
-0.02363842
-0.02363842
-0.023638421
-0.023638421
-0.023638421
-0.023638421
-0.023638421
-0.023638421
-0.023638421
-0.02363842
-0.02363842
-0.023638421
-0.023638421
-0.023638421
-0.023638421
-0.023638421
-0.02363842
-0.02363842
-0.02363842
-0.02363842
-0.023638421
-0.023638421
-0.023638421
-0.023638421
-0.023638421
-0.02363842
-0.02363842
-0.02363842
-0.02363842
-0.02363842
-0.023638421
-0.023638421
-0.023638421
-0.023638421
-0.023638421
-0.02363842
-0.02363842
-0.02363842
-0.02363842
-0.02363842
-0.023638421
-0.023638421
-0.023638421
-0.023638421
-0.023638421
-0.02363842
-0.02363842
-0.02363842
-0.02363842
-0.023638419
-0.023638421
-0.023638421
-0.023638421
-0.023638421
-0.02363842
-0.02363842
-0.02363842
-0.02363842
-0.023638419
-0.023638419
-0.023790777
-0.023790777
-0.023790777
-0.023790778
-0.023790778
-0.023790778
-0.023790778
-0.023790778
-0.023790778
-0.023790778
-0.023790777
-0.023790777
-0.023790777
-0.023790778
-0.023790778
-0.023790778
-0.023790778
-0.023790778
-0.023790778
-0.023790778
-0.023790777
-0.023790777
-0.023790778
-0.023790778
-0.023790778
-0.023790778
-0.023790779
-0.023790779
-0.023790778
-0.023790778
-0.023790778
-0.023790778
-0.023790778
-0.023790778
-0.023790778
-0.023790778
-0.023790779
-0.023790779
-0.023790778
-0.023790778
-0.023790778
-0.023790778
-0.023790778
-0.023790778
-0.023790778
-0.023790778
-0.023790778
-0.023790778
-0.023790778
-0.023790778
-0.023790778
-0.023790778
-0.023790778
-0.023790778
-0.023790778
-0.023790778
-0.023790778
-0.023790778
-0.023790778
-0.023790778
-0.023790778
-0.023790778
-0.023790779
-0.023790779
-0.023790778
-0.023790778
-0.023790778
-0.023790778
-0.023790778
-0.023790778
-0.023790778
-0.023790778
-0.023790779
-0.023790779
-0.023790778
-0.023790778
-0.023790778
-0.023790778
-0.023790777
-0.023790777
-0.023790778
-0.023790778
-0.023790778
-0.023790778
-0.023790778
-0.023790778
-0.023790778
-0.023790777
-0.023790777
-0.023790777
-0.023790778
-0.023790778
-0.023790778
-0.023790778
-0.023790778
-0.023790778
-0.023790778
-0.023790777
-0.023790777
-0.023790777
)
;

boundaryField
{
    block1_in
    {
        type            fixedValue;
        value           nonuniform List<scalar> 
100
(
-0.020819914
-0.020819914
-0.020819915
-0.020819915
-0.020819916
-0.020819916
-0.020819916
-0.020819916
-0.020819916
-0.020819916
-0.020819914
-0.020819915
-0.020819915
-0.020819916
-0.020819916
-0.020819916
-0.020819916
-0.020819916
-0.020819916
-0.020819916
-0.020819915
-0.020819915
-0.020819916
-0.020819916
-0.020819916
-0.020819916
-0.020819917
-0.020819917
-0.020819916
-0.020819916
-0.020819915
-0.020819916
-0.020819916
-0.020819916
-0.020819916
-0.020819916
-0.020819917
-0.020819917
-0.020819916
-0.020819916
-0.020819916
-0.020819916
-0.020819916
-0.020819916
-0.020819916
-0.020819916
-0.020819916
-0.020819916
-0.020819916
-0.020819916
-0.020819916
-0.020819916
-0.020819916
-0.020819916
-0.020819916
-0.020819916
-0.020819916
-0.020819916
-0.020819916
-0.020819916
-0.020819916
-0.020819916
-0.020819917
-0.020819917
-0.020819916
-0.020819916
-0.020819916
-0.020819916
-0.020819916
-0.020819916
-0.020819916
-0.020819916
-0.020819917
-0.020819917
-0.020819916
-0.020819916
-0.020819916
-0.020819916
-0.020819916
-0.020819915
-0.020819916
-0.020819916
-0.020819916
-0.020819916
-0.020819916
-0.020819916
-0.020819916
-0.020819916
-0.020819915
-0.020819915
-0.020819916
-0.020819916
-0.020819916
-0.020819916
-0.020819916
-0.020819916
-0.020819916
-0.020819915
-0.020819915
-0.020819915
)
;
    }
    block1_out
    {
        type            fixedValue;
        value           nonuniform List<scalar> 
100
(
-0.023866956
-0.023866956
-0.023866956
-0.023866957
-0.023866957
-0.023866957
-0.023866957
-0.023866957
-0.023866957
-0.023866957
-0.023866956
-0.023866956
-0.023866956
-0.023866957
-0.023866957
-0.023866957
-0.023866957
-0.023866958
-0.023866957
-0.023866957
-0.023866956
-0.023866956
-0.023866957
-0.023866957
-0.023866957
-0.023866957
-0.023866958
-0.023866958
-0.023866957
-0.023866957
-0.023866957
-0.023866957
-0.023866957
-0.023866957
-0.023866957
-0.023866957
-0.023866958
-0.023866958
-0.023866957
-0.023866957
-0.023866957
-0.023866957
-0.023866957
-0.023866957
-0.023866957
-0.023866957
-0.023866957
-0.023866957
-0.023866957
-0.023866957
-0.023866957
-0.023866957
-0.023866957
-0.023866957
-0.023866957
-0.023866957
-0.023866957
-0.023866957
-0.023866957
-0.023866957
-0.023866957
-0.023866957
-0.023866958
-0.023866958
-0.023866957
-0.023866957
-0.023866957
-0.023866957
-0.023866957
-0.023866957
-0.023866957
-0.023866958
-0.023866958
-0.023866958
-0.023866957
-0.023866957
-0.023866957
-0.023866957
-0.023866957
-0.023866956
-0.023866957
-0.023866957
-0.023866957
-0.023866957
-0.023866957
-0.023866957
-0.023866957
-0.023866957
-0.023866956
-0.023866956
-0.023866957
-0.023866957
-0.023866957
-0.023866957
-0.023866957
-0.023866957
-0.023866957
-0.023866956
-0.023866956
-0.023866956
)
;
    }
    block1_wall1
    {
        type            zeroGradient;
    }
    block1_wall2
    {
        type            zeroGradient;
    }
    block1_wall3
    {
        type            zeroGradient;
    }
    block1_wall4
    {
        type            zeroGradient;
    }
}


// ************************************************************************* //
