/*--------------------------------*- C++ -*----------------------------------*\
| =========                 |                                                 |
| \\      /  F ield         | OpenFOAM: The Open Source CFD Toolbox           |
|  \\    /   O peration     | Version:  v2106                                 |
|   \\  /    A nd           | Website:  www.openfoam.com                      |
|    \\/     M anipulation  |                                                 |
\*---------------------------------------------------------------------------*/
FoamFile
{
    version     2.0;
    format      ascii;
    arch        "LSB;label=32;scalar=64";
    class       volScalarField;
    location    "0";
    object      Tmode4;
}
// * * * * * * * * * * * * * * * * * * * * * * * * * * * * * * * * * * * * * //

dimensions      [0 0 0 1 0 0 0];

internalField   nonuniform List<scalar> 
6000
(
-0.025583547
-0.025583528
-0.025583518
-0.025583566
-0.025583569
-0.025583613
-0.025583621
-0.025583595
-0.025583573
-0.025583568
-0.025399389
-0.02539938
-0.025399402
-0.025399451
-0.025399485
-0.025399508
-0.025399468
-0.025399423
-0.0253994
-0.025399391
-0.025030182
-0.025030209
-0.025030246
-0.025030288
-0.025030303
-0.025030277
-0.02503025
-0.025030213
-0.025030173
-0.02503016
-0.024474184
-0.024474216
-0.024474243
-0.024474262
-0.024474254
-0.024474235
-0.024474216
-0.024474171
-0.024474154
-0.02447414
-0.023728664
-0.023728734
-0.023728758
-0.02372874
-0.023728732
-0.023728706
-0.023728691
-0.023728653
-0.023728633
-0.023728605
-0.022790169
-0.022790219
-0.022790214
-0.022790215
-0.022790213
-0.022790184
-0.022790165
-0.022790101
-0.022790061
-0.022790032
-0.021654239
-0.021654253
-0.021654251
-0.021654256
-0.021654247
-0.021654224
-0.021654181
-0.021654114
-0.021654063
-0.021654045
-0.020315562
-0.020315572
-0.020315551
-0.020315533
-0.020315516
-0.020315486
-0.020315436
-0.020315384
-0.020315351
-0.020315347
-0.018768007
-0.01876801
-0.018767968
-0.01876794
-0.018767893
-0.018767863
-0.018767831
-0.018767791
-0.018767776
-0.018767753
-0.017004549
-0.017004527
-0.01700451
-0.017004473
-0.01700442
-0.01700439
-0.017004381
-0.017004344
-0.017004306
-0.017004254
-0.015017324
-0.015017333
-0.015017325
-0.015017278
-0.015017243
-0.015017219
-0.01501722
-0.015017176
-0.015017115
-0.015017063
-0.012797824
-0.012797865
-0.012797844
-0.012797809
-0.012797781
-0.012797754
-0.012797735
-0.012797691
-0.012797644
-0.012797604
-0.010336726
-0.01033676
-0.010336759
-0.010336733
-0.010336709
-0.010336669
-0.010336636
-0.0103366
-0.010336579
-0.010336549
-0.0076240647
-0.0076240985
-0.0076241046
-0.0076240872
-0.0076240653
-0.0076240394
-0.0076240138
-0.0076239726
-0.0076239531
-0.0076239271
-0.0046494712
-0.0046494759
-0.0046494697
-0.0046494525
-0.0046494299
-0.0046494317
-0.0046494158
-0.0046493636
-0.0046493255
-0.0046493022
-0.0014021011
-0.0014020829
-0.0014020826
-0.0014020589
-0.0014020308
-0.0014020262
-0.0014020209
-0.0014019811
-0.0014019491
-0.0014019193
0.0021289879
0.0021289802
0.0021289763
0.0021289972
0.0021290441
0.0021290678
0.0021290576
0.0021290726
0.0021290884
0.0021291143
0.0059544614
0.0059544379
0.0059544621
0.0059544809
0.0059545324
0.0059545441
0.0059545247
0.0059545379
0.0059545464
0.0059545458
0.010084496
0.010084482
0.010084536
0.010084551
0.010084576
0.010084574
0.010084555
0.010084587
0.010084591
0.010084597
0.01452813
0.014528135
0.014528163
0.014528168
0.01452817
0.014528182
0.014528169
0.014528193
0.014528212
0.014528248
0.019292386
0.019292388
0.019292355
0.019292359
0.019292362
0.019292386
0.01929238
0.019292389
0.019292422
0.019292472
0.02438111
0.024381088
0.024381033
0.024381033
0.024381047
0.024381063
0.024381062
0.024381075
0.024381109
0.024381177
0.029793169
0.029793137
0.029793105
0.029793089
0.029793114
0.029793132
0.029793136
0.02979315
0.029793192
0.029793261
0.03551941
0.035519373
0.03551935
0.035519324
0.035519347
0.035519384
0.035519391
0.035519418
0.03551947
0.035519513
0.041536912
0.041536864
0.041536834
0.041536816
0.041536835
0.04153687
0.041536891
0.041536933
0.041536958
0.041536992
0.047797273
0.047797222
0.047797187
0.047797184
0.047797206
0.047797254
0.047797292
0.047797317
0.047797321
0.047797343
0.054198648
0.054198614
0.054198581
0.054198578
0.054198617
0.054198682
0.05419871
0.054198734
0.054198747
0.054198754
0.060505725
0.06050571
0.060505687
0.060505704
0.060505759
0.060505797
0.060505825
0.060505862
0.060505888
0.060505898
0.066078848
0.06607883
0.066078839
0.066078883
0.066078922
0.066078943
0.066078974
0.06607901
0.06607905
0.066079103
0.068811553
0.068811538
0.068811573
0.068811606
0.068811647
0.068811677
0.068811692
0.068811717
0.068811798
0.06881183
-0.022785684
-0.022785752
-0.022785799
-0.022785844
-0.022785845
-0.022785843
-0.02278582
-0.022785796
-0.022785761
-0.022785736
-0.02261297
-0.022613038
-0.022613077
-0.022613096
-0.022613088
-0.022613083
-0.022613044
-0.022612999
-0.022612977
-0.022612962
-0.022266826
-0.022266885
-0.022266916
-0.022266907
-0.022266894
-0.022266862
-0.022266823
-0.022266789
-0.022266752
-0.022266728
-0.021745994
-0.021746035
-0.021746041
-0.021746036
-0.021746004
-0.021745969
-0.021745935
-0.021745891
-0.021745855
-0.02174583
-0.021048591
-0.021048629
-0.021048642
-0.021048614
-0.021048584
-0.021048548
-0.021048505
-0.021048464
-0.021048432
-0.021048403
-0.020172219
-0.02017226
-0.020172254
-0.020172224
-0.020172198
-0.020172157
-0.020172119
-0.020172068
-0.020172026
-0.020171998
-0.01911387
-0.019113905
-0.019113893
-0.019113864
-0.019113825
-0.019113791
-0.019113744
-0.019113689
-0.019113647
-0.019113623
-0.017870041
-0.017870059
-0.017870039
-0.017869995
-0.017869954
-0.017869918
-0.017869861
-0.017869817
-0.017869782
-0.017869761
-0.016436707
-0.016436735
-0.016436703
-0.016436653
-0.016436601
-0.016436557
-0.016436506
-0.016436467
-0.016436436
-0.016436415
-0.014809496
-0.014809514
-0.01480949
-0.014809438
-0.014809381
-0.014809336
-0.01480929
-0.014809249
-0.014809217
-0.014809191
-0.012983718
-0.012983731
-0.012983709
-0.012983653
-0.012983606
-0.012983559
-0.012983512
-0.01298347
-0.012983434
-0.012983404
-0.010954516
-0.010954544
-0.010954513
-0.010954463
-0.010954412
-0.010954361
-0.010954315
-0.010954272
-0.010954237
-0.010954206
-0.0087170437
-0.0087170678
-0.0087170454
-0.0087169862
-0.008716927
-0.0087168827
-0.0087168383
-0.0087167948
-0.0087167613
-0.00871673
-0.0062666161
-0.0062666401
-0.0062666093
-0.0062665411
-0.0062664936
-0.0062664617
-0.0062664144
-0.0062663655
-0.0062663278
-0.0062662976
-0.0035990423
-0.0035990582
-0.0035990175
-0.003598964
-0.0035989276
-0.0035988951
-0.0035988443
-0.003598792
-0.0035987505
-0.0035987269
-0.00071097783
-0.00071097756
-0.00071095353
-0.0007109121
-0.00071087091
-0.00071083211
-0.00071078705
-0.00071074223
-0.00071071042
-0.00071068219
0.0023995911
0.0023995761
0.0023995913
0.0023996351
0.0023996815
0.0023997185
0.002399754
0.0023997851
0.0023998124
0.0023998435
0.0057326458
0.0057326273
0.0057326508
0.0057326905
0.0057327323
0.00573276
0.0057327876
0.0057328139
0.0057328409
0.0057328558
0.0092853162
0.009285307
0.0092853285
0.0092853546
0.0092853846
0.0092854036
0.009285427
0.0092854593
0.0092854752
0.0092854938
0.013050534
0.013050516
0.013050522
0.013050539
0.013050556
0.013050573
0.013050599
0.013050628
0.013050648
0.013050675
0.017015133
0.017015113
0.0170151
0.01701511
0.017015116
0.017015138
0.017015169
0.017015197
0.017015227
0.017015249
0.021157162
0.021157148
0.021157121
0.021157121
0.021157131
0.021157155
0.021157191
0.021157228
0.021157253
0.021157289
0.025441486
0.025441458
0.025441431
0.025441429
0.025441449
0.025441477
0.025441521
0.02544156
0.025441595
0.025441637
0.029812433
0.029812388
0.02981237
0.029812373
0.029812397
0.02981244
0.029812491
0.029812539
0.029812585
0.029812612
0.034181042
0.03418101
0.034180998
0.034181009
0.034181042
0.034181092
0.034181152
0.034181206
0.034181232
0.034181256
0.038401152
0.038401134
0.03840112
0.038401145
0.038401186
0.038401242
0.038401304
0.038401334
0.038401346
0.038401363
0.042221502
0.042221483
0.042221478
0.042221507
0.042221558
0.042221618
0.04222165
0.042221661
0.042221671
0.042221686
0.045185455
0.045185445
0.045185445
0.045185477
0.045185531
0.045185563
0.045185577
0.045185585
0.045185596
0.045185608
0.046419574
0.046419566
0.046419582
0.046419617
0.046419646
0.046419665
0.046419676
0.046419683
0.046419693
0.046419739
0.044241666
0.044241662
0.044241687
0.044241709
0.044241739
0.044241756
0.044241764
0.044241772
0.044241814
0.044241862
-0.020160616
-0.020160708
-0.020160723
-0.020160732
-0.020160712
-0.020160703
-0.020160673
-0.02016064
-0.020160617
-0.020160605
-0.019999924
-0.019999972
-0.019999979
-0.019999971
-0.019999942
-0.01999992
-0.019999898
-0.019999863
-0.01999985
-0.019999834
-0.019677997
-0.019678044
-0.019678041
-0.01967801
-0.019677984
-0.01967795
-0.019677925
-0.019677899
-0.019677867
-0.019677848
-0.019194161
-0.01919419
-0.019194168
-0.019194141
-0.019194107
-0.019194073
-0.019194044
-0.019194005
-0.019193971
-0.01919396
-0.0185473
-0.018547325
-0.018547314
-0.01854728
-0.018547245
-0.018547206
-0.018547163
-0.018547124
-0.018547103
-0.018547091
-0.017736088
-0.017736105
-0.017736085
-0.017736053
-0.017736018
-0.017735969
-0.017735926
-0.01773589
-0.017735865
-0.017735849
-0.016758874
-0.016758899
-0.016758874
-0.016758841
-0.016758795
-0.016758745
-0.016758701
-0.016758658
-0.016758627
-0.016758615
-0.015613872
-0.015613892
-0.015613868
-0.015613818
-0.015613769
-0.015613718
-0.015613663
-0.015613616
-0.015613591
-0.01561359
-0.014299177
-0.014299205
-0.014299161
-0.014299109
-0.014299054
-0.014298991
-0.01429893
-0.014298889
-0.014298873
-0.014298872
-0.012812919
-0.012812939
-0.012812895
-0.01281284
-0.012812775
-0.012812705
-0.012812648
-0.01281261
-0.012812591
-0.012812585
-0.011153406
-0.011153417
-0.011153382
-0.011153315
-0.011153249
-0.011153183
-0.01115313
-0.011153087
-0.011153064
-0.011153054
-0.0093193797
-0.0093194035
-0.0093193464
-0.0093192766
-0.0093192124
-0.009319146
-0.0093190881
-0.0093190428
-0.0093190163
-0.0093190046
-0.0073102081
-0.0073102248
-0.0073101634
-0.0073100941
-0.007310024
-0.0073099514
-0.0073098908
-0.007309843
-0.0073098124
-0.0073097959
-0.005126185
-0.0051261926
-0.0051261421
-0.0051260675
-0.0051259927
-0.0051259204
-0.005125858
-0.0051258039
-0.0051257646
-0.005125744
-0.0027689996
-0.002769021
-0.0027689651
-0.0027688892
-0.0027688185
-0.0027687472
-0.0027686794
-0.0027686181
-0.0027685724
-0.0027685589
-0.00024228577
-0.0002423034
-0.00024224584
-0.0002421797
-0.00024211271
-0.00024203952
-0.00024196936
-0.00024190726
-0.0002418698
-0.00024185711
0.0024477316
0.0024477238
0.0024477702
0.0024478266
0.0024478927
0.0024479653
0.0024480325
0.0024480863
0.0024481199
0.0024481359
0.0052912569
0.0052912444
0.0052912836
0.0052913355
0.0052913932
0.0052914586
0.0052915203
0.0052915696
0.0052916053
0.0052916111
0.0082736261
0.0082736081
0.0082736391
0.0082736764
0.0082737181
0.0082737752
0.0082738359
0.0082738895
0.0082739149
0.0082739218
0.011373519
0.0113735
0.011373512
0.011373529
0.011373559
0.011373617
0.011373681
0.01137373
0.011373756
0.011373764
0.014560432
0.014560404
0.0145604
0.014560407
0.014560435
0.014560496
0.014560556
0.014560603
0.014560637
0.01456064
0.017790964
0.017790927
0.017790924
0.017790933
0.017790965
0.017791019
0.017791076
0.017791134
0.017791166
0.01779118
0.021003185
0.021003155
0.021003158
0.021003172
0.021003205
0.021003257
0.021003325
0.021003386
0.021003429
0.021003446
0.024107779
0.024107757
0.024107765
0.024107781
0.024107814
0.024107881
0.024107958
0.024108025
0.024108068
0.024108075
0.026973754
0.026973738
0.026973746
0.026973765
0.026973813
0.02697389
0.026973969
0.026974031
0.026974052
0.026974058
0.029404898
0.029404882
0.029404895
0.029404931
0.029404988
0.029405064
0.029405131
0.029405162
0.029405176
0.029405183
0.031100794
0.031100785
0.031100813
0.031100856
0.031100913
0.031100975
0.031101007
0.031101027
0.031101042
0.031101049
0.031595012
0.031595021
0.031595043
0.03159508
0.031595126
0.031595158
0.031595181
0.031595203
0.031595212
0.031595219
0.030172309
0.030172311
0.030172337
0.030172365
0.030172388
0.030172415
0.030172438
0.030172453
0.030172466
0.03017248
0.025823455
0.025823448
0.02582347
0.025823489
0.025823512
0.025823537
0.025823563
0.025823582
0.025823597
0.025823611
-0.017696192
-0.017696222
-0.017696203
-0.0176962
-0.017696189
-0.01769619
-0.017696177
-0.017696165
-0.017696156
-0.017696142
-0.017547814
-0.017547831
-0.017547805
-0.017547791
-0.017547788
-0.017547784
-0.017547777
-0.017547764
-0.017547761
-0.017547744
-0.017250846
-0.017250855
-0.017250845
-0.017250824
-0.017250828
-0.017250813
-0.017250798
-0.017250785
-0.017250772
-0.017250758
-0.016805084
-0.016805081
-0.016805068
-0.016805059
-0.016805046
-0.01680502
-0.016805003
-0.01680499
-0.016804983
-0.016804972
-0.016210165
-0.016210173
-0.016210165
-0.016210143
-0.016210123
-0.016210091
-0.016210071
-0.016210066
-0.016210059
-0.016210045
-0.015465753
-0.015465755
-0.015465741
-0.015465719
-0.015465695
-0.015465663
-0.015465643
-0.015465629
-0.015465619
-0.015465607
-0.014571501
-0.01457151
-0.014571489
-0.014571465
-0.014571439
-0.014571404
-0.014571372
-0.014571351
-0.014571344
-0.014571338
-0.013527242
-0.013527248
-0.013527229
-0.013527193
-0.013527162
-0.013527114
-0.01352707
-0.013527051
-0.013527051
-0.01352705
-0.01233304
-0.012333045
-0.012333017
-0.012332979
-0.012332935
-0.012332874
-0.012332828
-0.012332816
-0.012332818
-0.012332813
-0.010989391
-0.010989397
-0.01098936
-0.010989311
-0.010989259
-0.010989195
-0.010989156
-0.010989142
-0.010989136
-0.010989126
-0.0094974289
-0.00949743
-0.009497386
-0.0094973269
-0.0094972786
-0.0094972216
-0.0094971817
-0.0094971581
-0.0094971463
-0.0094971319
-0.0078592272
-0.0078592183
-0.0078591599
-0.0078591049
-0.0078590562
-0.0078589946
-0.007858944
-0.0078589133
-0.0078588944
-0.007858877
-0.0060780299
-0.0060780182
-0.0060779629
-0.0060779046
-0.0060778447
-0.0060777706
-0.0060777131
-0.0060776745
-0.0060776472
-0.0060776256
-0.0041587143
-0.0041587107
-0.0041586575
-0.0041585906
-0.0041585217
-0.0041584432
-0.0041583794
-0.004158329
-0.0041582932
-0.0041582696
-0.0021083333
-0.0021083342
-0.0021082742
-0.0021082075
-0.0021081367
-0.002108053
-0.0021079775
-0.0021079192
-0.0021078806
-0.0021078647
6.3262629e-05
6.3265167e-05
6.332041e-05
6.3384338e-05
6.3456696e-05
6.354891e-05
6.3627713e-05
6.3684225e-05
6.3715339e-05
6.3730413e-05
0.0023425484
0.0023425468
0.0023425934
0.0023426577
0.0023427313
0.0023428222
0.0023428964
0.0023429463
0.0023429764
0.0023429954
0.0047111745
0.004711173
0.0047112169
0.0047112752
0.00471134
0.0047114225
0.0047114945
0.0047115438
0.0047115767
0.004711589
0.0071445043
0.0071445023
0.0071445374
0.0071445756
0.0071446257
0.0071447065
0.0071447811
0.0071448346
0.0071448585
0.007144872
0.0096095468
0.0096095317
0.0096095469
0.0096095667
0.0096096115
0.009609696
0.0096097729
0.0096098213
0.0096098458
0.0096098601
0.012062148
0.012062121
0.012062124
0.01206214
0.012062185
0.012062266
0.012062337
0.012062385
0.012062416
0.012062426
0.014443116
0.014443095
0.0144431
0.014443119
0.014443163
0.014443233
0.014443301
0.014443358
0.014443389
0.014443407
0.016672602
0.016672592
0.016672602
0.016672625
0.016672664
0.016672732
0.016672807
0.016672865
0.016672905
0.016672924
0.018641868
0.018641859
0.018641874
0.018641898
0.018641936
0.018642016
0.018642093
0.018642152
0.018642192
0.018642202
0.020201395
0.020201389
0.020201409
0.020201435
0.020201485
0.020201566
0.020201638
0.020201693
0.020201715
0.020201727
0.021143941
0.021143944
0.021143971
0.021144006
0.021144059
0.021144129
0.021144188
0.021144221
0.021144245
0.021144258
0.021181808
0.021181822
0.021181855
0.021181889
0.021181936
0.021181993
0.021182026
0.021182061
0.021182085
0.021182083
0.0199215
0.019921519
0.01992154
0.019921566
0.019921603
0.019921639
0.019921677
0.019921713
0.019921715
0.019921715
0.016851167
0.016851172
0.016851195
0.016851217
0.016851239
0.016851279
0.016851317
0.016851335
0.016851337
0.016851325
0.011385942
0.011385942
0.011385961
0.011385976
0.011386001
0.011386042
0.011386071
0.011386088
0.011386079
0.011386072
-0.01537994
-0.015379927
-0.015379914
-0.015379942
-0.015379947
-0.015379973
-0.015379984
-0.01537998
-0.015379975
-0.015379964
-0.015244027
-0.015244038
-0.015244018
-0.015244039
-0.01524407
-0.015244092
-0.015244092
-0.015244085
-0.01524409
-0.015244071
-0.014972298
-0.014972296
-0.014972307
-0.014972333
-0.014972358
-0.014972352
-0.014972356
-0.014972361
-0.014972357
-0.014972337
-0.014564979
-0.014564973
-0.014564988
-0.014565015
-0.014565007
-0.014564999
-0.014565016
-0.01456502
-0.014565012
-0.014564991
-0.014022374
-0.014022388
-0.0140224
-0.014022404
-0.014022401
-0.014022401
-0.01402241
-0.014022416
-0.014022409
-0.01402239
-0.013345099
-0.013345107
-0.013345106
-0.013345115
-0.013345115
-0.013345108
-0.013345113
-0.013345116
-0.01334511
-0.013345095
-0.012534005
-0.012534006
-0.012534008
-0.012534019
-0.012534009
-0.012533997
-0.012533997
-0.012533998
-0.012533993
-0.01253398
-0.011590403
-0.011590405
-0.011590406
-0.011590402
-0.011590387
-0.011590366
-0.011590357
-0.011590359
-0.011590357
-0.011590344
-0.010516173
-0.010516177
-0.010516163
-0.010516156
-0.010516133
-0.010516102
-0.010516093
-0.010516098
-0.010516095
-0.010516078
-0.0093139888
-0.0093139763
-0.0093139572
-0.0093139458
-0.009313918
-0.0093138872
-0.0093138805
-0.0093138805
-0.0093138688
-0.0093138461
-0.0079875299
-0.0079875136
-0.0079874908
-0.0079874726
-0.0079874502
-0.0079874229
-0.0079874112
-0.0079873981
-0.0079873765
-0.0079873504
-0.006541871
-0.006541855
-0.0065418173
-0.0065418045
-0.0065417807
-0.0065417461
-0.0065417191
-0.006541692
-0.0065416623
-0.0065416366
-0.0049837638
-0.0049837373
-0.0049837047
-0.0049836906
-0.0049836531
-0.0049836019
-0.0049835619
-0.0049835235
-0.004983489
-0.0049834631
-0.00332212
-0.0033220992
-0.0033220726
-0.0033220451
-0.0033219941
-0.0033219326
-0.0033218828
-0.0033218364
-0.0033217976
-0.0033217698
-0.0015686731
-0.0015686632
-0.0015686277
-0.0015685891
-0.0015685295
-0.0015684603
-0.0015684019
-0.0015683518
-0.0015683108
-0.0015682873
0.00026133565
0.00026135023
0.00026139044
0.00026143353
0.00026149919
0.00026157526
0.00026163398
0.00026168232
0.00026171799
0.00026174215
0.0021482213
0.0021482322
0.0021482727
0.0021483177
0.0021483872
0.002148463
0.0021485189
0.0021485625
0.0021485971
0.0021486252
0.0040665963
0.0040666004
0.0040666411
0.0040666845
0.004066752
0.0040668256
0.0040668814
0.0040669254
0.0040669617
0.0040669841
0.0059838541
0.0059838568
0.0059838907
0.0059839236
0.0059839849
0.0059840607
0.0059841205
0.0059841692
0.0059841978
0.0059842198
0.0078581295
0.0078581288
0.0078581478
0.0078581695
0.0078582285
0.0078583063
0.0078583709
0.0078584158
0.0078584433
0.0078584645
0.0096355939
0.0096355893
0.0096355981
0.0096356155
0.0096356701
0.0096357444
0.009635805
0.0096358481
0.0096358784
0.0096358943
0.0112469
0.011246896
0.011246905
0.011246921
0.011246968
0.011247035
0.011247091
0.011247138
0.011247167
0.011247189
0.012602407
0.012602406
0.012602419
0.012602435
0.012602476
0.012602537
0.012602595
0.01260264
0.012602676
0.012602702
0.013585832
0.013585833
0.013585852
0.013585866
0.013585905
0.013585969
0.013586022
0.01358607
0.013586111
0.01358613
0.014046122
0.014046132
0.014046153
0.014046166
0.014046209
0.014046268
0.014046318
0.014046366
0.014046397
0.014046418
0.013787743
0.01378776
0.013787778
0.013787798
0.013787836
0.013787885
0.013787933
0.01378797
0.013788
0.013788017
0.012561052
0.012561067
0.012561087
0.012561104
0.012561139
0.012561186
0.012561219
0.012561255
0.012561277
0.012561273
0.010057997
0.010058009
0.010058022
0.010058037
0.010058071
0.010058107
0.010058143
0.010058172
0.010058171
0.010058163
0.0059248893
0.0059248949
0.0059249146
0.0059249327
0.0059249573
0.0059249969
0.0059250299
0.0059250402
0.0059250274
0.0059250144
-0.00018722295
-0.00018721497
-0.00018719844
-0.0001871853
-0.00018715459
-0.00018711322
-0.00018709671
-0.00018709041
-0.00018710746
-0.00018710298
-0.013199436
-0.013199456
-0.013199465
-0.013199505
-0.013199536
-0.013199569
-0.01319957
-0.013199561
-0.013199551
-0.013199541
-0.013075974
-0.013075985
-0.01307601
-0.013076054
-0.013076087
-0.013076106
-0.013076105
-0.013076093
-0.013076091
-0.013076074
-0.012829297
-0.012829325
-0.012829367
-0.012829399
-0.012829419
-0.012829421
-0.012829431
-0.012829431
-0.012829417
-0.012829394
-0.012460073
-0.012460099
-0.01246013
-0.012460157
-0.012460162
-0.012460175
-0.012460198
-0.01246019
-0.012460168
-0.012460148
-0.011969229
-0.011969253
-0.011969285
-0.011969301
-0.01196932
-0.011969339
-0.011969351
-0.011969344
-0.011969328
-0.011969312
-0.011358206
-0.011358225
-0.011358251
-0.011358274
-0.011358293
-0.011358304
-0.011358315
-0.011358312
-0.011358299
-0.011358285
-0.01062895
-0.010628973
-0.010628998
-0.010629017
-0.010629022
-0.010629034
-0.010629047
-0.010629044
-0.010629029
-0.010629014
-0.009784116
-0.0097841275
-0.0097841476
-0.0097841525
-0.0097841571
-0.009784168
-0.0097841779
-0.0097841728
-0.0097841566
-0.0097841415
-0.008827179
-0.0088271873
-0.0088271944
-0.0088272021
-0.0088272056
-0.0088272111
-0.0088272191
-0.0088272133
-0.0088271938
-0.0088271755
-0.0077627425
-0.0077627397
-0.0077627479
-0.0077627558
-0.0077627569
-0.0077627613
-0.0077627675
-0.0077627532
-0.007762725
-0.0077627048
-0.0065967537
-0.0065967452
-0.0065967551
-0.0065967594
-0.0065967657
-0.0065967702
-0.0065967649
-0.0065967358
-0.0065967015
-0.006596683
-0.0053368901
-0.0053368816
-0.00533688
-0.0053368909
-0.0053368966
-0.005336887
-0.0053368622
-0.0053368222
-0.0053367853
-0.0053367714
-0.0039929187
-0.0039929035
-0.0039929102
-0.0039929183
-0.0039929057
-0.0039928761
-0.0039928399
-0.003992794
-0.0039927563
-0.003992744
-0.0025772207
-0.0025772106
-0.0025772201
-0.0025772105
-0.0025771797
-0.002577143
-0.0025771019
-0.0025770518
-0.0025770108
-0.0025769952
-0.0011054592
-0.001105458
-0.0011054483
-0.0011054233
-0.0011053864
-0.0011053462
-0.0011053004
-0.0011052477
-0.001105203
-0.0011051884
0.00040268561
0.000402696
0.00040271732
0.00040274781
0.00040278891
0.00040283489
0.00040287974
0.00040293074
0.00040297231
0.00040298858
0.0019225563
0.0019225688
0.0019225916
0.0019226268
0.0019226767
0.0019227235
0.0019227655
0.0019228115
0.0019228515
0.0019228702
0.0034232825
0.0034232907
0.0034233162
0.0034233586
0.0034234122
0.003423459
0.0034235014
0.0034235469
0.003423586
0.003423598
0.0048663377
0.0048663487
0.0048663719
0.0048664119
0.0048664621
0.004866513
0.0048665612
0.0048666103
0.0048666403
0.0048666499
0.0062036744
0.0062036858
0.0062036974
0.0062037269
0.0062037745
0.0062038297
0.0062038844
0.0062039285
0.0062039542
0.0062039615
0.0073753506
0.0073753549
0.0073753572
0.0073753779
0.0073754204
0.0073754754
0.007375526
0.0073755649
0.0073755898
0.0073755925
0.0083066273
0.008306628
0.0083066289
0.0083066439
0.008306681
0.0083067299
0.0083067722
0.0083068109
0.0083068329
0.0083068425
0.0089044157
0.00890442
0.0089044222
0.008904434
0.0089044646
0.008904506
0.0089045461
0.0089045824
0.0089046133
0.0089046255
0.0090530414
0.0090530492
0.0090530519
0.0090530596
0.0090530846
0.009053125
0.0090531605
0.0090532021
0.0090532395
0.0090532487
0.008609622
0.0086096328
0.0086096336
0.008609637
0.0086096627
0.0086096995
0.0086097366
0.0086097818
0.0086098118
0.0086098177
0.0073999173
0.0073999252
0.007399923
0.0073999301
0.0073999547
0.0073999886
0.0074000292
0.0074000627
0.0074000859
0.0074000847
0.0052166772
0.0052166788
0.0052166821
0.0052166891
0.0052167182
0.0052167559
0.0052167817
0.0052168084
0.0052168152
0.0052168019
0.0018245232
0.0018245247
0.0018245299
0.0018245424
0.001824573
0.001824602
0.0018246264
0.0018246403
0.0018246327
0.001824619
-0.0030223781
-0.0030223778
-0.0030223638
-0.0030223469
-0.0030223216
-0.0030222894
-0.0030222713
-0.003022271
-0.0030222861
-0.0030222901
-0.0095428951
-0.0095428927
-0.0095428812
-0.0095428634
-0.0095428342
-0.0095428032
-0.0095427967
-0.0095427948
-0.0095428028
-0.0095427962
-0.011142403
-0.011142452
-0.011142469
-0.011142509
-0.011142526
-0.011142537
-0.011142521
-0.011142499
-0.011142483
-0.011142478
-0.011031099
-0.011031146
-0.011031167
-0.011031197
-0.011031207
-0.011031204
-0.01103119
-0.011031171
-0.011031167
-0.011031153
-0.010808881
-0.010808932
-0.010808961
-0.010808975
-0.010808984
-0.010808979
-0.010808978
-0.010808965
-0.010808941
-0.010808922
-0.010476777
-0.010476814
-0.010476833
-0.010476853
-0.010476862
-0.01047687
-0.010476873
-0.010476845
-0.010476818
-0.010476806
-0.010036262
-0.010036301
-0.010036332
-0.010036348
-0.01003637
-0.010036377
-0.010036368
-0.010036344
-0.010036328
-0.010036321
-0.0094895359
-0.0094895764
-0.0094895993
-0.009489618
-0.0094896355
-0.0094896384
-0.0094896359
-0.0094896183
-0.009489606
-0.0094895954
-0.0088394822
-0.0088395218
-0.0088395365
-0.0088395503
-0.0088395595
-0.0088395716
-0.0088395738
-0.0088395552
-0.0088395385
-0.0088395234
-0.0080899009
-0.0080899245
-0.0080899382
-0.0080899421
-0.0080899568
-0.0080899727
-0.0080899714
-0.0080899477
-0.0080899268
-0.0080899111
-0.0072456715
-0.0072456958
-0.0072457023
-0.007245712
-0.0072457276
-0.0072457403
-0.007245735
-0.0072457071
-0.0072456826
-0.0072456659
-0.0063130484
-0.0063130676
-0.0063130761
-0.0063130875
-0.0063131031
-0.0063131122
-0.0063131016
-0.006313065
-0.0063130349
-0.0063130195
-0.0052998848
-0.0052998984
-0.0052999128
-0.0052999236
-0.0052999427
-0.0052999473
-0.0052999239
-0.0052998768
-0.0052998464
-0.0052998344
-0.0042160509
-0.0042160657
-0.0042160736
-0.0042160921
-0.0042161056
-0.0042160942
-0.0042160552
-0.0042160035
-0.0042159748
-0.0042159675
-0.0030738208
-0.0030738336
-0.0030738464
-0.0030738602
-0.0030738548
-0.0030738273
-0.0030737829
-0.0030737301
-0.0030737017
-0.0030736953
-0.0018884069
-0.0018884194
-0.0018884315
-0.0018884276
-0.0018884099
-0.0018883816
-0.0018883377
-0.0018882821
-0.0018882498
-0.0018882398
-0.00067862816
-0.00067863809
-0.00067863317
-0.00067861834
-0.00067860121
-0.00067857477
-0.00067852951
-0.00067847091
-0.00067843345
-0.00067842451
0.0005323493
0.00053235331
0.00053236681
0.00053238371
0.00053240202
0.00053243003
0.00053247302
0.00053253016
0.00053256606
0.00053257493
0.0017160815
0.0017160908
0.0017161046
0.0017161276
0.0017161534
0.0017161802
0.001716219
0.0017162701
0.0017163034
0.0017163122
0.0028377057
0.0028377126
0.0028377307
0.0028377639
0.0028377927
0.0028378199
0.0028378575
0.002837906
0.0028379357
0.0028379373
0.0038546404
0.0038546462
0.0038546667
0.003854698
0.0038547254
0.0038547584
0.0038548016
0.0038548516
0.0038548702
0.0038548696
0.0047149781
0.0047149814
0.0047149927
0.0047150126
0.004715041
0.0047150813
0.0047151312
0.0047151739
0.0047151858
0.0047151829
0.0053555728
0.0053555708
0.0053555693
0.0053555812
0.0053556093
0.0053556526
0.0053556979
0.0053557317
0.005355741
0.0053557365
0.0056998871
0.0056998818
0.0056998752
0.0056998845
0.0056999123
0.0056999492
0.005699984
0.0057000155
0.0057000229
0.0057000256
0.0056556261
0.0056556217
0.0056556154
0.0056556237
0.0056556455
0.0056556737
0.0056557041
0.0056557345
0.0056557506
0.0056557527
0.0051123329
0.0051123285
0.0051123209
0.0051123251
0.0051123405
0.0051123685
0.0051123968
0.0051124326
0.0051124503
0.0051124492
0.0039394287
0.0039394245
0.003939413
0.0039394124
0.0039394311
0.0039394602
0.0039394924
0.0039395271
0.0039395331
0.0039395266
0.0019856106
0.0019856023
0.0019855892
0.0019855945
0.0019856187
0.0019856498
0.0019856813
0.0019856971
0.0019856971
0.0019856891
-0.0009188136
-0.00091882495
-0.0009188295
-0.0009188194
-0.00091878732
-0.00091875472
-0.00091874304
-0.00091873154
-0.0009187433
-0.00091875342
-0.0049542324
-0.0049542402
-0.0049542374
-0.0049542205
-0.004954189
-0.0049541668
-0.0049541523
-0.0049541509
-0.0049541673
-0.0049541658
-0.010296031
-0.010296041
-0.010296028
-0.010296008
-0.010295981
-0.010295954
-0.010295947
-0.010295948
-0.010295958
-0.010295951
-0.017089487
-0.017089495
-0.017089482
-0.017089458
-0.017089432
-0.017089404
-0.017089399
-0.017089392
-0.017089397
-0.017089395
-0.0091966759
-0.0091967232
-0.0091967282
-0.0091967469
-0.0091967233
-0.0091967101
-0.0091966856
-0.0091966685
-0.0091966574
-0.0091966506
-0.0090970406
-0.0090970981
-0.0090970908
-0.0090970867
-0.0090970642
-0.0090970507
-0.0090970327
-0.0090970178
-0.0090970118
-0.0090969892
-0.0088983064
-0.0088983488
-0.0088983513
-0.0088983442
-0.0088983387
-0.0088983228
-0.0088983088
-0.0088982881
-0.0088982629
-0.0088982413
-0.0086017993
-0.0086018276
-0.0086018323
-0.0086018431
-0.008601831
-0.0086018171
-0.0086018007
-0.0086017688
-0.0086017485
-0.0086017335
-0.0082094678
-0.0082095088
-0.0082095271
-0.0082095285
-0.0082095228
-0.0082095066
-0.0082094831
-0.0082094619
-0.0082094518
-0.0082094348
-0.0077241448
-0.0077241856
-0.0077241884
-0.0077241874
-0.0077241821
-0.0077241691
-0.0077241539
-0.0077241357
-0.0077241254
-0.0077241013
-0.00714949
-0.0071495221
-0.0071495176
-0.0071495178
-0.0071495118
-0.0071495096
-0.0071494952
-0.0071494722
-0.0071494545
-0.0071494262
-0.006490271
-0.0064902923
-0.006490291
-0.0064902873
-0.0064902892
-0.006490289
-0.0064902682
-0.0064902371
-0.0064902146
-0.0064901871
-0.0057525372
-0.005752565
-0.0057525596
-0.005752562
-0.0057525646
-0.0057525611
-0.0057525344
-0.0057524978
-0.0057524711
-0.005752443
-0.0049438869
-0.004943911
-0.004943909
-0.0049439137
-0.0049439159
-0.0049439073
-0.0049438744
-0.0049438293
-0.004943798
-0.0049437707
-0.0040737118
-0.0040737351
-0.0040737401
-0.0040737443
-0.0040737475
-0.0040737326
-0.004073689
-0.0040736373
-0.0040736075
-0.0040735828
-0.0031536457
-0.0031536729
-0.0031536722
-0.0031536812
-0.0031536767
-0.0031536485
-0.0031535959
-0.0031535446
-0.0031535176
-0.0031534966
-0.0021979407
-0.0021979596
-0.0021979637
-0.0021979664
-0.0021979479
-0.002197912
-0.0021978609
-0.0021978109
-0.0021977846
-0.0021977651
-0.0012239901
-0.0012240021
-0.001224007
-0.0012239978
-0.0012239775
-0.0012239498
-0.0012239029
-0.0012238507
-0.0012238213
-0.0012238008
-0.00025300806
-0.00025301545
-0.00025300927
-0.00025299886
-0.00025298911
-0.0002529697
-0.00025292281
-0.00025286772
-0.00025283433
-0.00025281691
0.00068926678
0.00068927095
0.00068927963
0.00068928476
0.00068928945
0.00068930691
0.00068935062
0.00068940413
0.00068943603
0.00068945196
0.0015717208
0.001571726
0.0015717335
0.001571742
0.0015717509
0.0015717657
0.0015718032
0.0015718505
0.0015718796
0.0015718943
0.0023568356
0.0023568356
0.0023568502
0.0023568684
0.0023568807
0.0023568955
0.0023569302
0.0023569738
0.0023569977
0.0023570062
0.0029995676
0.0029995678
0.0029995871
0.0029996051
0.0029996202
0.0029996419
0.0029996817
0.0029997244
0.0029997368
0.0029997444
0.0034460381
0.0034460381
0.0034460478
0.0034460594
0.0034460807
0.0034461115
0.0034461564
0.0034461897
0.0034461966
0.0034462026
0.0036320698
0.0036320622
0.0036320597
0.0036320702
0.0036320953
0.0036321295
0.0036321682
0.0036321922
0.0036321973
0.0036322032
0.0034817079
0.0034816936
0.0034816903
0.0034817036
0.0034817291
0.0034817566
0.0034817856
0.0034818086
0.0034818118
0.0034818211
0.0029058515
0.0029058381
0.0029058377
0.002905851
0.0029058701
0.0029058903
0.0029059155
0.0029059363
0.0029059431
0.0029059468
0.0018012174
0.0018012032
0.0018012015
0.0018012113
0.001801226
0.0018012484
0.0018012693
0.0018012894
0.0018012917
0.0018012911
5.0129014e-05
5.0113231e-05
5.0108257e-05
5.011692e-05
5.0137972e-05
5.0160919e-05
5.0180319e-05
5.0193199e-05
5.0183992e-05
5.0182488e-05
-0.0024781219
-0.00247814
-0.0024781444
-0.0024781267
-0.0024780992
-0.0024780775
-0.0024780625
-0.0024780668
-0.0024780745
-0.0024780699
-0.0059233287
-0.0059233447
-0.0059233403
-0.0059233197
-0.0059232871
-0.0059232636
-0.0059232646
-0.0059232655
-0.0059232784
-0.0059232727
-0.010426612
-0.010426623
-0.010426612
-0.010426586
-0.010426553
-0.010426536
-0.010426528
-0.010426535
-0.010426544
-0.010426526
-0.016118017
-0.016118031
-0.016118009
-0.01611798
-0.01611795
-0.016117925
-0.016117921
-0.016117922
-0.016117925
-0.016117913
-0.023099922
-0.02309993
-0.023099905
-0.023099871
-0.023099842
-0.023099813
-0.023099809
-0.023099803
-0.02309981
-0.02309979
-0.0073504702
-0.0073505151
-0.0073504924
-0.0073504737
-0.0073504262
-0.0073504154
-0.0073504001
-0.0073503931
-0.0073503745
-0.0073503482
-0.0072618847
-0.0072619127
-0.0072618822
-0.0072618485
-0.0072618185
-0.0072618101
-0.0072617981
-0.007261783
-0.0072617624
-0.0072617196
-0.0070853498
-0.007085372
-0.0070853594
-0.0070853312
-0.0070853114
-0.00708529
-0.0070852729
-0.007085253
-0.0070852228
-0.007085185
-0.0068224636
-0.0068224833
-0.0068224747
-0.0068224555
-0.0068224195
-0.0068223956
-0.0068223813
-0.0068223617
-0.0068223372
-0.0068223008
-0.0064755552
-0.0064755866
-0.0064755795
-0.0064755449
-0.0064755159
-0.0064754955
-0.0064754813
-0.0064754714
-0.0064754497
-0.0064754099
-0.0060479425
-0.0060479623
-0.0060479377
-0.0060479059
-0.006047886
-0.0060478722
-0.0060478614
-0.0060478485
-0.0060478235
-0.00604778
-0.0055439119
-0.005543924
-0.0055439
-0.0055438779
-0.0055438606
-0.005543852
-0.0055438359
-0.0055438167
-0.0055437847
-0.0055437404
-0.0049690179
-0.0049690252
-0.0049690115
-0.0049689881
-0.0049689753
-0.0049689643
-0.00496894
-0.0049689126
-0.0049688762
-0.0049688329
-0.0043302169
-0.0043302361
-0.0043302189
-0.004330199
-0.0043301857
-0.0043301709
-0.0043301393
-0.0043301049
-0.0043300622
-0.0043300167
-0.0036361411
-0.0036361586
-0.0036361436
-0.0036361244
-0.0036361102
-0.0036360889
-0.00363605
-0.0036360064
-0.0036359583
-0.0036359124
-0.0028973588
-0.0028973744
-0.0028973662
-0.0028973444
-0.0028973294
-0.0028973019
-0.0028972552
-0.0028972076
-0.0028971611
-0.0028971183
-0.0021268197
-0.0021268384
-0.0021268226
-0.0021268027
-0.0021267816
-0.0021267473
-0.0021266973
-0.0021266531
-0.0021266105
-0.0021265737
-0.0013402254
-0.0013402362
-0.0013402224
-0.0013401985
-0.0013401724
-0.0013401391
-0.0013400944
-0.0013400532
-0.0013400138
-0.0013399816
-0.00055654072
-0.00055654504
-0.00055653336
-0.00055650778
-0.00055649088
-0.00055647063
-0.00055643103
-0.00055638909
-0.0005563499
-0.00055631822
0.00020135756
0.00020135539
0.0002013713
0.00020138733
0.00020138671
0.00020139743
0.0002014367
0.00020148033
0.0002015217
0.00020155116
0.00090602538
0.00090602931
0.00090604283
0.00090604773
0.00090603946
0.0009060477
0.00090608388
0.00090612635
0.00090616693
0.00090619556
0.0015246858
0.0015246899
0.0015247015
0.0015247085
0.0015247041
0.0015247094
0.0015247396
0.0015247765
0.0015248152
0.0015248411
0.0020183276
0.0020183304
0.0020183495
0.0020183678
0.0020183691
0.0020183742
0.0020184002
0.0020184326
0.0020184659
0.0020184852
0.0023407553
0.0023407598
0.0023407852
0.0023408087
0.0023408168
0.0023408279
0.0023408556
0.0023408855
0.0023409086
0.0023409259
0.0024375407
0.0024375435
0.0024375637
0.0024375883
0.0024376043
0.0024376218
0.0024376515
0.0024376729
0.0024376926
0.0024377058
0.002244951
0.0022449467
0.0022449612
0.002244988
0.0022450065
0.0022450249
0.0022450496
0.0022450645
0.0022450807
0.0022450908
0.001689011
0.0016890041
0.0016890223
0.0016890501
0.0016890667
0.0016890805
0.0016890991
0.0016891127
0.001689123
0.0016891302
0.00068484827
0.00068484511
0.00068486606
0.00068489172
0.00068490356
0.00068491312
0.00068492755
0.0006849336
0.00068494053
0.00068493778
-0.00086344705
-0.00086345198
-0.00086343198
-0.00086340871
-0.00086339764
-0.0008633867
-0.00086338258
-0.00086338465
-0.00086338563
-0.00086338706
-0.0030620071
-0.0030620141
-0.0030619939
-0.0030619688
-0.0030619515
-0.003061945
-0.0030619501
-0.0030619603
-0.0030619644
-0.0030619586
-0.0060248931
-0.0060249
-0.0060248778
-0.0060248449
-0.0060248239
-0.0060248229
-0.0060248317
-0.0060248473
-0.0060248424
-0.0060248304
-0.0098697443
-0.0098697476
-0.0098697199
-0.0098696886
-0.0098696644
-0.0098696585
-0.0098696713
-0.0098696776
-0.0098696784
-0.0098696631
-0.01471083
-0.014710831
-0.0147108
-0.014710765
-0.014710738
-0.014710728
-0.014710729
-0.014710738
-0.01471073
-0.014710713
-0.020649456
-0.020649458
-0.020649416
-0.020649379
-0.020649349
-0.020649328
-0.020649328
-0.020649327
-0.020649323
-0.020649307
-0.027762609
-0.027762601
-0.027762559
-0.027762518
-0.027762488
-0.027762463
-0.027762461
-0.027762457
-0.027762451
-0.027762418
-0.0055927053
-0.0055927314
-0.0055926831
-0.0055926452
-0.0055926032
-0.005592604
-0.0055925949
-0.005592579
-0.0055925365
-0.0055924891
-0.0055144097
-0.0055144216
-0.0055143661
-0.0055143251
-0.0055142997
-0.0055142937
-0.0055142801
-0.0055142505
-0.0055142084
-0.0055141544
-0.0053585616
-0.0053585748
-0.0053585431
-0.0053584997
-0.0053584726
-0.0053584523
-0.0053584367
-0.0053584128
-0.0053583693
-0.0053583225
-0.005126957
-0.0051269648
-0.0051269256
-0.0051268825
-0.0051268412
-0.0051268245
-0.0051268209
-0.0051268037
-0.0051267631
-0.0051267173
-0.0048221907
-0.0048221984
-0.0048221549
-0.0048221023
-0.0048220762
-0.0048220671
-0.0048220662
-0.0048220556
-0.0048220155
-0.0048219704
-0.004447951
-0.0044479437
-0.0044478916
-0.0044478508
-0.0044478363
-0.0044478318
-0.004447831
-0.004447817
-0.004447776
-0.0044477318
-0.0040090097
-0.0040090024
-0.004008959
-0.0040089291
-0.004008915
-0.0040089118
-0.0040089059
-0.0040088867
-0.0040088419
-0.0040087982
-0.0035114959
-0.0035114891
-0.0035114571
-0.0035114241
-0.0035114117
-0.0035114045
-0.0035113892
-0.0035113618
-0.0035113133
-0.0035112676
-0.0029630121
-0.0029630189
-0.0029629825
-0.0029629507
-0.0029629353
-0.0029629216
-0.0029628964
-0.0029628606
-0.0029628035
-0.0029627518
-0.0023729207
-0.0023729282
-0.0023728914
-0.0023728564
-0.002372837
-0.0023728145
-0.0023727806
-0.0023727348
-0.0023726709
-0.0023726163
-0.0017526033
-0.0017526106
-0.0017525753
-0.0017525353
-0.0017525142
-0.0017524862
-0.0017524456
-0.0017523964
-0.0017523351
-0.0017522832
-0.0011158964
-0.0011159052
-0.0011158591
-0.0011158223
-0.0011157983
-0.0011157659
-0.0011157238
-0.0011156798
-0.0011156264
-0.001115581
-0.00047944522
-0.00047944646
-0.00047940231
-0.00047936644
-0.00047934207
-0.00047931189
-0.00047927588
-0.00047923803
-0.00047919231
-0.00047914974
0.00013680532
0.00013680885
0.00013684748
0.00013687829
0.00013689125
0.00013690962
0.00013694042
0.00013697618
0.00013702022
0.00013706489
0.00070900688
0.00070901134
0.00070904814
0.00070906492
0.00070906094
0.00070907129
0.00070910182
0.00070913873
0.00070918572
0.00070922968
0.0012088052
0.0012088144
0.001208845
0.0012088495
0.0012088391
0.001208848
0.0012088764
0.0012089133
0.001208961
0.0012090025
0.0016026535
0.0016026631
0.0016026908
0.0016026988
0.0016026932
0.0016026996
0.0016027222
0.0016027542
0.0016028005
0.0016028356
0.0018510222
0.0018510308
0.0018510679
0.0018510903
0.001851091
0.0018510952
0.0018511115
0.0018511387
0.001851179
0.0018512062
0.0019075951
0.0019076058
0.0019076541
0.001907686
0.0019076927
0.0019076981
0.0019077128
0.0019077376
0.0019077684
0.0019077911
0.0017184345
0.0017184465
0.0017184957
0.0017185309
0.0017185412
0.001718548
0.0017185641
0.0017185814
0.0017186078
0.0017186231
0.0012211992
0.0012212088
0.0012212548
0.001221289
0.0012212973
0.0012213039
0.0012213176
0.0012213281
0.0012213449
0.0012213567
0.00034456506
0.00034457576
0.00034462186
0.00034465175
0.00034465704
0.00034466206
0.00034467056
0.00034467487
0.00034468214
0.00034469082
-0.00099198871
-0.00099197343
-0.00099193012
-0.00099190419
-0.00099190137
-0.00099189983
-0.00099190011
-0.00099190666
-0.00099190399
-0.00099190416
-0.0028778128
-0.0028777994
-0.0028777584
-0.002877733
-0.0028777305
-0.0028777327
-0.0028777477
-0.002877761
-0.0028777647
-0.0028777565
-0.0054097742
-0.0054097615
-0.0054097181
-0.0054096894
-0.0054096848
-0.0054096964
-0.0054097193
-0.0054097363
-0.0054097367
-0.0054097205
-0.0086896449
-0.0086896301
-0.0086895858
-0.0086895523
-0.0086895462
-0.0086895601
-0.0086895822
-0.0086895976
-0.0086895874
-0.0086895711
-0.012819862
-0.012819844
-0.012819799
-0.012819768
-0.012819754
-0.01281976
-0.012819779
-0.012819782
-0.012819778
-0.012819761
-0.017897442
-0.017897423
-0.017897374
-0.017897339
-0.017897319
-0.017897315
-0.017897318
-0.017897319
-0.017897311
-0.017897291
-0.024006285
-0.024006265
-0.024006209
-0.024006171
-0.024006146
-0.024006126
-0.024006126
-0.024006121
-0.024006112
-0.024006082
-0.031208773
-0.031208748
-0.031208698
-0.031208656
-0.031208629
-0.031208604
-0.0312086
-0.031208585
-0.031208563
-0.03120854
-0.0039130962
-0.0039130934
-0.0039130428
-0.0039130082
-0.0039129754
-0.0039129706
-0.0039129486
-0.0039129122
-0.0039128535
-0.0039128082
-0.0038442405
-0.003844246
-0.003844189
-0.0038441494
-0.0038441198
-0.003844107
-0.0038440795
-0.0038440342
-0.0038439857
-0.0038439481
-0.003707386
-0.003707387
-0.003707344
-0.0037072935
-0.0037072694
-0.003707249
-0.003707229
-0.0037071983
-0.0037071549
-0.0037071255
-0.0035044237
-0.0035044053
-0.0035043494
-0.0035043095
-0.0035042816
-0.0035042711
-0.0035042689
-0.0035042489
-0.0035042105
-0.0035041841
-0.003238135
-0.0032381102
-0.0032380631
-0.0032380249
-0.0032380153
-0.0032380135
-0.0032380181
-0.0032380064
-0.003237972
-0.0032379505
-0.0029124719
-0.0029124426
-0.0029123944
-0.0029123712
-0.0029123709
-0.0029123767
-0.0029123843
-0.0029123724
-0.0029123401
-0.0029123213
-0.0025325306
-0.0025325057
-0.0025324672
-0.0025324521
-0.0025324536
-0.0025324609
-0.0025324649
-0.0025324487
-0.0025324137
-0.0025323945
-0.0021047935
-0.0021047708
-0.0021047405
-0.0021047216
-0.0021047222
-0.0021047224
-0.0021047137
-0.002104689
-0.0021046485
-0.002104624
-0.0016372639
-0.001637256
-0.0016372182
-0.0016371958
-0.0016371874
-0.0016371751
-0.0016371532
-0.0016371179
-0.0016370646
-0.0016370314
-0.0011397419
-0.0011397346
-0.0011396909
-0.0011396587
-0.0011396416
-0.0011396161
-0.0011395823
-0.0011395345
-0.0011394719
-0.0011394345
-0.00062406865
-0.00062405794
-0.00062401086
-0.00062397287
-0.00062395067
-0.00062391601
-0.00062387345
-0.00062382266
-0.00062376321
-0.00062372673
-0.00010455121
-0.0001045391
-0.00010448331
-0.00010444836
-0.00010442004
-0.00010437789
-0.00010433439
-0.0001042922
-0.00010424245
-0.00010420791
0.00040170103
0.00040171933
0.00040177071
0.00040180525
0.00040183701
0.00040187868
0.00040191444
0.0004019469
0.00040198958
0.00040202638
0.00087432065
0.0008743414
0.00087438528
0.00087441484
0.00087443834
0.00087446992
0.00087449987
0.00087452954
0.00087457309
0.00087461261
0.0012891277
0.0012891475
0.0012891856
0.0012892021
0.0012892115
0.0012892368
0.001289267
0.0012892993
0.0012893469
0.0012893841
0.0016175717
0.0016175924
0.0016176227
0.001617629
0.0016176338
0.0016176582
0.0016176874
0.0016177216
0.0016177705
0.0016178048
0.001826112
0.001826131
0.0018261605
0.001826172
0.001826181
0.0018262018
0.0018262255
0.0018262571
0.0018263065
0.0018263351
0.0018755224
0.0018755425
0.0018755849
0.0018756103
0.0018756221
0.0018756379
0.0018756553
0.0018756843
0.0018757284
0.0018757516
0.0017201952
0.001720222
0.0017202785
0.0017203113
0.001720324
0.0017203375
0.0017203534
0.0017203804
0.0017204145
0.0017204354
0.0013074449
0.0013074775
0.001307536
0.0013075676
0.0013075789
0.0013075919
0.0013076078
0.0013076249
0.0013076522
0.0013076675
0.00057689591
0.00057692838
0.00057698065
0.00057700593
0.00057701211
0.00057702412
0.00057703489
0.00057704063
0.0005770554
0.00057707067
-0.00053990567
-0.00053987342
-0.00053982759
-0.00053981037
-0.00053980795
-0.00053979901
-0.00053979773
-0.00053980149
-0.0005397943
-0.00053977837
-0.0021195066
-0.0021194736
-0.0021194354
-0.0021194228
-0.0021194246
-0.0021194229
-0.0021194323
-0.0021194444
-0.0021194377
-0.0021194278
-0.004245996
-0.0042459665
-0.0042459314
-0.0042459203
-0.0042459262
-0.0042459312
-0.0042459523
-0.0042459666
-0.0042459633
-0.0042459471
-0.007009576
-0.0070095464
-0.0070095087
-0.0070094957
-0.0070095014
-0.0070095152
-0.0070095381
-0.0070095549
-0.0070095498
-0.0070095327
-0.010503986
-0.010503955
-0.010503917
-0.0105039
-0.010503901
-0.010503912
-0.010503933
-0.010503947
-0.010503935
-0.01050392
-0.014822552
-0.014822519
-0.01482248
-0.014822461
-0.01482245
-0.014822451
-0.014822467
-0.014822467
-0.014822461
-0.014822449
-0.02005272
-0.020052688
-0.020052643
-0.020052617
-0.020052598
-0.020052588
-0.020052583
-0.020052582
-0.020052574
-0.020052552
-0.026269382
-0.026269352
-0.0262693
-0.02626927
-0.026269245
-0.026269218
-0.026269209
-0.026269197
-0.026269181
-0.026269162
-0.033527777
-0.033527745
-0.0335277
-0.033527666
-0.033527639
-0.033527605
-0.03352759
-0.033527564
-0.033527549
-0.033527541
-0.0023021913
-0.0023021962
-0.0023021492
-0.0023021207
-0.0023020832
-0.0023020643
-0.0023020285
-0.0023019878
-0.0023019416
-0.0023019246
-0.0022419013
-0.0022419011
-0.00224185
-0.0022418085
-0.0022417768
-0.002241754
-0.0022417192
-0.0022416809
-0.0022416555
-0.0022416518
-0.0021221966
-0.0021221853
-0.0021221452
-0.0021221042
-0.0021220882
-0.0021220655
-0.0021220482
-0.0021220294
-0.0021220133
-0.002122017
-0.0019450418
-0.0019450112
-0.0019449717
-0.0019449555
-0.001944941
-0.0019449338
-0.0019449387
-0.001944934
-0.0019449268
-0.001944934
-0.001713335
-0.0017133096
-0.0017132899
-0.0017132799
-0.0017132859
-0.0017132901
-0.0017133079
-0.0017133151
-0.0017133135
-0.0017133266
-0.0014311665
-0.0014311406
-0.001431124
-0.0014311302
-0.0014311461
-0.001431164
-0.0014311868
-0.0014311948
-0.0014311954
-0.0014312096
-0.0011037738
-0.0011037542
-0.0011037476
-0.001103761
-0.00110378
-0.0011037967
-0.0011038135
-0.0011038163
-0.001103813
-0.0011038232
-0.00073780228
-0.00073778457
-0.00073778233
-0.00073778905
-0.00073780123
-0.00073780376
-0.00073780496
-0.00073779718
-0.00073778464
-0.00073778789
-0.00034141685
-0.00034140877
-0.00034139437
-0.00034139073
-0.00034138542
-0.0003413694
-0.00034135426
-0.00034133103
-0.00034130266
-0.00034129938
7.5431947e-05
7.5444312e-05
7.5468629e-05
7.5488637e-05
7.5508965e-05
7.5543328e-05
7.5574609e-05
7.5613579e-05
7.5651922e-05
7.565796e-05
0.00050077408
0.00050079201
0.00050082218
0.00050085118
0.00050088361
0.00050093132
0.00050097251
0.0005010136
0.00050105
0.00050105684
0.00092021841
0.00092023711
0.00092027478
0.00092030662
0.00092035039
0.00092040639
0.00092044618
0.00092047741
0.0009205078
0.00092051493
0.0013166443
0.0013166671
0.0013167011
0.0013167364
0.0013167854
0.00131684
0.0013168708
0.0013168937
0.0013169211
0.0013169297
0.0016697828
0.0016698046
0.0016698314
0.0016698634
0.0016699054
0.0016699514
0.0016699779
0.0016700011
0.001670031
0.0016700409
0.0019557032
0.0019557204
0.0019557405
0.0019557616
0.0019557919
0.0019558336
0.0019558625
0.0019558917
0.0019559264
0.0019559375
0.002146302
0.0021463168
0.0021463308
0.0021463441
0.0021463704
0.0021464114
0.0021464421
0.0021464774
0.0021465175
0.0021465322
0.002208737
0.0022087514
0.0022087675
0.0022087851
0.0022088126
0.0022088493
0.0022088789
0.0022089174
0.0022089634
0.0022089771
0.002104799
0.0021048188
0.002104847
0.0021048729
0.0021048986
0.0021049309
0.0021049579
0.002104998
0.0021050412
0.0021050548
0.0017902749
0.0017903045
0.0017903423
0.0017903692
0.0017903928
0.0017904233
0.0017904486
0.0017904859
0.0017905216
0.0017905366
0.0012143202
0.0012143559
0.0012143908
0.0012144121
0.0012144329
0.0012144608
0.0012144811
0.0012145049
0.001214537
0.0012145465
0.00031890947
0.00031894277
0.00031896753
0.00031897988
0.00031899413
0.00031901628
0.00031902496
0.00031903449
0.0003190578
0.0003190708
-0.00096151965
-0.00096149023
-0.00096147474
-0.00096147201
-0.00096146426
-0.00096145095
-0.00096145516
-0.00096145408
-0.00096143302
-0.00096141193
-0.0027000975
-0.0027000702
-0.0027000629
-0.0027000673
-0.0027000684
-0.0027000657
-0.002700078
-0.0027000811
-0.0027000559
-0.0027000402
-0.0049770612
-0.0049770375
-0.0049770334
-0.0049770435
-0.0049770528
-0.0049770552
-0.0049770733
-0.0049770754
-0.0049770555
-0.0049770426
-0.0078785143
-0.007878491
-0.0078784855
-0.0078784958
-0.0078785033
-0.0078785085
-0.0078785247
-0.0078785324
-0.0078785177
-0.0078785068
-0.01149414
-0.011494118
-0.011494112
-0.011494114
-0.011494111
-0.01149411
-0.011494125
-0.011494133
-0.011494115
-0.011494104
-0.015913612
-0.015913589
-0.015913577
-0.015913571
-0.015913553
-0.015913544
-0.015913554
-0.015913549
-0.01591354
-0.015913533
-0.021221481
-0.021221457
-0.021221436
-0.021221417
-0.021221394
-0.021221375
-0.021221365
-0.02122136
-0.021221343
-0.021221336
-0.027490717
-0.027490696
-0.027490662
-0.027490639
-0.027490613
-0.027490577
-0.027490562
-0.027490542
-0.027490528
-0.027490538
-0.034775575
-0.034775552
-0.034775526
-0.0347755
-0.034775469
-0.034775427
-0.034775409
-0.034775386
-0.034775387
-0.034775394
-0.00075149737
-0.00075150961
-0.00075146029
-0.00075143643
-0.00075139383
-0.00075137237
-0.00075133973
-0.00075131928
-0.00075130729
-0.00075132014
-0.00069883149
-0.00069883018
-0.00069877708
-0.00069874418
-0.00069871747
-0.00069869461
-0.00069867324
-0.00069866385
-0.00069867603
-0.0006986963
-0.00059437006
-0.00059436026
-0.00059433197
-0.00059431467
-0.00059430537
-0.00059428859
-0.00059429016
-0.00059430134
-0.00059432204
-0.000594348
-0.00044011717
-0.00044009945
-0.00044008663
-0.00044009433
-0.00044008732
-0.00044009249
-0.00044011868
-0.00044014466
-0.00044017414
-0.00044019966
-0.00023898908
-0.00023898657
-0.00023899302
-0.00023900802
-0.00023902673
-0.00023904621
-0.00023908765
-0.00023912391
-0.0002391565
-0.00023918193
4.920106e-06
4.9232554e-06
4.9094234e-06
4.8762083e-06
4.8468471e-06
4.8138601e-06
4.7697249e-06
4.7368228e-06
4.7064114e-06
4.6855155e-06
0.00028638052
0.00028637285
0.00028634813
0.0002863101
0.00028628311
0.00028625763
0.0002862249
0.0002862024
0.00028617928
0.00028616713
0.00059876717
0.0005987582
0.00059873399
0.00059870863
0.00059869738
0.00059869169
0.00059867809
0.00059867005
0.00059865751
0.00059865395
0.00093398456
0.0009339725
0.0009339654
0.00093395804
0.00093397087
0.00093398781
0.00093399333
0.00093400179
0.00093400239
0.00093400312
0.0012821966
0.0012821923
0.0012821973
0.0012822128
0.0012822462
0.0012822836
0.0012823059
0.0012823286
0.0012823381
0.0012823391
0.0016316077
0.0016316084
0.0016316239
0.0016316544
0.0016317027
0.0016317519
0.0016317816
0.0016318072
0.0016318177
0.0016318156
0.0019681069
0.0019681088
0.0019681353
0.0019681733
0.0019682305
0.0019682843
0.0019683112
0.0019683317
0.0019683387
0.0019683325
0.0022749859
0.002274992
0.0022750174
0.0022750576
0.0022751169
0.0022751685
0.0022751894
0.0022752065
0.0022752104
0.0022752059
0.0025325518
0.0025325546
0.002532573
0.0025326083
0.0025326618
0.002532708
0.002532729
0.0025327494
0.0025327569
0.0025327579
0.0027176559
0.002717653
0.0027176649
0.0027176907
0.0027177355
0.0027177806
0.0027178077
0.0027178374
0.0027178532
0.0027178607
0.0028032314
0.0028032269
0.0028032346
0.0028032534
0.0028032946
0.0028033408
0.0028033743
0.0028034155
0.0028034423
0.0028034574
0.0027577622
0.0027577598
0.0027577693
0.0027577892
0.0027578292
0.002757874
0.0027579125
0.002757963
0.0027580012
0.0027580169
0.0025446936
0.0025446968
0.0025447128
0.0025447351
0.0025447722
0.0025448163
0.0025448565
0.0025449122
0.0025449524
0.0025449672
0.0021218228
0.0021218317
0.0021218496
0.0021218693
0.0021219055
0.0021219491
0.0021219877
0.0021220414
0.0021220798
0.0021220955
0.0014406814
0.0014406911
0.0014407017
0.0014407166
0.0014407513
0.001440789
0.0014408194
0.0014408611
0.0014409012
0.0014409169
0.00044595343
0.00044595771
0.00044595844
0.0004459664
0.00044599348
0.00044602046
0.00044603679
0.00044606821
0.00044610424
0.00044613115
-0.00092498808
-0.00092498766
-0.00092499466
-0.00092499605
-0.00092497881
-0.00092496341
-0.00092495849
-0.00092493193
-0.00092489302
-0.00092485857
-0.0027423244
-0.0027423243
-0.0027423399
-0.0027423513
-0.0027423459
-0.0027423386
-0.0027423392
-0.0027423157
-0.0027422723
-0.0027422495
-0.0050836706
-0.0050836728
-0.0050836951
-0.0050837149
-0.0050837164
-0.0050837101
-0.0050837148
-0.0050836918
-0.0050836615
-0.0050836406
-0.0080333133
-0.0080333179
-0.0080333409
-0.0080333575
-0.008033353
-0.0080333474
-0.0080333518
-0.0080333396
-0.0080333164
-0.0080332962
-0.011680492
-0.011680498
-0.011680515
-0.011680517
-0.011680502
-0.011680493
-0.011680499
-0.01168049
-0.011680464
-0.01168045
-0.016116322
-0.016116323
-0.016116328
-0.016116323
-0.016116297
-0.016116285
-0.016116286
-0.016116267
-0.016116256
-0.016116248
-0.021428914
-0.02142891
-0.021428905
-0.02142889
-0.021428864
-0.021428844
-0.021428827
-0.02142881
-0.021428799
-0.021428799
-0.027696457
-0.027696452
-0.027696432
-0.027696418
-0.02769639
-0.027696352
-0.027696336
-0.027696317
-0.027696322
-0.027696323
-0.034978668
-0.034978661
-0.034978651
-0.034978626
-0.034978592
-0.034978556
-0.034978542
-0.034978526
-0.034978528
-0.034978536
0.00074658817
0.00074659424
0.00074663427
0.00074664761
0.00074667824
0.00074668939
0.00074670566
0.00074670053
0.00074668439
0.00074666163
0.00079259167
0.00079259788
0.00079263415
0.00079264414
0.00079265948
0.00079267011
0.00079267172
0.000792654
0.00079261929
0.0007925994
0.00088370287
0.00088370573
0.00088370667
0.00088370433
0.00088370643
0.00088370735
0.00088368577
0.00088365157
0.00088361256
0.00088359126
0.0010179627
0.0010179654
0.0010179542
0.0010179335
0.0010179274
0.0010179041
0.0010178606
0.001017816
0.0010177752
0.0010177605
0.0011925318
0.0011925223
0.0011924932
0.0011924602
0.0011924283
0.0011923915
0.001192339
0.0011922953
0.0011922595
0.0011922519
0.0014034244
0.0014034086
0.0014033698
0.0014033223
0.0014032838
0.0014032412
0.0014031954
0.001403162
0.0014031337
0.0014031347
0.0016455429
0.001645514
0.0016454699
0.0016454255
0.0016453974
0.0016453709
0.0016453439
0.0016453236
0.001645304
0.0016453115
0.0019124714
0.0019124452
0.0019124086
0.0019123825
0.0019123767
0.0019123732
0.0019123662
0.0019123578
0.0019123478
0.0019123601
0.0021963867
0.0021963631
0.0021963474
0.0021963452
0.0021963653
0.0021963834
0.0021963903
0.002196392
0.0021963933
0.0021964053
0.0024878076
0.0024877939
0.0024877937
0.0024878172
0.0024878571
0.0024878898
0.0024879062
0.0024879192
0.0024879289
0.002487936
0.0027753986
0.0027753915
0.0027754072
0.0027754457
0.0027754948
0.0027755314
0.0027755529
0.0027755724
0.0027755826
0.0027755829
0.003045668
0.0030456665
0.0030456933
0.0030457349
0.0030457852
0.0030458227
0.0030458454
0.003045864
0.0030458682
0.0030458654
0.0032827067
0.0032827096
0.0032827332
0.0032827715
0.0032828214
0.0032828584
0.00328288
0.0032828956
0.0032828956
0.0032828973
0.0034678329
0.0034678312
0.0034678462
0.0034678792
0.0034679264
0.003467962
0.003467986
0.0034680039
0.0034680087
0.0034680159
0.0035791736
0.0035791673
0.0035791759
0.0035792026
0.0035792449
0.0035792827
0.0035793136
0.0035793415
0.0035793562
0.0035793701
0.0035912392
0.003591233
0.0035912379
0.0035912591
0.0035913001
0.0035913421
0.0035913826
0.0035914245
0.0035914518
0.0035914725
0.0034744187
0.0034744145
0.0034744194
0.0034744407
0.0034744826
0.0034745284
0.0034745795
0.0034746324
0.0034746722
0.0034746884
0.0031944183
0.0031944157
0.003194423
0.0031944459
0.0031944888
0.0031945391
0.0031945959
0.0031946552
0.0031946958
0.0031947105
0.0027116594
0.0027116562
0.002711663
0.0027116856
0.0027117316
0.0027117839
0.0027118405
0.0027119005
0.0027119407
0.0027119611
0.0019806296
0.0019806226
0.0019806245
0.0019806472
0.0019806931
0.0019807391
0.001980788
0.0019808427
0.0019808915
0.0019809125
0.00094919358
0.00094918116
0.00094917842
0.00094919766
0.00094923514
0.00094926969
0.00094930776
0.00094935842
0.00094940761
0.00094943752
-0.00044208897
-0.00044210256
-0.00044211037
-0.00044209992
-0.0004420728
-0.00044204806
-0.00044201684
-0.00044196971
-0.00044191879
-0.00044188297
-0.0022605843
-0.0022605972
-0.0022606149
-0.0022606149
-0.0022605976
-0.002260577
-0.0022605514
-0.0022605081
-0.0022604525
-0.0022604298
-0.004582043
-0.0045820605
-0.0045820862
-0.0045820931
-0.0045820786
-0.0045820583
-0.0045820384
-0.004581997
-0.0045819548
-0.0045819325
-0.0074906435
-0.0074906654
-0.0074906889
-0.0074906895
-0.0074906705
-0.0074906543
-0.0074906356
-0.0074906059
-0.0074905736
-0.0074905541
-0.011078256
-0.011078276
-0.011078289
-0.01107828
-0.011078257
-0.011078241
-0.011078227
-0.011078205
-0.011078173
-0.01107816
-0.015442326
-0.015442336
-0.015442342
-0.015442334
-0.015442304
-0.015442288
-0.015442274
-0.015442247
-0.015442231
-0.015442227
-0.020681443
-0.02068145
-0.020681449
-0.020681434
-0.020681407
-0.020681388
-0.020681363
-0.020681347
-0.020681341
-0.020681341
-0.026887555
-0.026887558
-0.026887546
-0.026887534
-0.026887504
-0.026887476
-0.026887459
-0.026887449
-0.02688745
-0.026887449
-0.034134403
-0.034134403
-0.034134395
-0.034134373
-0.034134345
-0.034134321
-0.03413431
-0.0341343
-0.0341343
-0.034134291
0.0021987709
0.002198781
0.0021987981
0.0021987876
0.0021988026
0.0021988035
0.0021988061
0.002198792
0.0021987713
0.0021987594
0.0022390207
0.0022390176
0.0022390219
0.0022390116
0.0022390148
0.0022390155
0.002239007
0.0022389832
0.0022389565
0.0022389555
0.0023186316
0.0023186188
0.0023185946
0.0023185787
0.0023185734
0.0023185617
0.0023185369
0.0023185093
0.0023184856
0.0023184877
0.002435756
0.0024357466
0.0024357151
0.0024356855
0.0024356662
0.002435639
0.002435605
0.0024355764
0.0024355589
0.0024355701
0.0025877059
0.0025876809
0.0025876328
0.0025875901
0.0025875561
0.0025875271
0.0025874988
0.0025874832
0.0025874774
0.0025874992
0.0027706815
0.0027706463
0.0027705956
0.0027705503
0.0027705191
0.0027704956
0.002770483
0.0027704814
0.0027704842
0.0027705151
0.0029798615
0.0029798242
0.0029797785
0.0029797437
0.0029797274
0.0029797257
0.002979732
0.0029797391
0.0029797448
0.0029797733
0.0032092036
0.0032091764
0.003209143
0.0032091252
0.0032091314
0.0032091493
0.0032091664
0.003209176
0.0032091857
0.0032092094
0.0034513247
0.0034513054
0.0034512909
0.0034512957
0.0034513217
0.0034513497
0.0034513677
0.0034513815
0.0034514001
0.0034514214
0.0036973185
0.0036973107
0.0036973114
0.0036973357
0.0036973706
0.0036973996
0.0036974191
0.0036974452
0.0036974713
0.0036974904
0.0039365762
0.0039365763
0.0039365904
0.0039366203
0.0039366525
0.0039366784
0.0039367049
0.0039367399
0.0039367651
0.0039367777
0.0041565294
0.0041565357
0.0041565534
0.0041565786
0.0041566059
0.0041566338
0.0041566649
0.0041566967
0.0041567134
0.0041567209
0.004342417
0.0043424239
0.0043424349
0.0043424545
0.0043424821
0.0043425124
0.004342541
0.0043425644
0.004342576
0.0043425888
0.0044769666
0.0044769684
0.0044769725
0.0044769911
0.0044770197
0.0044770499
0.0044770766
0.0044770991
0.0044771171
0.0044771361
0.0045400329
0.0045400321
0.0045400337
0.0045400516
0.0045400797
0.0045401131
0.0045401452
0.0045401767
0.0045402031
0.0045402264
0.0045082005
0.0045082005
0.0045082013
0.0045082187
0.0045082507
0.0045082915
0.0045083349
0.0045083766
0.0045084078
0.0045084358
0.004354314
0.0043543155
0.0043543179
0.0043543396
0.0043543785
0.0043544281
0.0043544814
0.004354528
0.0043545636
0.0043545835
0.0040469482
0.00404695
0.0040469564
0.0040469835
0.0040470282
0.004047085
0.0040471414
0.0040471925
0.0040472274
0.00404724
0.003549806
0.0035498069
0.0035498154
0.0035498451
0.0035498942
0.0035499531
0.0035500119
0.0035500673
0.0035501031
0.0035501205
0.0028210177
0.0028210162
0.0028210233
0.0028210542
0.0028211015
0.0028211558
0.0028212147
0.0028212694
0.0028213143
0.0028213319
0.0018123113
0.0018123064
0.0018123113
0.0018123377
0.0018123767
0.0018124248
0.0018124784
0.0018125322
0.0018125804
0.0018126028
0.0004680512
0.00046804434
0.00046804426
0.00046806253
0.00046809579
0.00046813953
0.00046818944
0.0004682435
0.00046829466
0.00046832215
-0.0012758725
-0.0012758828
-0.0012758917
-0.0012758802
-0.0012758508
-0.0012758075
-0.0012757606
-0.001275707
-0.0012756552
-0.0012756397
-0.0034932906
-0.0034933083
-0.0034933221
-0.0034933135
-0.0034932834
-0.0034932409
-0.0034932005
-0.0034931493
-0.0034931091
-0.0034930975
-0.0062689851
-0.0062690055
-0.0062690149
-0.0062690012
-0.0062689703
-0.0062689351
-0.0062688981
-0.0062688612
-0.0062688293
-0.0062688166
-0.0096995757
-0.0096995926
-0.0096995952
-0.009699578
-0.0096995468
-0.0096995143
-0.0096994862
-0.0096994601
-0.0096994299
-0.0096994212
-0.013893289
-0.013893298
-0.013893299
-0.013893285
-0.013893248
-0.013893223
-0.013893205
-0.013893176
-0.013893164
-0.013893169
-0.018966988
-0.018966994
-0.018966987
-0.018966973
-0.018966944
-0.018966925
-0.018966901
-0.018966895
-0.018966892
-0.018966884
-0.025037909
-0.025037911
-0.025037899
-0.02503789
-0.025037863
-0.02503784
-0.025037828
-0.02503783
-0.025037822
-0.025037813
-0.032207387
-0.032207385
-0.032207379
-0.032207369
-0.03220734
-0.03220732
-0.032207321
-0.032207311
-0.032207304
-0.032207305
0.0036107719
0.0036107681
0.0036107589
0.0036107276
0.0036107397
0.0036107448
0.0036107476
0.003610743
0.003610739
0.0036107488
0.0036461321
0.0036461036
0.0036460837
0.003646067
0.0036460722
0.0036460758
0.0036460733
0.0036460659
0.0036460673
0.0036460871
0.0037160197
0.0037159829
0.0037159515
0.0037159305
0.0037159289
0.0037159264
0.003715923
0.0037159255
0.0037159387
0.0037159681
0.0038187426
0.0038187156
0.0038186747
0.0038186455
0.0038186393
0.0038186388
0.0038186407
0.003818651
0.0038186725
0.0038187091
0.0039518164
0.0039517704
0.0039517214
0.0039516908
0.0039516867
0.0039516994
0.003951719
0.0039517462
0.0039517767
0.003951815
0.0041117258
0.0041116782
0.0041116389
0.0041116161
0.0041116234
0.0041116504
0.0041116869
0.0041117227
0.0041117556
0.0041117908
0.0042940427
0.0042940089
0.0042939775
0.004293965
0.0042939876
0.0042940336
0.0042940783
0.0042941119
0.004294136
0.00429416
0.0044932181
0.0044931961
0.0044931735
0.0044931724
0.0044932088
0.0044932605
0.0044932996
0.0044933271
0.0044933464
0.0044933691
0.0047024629
0.0047024492
0.0047024379
0.0047024489
0.0047024894
0.0047025333
0.0047025624
0.004702594
0.0047026223
0.0047026516
0.0049136458
0.0049136415
0.004913638
0.0049136525
0.0049136857
0.0049137187
0.0049137494
0.0049137956
0.0049138324
0.0049138614
0.005117122
0.0051171222
0.0051171208
0.0051171275
0.0051171495
0.0051171792
0.0051172202
0.0051172735
0.0051173063
0.0051173261
0.0053015143
0.0053015161
0.0053015098
0.0053015072
0.0053015254
0.0053015604
0.0053016025
0.005301647
0.005301671
0.0053016875
0.0054535199
0.0054535195
0.0054535075
0.0054535024
0.0054535246
0.0054535595
0.0054535927
0.0054536267
0.0054536516
0.0054536773
0.0055576352
0.005557633
0.0055576208
0.0055576203
0.005557645
0.0055576762
0.0055577059
0.0055577401
0.0055577717
0.0055578044
0.0055958443
0.0055958437
0.0055958361
0.0055958405
0.005595867
0.0055959022
0.0055959359
0.0055959756
0.0055960057
0.0055960385
0.0055472631
0.0055472659
0.0055472631
0.0055472727
0.0055473076
0.005547351
0.0055473886
0.0055474281
0.0055474542
0.0055474849
0.0053877231
0.0053877289
0.0053877317
0.0053877502
0.0053877938
0.0053878428
0.005387883
0.0053879191
0.0053879459
0.0053879629
0.0050892815
0.0050892895
0.0050892981
0.0050893218
0.0050893689
0.0050894227
0.0050894677
0.0050895073
0.005089529
0.0050895335
0.0046196316
0.0046196409
0.0046196501
0.0046196718
0.0046197219
0.0046197818
0.0046198342
0.0046198783
0.0046198968
0.0046199036
0.0039413668
0.0039413747
0.0039413791
0.0039413985
0.0039414488
0.0039415102
0.0039415652
0.0039416086
0.0039416363
0.0039416477
0.0030110326
0.0030110358
0.0030110359
0.0030110525
0.0030110983
0.0030111576
0.0030112102
0.0030112579
0.0030112899
0.0030113015
0.0017779025
0.0017779016
0.001777899
0.0017779132
0.0017779574
0.0017780168
0.0017780701
0.0017781233
0.0017781562
0.0017781634
0.00018236159
0.00018235747
0.00018235134
0.00018236371
0.00018240807
0.00018246961
0.0001825226
0.00018257331
0.00018260532
0.00018260999
-0.0018462494
-0.0018462583
-0.0018462656
-0.0018462541
-0.0018462084
-0.0018461499
-0.001846104
-0.0018460555
-0.0018460321
-0.0018460279
-0.0043924093
-0.0043924191
-0.0043924227
-0.0043924072
-0.0043923607
-0.0043923111
-0.0043922736
-0.004392235
-0.0043922151
-0.0043922209
-0.0075577396
-0.0075577476
-0.0075577451
-0.0075577253
-0.0075576802
-0.0075576397
-0.0075576148
-0.0075575884
-0.007557575
-0.0075575803
-0.011464235
-0.011464236
-0.011464227
-0.011464214
-0.011464173
-0.011464148
-0.011464129
-0.011464111
-0.01146412
-0.011464118
-0.016255285
-0.01625528
-0.016255272
-0.016255268
-0.016255234
-0.016255215
-0.016255202
-0.016255207
-0.016255203
-0.016255196
-0.022089677
-0.022089677
-0.022089665
-0.022089665
-0.022089636
-0.022089621
-0.022089628
-0.022089622
-0.022089623
-0.022089615
-0.029120239
-0.029120241
-0.029120222
-0.029120221
-0.029120207
-0.029120194
-0.029120197
-0.02912019
-0.02912019
-0.029120198
0.0049874234
0.0049874056
0.0049873797
0.004987355
0.0049873733
0.0049873938
0.0049874085
0.0049874228
0.0049874461
0.00498748
0.0050187081
0.0050186594
0.0050186374
0.0050186314
0.0050186483
0.0050186677
0.0050186844
0.0050187037
0.0050187368
0.0050187723
0.0050805373
0.0050804898
0.0050804661
0.0050804537
0.005080471
0.0050804999
0.0050805313
0.0050805695
0.0050806196
0.0050806677
0.0051714061
0.0051713665
0.0051713322
0.0051713244
0.0051713574
0.005171405
0.005171449
0.005171497
0.0051715521
0.0051716067
0.00528907
0.0052890203
0.0052889931
0.0052890008
0.0052890499
0.005289114
0.0052891738
0.0052892304
0.0052892825
0.005289326
0.005430405
0.0054303668
0.0054303577
0.0054303786
0.0054304391
0.0054305134
0.0054305809
0.0054306323
0.0054306749
0.0054307055
0.005591446
0.0055914268
0.0055914223
0.0055914473
0.0055915161
0.0055915962
0.0055916589
0.0055916965
0.0055917247
0.0055917507
0.0057672319
0.0057672196
0.0057672144
0.0057672413
0.0057673097
0.0057673775
0.0057674265
0.0057674528
0.0057674785
0.0057675089
0.0059517195
0.0059517102
0.0059517042
0.0059517289
0.0059517829
0.0059518325
0.005951874
0.0059519042
0.0059519405
0.0059519728
0.0061377255
0.0061377172
0.0061377069
0.0061377203
0.0061377565
0.0061377966
0.0061378434
0.006137886
0.0061379286
0.006137961
0.0063167659
0.0063167549
0.0063167355
0.0063167364
0.0063167629
0.0063168044
0.0063168589
0.0063169058
0.0063169477
0.0063169833
0.0064788876
0.0064788735
0.0064788469
0.0064788428
0.0064788703
0.0064789147
0.0064789665
0.0064790078
0.0064790481
0.0064790874
0.0066125114
0.0066124961
0.0066124701
0.0066124681
0.0066124994
0.0066125388
0.0066125839
0.0066126222
0.0066126643
0.0066127046
0.0067042084
0.0067041972
0.0067041765
0.0067041807
0.0067042134
0.0067042489
0.0067042919
0.00670433
0.0067043746
0.0067044157
0.0067384408
0.0067384356
0.0067384232
0.0067384345
0.0067384691
0.0067385061
0.0067385476
0.0067385809
0.0067386216
0.0067386637
0.0066972681
0.0066972698
0.0066972651
0.0066972829
0.0066973214
0.0066973602
0.0066973989
0.0066974267
0.0066974613
0.00669749
0.0065600054
0.0065600121
0.0065600124
0.0065600351
0.0065600765
0.0065601197
0.006560158
0.0065601834
0.0065602082
0.006560216
0.0063027917
0.0063027994
0.0063028009
0.0063028223
0.006302868
0.0063029181
0.006302961
0.0063029841
0.0063029926
0.0063030065
0.0058980486
0.0058980556
0.0058980527
0.005898069
0.0058981201
0.0058981755
0.0058982255
0.0058982467
0.005898258
0.0058982744
0.0053137706
0.0053137752
0.0053137655
0.0053137788
0.00531383
0.0053138886
0.0053139402
0.0053139648
0.0053139906
0.0053139867
0.0045125417
0.0045125427
0.004512529
0.004512541
0.0045125893
0.0045126498
0.0045127019
0.0045127337
0.0045127483
0.0045127525
0.0034501634
0.003450163
0.0034501493
0.0034501633
0.0034502121
0.0034502727
0.0034503274
0.003450359
0.0034503695
0.0034503867
0.0020736673
0.0020736658
0.0020736534
0.0020736692
0.0020737179
0.0020737774
0.0020738281
0.0020738593
0.0020738852
0.0020738816
0.00031834733
0.00031834413
0.00031833605
0.00031835167
0.00031839755
0.00031845049
0.00031849669
0.00031853181
0.00031854226
0.0003185329
-0.0018966399
-0.0018966405
-0.0018966421
-0.0018966236
-0.0018965812
-0.0018965372
-0.0018964948
-0.0018964752
-0.0018964794
-0.0018964865
-0.0046747032
-0.0046746989
-0.0046746952
-0.0046746755
-0.0046746358
-0.0046746025
-0.0046745807
-0.0046745791
-0.0046745794
-0.0046745835
-0.0081505884
-0.0081505769
-0.0081505723
-0.0081505592
-0.0081505227
-0.0081505066
-0.008150497
-0.0081504994
-0.0081505078
-0.0081505032
-0.012500214
-0.012500207
-0.0125002
-0.012500186
-0.012500167
-0.01250017
-0.012500164
-0.01250017
-0.01250017
-0.012500179
-0.017945266
-0.017945265
-0.017945239
-0.017945243
-0.017945238
-0.017945236
-0.01794524
-0.01794524
-0.017945256
-0.017945253
-0.02473405
-0.024734042
-0.024734016
-0.024734024
-0.024734023
-0.024734023
-0.024734023
-0.024734037
-0.024734044
-0.024734035
0.0063327856
0.0063327591
0.0063327426
0.0063327419
0.0063327679
0.0063328055
0.006332835
0.0063328707
0.0063329189
0.0063329708
0.0063607416
0.0063606964
0.0063606847
0.0063606966
0.0063607306
0.0063607708
0.0063608103
0.0063608554
0.0063609087
0.0063609528
0.006416031
0.0064159863
0.0064159788
0.0064159913
0.006416035
0.0064160927
0.006416154
0.006416214
0.0064162792
0.0064163233
0.0064973454
0.0064973081
0.0064972995
0.0064973286
0.0064973949
0.0064974768
0.0064975481
0.0064976052
0.0064976722
0.0064977083
0.00660273
0.0066026996
0.0066027077
0.0066027566
0.0066028392
0.0066029323
0.0066030028
0.0066030555
0.0066031109
0.0066031351
0.0067295043
0.0067294875
0.006729512
0.0067295729
0.0067296587
0.006729751
0.0067298107
0.0067298529
0.0067298965
0.0067299235
0.0068742241
0.0068742178
0.0068742446
0.0068743009
0.0068743821
0.0068744671
0.0068745124
0.0068745442
0.0068745802
0.0068746086
0.0070326108
0.0070326045
0.0070326254
0.0070326701
0.0070327383
0.0070328068
0.0070328407
0.0070328648
0.0070328987
0.0070329179
0.0071994989
0.0071994903
0.0071995011
0.0071995318
0.0071995819
0.0071996394
0.0071996696
0.0071996928
0.0071997339
0.0071997532
0.0073687901
0.0073687754
0.0073687751
0.0073687922
0.0073688286
0.0073688831
0.0073689184
0.007368948
0.0073689984
0.0073690337
0.0075333192
0.0075332984
0.0075332891
0.0075332998
0.0075333307
0.0075333862
0.0075334266
0.0075334665
0.0075335226
0.0075335612
0.007684742
0.0076847193
0.007684708
0.0076847182
0.0076847495
0.0076848078
0.0076848468
0.0076848936
0.0076849464
0.0076849818
0.0078134128
0.0078133918
0.0078133872
0.0078134006
0.0078134357
0.0078134901
0.0078135274
0.0078135717
0.007813624
0.0078136737
0.0079082241
0.0079082093
0.0079082122
0.0079082306
0.0079082655
0.0079083127
0.0079083511
0.0079083889
0.0079084526
0.0079084979
0.0079564059
0.0079563977
0.0079564066
0.0079564256
0.0079564574
0.0079565039
0.0079565406
0.0079565763
0.0079566362
0.0079566549
0.0079433124
0.0079433112
0.0079433195
0.007943338
0.0079433712
0.0079434234
0.0079434553
0.0079434841
0.0079435199
0.0079435396
0.007852175
0.0078521746
0.0078521787
0.007852203
0.0078522394
0.0078522966
0.0078523207
0.0078523388
0.0078523662
0.0078523906
0.0076637596
0.0076637536
0.0076637582
0.0076637832
0.0076638211
0.0076638773
0.0076638981
0.0076639166
0.0076639475
0.0076639609
0.0073559313
0.0073559252
0.007355929
0.007355943
0.0073559828
0.0073560386
0.0073560716
0.0073560924
0.0073561131
0.0073561224
0.0069030615
0.0069030577
0.0069030549
0.0069030601
0.0069031025
0.0069031628
0.0069032022
0.0069032176
0.0069032325
0.0069032359
0.0062751437
0.0062751393
0.00627513
0.0062751364
0.0062751788
0.0062752409
0.0062752712
0.0062752838
0.0062753039
0.0062753118
0.0054364983
0.0054364943
0.0054364845
0.0054365002
0.0054365365
0.0054365932
0.0054366214
0.0054366341
0.0054366551
0.0054366638
0.0043437599
0.0043437572
0.0043437558
0.0043437727
0.0043437968
0.0043438515
0.004343881
0.004343901
0.0043439181
0.0043439021
0.0029425845
0.0029425875
0.0029425938
0.0029425968
0.0029426207
0.0029426716
0.0029426892
0.0029427092
0.00294271
0.0029427058
0.0011621971
0.0011622059
0.0011622102
0.0011622136
0.0011622396
0.0011622728
0.0011622869
0.0011622865
0.0011622808
0.0011622803
-0.0010938433
-0.0010938345
-0.0010938267
-0.0010938139
-0.0010937994
-0.0010937772
-0.0010937691
-0.0010937806
-0.0010937786
-0.0010937984
-0.0039632059
-0.0039631927
-0.0039631828
-0.003963179
-0.0039631698
-0.0039631575
-0.0039631706
-0.003963172
-0.0039631831
-0.0039631915
-0.0076497535
-0.0076497413
-0.0076497268
-0.0076497287
-0.0076497363
-0.0076497332
-0.0076497368
-0.0076497536
-0.0076497702
-0.0076497661
-0.012457149
-0.012457137
-0.012457111
-0.012457127
-0.012457143
-0.012457134
-0.012457151
-0.012457172
-0.012457162
-0.012457175
-0.018807056
-0.01880706
-0.018807053
-0.018807049
-0.018807064
-0.018807074
-0.018807078
-0.018807087
-0.018807098
-0.018807076
0.0076501913
0.0076501897
0.0076501875
0.0076502162
0.007650248
0.0076503021
0.0076503442
0.0076503959
0.0076504455
0.0076504956
0.0076755047
0.0076754835
0.0076754906
0.0076755126
0.0076755596
0.0076756215
0.0076756735
0.0076757216
0.0076757694
0.0076758115
0.0077255697
0.0077255572
0.0077255665
0.0077255954
0.0077256588
0.007725731
0.0077257954
0.0077258543
0.0077259073
0.0077259344
0.007799336
0.0077993285
0.0077993431
0.0077993837
0.0077994613
0.0077995413
0.0077996068
0.0077996624
0.0077997176
0.0077997369
0.0078951583
0.0078951674
0.0078951956
0.0078952434
0.0078953219
0.0078953969
0.0078954569
0.007895507
0.0078955516
0.0078955663
0.0080108185
0.008010829
0.0080108632
0.0080109162
0.0080109895
0.0080110538
0.0080111
0.0080111412
0.0080111733
0.0080111859
0.0081434507
0.0081434613
0.0081434912
0.0081435337
0.0081435986
0.0081436532
0.0081436834
0.0081437202
0.0081437406
0.0081437567
0.008289554
0.0082895573
0.0082895775
0.0082896056
0.0082896636
0.0082897058
0.008289725
0.0082897539
0.0082897727
0.0082898008
0.0084449271
0.0084449289
0.0084449399
0.0084449579
0.0084450075
0.0084450401
0.0084450567
0.0084450814
0.0084451186
0.0084451457
0.0086046555
0.0086046587
0.0086046617
0.0086046694
0.0086047082
0.0086047375
0.0086047678
0.0086047999
0.0086048465
0.008604857
0.0087630117
0.0087630149
0.0087630067
0.0087630128
0.0087630486
0.0087630833
0.0087631224
0.0087631672
0.0087632082
0.0087632263
0.0089133821
0.0089133881
0.0089133793
0.0089133903
0.0089134263
0.0089134687
0.0089135029
0.0089135598
0.0089135987
0.0089136475
0.0090482056
0.0090482141
0.0090482206
0.0090482371
0.009048276
0.0090483143
0.0090483453
0.0090484097
0.0090484594
0.009048517
0.0091588861
0.0091588986
0.0091589142
0.0091589283
0.0091589687
0.0091590009
0.0091590388
0.0091590922
0.009159152
0.0091591898
0.0092356422
0.009235652
0.0092356651
0.0092356706
0.0092357146
0.0092357507
0.0092357906
0.0092358273
0.009235881
0.0092359001
0.0092673797
0.0092673899
0.0092673939
0.0092673998
0.0092674476
0.0092674866
0.0092675174
0.0092675555
0.0092675996
0.0092676202
0.0092415825
0.0092415942
0.0092415884
0.0092416082
0.0092416482
0.0092416874
0.0092417114
0.0092417534
0.009241791
0.0092418116
0.0091440938
0.009144096
0.0091440864
0.0091441123
0.009144145
0.009144188
0.0091442091
0.0091442461
0.0091442714
0.0091442826
0.0089588181
0.0089588135
0.0089588103
0.0089588241
0.0089588666
0.0089589051
0.0089589262
0.008958958
0.008958977
0.0089590021
0.0086673593
0.0086673555
0.0086673628
0.008667362
0.0086674115
0.008667435
0.0086674586
0.0086674818
0.0086675054
0.0086675343
0.0082484197
0.0082484235
0.0082484314
0.0082484235
0.0082484582
0.0082484788
0.0082485004
0.0082485202
0.0082485456
0.0082485476
0.0076768728
0.0076768927
0.0076768854
0.0076768783
0.0076769007
0.0076769315
0.0076769478
0.0076769703
0.0076769857
0.0076769889
0.0069222453
0.0069222688
0.0069222446
0.0069222398
0.006922258
0.006922285
0.0069222956
0.0069223107
0.0069223198
0.00692233
0.0059460004
0.0059460109
0.0059459915
0.0059459842
0.0059460005
0.0059460141
0.005946017
0.0059460313
0.0059460344
0.0059460319
0.0046966451
0.0046966536
0.0046966532
0.004696642
0.0046966542
0.0046966557
0.0046966521
0.004696667
0.0046966671
0.004696674
0.0031002821
0.003100301
0.0031003021
0.0031002828
0.003100285
0.0031002836
0.0031002786
0.0031002785
0.0031002847
0.0031002913
0.0010413013
0.0010413218
0.0010413145
0.0010412908
0.0010412867
0.0010412832
0.0010412757
0.0010412777
0.0010412716
0.0010412511
-0.0016785058
-0.0016784866
-0.0016785013
-0.001678523
-0.0016785186
-0.0016785289
-0.0016785334
-0.0016785452
-0.0016785629
-0.0016785569
-0.0054265737
-0.0054265657
-0.005426575
-0.0054265873
-0.0054265854
-0.0054265887
-0.0054266023
-0.0054266212
-0.0054266359
-0.0054266256
-0.010900477
-0.010900474
-0.010900479
-0.0109005
-0.01090049
-0.010900491
-0.010900524
-0.01090051
-0.010900521
-0.010900527
0.0089423042
0.0089423425
0.008942345
0.0089423933
0.0089424415
0.0089425195
0.0089425708
0.008942635
0.0089426792
0.0089427037
0.0089655393
0.0089655403
0.0089655549
0.0089655928
0.0089656485
0.0089657367
0.0089657882
0.0089658199
0.0089658424
0.008965879
0.0090114861
0.0090115085
0.0090115191
0.0090115583
0.0090116378
0.0090117195
0.0090117733
0.0090118083
0.0090118244
0.0090118363
0.0090793592
0.0090793873
0.0090793986
0.0090794329
0.0090795029
0.0090795664
0.0090796219
0.0090796619
0.0090797057
0.0090796994
0.0091678567
0.0091678875
0.0091679171
0.0091679377
0.0091679725
0.0091680099
0.0091680716
0.0091681172
0.0091681779
0.0091681587
0.0092752269
0.0092752465
0.0092752708
0.0092752935
0.0092753129
0.0092753407
0.0092753903
0.0092754311
0.0092754806
0.0092754653
0.0093992572
0.0093992578
0.0093992644
0.0093992805
0.0093993028
0.0093993377
0.0093993631
0.0093994044
0.0093994265
0.0093994442
0.0095372636
0.0095372397
0.0095372365
0.0095372469
0.0095372761
0.0095373115
0.0095373142
0.0095373463
0.0095373484
0.0095373882
0.0096860448
0.0096860311
0.0096860333
0.0096860316
0.0096860571
0.0096860861
0.0096860802
0.009686082
0.0096860943
0.0096861216
0.009841948
0.0098419509
0.0098419502
0.0098419328
0.0098419465
0.0098419626
0.0098419886
0.0098419789
0.0098420073
0.0098419922
0.010000738
0.010000744
0.010000724
0.010000716
0.010000729
0.010000742
0.0100008
0.010000828
0.010000863
0.010000816
0.0101576
0.010157624
0.010157611
0.010157617
0.010157619
0.010157648
0.010157708
0.010157791
0.010157824
0.010157794
0.010307165
0.0103072
0.010307213
0.010307236
0.010307244
0.010307289
0.010307323
0.010307424
0.010307466
0.010307477
0.010443476
0.010443495
0.010443529
0.010443562
0.0104436
0.010443639
0.010443647
0.010443712
0.010443771
0.010443812
0.01055987
0.010559868
0.010559907
0.010559928
0.010559984
0.010560004
0.010560032
0.010560056
0.010560116
0.01056015
0.010648955
0.010648961
0.010648989
0.01064899
0.010649024
0.010649043
0.010649105
0.010649129
0.010649181
0.010649178
0.010702663
0.010702684
0.010702684
0.010702694
0.010702695
0.010702734
0.010702787
0.010702838
0.010702878
0.010702858
0.010712187
0.010712197
0.010712164
0.010712203
0.010712205
0.010712257
0.010712284
0.010712342
0.010712376
0.010712373
0.010667861
0.010667858
0.010667823
0.010667862
0.010667889
0.010667923
0.010667943
0.010667989
0.010668024
0.010668033
0.010559111
0.010559095
0.010559101
0.010559104
0.010559146
0.010559148
0.010559172
0.010559216
0.010559245
0.010559261
0.01037427
0.010374256
0.01037429
0.010374271
0.010374296
0.010374285
0.010374304
0.01037433
0.010374363
0.010374374
0.010100289
0.010100298
0.010100316
0.010100302
0.010100289
0.010100289
0.010100307
0.010100316
0.010100347
0.01010033
0.0097222707
0.0097223006
0.0097222759
0.009722266
0.0097222356
0.0097222447
0.0097222594
0.0097222781
0.0097222934
0.0097222611
0.0092224262
0.0092224456
0.0092224039
0.0092223858
0.0092223649
0.0092223705
0.0092223845
0.0092224126
0.0092224195
0.009222389
0.0085780119
0.008577999
0.00857798
0.008577957
0.0085779495
0.008577956
0.0085779582
0.0085779852
0.00857801
0.008577991
0.0077569318
0.007756909
0.0077569119
0.0077568925
0.0077568965
0.0077568811
0.0077568734
0.007756901
0.0077569432
0.0077569598
0.0067065165
0.0067064915
0.0067064823
0.0067064745
0.0067064733
0.0067064484
0.0067064488
0.0067064586
0.0067064991
0.0067065229
0.0053208726
0.0053208429
0.0053208187
0.0053208113
0.0053208114
0.0053208112
0.0053208095
0.0053208054
0.0053208178
0.0053208253
0.0033297343
0.0033297063
0.0033296679
0.003329664
0.0033296765
0.0033296997
0.0033297068
0.0033296895
0.0033296574
0.0033296244
-0.00013830511
-0.00013834561
-0.00013837651
-0.00013836526
-0.00013835959
-0.00013832446
-0.0001383141
-0.00013831624
-0.00013837098
-0.00013839457
)
;

boundaryField
{
    block1_in
    {
        type            fixedValue;
        value           nonuniform List<scalar> 
300
(
-0.027074473
-0.026885046
-0.026505227
-0.025932963
-0.025165168
-0.024197795
-0.023025693
-0.021642681
-0.020041512
-0.018213823
-0.016150221
-0.013840243
-0.01127232
-0.0084338094
-0.0053110558
-0.0018894518
0.0018465077
0.0059131205
0.010327353
0.01510667
0.020268782
0.025831389
0.031811946
0.038227329
0.045093441
0.052424846
0.060234405
0.068532912
0.077328765
0.086627717
-0.027074446
-0.026885053
-0.026505254
-0.025932993
-0.025165201
-0.024197822
-0.023025715
-0.021642703
-0.020041518
-0.018213823
-0.01615023
-0.013840261
-0.011272338
-0.0084338198
-0.0053110635
-0.0018894578
0.001846502
0.0059131107
0.010327346
0.01510667
0.020268775
0.025831368
0.03181192
0.038227302
0.045093412
0.052424813
0.060234373
0.068532887
0.077328747
0.08662771
-0.027074442
-0.026885068
-0.026505282
-0.025933012
-0.025165218
-0.024197832
-0.023025716
-0.02164269
-0.02004149
-0.018213798
-0.016150218
-0.013840252
-0.011272325
-0.0084338066
-0.0053110485
-0.0018894443
0.0018465076
0.005913118
0.010327363
0.015106686
0.020268776
0.025831357
0.031811899
0.038227274
0.045093381
0.052424788
0.060234356
0.068532878
0.077328757
0.086627734
-0.027074458
-0.02688509
-0.026505297
-0.025933027
-0.025165238
-0.024197839
-0.023025714
-0.02164267
-0.020041455
-0.018213767
-0.016150191
-0.013840226
-0.0112723
-0.0084337821
-0.0053110273
-0.0018894309
0.0018465199
0.0059131364
0.010327384
0.015106701
0.020268782
0.02583135
0.031811882
0.038227251
0.045093362
0.052424782
0.060234361
0.068532901
0.077328792
0.086627766
-0.027074474
-0.026885107
-0.0265053
-0.025933034
-0.025165241
-0.024197837
-0.023025703
-0.021642639
-0.020041418
-0.018213729
-0.016150157
-0.013840197
-0.011272272
-0.0084337554
-0.0053110086
-0.0018894159
0.001846538
0.0059131584
0.010327406
0.015106716
0.020268788
0.025831353
0.031811885
0.038227254
0.04509337
0.0524248
0.060234394
0.06853294
0.077328822
0.086627796
-0.027074496
-0.026885117
-0.026505288
-0.025933015
-0.025165221
-0.024197818
-0.023025675
-0.021642605
-0.020041384
-0.018213699
-0.016150129
-0.013840166
-0.011272242
-0.008433735
-0.0053109959
-0.0018894023
0.0018465558
0.0059131767
0.01032742
0.015106726
0.020268797
0.025831364
0.031811903
0.038227279
0.0450934
0.052424837
0.060234434
0.068532974
0.077328856
0.086627829
-0.027074497
-0.026885101
-0.026505261
-0.025932983
-0.025165188
-0.024197786
-0.023025638
-0.021642572
-0.020041363
-0.018213682
-0.016150103
-0.013840131
-0.011272209
-0.0084337119
-0.0053109769
-0.001889381
0.0018465766
0.0059131901
0.010327428
0.015106735
0.020268808
0.02583138
0.031811924
0.038227306
0.045093434
0.05242487
0.060234461
0.068533008
0.07732889
0.086627851
-0.027074467
-0.026885065
-0.026505226
-0.025932942
-0.025165144
-0.024197739
-0.023025589
-0.021642535
-0.020041339
-0.018213656
-0.016150065
-0.013840084
-0.011272163
-0.0084336684
-0.0053109308
-0.0018893342
0.0018466137
0.0059132163
0.010327449
0.015106755
0.02026883
0.025831405
0.031811953
0.038227344
0.045093473
0.052424899
0.060234492
0.068533038
0.077328915
0.086627873
-0.027074429
-0.026885028
-0.026505195
-0.025932907
-0.025165109
-0.024197697
-0.02302555
-0.021642507
-0.020041315
-0.018213627
-0.01615003
-0.013840052
-0.011272134
-0.0084336313
-0.0053108859
-0.001889296
0.0018466404
0.0059132338
0.010327462
0.015106773
0.020268855
0.025831435
0.031811991
0.038227382
0.0450935
0.052424924
0.060234518
0.068533058
0.077328932
0.086627897
-0.027074396
-0.026884996
-0.026505167
-0.025932882
-0.025165078
-0.02419766
-0.023025519
-0.021642482
-0.020041287
-0.018213597
-0.016150007
-0.013840035
-0.01127211
-0.0084336004
-0.005310858
-0.0018892717
0.0018466563
0.0059132407
0.010327479
0.015106799
0.020268882
0.025831471
0.031812026
0.038227408
0.045093526
0.052424954
0.060234541
0.068533077
0.077328952
0.086627913
)
;
    }
    block1_out
    {
        type            fixedValue;
        value           nonuniform List<scalar> 
300
(
0.0095768093
0.0095991687
0.0096434959
0.0097090678
0.0097947649
0.0098990529
0.010020083
0.010155596
0.010302926
0.010459036
0.010620448
0.010783272
0.010943243
0.011095703
0.011235562
0.011357344
0.011455228
0.011523077
0.011554504
0.01154294
0.011481677
0.011363961
0.011183148
0.010932823
0.010606906
0.010199812
0.009706603
0.0091231252
0.0084461316
0.0076734084
0.0095768389
0.0095991849
0.0096435233
0.0097090982
0.0097947844
0.0098990709
0.0100201
0.010155608
0.010302942
0.010459054
0.01062046
0.010783282
0.010943263
0.011095728
0.011235587
0.011357367
0.011455245
0.011523086
0.011554516
0.011542958
0.011481691
0.011363968
0.011183153
0.010932828
0.010606908
0.010199809
0.009706598
0.0091231198
0.0084461244
0.0076733954
0.0095768727
0.0095992221
0.0096435509
0.0097091179
0.0097948
0.0098990854
0.010020109
0.010155613
0.01030295
0.010459056
0.010620457
0.010783291
0.010943287
0.011095759
0.011235618
0.01135739
0.011455256
0.011523095
0.011554531
0.011542974
0.0114817
0.011363969
0.011183147
0.010932812
0.010606889
0.010199791
0.0097065775
0.0091230991
0.0084461137
0.0076733913
0.009576916
0.0095992699
0.0096435918
0.0097091491
0.0097948192
0.0098990993
0.010020116
0.010155621
0.010302958
0.010459057
0.01062046
0.010783307
0.010943315
0.011095796
0.011235655
0.011357419
0.011455279
0.011523118
0.011554553
0.011542991
0.011481709
0.011363966
0.011183133
0.010932792
0.010606869
0.010199776
0.0097065661
0.0091230965
0.0084461182
0.0076733958
0.0095769764
0.0095993296
0.0096436513
0.009709195
0.0097948525
0.0098991221
0.010020133
0.010155639
0.010302972
0.010459067
0.010620472
0.010783324
0.010943343
0.011095833
0.011235691
0.011357452
0.011455311
0.01152315
0.011554582
0.011543012
0.011481719
0.011363967
0.01118313
0.010932786
0.010606863
0.010199774
0.0097065723
0.0091231061
0.0084461233
0.0076734043
0.0095770299
0.0095993884
0.0096437132
0.0097092496
0.0097948947
0.009899152
0.010020157
0.010155658
0.010302988
0.010459081
0.010620489
0.01078335
0.010943377
0.011095865
0.011235718
0.011357479
0.01145534
0.011523178
0.011554605
0.011543029
0.011481728
0.011363973
0.011183135
0.010932791
0.010606867
0.010199781
0.0097065794
0.00912311
0.0084461326
0.0076734197
0.0095770841
0.009599443
0.0096437675
0.0097092997
0.009794935
0.0098991839
0.010020186
0.010155684
0.010303006
0.010459099
0.010620519
0.010783394
0.010943422
0.011095901
0.011235749
0.011357511
0.011455373
0.011523208
0.011554631
0.011543051
0.011481746
0.011363987
0.011183146
0.0109328
0.010606877
0.010199788
0.0097065804
0.0091231176
0.0084461459
0.0076734281
0.0095771354
0.0095994895
0.0096438143
0.0097093438
0.009794973
0.0098992205
0.010020225
0.010155716
0.010303031
0.010459129
0.010620564
0.010783448
0.010943475
0.011095948
0.011235795
0.011357559
0.01145542
0.011523253
0.011554675
0.011543091
0.011481779
0.011364014
0.011183169
0.010932826
0.010606902
0.010199801
0.0097065949
0.0091231328
0.0084461573
0.0076734386
0.0095771716
0.0095995248
0.0096438483
0.0097093728
0.009794997
0.0098992472
0.010020251
0.010155733
0.010303047
0.010459156
0.010620601
0.010783487
0.010943511
0.011095986
0.011235836
0.011357598
0.011455457
0.011523288
0.011554708
0.011543124
0.01148181
0.011364041
0.011183199
0.010932853
0.010606918
0.010199817
0.00970661
0.0091231409
0.0084461601
0.0076734455
0.0095771891
0.0095995456
0.009643862
0.0097093802
0.0097950044
0.0098992547
0.01002025
0.010155729
0.01030305
0.010459167
0.010620612
0.010783496
0.010943522
0.011095997
0.011235844
0.011357607
0.011455465
0.011523292
0.011554719
0.011543139
0.011481822
0.011364058
0.011183213
0.01093286
0.010606925
0.010199824
0.0097066073
0.0091231337
0.0084461536
0.0076734273
)
;
    }
    block1_wall1
    {
        type            zeroGradient;
    }
    block1_wall2
    {
        type            zeroGradient;
    }
    block1_wall3
    {
        type            zeroGradient;
    }
    block1_wall4
    {
        type            zeroGradient;
    }
}


// ************************************************************************* //
