/*--------------------------------*- C++ -*----------------------------------*\
| =========                 |                                                 |
| \\      /  F ield         | OpenFOAM: The Open Source CFD Toolbox           |
|  \\    /   O peration     | Version:  v2106                                 |
|   \\  /    A nd           | Website:  www.openfoam.com                      |
|    \\/     M anipulation  |                                                 |
\*---------------------------------------------------------------------------*/
FoamFile
{
    version     2.0;
    format      ascii;
    arch        "LSB;label=32;scalar=64";
    class       volScalarField;
    location    "0";
    object      Tmode6;
}
// * * * * * * * * * * * * * * * * * * * * * * * * * * * * * * * * * * * * * //

dimensions      [0 0 0 0 0 0 0];

internalField   nonuniform List<scalar> 
2000
(
0.017139653
0.01457591
0.013761455
0.014159931
0.016212705
0.02175668
0.025808965
0.027162773
0.030033259
0.032684153
0.014575894
0.010387941
0.0089715828
0.012789369
0.016511678
0.020034596
0.023571157
0.02705821
0.031113871
0.035386691
0.01376152
0.0089715512
0.011402193
0.014153105
0.01897089
0.022690365
0.024490967
0.027896533
0.032137045
0.036691971
0.014159912
0.012789381
0.014153092
0.016282497
0.02091256
0.025258397
0.028107757
0.031845621
0.035936073
0.039879718
0.016212658
0.016511732
0.018971007
0.020912535
0.024050747
0.027957218
0.032212848
0.036058575
0.040307806
0.044943138
0.021756752
0.020034625
0.022690372
0.025258327
0.027957213
0.03267763
0.037225711
0.038660585
0.041222192
0.04628413
0.025808917
0.02357118
0.024490923
0.028107762
0.032212927
0.037225754
0.042692921
0.0438947
0.044166234
0.04992381
0.027162673
0.027058237
0.027896538
0.031845691
0.036058604
0.038660502
0.043894747
0.046700533
0.048186893
0.055024206
0.030033158
0.031113827
0.03213701
0.0359361
0.04030784
0.041222175
0.044166236
0.04818693
0.051371592
0.058487145
0.032683932
0.035386518
0.036691941
0.039879731
0.044943064
0.046284203
0.049923853
0.055024173
0.058487157
0.059015064
-0.012352527
-0.01240379
-0.017596173
-0.014184312
-0.0091789696
-0.0060469663
-3.5127054e-05
0.0035609061
0.0090543938
0.013277149
-0.012403809
-0.010910768
-0.015150505
-0.010745396
-0.0060589108
-0.003084899
0.0037014814
0.0081411944
0.013129082
0.016050806
-0.017596128
-0.015150507
-0.017109768
-0.0117854
-0.0067582642
-0.0032826814
0.0030909833
0.0083541123
0.014333918
0.018068693
-0.014184283
-0.010745391
-0.011785423
-0.0069053148
-0.00075451759
0.0027468458
0.0083049766
0.012114325
0.016671409
0.020814886
-0.0091790038
-0.0060589198
-0.0067582283
-0.00075450215
0.004897842
0.0088005032
0.014231401
0.018412493
0.022365914
0.025746433
-0.0060469357
-0.0030848904
-0.0032826479
0.0027468388
0.0088004878
0.011724782
0.017793196
0.022828689
0.026297758
0.028905092
-3.5121357e-05
0.0037014913
0.0030909802
0.0083049524
0.014231408
0.017793228
0.023456254
0.028372179
0.030455893
0.03295037
0.0035608749
0.0081411962
0.0083541116
0.012114339
0.018412523
0.022828683
0.028372193
0.032736539
0.034531208
0.037342954
0.0090543953
0.013129091
0.014333907
0.016671414
0.022365951
0.026297753
0.030455891
0.034531221
0.038070029
0.043272972
0.01327712
0.016050748
0.018068667
0.020814908
0.025746421
0.028905108
0.032950395
0.037342953
0.04327297
0.047316602
-0.030170369
-0.029804604
-0.029030558
-0.02739441
-0.02077159
-0.018571409
-0.012578975
-0.0068485435
-0.00061530951
0.0033542075
-0.029804626
-0.032951032
-0.030473056
-0.028516098
-0.022323654
-0.018525312
-0.0127607
-0.00500433
0.0012294831
0.0046418762
-0.029030549
-0.03047306
-0.027879783
-0.025061831
-0.019612928
-0.015286392
-0.0090687519
-0.0023126414
0.0036066358
0.0068379514
-0.027394382
-0.028516079
-0.025061835
-0.022192247
-0.015670789
-0.011094645
-0.0050315951
0.00079529604
0.0058629454
0.0098564706
-0.020771596
-0.022323663
-0.019612925
-0.015670783
-0.0090656381
-0.0043182742
0.0012070042
0.0069107606
0.011660125
0.014214314
-0.018571406
-0.018525321
-0.015286383
-0.011094633
-0.0043182742
0.0003222831
0.0068092563
0.012832003
0.016860871
0.018505215
-0.012578972
-0.012760702
-0.0090687493
-0.0050315992
0.0012069985
0.0068092658
0.012834712
0.018554617
0.022040724
0.023535897
-0.0068485721
-0.005004343
-0.002312648
0.00079529067
0.0069107641
0.012832009
0.018554628
0.023638995
0.027227373
0.028893627
-0.00061533822
0.0012294764
0.0036066301
0.0058629388
0.011660139
0.016860877
0.022040727
0.02722738
0.031847377
0.036258427
0.0033541909
0.0046418523
0.0068379305
0.0098564754
0.014214319
0.018505222
0.023535904
0.028893632
0.036258426
0.041020922
-0.039334725
-0.039031017
-0.03854089
-0.035320523
-0.031712446
-0.028594492
-0.021731523
-0.014550968
-0.0082654007
-0.0049149657
-0.039031028
-0.038825865
-0.037883161
-0.034769884
-0.031521954
-0.027540305
-0.020881368
-0.012756572
-0.0070749285
-0.0034479685
-0.038540894
-0.037883167
-0.038751332
-0.034137165
-0.029560968
-0.024671225
-0.018498181
-0.0109304
-0.0045602326
-0.0012201327
-0.035320515
-0.034769876
-0.034137165
-0.030062968
-0.024952014
-0.020635846
-0.015105089
-0.0078293969
-0.0017970797
0.0019276959
-0.031712445
-0.031521953
-0.029560966
-0.024952015
-0.021254106
-0.015848816
-0.0098952783
-0.0024349118
0.0031701707
0.0054111294
-0.028594498
-0.027540314
-0.024671226
-0.02063584
-0.015848814
-0.010310324
-0.003339965
0.0039565675
0.0086303385
0.01071921
-0.021731529
-0.020881377
-0.01849818
-0.015105087
-0.00989528
-0.0033399599
0.0033448568
0.010294281
0.015196891
0.017328428
-0.014550984
-0.012756593
-0.010930409
-0.0078294033
-0.0024349197
0.0039565691
0.010294287
0.016733898
0.022886623
0.024801622
-0.008265431
-0.0070749505
-0.0045602402
-0.0017970876
0.0031701681
0.0086303378
0.015196895
0.022886627
0.028841443
0.031400969
-0.0049149888
-0.0034479917
-0.0012201548
0.0019276902
0.0054111287
0.010719216
0.017328432
0.024801624
0.031400968
0.033409003
-0.041071486
-0.040885694
-0.0399348
-0.03922609
-0.036221329
-0.03238901
-0.026282447
-0.019110076
-0.013079955
-0.010792316
-0.040885695
-0.040787727
-0.039445117
-0.038364029
-0.035280869
-0.030793847
-0.024793573
-0.018156399
-0.012520426
-0.0092192818
-0.039934804
-0.039445118
-0.040165105
-0.03710087
-0.033908254
-0.029124185
-0.023690315
-0.016727617
-0.010234944
-0.0071223116
-0.039226095
-0.038364029
-0.03710087
-0.035240071
-0.031858495
-0.02761288
-0.021874816
-0.014561171
-0.0083654403
-0.0045466886
-0.036221333
-0.035280871
-0.033908255
-0.031858497
-0.029584462
-0.024246245
-0.018340166
-0.010714107
-0.0044592873
-0.0019899687
-0.032389018
-0.030793856
-0.029124194
-0.027612883
-0.024246252
-0.019045111
-0.011818012
-0.0042568236
0.001247494
0.0040870849
-0.026282459
-0.024793581
-0.023690321
-0.021874816
-0.018340172
-0.011818014
-0.0046888549
0.003257767
0.008912044
0.011209455
-0.019110089
-0.018156416
-0.01672763
-0.014561179
-0.010714111
-0.0042568254
0.0032577642
0.010174008
0.017209938
0.019365373
-0.013079975
-0.012520447
-0.01023496
-0.0083654557
-0.0044592926
0.0012474926
0.0089120402
0.017209937
0.023088525
0.023720422
-0.01079234
-0.0092193008
-0.0071223332
-0.0045467026
-0.0019899786
0.0040870825
0.01120945
0.019365371
0.023720417
0.023897484
-0.036623562
-0.037589957
-0.038678409
-0.038036684
-0.03579467
-0.03199766
-0.026675077
-0.021035728
-0.01581083
-0.013869773
-0.037589953
-0.038608371
-0.039219959
-0.038454144
-0.035991703
-0.032088576
-0.026479195
-0.020805404
-0.015713464
-0.012224281
-0.038678409
-0.039219961
-0.038770732
-0.037504518
-0.035757842
-0.031373673
-0.025940133
-0.019289498
-0.01332382
-0.010423615
-0.038036688
-0.038454144
-0.037504518
-0.037548482
-0.036007609
-0.031893638
-0.025649439
-0.018481297
-0.012802948
-0.0090857898
-0.035794675
-0.035991703
-0.03575784
-0.036007613
-0.03514593
-0.03022298
-0.024236913
-0.016730697
-0.010283561
-0.0074867532
-0.03199767
-0.032088582
-0.03137368
-0.031893642
-0.030222983
-0.025642347
-0.018517746
-0.010821606
-0.0047986735
-0.0016723813
-0.026675093
-0.026479209
-0.025940144
-0.025649447
-0.02423692
-0.018517744
-0.011129581
-0.0022579697
0.0030761961
0.0045722462
-0.021035745
-0.020805424
-0.019289517
-0.018481309
-0.016730705
-0.010821605
-0.0022579685
0.004253259
0.009834188
0.011350628
-0.015810853
-0.015713488
-0.013323841
-0.012802966
-0.010283572
-0.0047986749
0.0030761913
0.0098341867
0.013949844
0.014521018
-0.013869802
-0.012224306
-0.010423639
-0.0090858057
-0.0074867672
-0.0016723888
0.0045722411
0.011350625
0.014521019
0.015845703
-0.031990374
-0.033862298
-0.035295142
-0.033844617
-0.033209592
-0.029869841
-0.025790421
-0.020983597
-0.015986414
-0.013463468
-0.033862296
-0.033526353
-0.034180925
-0.034320542
-0.03390581
-0.030855477
-0.026320228
-0.020738918
-0.015708994
-0.011704162
-0.035295141
-0.034180926
-0.035013815
-0.035454762
-0.035056145
-0.031073838
-0.02605513
-0.019603574
-0.013544759
-0.010443702
-0.033844621
-0.034320549
-0.035454766
-0.036508384
-0.035963898
-0.032500664
-0.026898413
-0.019678023
-0.014099579
-0.010587175
-0.033209598
-0.033905817
-0.03505615
-0.035963903
-0.036473802
-0.032742762
-0.027220609
-0.019629432
-0.013058058
-0.010357365
-0.029869855
-0.030855486
-0.031073847
-0.032500671
-0.032742762
-0.029247218
-0.022399856
-0.014646578
-0.0088118787
-0.0059458434
-0.025790441
-0.026320245
-0.026055146
-0.026898426
-0.027220615
-0.022399859
-0.015213288
-0.0067608656
-0.0019482541
-0.0012180167
-0.020983624
-0.020738941
-0.019603598
-0.019678035
-0.019629442
-0.014646584
-0.0067608674
-0.0010088968
0.0029460071
0.0041280194
-0.01598644
-0.015709022
-0.013544785
-0.014099598
-0.013058073
-0.0088118854
-0.0019482603
0.0029460089
0.0063594419
0.0077724753
-0.013463497
-0.011704191
-0.010443731
-0.010587194
-0.010357381
-0.0059458546
-0.0012180239
0.0041280157
0.0077724764
0.0091134388
-0.02358271
-0.024450931
-0.024819312
-0.02508725
-0.026098038
-0.023724083
-0.02104923
-0.016639649
-0.011807286
-0.0090305959
-0.024450933
-0.024848676
-0.024588503
-0.026275049
-0.02662836
-0.024834034
-0.021098013
-0.015910973
-0.011191408
-0.0073713208
-0.024819314
-0.024588503
-0.025736623
-0.027390618
-0.02776139
-0.024627644
-0.021069787
-0.015509842
-0.009925114
-0.007051451
-0.025087258
-0.026275059
-0.027390621
-0.028874945
-0.028821543
-0.026795838
-0.022740482
-0.016346804
-0.011615659
-0.0088157272
-0.026098048
-0.026628375
-0.027761395
-0.028821546
-0.030592584
-0.028357217
-0.02417566
-0.017542985
-0.012111028
-0.010300122
-0.023724101
-0.02483405
-0.024627652
-0.026795845
-0.028357219
-0.026243122
-0.020445587
-0.013932089
-0.0098137593
-0.0073743907
-0.021049249
-0.021098032
-0.021069801
-0.022740496
-0.024175668
-0.02044559
-0.014441745
-0.0082197703
-0.004564057
-0.0038962068
-0.016639677
-0.015910997
-0.015509867
-0.016346824
-0.017542998
-0.013932097
-0.008219776
-0.0036665877
-0.00078942635
0.00091529745
-0.011807319
-0.011191443
-0.0099251457
-0.011615683
-0.012111047
-0.0098137703
-0.0045640691
-0.00078942433
0.0024573746
0.0042842146
-0.009030629
-0.0073713542
-0.0070514818
-0.0088157501
-0.01030014
-0.0073743994
-0.003896212
0.00091529825
0.0042842175
0.0041393244
-0.012851143
-0.011045453
-0.011960889
-0.013936455
-0.015991696
-0.014299822
-0.012097777
-0.0082809941
-0.00412767
-0.001834238
-0.011045451
-0.01056392
-0.012721016
-0.015934544
-0.016241826
-0.014647179
-0.011544309
-0.0074845276
-0.00352358
-0.00075215042
-0.011960895
-0.012721022
-0.015253135
-0.016925431
-0.017527869
-0.01505107
-0.012752203
-0.0081924632
-0.0038853831
-0.0018953507
-0.013936466
-0.015934554
-0.016925435
-0.018570101
-0.019472483
-0.018439309
-0.015364706
-0.010332835
-0.0070481337
-0.0053927559
-0.01599171
-0.016241837
-0.017527876
-0.019472485
-0.022134083
-0.020578139
-0.017349812
-0.01257424
-0.0091087193
-0.008071855
-0.014299845
-0.014647197
-0.015051085
-0.018439313
-0.020578142
-0.018842874
-0.014757546
-0.010757795
-0.0086729864
-0.0063465704
-0.012097805
-0.011544332
-0.012752221
-0.015364722
-0.017349821
-0.014757548
-0.010988713
-0.0075564479
-0.0052291756
-0.0040958516
-0.0082810265
-0.0074845548
-0.0081924861
-0.010332859
-0.012574257
-0.010757802
-0.0075564469
-0.0044681726
-0.0021001432
-0.00067484234
-0.004127708
-0.0035236147
-0.0038854123
-0.0070481587
-0.0091087401
-0.0086729949
-0.0052291787
-0.0021001432
-0.0003138041
0.00034968672
-0.0018342739
-0.00075219104
-0.0018953874
-0.0053927823
-0.0080718762
-0.0063465804
-0.0040958526
-0.0006748426
0.00034968696
0.00034120916
0.0011096527
0.002901044
-0.00027593005
-0.0025865175
-0.0048406737
-0.0031487624
-0.0015620449
0.00072402491
0.0039223658
0.0054993435
0.0029010382
0.0023583259
-0.00044534529
-0.0036559503
-0.0043863654
-0.0033084933
-0.0013808703
0.0013091995
0.0040997092
0.0055970712
-0.00027593874
-0.00044534986
-0.0030474468
-0.0056932598
-0.007205668
-0.0053997145
-0.0039055714
-0.00070198089
0.0018107998
0.0025789656
-0.0025865286
-0.003655962
-0.0056932624
-0.0086965852
-0.010627437
-0.0096262131
-0.0073495814
-0.0044227114
-0.0029192678
-0.0021404551
-0.0048406917
-0.0043863808
-0.007205675
-0.010627441
-0.013373539
-0.011918835
-0.010061504
-0.0081186547
-0.0061591174
-0.005104354
-0.0031487851
-0.0033085143
-0.0053997329
-0.0096262225
-0.01191884
-0.010715247
-0.0095650075
-0.0082972028
-0.0071295698
-0.0048436869
-0.0015620764
-0.0013808967
-0.0039055943
-0.0073495986
-0.010061518
-0.0095650142
-0.0082874682
-0.0072323884
-0.0054770289
-0.0043067913
0.00072398676
0.0013091624
-0.00070201094
-0.0044227351
-0.0081186715
-0.0082972126
-0.0072323927
-0.0057567261
-0.0039069382
-0.0032449245
0.003922328
0.0040996706
0.0018107658
-0.0029192915
-0.0061591349
-0.0071295774
-0.0054770322
-0.0039069396
-0.0034411442
-0.0035091676
0.0054993081
0.0055970365
0.0025789287
-0.0021404806
-0.0051043721
-0.0048436973
-0.0043067945
-0.0032449262
-0.0035091714
-0.0033287497
0.012714528
0.013249707
0.009242327
0.0078293346
0.0051366554
0.0068342713
0.0066571868
0.0074622617
0.010127233
0.011295347
0.013249702
0.010529602
0.0089194229
0.0064144132
0.0053567048
0.0054957307
0.0061416828
0.0077312014
0.0097522315
0.010287261
0.0092423182
0.0089194111
0.0066310602
0.0030243156
0.00053640837
0.0021398475
0.0028661402
0.0046487094
0.0059972139
0.0061092883
0.0078293255
0.006414403
0.0030243075
-0.00079550813
-0.0030461107
-0.00166602
-0.00092120664
-4.8692585e-05
0.00069169006
0.0016038046
0.0051366374
0.0053566891
0.00053639781
-0.0030461211
-0.0050690983
-0.0042404306
-0.0046485399
-0.004797719
-0.0026054754
-0.0012430812
0.0068342495
0.0054957097
0.0021398314
-0.0016660341
-0.0042404351
-0.0046809292
-0.0062358298
-0.0060902324
-0.0045060363
-0.0025108362
0.0066571559
0.0061416509
0.0028661142
-0.00092123173
-0.0046485533
-0.0062358352
-0.0062657457
-0.0060871527
-0.0043585533
-0.0034124071
0.007462227
0.0077311624
0.0046486739
-4.8721654e-05
-0.0047977386
-0.0060902441
-0.0060871586
-0.0054131613
-0.0046159611
-0.0034709945
0.010127196
0.0097521947
0.0059971812
0.00069166209
-0.0026054959
-0.0045060459
-0.0043585562
-0.0046159632
-0.0043817796
-0.0025808098
0.011295307
0.010287222
0.0061092522
0.0016037727
-0.0012431042
-0.0025108481
-0.0034124127
-0.0034709928
-0.0025808107
-0.0016210411
0.01801349
0.019601609
0.017162279
0.016496749
0.013062526
0.014218226
0.012662157
0.01255747
0.014604973
0.015540711
0.019601606
0.018956153
0.016896263
0.013906503
0.012214446
0.011939902
0.011695397
0.012116283
0.013897576
0.014234275
0.017162269
0.016896254
0.013076625
0.0090893892
0.0065901693
0.00832503
0.0076860384
0.0084071079
0.0096361924
0.01012362
0.016496734
0.013906492
0.0090893857
0.0056709076
0.0039287804
0.0050014866
0.0037959913
0.0034483173
0.0049497046
0.0061025004
0.013062505
0.012214427
0.0065901586
0.0039287734
0.0023235091
0.0015481127
-0.00072031317
-0.0012906417
0.0018622536
0.0030825899
0.014218199
0.011939876
0.0083250069
0.005001471
0.0015481068
-0.00031020484
-0.0029977197
-0.0028368114
-0.00051632649
0.00095908378
0.012662125
0.011695368
0.0076860124
0.0037959696
-0.00072032613
-0.0029977195
-0.0034926375
-0.003356685
-0.0012719604
-0.00051735611
0.01255743
0.012116247
0.0084070767
0.0034482897
-0.0012906637
-0.002836823
-0.0033566965
-0.0029984716
-0.0018469575
-0.00062080597
0.01460493
0.013897532
0.0096361578
0.004949678
0.0018622304
-0.00051634393
-0.0012719676
-0.0018469608
-0.00077004553
0.0007390948
0.01554067
0.01423423
0.010123584
0.0061024692
0.0030825627
0.00095906585
-0.00051736685
-0.00062080808
0.00073908907
0.0010507785
0.025835074
0.028359549
0.026866932
0.024895421
0.020755007
0.020788958
0.018357664
0.017149759
0.018307028
0.019215787
0.028359547
0.028354371
0.02556219
0.02133283
0.019105577
0.018646809
0.017009314
0.015983185
0.017574864
0.018165087
0.026866921
0.025562185
0.020789911
0.016343633
0.014156105
0.014857237
0.012183005
0.01189993
0.013321446
0.014192794
0.0248954
0.021332814
0.016343627
0.013621918
0.011649587
0.011369025
0.0085025571
0.0075450267
0.0096031225
0.010487196
0.020754985
0.019105556
0.014156093
0.011649581
0.0094955756
0.0075118587
0.0045712535
0.0037969493
0.0067919125
0.0079489181
0.020788929
0.018646782
0.014857211
0.011369006
0.0075118475
0.0058326491
0.0028666734
0.0024160726
0.0044848586
0.0057908509
0.018357628
0.017009282
0.012182976
0.0085025361
0.0045712374
0.0028666675
0.0019820401
0.0012707838
0.0028282437
0.0044929847
0.017149721
0.015983152
0.011899896
0.0075449998
0.0037969309
0.0024160625
0.0012707767
0.00094086406
0.0028316604
0.0044352022
0.018306984
0.017574819
0.013321404
0.009603089
0.0067918887
0.0044848401
0.0028282374
0.0028316602
0.0041451536
0.0042434425
0.019215743
0.018165046
0.014192753
0.010487165
0.0079488936
0.0057908339
0.0044929738
0.0044352033
0.004243441
0.0028496855
0.033036483
0.037403641
0.034187475
0.031410294
0.027228241
0.026589526
0.023284097
0.021218868
0.021562525
0.02247031
0.037403644
0.035489855
0.032232352
0.028304624
0.026072722
0.024807304
0.02191691
0.019931908
0.02103794
0.021506325
0.034187468
0.032232349
0.028061232
0.023938129
0.021789186
0.020980718
0.017106848
0.015866401
0.01703613
0.017702869
0.03141028
0.028304612
0.023938123
0.021988922
0.018960372
0.017746607
0.014147503
0.012741651
0.013996994
0.014496061
0.02722822
0.026072698
0.021789171
0.018960363
0.016382707
0.01455258
0.011637505
0.010098847
0.011908248
0.012815942
0.026589502
0.024807278
0.020980696
0.01774659
0.014552567
0.013793654
0.010630443
0.0091766666
0.010148768
0.010947426
0.023284063
0.021916875
0.01710682
0.014147485
0.011637488
0.010630431
0.0091768481
0.0076526677
0.0082603622
0.0093259747
0.021218827
0.019931872
0.015866368
0.012741626
0.010098826
0.0091766557
0.0076526615
0.0072485214
0.0077136378
0.0082168237
0.021562484
0.021037897
0.017036091
0.01399696
0.011908219
0.010148751
0.0082603567
0.0077136351
0.0066435728
0.0066860987
0.022470263
0.021506282
0.017702829
0.014496031
0.012815916
0.010947408
0.0093259645
0.0082168217
0.0066860987
0.0052578367
0.036601678
0.040542555
0.037024464
0.035635405
0.031881363
0.030474073
0.026183577
0.024332216
0.023913912
0.024513585
0.040542554
0.038643573
0.036404
0.033885505
0.031374025
0.028614593
0.025603198
0.023523163
0.023654121
0.023421845
0.037024459
0.036403995
0.033553424
0.030005282
0.027191964
0.025314096
0.021534683
0.019828911
0.020035202
0.020124577
0.035635393
0.033885496
0.030005277
0.028368377
0.02480374
0.023069835
0.019501625
0.017587586
0.017541315
0.018074424
0.031881344
0.031374009
0.027191946
0.024803728
0.02222787
0.020336698
0.017415083
0.015188451
0.016372042
0.017177261
0.030474048
0.02861457
0.025314072
0.023069817
0.020336691
0.019376872
0.015892081
0.013919448
0.014592334
0.015058372
0.026183551
0.02560317
0.021534653
0.019501601
0.017415068
0.01589207
0.013997102
0.012186182
0.012412757
0.012331369
0.024332179
0.023523131
0.01982888
0.017587559
0.015188428
0.013919433
0.012186175
0.011606652
0.010883882
0.0095868373
0.023913875
0.023654082
0.020035167
0.017541286
0.016372013
0.014592308
0.01241275
0.010883882
0.0090461668
0.00782447
0.024513542
0.023421804
0.020124539
0.018074396
0.017177239
0.01505835
0.012331357
0.0095868332
0.0078244689
0.0066485738
0.035166787
0.038687959
0.037635264
0.037019283
0.033319756
0.03112081
0.026972822
0.025736772
0.0242878
0.024044707
0.038687953
0.03884805
0.03821576
0.036599581
0.033409857
0.030269921
0.027861322
0.026085041
0.024567909
0.023290387
0.037635258
0.038215754
0.03661753
0.033374463
0.030139961
0.028264437
0.025086903
0.023151312
0.021924421
0.021570536
0.037019271
0.036599568
0.033374458
0.031910134
0.029167324
0.027249158
0.023764361
0.021587022
0.020632771
0.021007677
0.033319738
0.033409837
0.030139948
0.029167314
0.027057327
0.024581978
0.021560544
0.019743079
0.019916967
0.020674144
0.031120786
0.030269893
0.028264414
0.027249137
0.024581967
0.022743077
0.019425772
0.018285266
0.017935649
0.017771234
0.026972801
0.027861292
0.025086879
0.023764335
0.021560524
0.019425763
0.017503608
0.015995779
0.014417852
0.014546331
0.025736742
0.02608501
0.023151283
0.021586993
0.019743055
0.018285253
0.015995774
0.014631711
0.012090248
0.011639425
0.024287771
0.024567872
0.021924386
0.020632742
0.019916942
0.017935625
0.014417841
0.012090248
0.011038359
0.010539992
0.024044672
0.023290351
0.021570499
0.021007648
0.020674125
0.017771215
0.014546317
0.011639422
0.010539991
0.0097563318
0.026825669
0.033627654
0.034592695
0.032833652
0.028991199
0.02696609
0.024258594
0.022687094
0.020005374
0.018558225
0.033627652
0.036456228
0.035039247
0.032974837
0.030004244
0.027958225
0.026018226
0.023862711
0.020766781
0.018399605
0.034592693
0.035039246
0.032969985
0.030361033
0.028035601
0.026541358
0.023688378
0.021154733
0.019025361
0.018022775
0.032833647
0.032974832
0.030361021
0.029707298
0.028137637
0.026025874
0.022628299
0.020647996
0.019571307
0.018110158
0.028991186
0.030004227
0.028035587
0.028137632
0.026337125
0.023543933
0.020800032
0.019962922
0.019574955
0.017821612
0.026966071
0.027958204
0.026541337
0.02602586
0.023543924
0.021478105
0.018676444
0.018686168
0.017464428
0.014506984
0.024258574
0.026018203
0.023688354
0.02262828
0.020800011
0.018676434
0.016979438
0.015791007
0.013477708
0.01176144
0.022687069
0.023862687
0.021154707
0.02064797
0.019962895
0.018686152
0.015790999
0.01438094
0.011848578
0.0092140775
0.020005345
0.020766748
0.019025329
0.019571279
0.01957493
0.017464409
0.013477691
0.011848575
0.010575751
0.0071997142
0.018558192
0.018399577
0.018022745
0.018110133
0.017821598
0.014506973
0.011761429
0.0092140729
0.0071997117
0.0056544015
0.012366177
0.021295725
0.021964264
0.019209642
0.016274352
0.015026744
0.013470107
0.010854563
0.0071995626
0.004833814
0.021295724
0.025024359
0.022948827
0.02019523
0.018678761
0.017479057
0.015921784
0.012837228
0.0087113673
0.0062589933
0.021964263
0.02294882
0.020399399
0.018336677
0.017782886
0.016298395
0.01384674
0.010687518
0.0081375646
0.0068067368
0.019209635
0.020195232
0.018336668
0.018092997
0.017645862
0.015316121
0.012832256
0.011049198
0.0089922083
0.0064691766
0.016274341
0.018678745
0.017782869
0.017645851
0.01645568
0.013777241
0.012346327
0.01086543
0.0087024098
0.0062855306
0.015026726
0.017479038
0.016298376
0.01531611
0.013777234
0.011594718
0.010015768
0.0087352263
0.0063951426
0.0033232424
0.013470087
0.015921765
0.01384672
0.012832238
0.01234631
0.010015754
0.0087004501
0.0065687174
0.0056363582
0.0037459064
0.010854541
0.012837211
0.010687497
0.011049178
0.010865406
0.0087352094
0.0065687138
0.004638886
0.0036198588
-0.00030335693
0.007199535
0.0087113444
0.00813754
0.0089921787
0.0087023871
0.0063951291
0.0056363385
0.0036198585
0.001545575
-0.0035025412
0.004833784
0.0062589748
0.006806711
0.0064691446
0.0062855058
0.0033232374
0.0037458908
-0.00030336211
-0.0035025409
-0.0063089972
-0.01335026
-0.0069932921
-0.0074090323
-0.0081586404
-0.0087092061
-0.0092319757
-0.010235991
-0.013404923
-0.017646821
-0.019514748
-0.0069932967
-0.004808384
-0.005399608
-0.0051879428
-0.0048872878
-0.0065656265
-0.0080357857
-0.011117838
-0.015387574
-0.017260445
-0.0074090268
-0.0053996239
-0.0053028535
-0.0049398376
-0.0046717668
-0.0072477814
-0.0089039072
-0.010989895
-0.01442611
-0.016036115
-0.0081586602
-0.0051879379
-0.0049398353
-0.0051388919
-0.0050658084
-0.0076673149
-0.009134715
-0.0099966465
-0.014140312
-0.016168428
-0.0087092215
-0.0048872865
-0.0046717755
-0.0050658244
-0.0053216676
-0.0071231658
-0.007989783
-0.0091541029
-0.014037152
-0.016244342
-0.0092319921
-0.0065656475
-0.0072478097
-0.007667332
-0.0071231731
-0.0079878744
-0.010303378
-0.011218166
-0.015882229
-0.017125272
-0.010236014
-0.0080358026
-0.0089039346
-0.0091347202
-0.0079897919
-0.01030339
-0.012479925
-0.013103493
-0.01721898
-0.015621672
-0.013404952
-0.011117854
-0.010989913
-0.0099966564
-0.009154128
-0.01121819
-0.013103486
-0.012380822
-0.017220437
-0.018468252
-0.017646857
-0.015387595
-0.014426126
-0.014140328
-0.014037177
-0.015882243
-0.017219006
-0.017220438
-0.021107472
-0.024789342
-0.019514788
-0.017260446
-0.016036116
-0.016168455
-0.016244389
-0.017125268
-0.015621685
-0.018468258
-0.024789345
-0.029262805
-0.059895121
-0.053655102
-0.05457939
-0.051427289
-0.049311749
-0.049170028
-0.048274702
-0.050590479
-0.055930751
-0.056544125
-0.053655112
-0.050717286
-0.051815664
-0.047068064
-0.043521799
-0.045141676
-0.045528042
-0.048213663
-0.054440384
-0.056682408
-0.054579354
-0.051815693
-0.050823686
-0.04536649
-0.041288321
-0.045306308
-0.046753018
-0.049325658
-0.053818892
-0.056589771
-0.051427325
-0.047068086
-0.04536648
-0.044578394
-0.043227028
-0.045772722
-0.048031053
-0.049342556
-0.05113548
-0.055786552
-0.049311795
-0.043521789
-0.041288296
-0.043227043
-0.045587516
-0.04633747
-0.048059203
-0.050262288
-0.050014865
-0.055728048
-0.049170052
-0.04514167
-0.045306336
-0.045772764
-0.046337486
-0.044300074
-0.045636818
-0.050079621
-0.052438271
-0.056939722
-0.048274746
-0.045528053
-0.046753071
-0.048031083
-0.048059194
-0.045636818
-0.045106424
-0.049805035
-0.055016357
-0.054360795
-0.050590536
-0.048213685
-0.0493257
-0.04934257
-0.050262299
-0.050079671
-0.049805003
-0.052019943
-0.05680417
-0.057060665
-0.055930832
-0.054440446
-0.053818949
-0.051135484
-0.050014859
-0.052438296
-0.055016388
-0.056804177
-0.057663821
-0.056990569
-0.056544259
-0.056682499
-0.0565898
-0.055786573
-0.055728127
-0.056939724
-0.054360819
-0.057060671
-0.056990581
-0.062604827
)
;

boundaryField
{
    block1_in
    {
        type            calculated;
        value           nonuniform List<scalar> 
100
(
-10700.433
76154.161
76154.161
76154.163
76154.166
76154.173
76154.183
76154.192
76154.199
76154.206
76154.173
76154.161
76154.161
76154.163
76154.168
76154.176
76154.186
76154.194
76154.202
76154.209
76154.173
76154.162
76154.163
76154.167
76154.173
76154.181
76154.191
76154.2
76154.208
76154.214
76154.175
76154.165
76154.168
76154.174
76154.18
76154.189
76154.2
76154.209
76154.216
76154.22
76154.178
76154.17
76154.174
76154.181
76154.188
76154.198
76154.208
76154.218
76154.224
76154.227
76154.184
76154.178
76154.182
76154.189
76154.198
76154.207
76154.217
76154.225
76154.23
76154.232
76154.191
76154.188
76154.192
76154.2
76154.208
76154.217
76154.226
76154.232
76154.235
76154.236
76154.199
76154.196
76154.201
76154.209
76154.217
76154.225
76154.232
76154.236
76154.238
76154.24
76154.205
76154.204
76154.209
76154.216
76154.223
76154.23
76154.235
76154.238
76154.241
76154.242
76154.211
76154.21
76154.214
76154.221
76154.226
76154.232
76154.236
76154.239
76154.242
76154.244
)
;
    }
    block1_out
    {
        type            calculated;
        value           nonuniform List<scalar> 
100
(
96508.622
96508.618
96508.616
96508.618
96508.62
96508.624
96508.625
96508.627
96508.631
96508.633
96508.618
96508.614
96508.613
96508.616
96508.619
96508.622
96508.624
96508.627
96508.631
96508.634
96508.616
96508.613
96508.615
96508.617
96508.62
96508.623
96508.625
96508.629
96508.633
96508.636
96508.618
96508.616
96508.617
96508.619
96508.623
96508.626
96508.627
96508.631
96508.635
96508.638
96508.62
96508.619
96508.62
96508.623
96508.627
96508.63
96508.631
96508.634
96508.638
96508.641
96508.624
96508.622
96508.623
96508.626
96508.63
96508.633
96508.635
96508.637
96508.64
96508.643
96508.625
96508.624
96508.625
96508.627
96508.631
96508.635
96508.636
96508.638
96508.642
96508.645
96508.627
96508.627
96508.629
96508.631
96508.634
96508.637
96508.638
96508.641
96508.645
96508.649
96508.631
96508.631
96508.633
96508.635
96508.638
96508.64
96508.642
96508.645
96508.649
96508.653
96508.633
96508.634
96508.636
96508.638
96508.641
96508.643
96508.645
96508.649
96508.653
96508.657
)
;
    }
    block1_wall1
    {
        type            calculated;
        value           nonuniform List<scalar> 
200
(
-10700.477
76154.274
76154.269
76154.27
76154.273
76154.278
76154.288
76154.298
76154.305
76154.31
75671.8
76154.491
76154.494
76154.494
76154.495
76154.502
76154.506
76154.513
76154.519
76154.522
75672.019
76154.71
76154.71
76154.712
76154.711
76154.718
76154.721
76154.725
76154.73
76154.732
75672.228
76154.925
76154.924
76154.925
76154.925
76154.929
76154.93
76154.933
76154.936
76154.937
75672.43
76155.132
76155.131
76155.132
76155.131
76155.133
76155.133
76155.134
76155.136
76155.137
75672.625
76155.332
76155.332
76155.332
76155.331
76155.332
76155.331
76155.331
76155.332
76155.332
75672.82
76155.529
76155.528
76155.527
76155.526
76155.526
76155.524
76155.524
76155.523
76155.522
75673.011
76155.72
76155.719
76155.718
76155.716
76155.714
76155.712
76155.711
76155.709
76155.708
75673.2
76155.907
76155.906
76155.904
76155.901
76155.898
76155.895
76155.893
76155.891
76155.888
75673.384
76156.089
76156.088
76156.085
76156.08
76156.075
76156.071
76156.069
76156.066
76156.063
75673.559
76156.263
76156.262
76156.257
76156.25
76156.243
76156.239
76156.236
76156.232
76156.228
75673.725
76156.426
76156.423
76156.416
76156.409
76156.4
76156.396
76156.392
76156.387
76156.382
75673.877
76156.575
76156.571
76156.563
76156.555
76156.545
76156.54
76156.536
76156.53
76156.525
75674.017
76156.711
76156.707
76156.698
76156.689
76156.679
76156.674
76156.67
76156.664
76156.659
75674.147
76156.839
76156.835
76156.825
76156.816
76156.807
76156.803
76156.798
76156.794
76156.79
75674.272
76156.963
76156.957
76156.947
76156.94
76156.933
76156.929
76156.925
76156.923
76156.92
75674.397
76157.085
76157.079
76157.072
76157.067
76157.061
76157.059
76157.056
76157.056
76157.055
75674.525
76157.212
76157.208
76157.205
76157.201
76157.198
76157.197
76157.197
76157.198
76157.198
75674.663
76157.353
76157.35
76157.35
76157.348
76157.347
76157.348
76157.349
76157.351
76157.352
75674.818
76157.509
76157.508
76157.51
76157.513
76157.513
76157.512
76157.515
76157.52
76157.52
)
;
    }
    block1_wall2
    {
        type            calculated;
        value           nonuniform List<scalar> 
200
(
-10700.447
75671.825
75672.034
75672.239
75672.438
75672.631
75672.82
75673.005
75673.186
75673.361
75673.528
75673.683
75673.827
75673.962
75674.093
75674.224
75674.358
75674.501
75674.655
75674.823
85325.593
75671.831
75672.04
75672.243
75672.44
75672.632
75672.82
75673.004
75673.184
75673.359
75673.526
75673.681
75673.824
75673.96
75674.091
75674.221
75674.356
75674.498
75674.652
75674.824
85325.598
75671.836
75672.043
75672.245
75672.44
75672.631
75672.818
75673.001
75673.18
75673.355
75673.522
75673.676
75673.82
75673.956
75674.088
75674.217
75674.352
75674.495
75674.651
75674.826
85325.605
75671.843
75672.047
75672.247
75672.441
75672.631
75672.817
75672.999
75673.178
75673.352
75673.517
75673.671
75673.815
75673.951
75674.082
75674.211
75674.347
75674.493
75674.652
75674.827
85325.609
75671.848
75672.051
75672.249
75672.442
75672.631
75672.816
75672.997
75673.175
75673.347
75673.512
75673.666
75673.811
75673.946
75674.077
75674.207
75674.344
75674.493
75674.653
75674.829
85325.615
75671.852
75672.054
75672.25
75672.441
75672.628
75672.812
75672.992
75673.167
75673.34
75673.505
75673.66
75673.805
75673.94
75674.072
75674.204
75674.343
75674.493
75674.653
75674.832
85325.62
75671.857
75672.057
75672.25
75672.439
75672.625
75672.808
75672.986
75673.161
75673.334
75673.5
75673.656
75673.8
75673.937
75674.07
75674.203
75674.343
75674.491
75674.654
75674.834
85325.621
75671.859
75672.058
75672.249
75672.436
75672.621
75672.803
75672.98
75673.155
75673.329
75673.496
75673.651
75673.795
75673.933
75674.069
75674.202
75674.341
75674.493
75674.656
75674.837
85325.625
75671.86
75672.056
75672.246
75672.435
75672.62
75672.8
75672.977
75673.153
75673.328
75673.493
75673.647
75673.793
75673.932
75674.068
75674.201
75674.343
75674.497
75674.664
75674.842
85325.628
75671.859
75672.052
75672.244
75672.432
75672.616
75672.796
75672.974
75673.15
75673.325
75673.488
75673.642
75673.79
75673.929
75674.065
75674.2
75674.345
75674.501
75674.669
75674.85
)
;
    }
    block1_wall3
    {
        type            calculated;
        value           nonuniform List<scalar> 
200
(
-10700.447
76154.315
76154.32
76154.328
76154.334
76154.34
76154.345
76154.346
76154.349
76154.352
75671.831
76154.527
76154.532
76154.538
76154.543
76154.547
76154.552
76154.554
76154.554
76154.553
75672.036
76154.737
76154.741
76154.744
76154.748
76154.751
76154.753
76154.754
76154.752
76154.748
75672.239
76154.941
76154.943
76154.945
76154.947
76154.949
76154.948
76154.947
76154.944
76154.941
75672.437
76155.139
76155.139
76155.14
76155.142
76155.141
76155.139
76155.135
76155.134
76155.132
75672.631
76155.332
76155.332
76155.332
76155.332
76155.329
76155.326
76155.322
76155.321
76155.317
75672.82
76155.522
76155.52
76155.519
76155.518
76155.514
76155.51
76155.505
76155.502
76155.498
75673.005
76155.706
76155.703
76155.701
76155.699
76155.694
76155.689
76155.683
76155.679
76155.677
75673.185
76155.886
76155.882
76155.88
76155.877
76155.87
76155.863
76155.857
76155.855
76155.853
75673.36
76156.06
76156.057
76156.053
76156.048
76156.041
76156.035
76156.031
76156.03
76156.027
75673.527
76156.226
76156.222
76156.217
76156.212
76156.205
76156.2
76156.196
76156.193
76156.189
75673.684
76156.38
76156.376
76156.37
76156.365
76156.359
76156.355
76156.351
76156.347
76156.343
75673.829
76156.522
76156.519
76156.514
76156.509
76156.503
76156.498
76156.493
76156.491
76156.489
75673.966
76156.657
76156.654
76156.649
76156.644
76156.638
76156.634
76156.63
76156.629
76156.628
75674.098
76156.788
76156.785
76156.779
76156.774
76156.769
76156.767
76156.765
76156.765
76156.763
75674.23
76156.918
76156.914
76156.908
76156.903
76156.9
76156.899
76156.898
76156.898
76156.898
75674.365
76157.052
76157.048
76157.044
76157.041
76157.039
76157.038
76157.037
76157.039
76157.042
75674.508
76157.195
76157.192
76157.19
76157.189
76157.188
76157.186
76157.188
76157.192
76157.198
75674.661
76157.349
76157.348
76157.348
76157.349
76157.349
76157.349
76157.351
76157.359
76157.364
75674.828
76157.521
76157.523
76157.524
76157.525
76157.528
76157.529
76157.531
76157.537
76157.545
)
;
    }
    block1_wall4
    {
        type            calculated;
        value           nonuniform List<scalar> 
200
(
-10700.477
75671.79
75672.009
75672.222
75672.427
75672.625
75672.822
75673.014
75673.203
75673.385
75673.559
75673.724
75673.875
75674.014
75674.144
75674.269
75674.394
75674.522
75674.661
75674.817
85325.562
75671.792
75672.01
75672.224
75672.43
75672.63
75672.827
75673.019
75673.207
75673.389
75673.564
75673.729
75673.878
75674.014
75674.142
75674.265
75674.387
75674.515
75674.655
75674.811
85325.557
75671.795
75672.009
75672.223
75672.429
75672.629
75672.826
75673.017
75673.205
75673.388
75673.563
75673.726
75673.874
75674.01
75674.137
75674.259
75674.381
75674.51
75674.652
75674.809
85325.559
75671.796
75672.013
75672.224
75672.431
75672.63
75672.825
75673.016
75673.203
75673.385
75673.557
75673.719
75673.866
75674.001
75674.127
75674.25
75674.374
75674.507
75674.652
75674.812
85325.561
75671.797
75672.012
75672.225
75672.429
75672.628
75672.823
75673.014
75673.199
75673.379
75673.551
75673.711
75673.858
75673.992
75674.119
75674.243
75674.369
75674.503
75674.65
75674.814
85325.563
75671.804
75672.019
75672.229
75672.432
75672.629
75672.823
75673.012
75673.196
75673.374
75673.544
75673.703
75673.849
75673.983
75674.111
75674.236
75674.364
75674.501
75674.65
75674.815
85325.571
75671.808
75672.021
75672.23
75672.432
75672.629
75672.821
75673.009
75673.192
75673.37
75673.54
75673.698
75673.844
75673.979
75674.107
75674.233
75674.363
75674.5
75674.651
75674.815
85325.579
75671.817
75672.027
75672.233
75672.434
75672.629
75672.821
75673.008
75673.19
75673.367
75673.537
75673.695
75673.84
75673.975
75674.103
75674.23
75674.36
75674.5
75674.652
75674.818
85325.584
75671.823
75672.032
75672.238
75672.437
75672.631
75672.821
75673.007
75673.188
75673.364
75673.532
75673.688
75673.833
75673.968
75674.098
75674.227
75674.36
75674.501
75674.654
75674.823
85325.589
75671.825
75672.034
75672.239
75672.438
75672.631
75672.82
75673.005
75673.186
75673.361
75673.528
75673.683
75673.827
75673.962
75674.093
75674.224
75674.358
75674.501
75674.655
75674.823
)
;
    }
}


// ************************************************************************* //
