/*--------------------------------*- C++ -*----------------------------------*\
| =========                 |                                                 |
| \\      /  F ield         | OpenFOAM: The Open Source CFD Toolbox           |
|  \\    /   O peration     | Version:  v2106                                 |
|   \\  /    A nd           | Website:  www.openfoam.com                      |
|    \\/     M anipulation  |                                                 |
\*---------------------------------------------------------------------------*/
FoamFile
{
    version     2.0;
    format      ascii;
    arch        "LSB;label=32;scalar=64";
    class       volScalarField;
    location    "0";
    object      Tmode8;
}
// * * * * * * * * * * * * * * * * * * * * * * * * * * * * * * * * * * * * * //

dimensions      [0 0 0 0 0 0 0];

internalField   nonuniform List<scalar> 
2000
(
-0.093313683
-0.10039088
-0.088035269
-0.073704556
-0.062670314
-0.046895012
-0.033646808
-0.028684905
-0.021558409
-0.019449232
-0.10039089
-0.098831501
-0.086241251
-0.073444374
-0.058269956
-0.042765821
-0.029992458
-0.018617801
-0.011043227
-0.012542055
-0.088035226
-0.086241225
-0.076467825
-0.069266138
-0.055077766
-0.034403089
-0.020325285
-0.0055889572
0.002752771
-0.00016571602
-0.073704521
-0.073444351
-0.069266098
-0.05668145
-0.039483593
-0.02104542
-0.0062661286
0.0068803883
0.011588134
0.0051358542
-0.062670269
-0.05826991
-0.055077747
-0.039483565
-0.018211633
-0.0054705678
0.0052342054
0.011889462
0.014311988
0.014739359
-0.046895006
-0.042765734
-0.034403034
-0.021045382
-0.0054705228
0.0051611088
0.016903219
0.024148132
0.022794777
0.024700602
-0.033646792
-0.029992384
-0.020325205
-0.0062660902
0.0052341941
0.016903248
0.02660407
0.032909459
0.033933603
0.028203391
-0.028684933
-0.018617764
-0.005588941
0.0068804383
0.0118895
0.02414822
0.032909472
0.033326455
0.037395366
0.034265455
-0.021558582
-0.011043232
0.0027528145
0.011588187
0.014312054
0.022794844
0.033933619
0.037395356
0.034562124
0.028746297
-0.019449497
-0.012542236
-0.00016576694
0.0051358223
0.014739401
0.024700611
0.028203398
0.034265519
0.028746299
0.023421709
-0.05424434
-0.056866781
-0.049692305
-0.038066963
-0.028815736
-0.021295437
-0.011080974
-0.0061608783
-0.0045935299
-0.0045432384
-0.056866786
-0.054734555
-0.04538553
-0.034184683
-0.023660014
-0.015485911
-0.0084649496
-0.0039084919
-0.0017117336
-0.0023369345
-0.049692284
-0.045385512
-0.035128076
-0.026441464
-0.017059936
-0.0076834037
-0.001868145
0.0031916933
0.0057912489
0.0053372555
-0.038066947
-0.034184674
-0.026441449
-0.017646672
-0.0087948982
0.00048991216
0.0073682451
0.01380663
0.016235859
0.01310973
-0.028815708
-0.023659996
-0.017059936
-0.00879489
0.0026117045
0.01200856
0.018728384
0.023977334
0.024838799
0.023194617
-0.021295437
-0.015485881
-0.0076833955
0.00048991449
0.012008596
0.02105184
0.02852468
0.034551762
0.034032137
0.0339906
-0.011080973
-0.0084649236
-0.0018681097
0.0073682667
0.018728396
0.028524681
0.036566144
0.043143954
0.043826548
0.04070604
-0.006160841
-0.0039084569
0.0031917069
0.013806649
0.023977339
0.034551782
0.043143972
0.046967945
0.047911461
0.045823437
-0.0045935248
-0.0017117167
0.0057912701
0.01623588
0.024838821
0.034032178
0.04382657
0.047911454
0.047580868
0.043669144
-0.004543275
-0.0023369722
0.0053372508
0.013109727
0.023194639
0.033990619
0.040706046
0.045823453
0.043669151
0.03882023
-0.021060631
-0.017079332
-0.011296849
-0.0058467534
-0.0032328536
-0.002799861
-0.0021674816
-0.0026459183
-0.0042799084
-0.00540548
-0.017079334
-0.01250481
-0.0074581899
-0.0023572416
3.0586554e-05
8.7100563e-05
2.3159336e-06
-0.0022407249
-0.0043252169
-0.0049374105
-0.011296838
-0.0074581826
-0.0025388816
0.0010588963
0.0031493747
0.0038536662
0.0029040035
0.0016269664
0.00030875223
0.00095768817
-0.0058467403
-0.002357242
0.0010589033
0.0047637851
0.0064672909
0.0075048903
0.0084486849
0.0092591945
0.0095713056
0.0095574921
-0.0032328393
3.0589986e-05
0.0031493709
0.0064672983
0.0089483161
0.012942693
0.016496029
0.019217148
0.020237236
0.020093824
-0.0027998705
8.7102498e-05
0.0038536633
0.0075048808
0.0129427
0.01909823
0.025375858
0.030117039
0.030536127
0.030534705
-0.0021675129
2.2922843e-06
0.002903994
0.0084486858
0.016496039
0.025375864
0.033109697
0.038377096
0.039580014
0.037760043
-0.0026459428
-0.0022407394
0.0016269521
0.009259186
0.019217144
0.03011703
0.038377108
0.043384998
0.043820764
0.041460617
-0.0042799317
-0.0043252328
0.00030874251
0.009571296
0.020237232
0.030536119
0.039580022
0.043820766
0.043342208
0.039389023
-0.0054055079
-0.0049374496
0.00095765898
0.0095574707
0.020093817
0.030534701
0.037760049
0.041460616
0.039389026
0.035832835
0.01044927
0.014615619
0.017888124
0.016731015
0.012852757
0.006103244
-0.00067439391
-0.0056911971
-0.0090865167
-0.0096598286
0.01461561
0.01883129
0.02027201
0.017648076
0.012093615
0.0045934628
-0.0020940816
-0.0074334265
-0.010296627
-0.0093165841
0.017888116
0.02027202
0.02030161
0.016203632
0.010447302
0.0040586877
-0.0018847126
-0.0052981161
-0.0066387216
-0.004684552
0.016731003
0.017648077
0.016203632
0.012405475
0.0077559031
0.0027796555
0.000714779
0.00014750555
0.00035101555
0.0021027749
0.012852744
0.0120936
0.010447289
0.007755899
0.0051188082
0.004556283
0.0062268144
0.0079685998
0.0090715302
0.010388601
0.0061032197
0.0045934354
0.0040586597
0.0027796352
0.0045562813
0.0081772392
0.012616149
0.016462219
0.017481488
0.018325856
-0.00067443696
-0.0020941283
-0.0018847528
0.00071475695
0.006226814
0.012616156
0.018804129
0.023190303
0.024549168
0.023754978
-0.0056912633
-0.0074334715
-0.0052981583
0.00014747329
0.0079685871
0.016462212
0.023190299
0.027826327
0.027612864
0.025524476
-0.0090865839
-0.01029668
-0.0066387623
0.00035097606
0.0090715054
0.017481478
0.024549152
0.027612855
0.026555421
0.023971484
-0.0096598832
-0.0093166378
-0.0046845992
0.0021027385
0.010388575
0.018325838
0.023754967
0.025524471
0.023971479
0.022847178
0.030553194
0.03206794
0.030797161
0.024703475
0.015304012
0.0043189717
-0.0040490372
-0.0090335831
-0.011008083
-0.0096081768
0.032067935
0.034325161
0.030695645
0.022467551
0.0113406
-0.00026455719
-0.0078942516
-0.011921169
-0.012511705
-0.0087187606
0.030797154
0.030695637
0.026144629
0.016428962
0.0058081197
-0.0036438967
-0.0095997913
-0.011032283
-0.0099289159
-0.0061443031
0.024703466
0.022467536
0.016428943
0.0079445325
-0.00029669846
-0.0072237874
-0.0089130336
-0.0079864819
-0.0064544588
-0.0031371739
0.015303981
0.01134056
0.0058080921
-0.00029671615
-0.0055719136
-0.0076611998
-0.0058879368
-0.0037444231
-0.0020496017
0.0006965597
0.0043189236
-0.0002646209
-0.0036439384
-0.0072238185
-0.0076612137
-0.0057102996
-0.0023727704
0.00081135604
0.0024312506
0.0044979326
-0.0040491078
-0.0078943266
-0.0095998465
-0.0089130809
-0.0058879578
-0.0023727694
0.0015538063
0.0048542774
0.0063216578
0.0067834257
-0.0090336713
-0.011921253
-0.011032351
-0.0079865344
-0.003744457
0.00081134556
0.0048542679
0.0080225926
0.007729492
0.0078351313
-0.011008162
-0.012511777
-0.0099289842
-0.0064545195
-0.0020496509
0.0024312274
0.0063216317
0.0077294815
0.0074430503
0.0083700881
-0.0096082602
-0.0087188435
-0.0061443828
-0.003137229
0.00069651522
0.0044978991
0.0067833925
0.0078351103
0.0083700828
0.01029976
0.034123278
0.033066588
0.028595894
0.019171636
0.0073918668
-0.0022384915
-0.0073664158
-0.0076056181
-0.0051295457
-0.0011244514
0.033066583
0.031655398
0.025049282
0.013787533
0.001677404
-0.0075406435
-0.011029461
-0.0099710469
-0.0060463452
-1.5821415e-05
0.02859588
0.025049264
0.017600309
0.0061332697
-0.0045061221
-0.011327079
-0.013156651
-0.010033112
-0.0054833753
-0.00044763091
0.019171606
0.013787514
0.0061332507
-0.003217598
-0.01095192
-0.015272036
-0.013742148
-0.0099723466
-0.0064609823
-0.0022581865
0.0073918129
0.001677348
-0.0045061628
-0.010951948
-0.015424742
-0.015939966
-0.013286008
-0.0098823383
-0.0071480882
-0.0037320065
-0.0022385566
-0.0075407202
-0.011327141
-0.015272072
-0.01593999
-0.015278078
-0.01266161
-0.0092164223
-0.0072332643
-0.0041784869
-0.0073665059
-0.011029554
-0.013156725
-0.013742209
-0.013286046
-0.012661627
-0.01046391
-0.0082822607
-0.006423577
-0.0039807451
-0.0076057283
-0.0099711544
-0.010033203
-0.009972411
-0.0098823843
-0.0092164408
-0.008282269
-0.0064426857
-0.0052222585
-0.002205231
-0.0051296551
-0.0060464529
-0.0054834719
-0.0064610573
-0.0071481505
-0.0072333065
-0.0064236003
-0.0052222738
-0.0033679711
0.00046399197
-0.0011245582
-1.5925513e-05
-0.00044772653
-0.0022582595
-0.0037320647
-0.0041785333
-0.003980786
-0.0022052586
0.00046398685
0.0048477914
0.02335929
0.019924181
0.013800443
0.0042372209
-0.0037501883
-0.0076681872
-0.0054667113
0.0012493018
0.0086806077
0.014494531
0.019924183
0.015091014
0.007794559
-0.0019541113
-0.0094629501
-0.011916059
-0.007420946
0.0001455296
0.0082456375
0.015076154
0.013800425
0.0077945499
0.00068940485
-0.0083021233
-0.013812802
-0.013946485
-0.0090588069
-0.00091073816
0.0061268561
0.011268139
0.0042371729
-0.0019541344
-0.008302141
-0.014508533
-0.017562843
-0.016922983
-0.010755948
-0.0041036817
0.00077109788
0.0049601236
-0.0037502624
-0.0094630152
-0.013812838
-0.017562875
-0.01938941
-0.017156748
-0.012513588
-0.0077647412
-0.0043994111
-0.00061239648
-0.0076682789
-0.011916147
-0.013946562
-0.016923036
-0.017156776
-0.016631179
-0.014010348
-0.010332893
-0.007620658
-0.0041037232
-0.0054668114
-0.0074210516
-0.0090588971
-0.010756025
-0.012513638
-0.014010377
-0.013239768
-0.011225051
-0.0083144467
-0.0044227626
0.0012491776
0.00014540002
-0.00091084492
-0.0041037652
-0.0077648084
-0.010332933
-0.011225073
-0.0093669724
-0.0064390477
-0.0022331809
0.0086804792
0.0082455077
0.0061267393
0.0007710085
-0.0043994839
-0.0076207148
-0.0083144865
-0.0064390663
-0.0025200498
0.0012799222
0.014494392
0.015076021
0.01126803
0.0049600369
-0.00061246852
-0.0041037829
-0.0044228033
-0.0022332004
0.0012799189
0.0051225512
0.004119591
-0.0017690483
-0.0068471073
-0.012349237
-0.013333138
-0.0087164434
0.0016349155
0.014596973
0.025606338
0.031615214
-0.0017690519
-0.0077007806
-0.013517038
-0.017552782
-0.017250977
-0.010974284
0.0013217393
0.014274303
0.024555186
0.030984913
-0.0068471273
-0.013517052
-0.017130395
-0.020462662
-0.018693971
-0.011173732
-1.252761e-05
0.01174442
0.02005752
0.024560185
-0.012349279
-0.017552806
-0.020462692
-0.021626069
-0.019047531
-0.012900984
-0.0028486346
0.0059896017
0.011757934
0.015566144
-0.013333203
-0.017251041
-0.018694012
-0.019047565
-0.017472147
-0.012669305
-0.0062817483
-0.00010485247
0.0039286246
0.0078466769
-0.0087165454
-0.010974391
-0.011173822
-0.012901041
-0.012669341
-0.012035506
-0.008959493
-0.0043610127
-0.0004879434
0.0033505602
0.0016347871
0.0013216081
-1.2633453e-05
-0.0028487114
-0.0062817941
-0.0089595224
-0.0084014836
-0.0052235026
-0.001196818
0.0028736345
0.014596823
0.014274147
0.011744291
0.0059895121
-0.00010491741
-0.0043610617
-0.0052235266
-0.0020820279
0.0010977595
0.0051776195
0.025606182
0.024555038
0.020057395
0.011757834
0.0039285454
-0.00048801422
-0.0011968613
0.0010977404
0.0047064707
0.0081641881
0.031615056
0.030984755
0.024560063
0.015566038
0.0078465979
0.0033504921
0.002873594
0.0051775919
0.0081641839
0.011853326
-0.015862949
-0.023320376
-0.025144644
-0.024361044
-0.018006336
-0.0060846595
0.010001385
0.026628966
0.03867052
0.043687629
-0.023320383
-0.028992102
-0.030447807
-0.02778225
-0.020332956
-0.0072636813
0.010135566
0.025625136
0.036096694
0.041860515
-0.025144671
-0.030447822
-0.029752949
-0.02726607
-0.01940365
-0.0064033618
0.0083042595
0.021612821
0.030197975
0.034323582
-0.024361099
-0.027782275
-0.027266091
-0.024220087
-0.017435927
-0.0078546909
0.004248391
0.014355295
0.020756213
0.024817629
-0.01800641
-0.020333035
-0.019403702
-0.017435966
-0.014076029
-0.0079222512
-0.00047662706
0.007034367
0.012387381
0.016763738
-0.0060847582
-0.0072637876
-0.0064034473
-0.007854755
-0.0079222858
-0.0073902186
-0.0033943186
0.0029033395
0.0080083889
0.012458148
0.010001251
0.010135425
0.0083041485
0.0042483093
-0.0004766799
-0.0033943352
-0.0017753649
0.003421174
0.0078313215
0.011308399
0.026628816
0.025624987
0.021612688
0.014355199
0.0070342971
0.0029032986
0.003421157
0.007228092
0.0098091438
0.013191384
0.038670345
0.036096547
0.03019785
0.020756107
0.012387304
0.0080083336
0.007831288
0.0098091314
0.012392114
0.015456178
0.043687458
0.041860356
0.034323456
0.024817516
0.016763648
0.012458086
0.011308354
0.013191361
0.015456178
0.018967232
-0.029914457
-0.036005678
-0.033672799
-0.02834745
-0.017534842
-0.0023091243
0.015281146
0.032189243
0.043322052
0.047398872
-0.03600568
-0.03997208
-0.037111614
-0.030336651
-0.019146483
-0.0038650925
0.014598312
0.02975893
0.039466441
0.044913888
-0.033672817
-0.037111632
-0.033368935
-0.028016474
-0.017913403
-0.0032783874
0.011646396
0.024742918
0.033048205
0.037488019
-0.028347504
-0.030336688
-0.028016489
-0.023683939
-0.015837784
-0.0059505584
0.0061396566
0.01655151
0.023880917
0.028198606
-0.017534916
-0.019146568
-0.017913452
-0.015837812
-0.013221209
-0.0075065094
0.00022196656
0.0091915655
0.015810507
0.01993586
-0.0023092276
-0.0038652014
-0.0032784719
-0.0059506225
-0.0075065434
-0.0073084412
-0.0019199293
0.0057899034
0.011425081
0.015427338
0.01528101
0.014598176
0.011646291
0.0061395709
0.00022190412
-0.0019199472
0.0012969819
0.0071069573
0.011096121
0.014176765
0.032189101
0.029758785
0.024742792
0.016551412
0.0091914834
0.005789849
0.0071069395
0.010136698
0.012708718
0.015741055
0.04332189
0.039466291
0.033048077
0.023880809
0.015810415
0.011425022
0.011096085
0.0127087
0.015291641
0.016987065
0.047398711
0.044913732
0.037487898
0.028198512
0.019935774
0.01542728
0.014176729
0.01574103
0.01698706
0.018225344
-0.030911082
-0.034690192
-0.029538912
-0.023201422
-0.012690111
0.0006329261
0.015799851
0.030245794
0.039568961
0.042815462
-0.034690198
-0.035407944
-0.031188697
-0.024487399
-0.01486493
-0.0018573785
0.013743436
0.026555606
0.034813206
0.039971401
-0.029538939
-0.03118871
-0.027185896
-0.022947101
-0.014979087
-0.0031036768
0.0092284846
0.020667138
0.028272163
0.032127317
-0.023201476
-0.024487442
-0.022947122
-0.02073207
-0.015780922
-0.0085558031
0.0018529932
0.011934565
0.019515816
0.022950194
-0.012690182
-0.014865
-0.01497914
-0.015780946
-0.016295128
-0.012394769
-0.0048104441
0.004824204
0.011401446
0.01509079
0.00063282417
-0.0018574727
-0.0031037585
-0.0085558586
-0.012394797
-0.01235498
-0.0059488206
0.0019419919
0.0075096107
0.010935007
0.015799724
0.013743313
0.0092283922
0.0018529192
-0.004810495
-0.0059488435
-0.0018963472
0.003415624
0.0075156306
0.010488562
0.03024565
0.026555469
0.020667029
0.011934482
0.004824143
0.0019419551
0.0034156058
0.0068061908
0.0092223376
0.012251665
0.039568815
0.034813063
0.028272043
0.019515712
0.011401361
0.0075095564
0.0075155905
0.0092223193
0.011542395
0.013278197
0.042815315
0.039971256
0.032127193
0.022950091
0.015090705
0.010934941
0.010488523
0.012251632
0.013278184
0.014555645
-0.019039449
-0.020738316
-0.015663866
-0.012071255
-0.0062291203
0.0016665639
0.01166731
0.021848123
0.028793854
0.03117269
-0.020738314
-0.019734102
-0.016730494
-0.013896971
-0.0097233143
-0.0024345501
0.0076231804
0.016784826
0.023095698
0.027314215
-0.015663888
-0.016730508
-0.014884052
-0.01539687
-0.012844277
-0.006762871
0.0011881751
0.010005873
0.016306344
0.019046495
-0.012071302
-0.013897009
-0.015396902
-0.017920374
-0.018456984
-0.015545653
-0.0079580768
0.0011050264
0.0078051141
0.010455443
-0.0062291817
-0.0097233716
-0.012844326
-0.018456999
-0.02298385
-0.021822247
-0.015116618
-0.0060486317
-2.1730063e-05
0.0034549527
0.0016664673
-0.002434644
-0.0067629515
-0.015545695
-0.021822274
-0.022004205
-0.015965923
-0.0085587316
-0.002648013
0.0014089976
0.011667196
0.0076230651
0.0011880842
-0.0079581425
-0.015116661
-0.015965946
-0.012004861
-0.0059088973
-0.0004437819
0.0025054203
0.021847993
0.016784705
0.010005787
0.0011049615
-0.0060486833
-0.0085587635
-0.0059089082
-0.00080483768
0.0027006744
0.0055566991
0.028793729
0.023095575
0.01630625
0.007805033
-2.1803418e-05
-0.0026480604
-0.00044382214
0.002700657
0.005946819
0.0076728146
0.031172575
0.027314106
0.019046403
0.010455362
0.0034548822
0.001408948
0.0025053935
0.0055566731
0.0076728065
0.012876055
-0.0020935854
-0.0024215916
-0.00014493409
-0.0015499844
-0.0022248134
-0.00081977271
0.0029994343
0.0085751595
0.012880812
0.014381341
-0.0024215901
-0.0018967663
-0.0022786622
-0.0054048683
-0.0076442801
-0.0071858592
-0.0031932459
0.0019204228
0.0062291961
0.0094742344
-0.00014494803
-0.0022786684
-0.0046326858
-0.010791162
-0.014334481
-0.014479518
-0.011047992
-0.0050701406
-0.00084431551
0.0015917268
-0.0015500089
-0.0054048978
-0.010791186
-0.018296766
-0.024355128
-0.02540383
-0.020871837
-0.013950043
-0.0082037839
-0.0050705676
-0.0022248661
-0.0076443215
-0.01433453
-0.024355159
-0.031875637
-0.033175071
-0.028425441
-0.020345916
-0.013801757
-0.0090385546
-0.00081984897
-0.0071859246
-0.014479573
-0.025403853
-0.033175086
-0.034108561
-0.028734384
-0.020797167
-0.013326344
-0.0076415477
0.0029993417
-0.0031933333
-0.011048063
-0.020871874
-0.028425459
-0.028734396
-0.023602744
-0.015420868
-0.0081036312
-0.0032711772
0.0085750684
0.0019203351
-0.005070205
-0.01395008
-0.020345953
-0.020797193
-0.015420883
-0.007599139
-0.0016071878
0.0040108508
0.012880736
0.0062291233
-0.00084438494
-0.0082038288
-0.013801799
-0.013326378
-0.0081036647
-0.0016071979
0.0051080302
0.010737478
0.014381262
0.0094741613
0.0015916646
-0.0050706279
-0.009038609
-0.0076415912
-0.0032711979
0.0040108318
0.010737466
0.019164267
0.012271807
0.010427456
0.0091074694
0.0030359615
-0.0028445762
-0.006925383
-0.0080042885
-0.0063582731
-0.0045309177
-0.0033946319
0.010427454
0.0088963194
0.004669164
-0.003060417
-0.010289778
-0.01483964
-0.01547197
-0.014035386
-0.011391052
-0.0084852879
0.0091074602
0.004669162
-0.001166933
-0.011284097
-0.018864963
-0.023282307
-0.023200801
-0.019789377
-0.016992372
-0.013906995
0.0030359483
-0.0030604372
-0.011284099
-0.02147807
-0.030981428
-0.034362009
-0.031836442
-0.026322065
-0.02067875
-0.015797897
-0.0028446159
-0.010289809
-0.018864982
-0.030981444
-0.039671579
-0.041434265
-0.037603157
-0.029270945
-0.021179902
-0.01415159
-0.006925446
-0.014839682
-0.023282347
-0.034362025
-0.041434274
-0.041931908
-0.035266194
-0.025194103
-0.015366536
-0.0076266915
-0.0080043523
-0.015472011
-0.023200836
-0.031836466
-0.037603163
-0.035266189
-0.026893721
-0.014775064
-0.0050292962
0.003235132
-0.0063583303
-0.014035427
-0.019789419
-0.026322088
-0.029270957
-0.025194101
-0.014775066
-0.0022795665
0.0074676029
0.01801355
-0.0045309605
-0.01139107
-0.016992397
-0.020678757
-0.02117991
-0.015366547
-0.0050293238
0.0074675976
0.01929635
0.029972196
-0.0033946737
-0.0084853164
-0.013907008
-0.015797913
-0.014151604
-0.0076267048
0.0032351166
0.018013539
0.029972183
0.041481707
0.016933234
0.01269298
0.009113284
0.00088141588
-0.0070807037
-0.013665351
-0.017337823
-0.018125269
-0.01795053
-0.016900493
0.012692977
0.0087281746
0.0028588154
-0.006164302
-0.015302483
-0.021725789
-0.024381354
-0.025082747
-0.023713496
-0.020322197
0.009113275
0.0028588175
-0.0036605968
-0.015043261
-0.023406674
-0.028853366
-0.029856123
-0.027688034
-0.025166375
-0.020766409
0.00088140362
-0.0061643206
-0.015043265
-0.024940546
-0.034357096
-0.037813691
-0.035355696
-0.029202215
-0.022763962
-0.016995418
-0.0070807208
-0.015302507
-0.02340668
-0.034357088
-0.041910238
-0.042447357
-0.036620661
-0.026088527
-0.016760767
-0.0089695993
-0.013665367
-0.021725796
-0.028853378
-0.037813687
-0.042447356
-0.039774815
-0.029117781
-0.016088745
-0.0043484103
0.0048497307
-0.017337841
-0.024381357
-0.029856128
-0.0353557
-0.036620651
-0.029117776
-0.015795108
0.00010164892
0.013890149
0.023739477
-0.018125277
-0.025082752
-0.027688032
-0.029202207
-0.026088516
-0.01608873
0.00010165955
0.018883571
0.033659691
0.044691365
-0.01795052
-0.023713473
-0.02516635
-0.022763934
-0.016760746
-0.0043483933
0.013890149
0.033659698
0.050626828
0.059778588
-0.016900471
-0.020322181
-0.020766373
-0.016995413
-0.0089696041
0.004849728
0.023739476
0.044691375
0.059778582
0.071233641
0.011201777
0.0061165947
0.0025349744
-0.0045521086
-0.011632573
-0.017186737
-0.020856216
-0.022425574
-0.023139641
-0.022044761
0.0061165916
0.0010569854
-0.0036300157
-0.011170542
-0.018645648
-0.023613397
-0.026128794
-0.026944528
-0.026403689
-0.022521987
0.0025349692
-0.0036300142
-0.0086918291
-0.01804336
-0.02432457
-0.028190702
-0.027651415
-0.024826694
-0.022845309
-0.017991364
-0.0045520994
-0.011170541
-0.018043369
-0.025632054
-0.032243806
-0.033028423
-0.028137954
-0.02096003
-0.014955744
-0.0090821785
-0.011632579
-0.018645641
-0.024324574
-0.032243812
-0.036083539
-0.032883681
-0.023873108
-0.011596545
-0.0026514916
0.0045130456
-0.017186731
-0.023613384
-0.028190696
-0.033028415
-0.032883679
-0.025669934
-0.01152758
0.0038754294
0.015670377
0.024403693
-0.020856204
-0.026128762
-0.027651391
-0.028137925
-0.02387308
-0.011527559
0.0062983415
0.025396458
0.039463668
0.048192435
-0.022425545
-0.026944492
-0.024826655
-0.020959987
-0.011596522
0.0038754489
0.025396463
0.048654394
0.063523407
0.071774824
-0.023139592
-0.026403626
-0.022845254
-0.014955682
-0.0026514543
0.015670396
0.03946367
0.063523408
0.080976807
0.086219931
-0.022044685
-0.022521915
-0.017991295
-0.0090821255
0.0045130851
0.024403708
0.048192431
0.071774828
0.086219931
0.092255313
0.00054409557
-0.0040223705
-0.00546611
-0.0087091151
-0.012575823
-0.015286421
-0.017171855
-0.018463311
-0.01972881
-0.018426825
-0.0040223814
-0.0084746617
-0.0094596485
-0.013800572
-0.017727929
-0.019687081
-0.020098875
-0.020503323
-0.020181429
-0.01630976
-0.0054661203
-0.0094596612
-0.012626855
-0.018110915
-0.020579657
-0.020747463
-0.017386304
-0.013705881
-0.012302173
-0.0080934928
-0.0087091013
-0.013800567
-0.018110908
-0.02179154
-0.023752256
-0.020496836
-0.012971129
-0.0060306313
-0.0014092265
0.0026624617
-0.012575807
-0.017727905
-0.020579639
-0.023752257
-0.022799375
-0.015727901
-0.0050975269
0.0064574554
0.012940524
0.018482755
-0.015286386
-0.019687053
-0.02074744
-0.020496812
-0.015727891
-0.0051356859
0.0094904851
0.024691992
0.033977763
0.039724974
-0.017171795
-0.020098818
-0.017386261
-0.012971094
-0.0050974899
0.0094905021
0.028893637
0.04800495
0.058884243
0.063159322
-0.018463218
-0.020503239
-0.013705806
-0.0060305646
0.0064575027
0.024692029
0.048004961
0.069897431
0.080435929
0.083088893
-0.019728703
-0.020181303
-0.012302082
-0.0014091525
0.012940583
0.033977797
0.058884256
0.080435939
0.091616187
0.091274486
-0.018426699
-0.016309632
-0.0080933889
0.0026625212
0.018482807
0.039724999
0.063159324
0.083088902
0.091274498
0.093515512
-0.010353452
-0.013631118
-0.012171765
-0.0099899845
-0.0092335098
-0.0086589491
-0.0080410047
-0.0088652749
-0.009982483
-0.0082861976
-0.013631116
-0.01724265
-0.01323458
-0.012776047
-0.012331837
-0.011018645
-0.008757025
-0.0088351466
-0.0085699875
-0.0051242066
-0.012171762
-0.013234583
-0.013211747
-0.015133371
-0.013637224
-0.0097132837
-0.0035932205
0.00017901797
0.0003934965
0.0026477074
-0.0099899683
-0.012776017
-0.015133366
-0.016413147
-0.0134625
-0.0058565678
0.002948928
0.008190781
0.0099237828
0.010690994
-0.009233469
-0.012331788
-0.013637196
-0.013462497
-0.0074352689
0.0016310996
0.011132835
0.018350727
0.020721129
0.022898777
-0.0086588733
-0.011018597
-0.0097132427
-0.0058565143
0.0016311245
0.011503742
0.02434713
0.033138128
0.038023254
0.039515682
-0.008040916
-0.0087569092
-0.0035931415
0.0029490031
0.011132866
0.024347148
0.040350325
0.052136417
0.058565839
0.058550599
-0.0088651447
-0.0088350274
0.0001791225
0.0081908666
0.018350769
0.033138165
0.052136448
0.065969623
0.070908369
0.069819075
-0.0099823341
-0.0085698397
0.00039362009
0.0099238725
0.020721196
0.0380233
0.058565842
0.070908394
0.076104653
0.070183784
-0.008286042
-0.0051240503
0.0026478624
0.010691067
0.022898837
0.039515734
0.058550583
0.069819077
0.07018381
0.067659977
-0.021359555
-0.019537145
-0.018458009
-0.011018679
-0.004330731
0.00087508476
0.0035804989
0.0028319617
0.0014820632
0.0024089365
-0.01953715
-0.024543021
-0.017701312
-0.0094110174
-0.0025106516
0.0021839844
0.0045095607
0.004053494
0.0037490227
0.0037124946
-0.018457994
-0.017701338
-0.012313727
-0.0082517055
-0.0026954562
0.0024003948
0.0080586842
0.010893506
0.0087434534
0.0085174306
-0.011018674
-0.0094109659
-0.0082517077
-0.0079844422
-0.0041711811
0.0041559529
0.011358175
0.014482882
0.012000755
0.011053096
-0.0043306919
-0.0025105663
-0.00269539
-0.0041712142
0.0011417969
0.010348779
0.017103302
0.020744129
0.017074834
0.01321366
0.00087520246
0.0021840308
0.0024004022
0.0041559816
0.010348845
0.019273866
0.025905668
0.02754221
0.023995802
0.021367834
0.0035805807
0.0045097134
0.0080587757
0.011358292
0.017103347
0.02590567
0.032392687
0.033966655
0.030237409
0.029600034
0.0028321043
0.0040536904
0.01089362
0.014483014
0.020744158
0.027542196
0.033966709
0.039136123
0.035428017
0.034951217
0.0014822229
0.0037492193
0.0087435972
0.012000839
0.017074898
0.023995844
0.030237417
0.035428043
0.03368831
0.028224085
0.0024090942
0.0037126823
0.0085176642
0.011053185
0.013213702
0.021367943
0.029600026
0.034951179
0.028224102
0.017972813
-0.039715518
-0.020395191
-0.020885939
-0.016017951
-0.0084717321
0.00080751604
0.0071365214
0.0090327631
0.0062965023
0.0049318198
-0.020395224
-0.01875442
-0.021597205
-0.01420085
-0.0013224279
0.0091058641
0.012338565
0.0096965573
0.0059400643
0.0032229458
-0.02088584
-0.02159727
-0.016928447
-0.0079195545
0.0066013479
0.012843708
0.011673611
0.0053054321
-0.00098065904
-0.0028909186
-0.016017965
-0.014200825
-0.0079195875
-0.001134202
0.0057600953
0.0086768903
0.0068203456
0.00063553876
-0.0046494982
-0.0061982269
-0.008471788
-0.0013223265
0.0066015769
0.0057600851
0.0022833446
0.0037885335
0.0036299273
0.0011520712
-0.0045814322
-0.011159417
0.00080772765
0.0091059364
0.012843729
0.0086767532
0.0037886005
0.0044371679
0.0047650642
-0.0017750677
-0.0082394685
-0.014929253
0.007136549
0.012338701
0.01167366
0.0068204142
0.0036300405
0.0047651289
0.0062136203
-0.0032155546
-0.01441433
-0.018810118
0.0090327999
0.0096967848
0.005305485
0.00063576654
0.0011521536
-0.0017751839
-0.0032155024
-0.0086454644
-0.021000862
-0.024380228
0.0062965236
0.0059402441
-0.00098057156
-0.0046493721
-0.0045813436
-0.0082395068
-0.014414323
-0.021000802
-0.030183545
-0.033113847
0.0049317762
0.0032228844
-0.0028907764
-0.0061981385
-0.011159481
-0.014929148
-0.018810078
-0.024380306
-0.033113847
-0.048899681
)
;

boundaryField
{
    block1_in
    {
        type            calculated;
        value           nonuniform List<scalar> 
100
(
1273263.3
1644305.4
1644305.4
1644305.4
1644305.5
1644305.5
1644305.6
1644305.6
1644305.6
1644305.7
1644305.5
1644305.4
1644305.4
1644305.4
1644305.5
1644305.5
1644305.6
1644305.6
1644305.6
1644305.7
1644305.5
1644305.4
1644305.4
1644305.4
1644305.5
1644305.5
1644305.6
1644305.6
1644305.7
1644305.7
1644305.5
1644305.4
1644305.4
1644305.5
1644305.5
1644305.6
1644305.6
1644305.7
1644305.7
1644305.7
1644305.5
1644305.5
1644305.5
1644305.5
1644305.6
1644305.6
1644305.7
1644305.7
1644305.7
1644305.7
1644305.6
1644305.5
1644305.5
1644305.6
1644305.6
1644305.7
1644305.7
1644305.7
1644305.8
1644305.8
1644305.6
1644305.6
1644305.6
1644305.6
1644305.7
1644305.7
1644305.8
1644305.8
1644305.8
1644305.8
1644305.6
1644305.6
1644305.6
1644305.7
1644305.7
1644305.7
1644305.8
1644305.8
1644305.8
1644305.8
1644305.7
1644305.7
1644305.7
1644305.7
1644305.7
1644305.8
1644305.8
1644305.8
1644305.8
1644305.8
1644305.7
1644305.7
1644305.7
1644305.7
1644305.7
1644305.8
1644305.8
1644305.8
1644305.8
1644305.8
)
;
    }
    block1_out
    {
        type            calculated;
        value           nonuniform List<scalar> 
100
(
412283.79
412283.79
412283.8
412283.81
412283.82
412283.84
412283.85
412283.86
412283.87
412283.87
412283.79
412283.79
412283.8
412283.81
412283.83
412283.84
412283.86
412283.87
412283.87
412283.88
412283.8
412283.8
412283.8
412283.82
412283.83
412283.85
412283.87
412283.88
412283.88
412283.88
412283.81
412283.81
412283.82
412283.83
412283.85
412283.86
412283.88
412283.89
412283.89
412283.89
412283.82
412283.83
412283.83
412283.85
412283.86
412283.88
412283.89
412283.9
412283.9
412283.9
412283.84
412283.84
412283.85
412283.86
412283.88
412283.89
412283.9
412283.9
412283.91
412283.9
412283.85
412283.86
412283.87
412283.88
412283.89
412283.9
412283.91
412283.91
412283.91
412283.91
412283.86
412283.87
412283.88
412283.89
412283.9
412283.9
412283.91
412283.91
412283.91
412283.91
412283.87
412283.87
412283.88
412283.89
412283.9
412283.91
412283.91
412283.91
412283.91
412283.91
412283.87
412283.88
412283.88
412283.89
412283.9
412283.9
412283.91
412283.91
412283.91
412283.9
)
;
    }
    block1_wall1
    {
        type            calculated;
        value           nonuniform List<scalar> 
200
(
1273265.5
1644308.3
1644308.2
1644308.3
1644308.3
1644308.4
1644308.4
1644308.4
1644308.5
1644308.5
1642252
1644314
1644314
1644314.1
1644314.1
1644314.2
1644314.2
1644314.2
1644314.3
1644314.3
1642257.8
1644319.8
1644319.9
1644319.9
1644320
1644320
1644320.1
1644320.1
1644320.1
1644320.1
1642263.6
1644325.7
1644325.8
1644325.8
1644325.9
1644325.9
1644325.9
1644325.9
1644325.9
1644325.9
1642269.5
1644331.6
1644331.7
1644331.7
1644331.7
1644331.7
1644331.7
1644331.7
1644331.7
1644331.7
1642275.4
1644337.5
1644337.6
1644337.6
1644337.6
1644337.6
1644337.6
1644337.6
1644337.6
1644337.6
1642281.3
1644343.4
1644343.4
1644343.5
1644343.5
1644343.5
1644343.5
1644343.4
1644343.4
1644343.4
1642287.2
1644349.3
1644349.3
1644349.3
1644349.3
1644349.3
1644349.3
1644349.3
1644349.3
1644349.3
1642293
1644355.2
1644355.2
1644355.2
1644355.2
1644355.2
1644355.2
1644355.2
1644355.2
1644355.2
1642298.9
1644361.1
1644361.1
1644361.1
1644361.1
1644361.1
1644361.1
1644361.1
1644361.1
1644361.1
1642304.8
1644366.9
1644366.9
1644367
1644366.9
1644366.9
1644366.9
1644366.9
1644366.9
1644366.9
1642310.7
1644372.8
1644372.8
1644372.8
1644372.8
1644372.8
1644372.8
1644372.8
1644372.8
1644372.8
1642316.6
1644378.6
1644378.6
1644378.6
1644378.6
1644378.6
1644378.6
1644378.6
1644378.6
1644378.6
1642322.4
1644384.4
1644384.4
1644384.4
1644384.4
1644384.3
1644384.3
1644384.4
1644384.4
1644384.4
1642328.1
1644390.2
1644390.2
1644390.1
1644390.1
1644390.1
1644390.1
1644390.1
1644390.1
1644390.1
1642333.8
1644395.9
1644395.9
1644395.8
1644395.8
1644395.8
1644395.8
1644395.8
1644395.9
1644395.9
1642339.5
1644401.6
1644401.6
1644401.5
1644401.5
1644401.5
1644401.5
1644401.6
1644401.6
1644401.6
1642345.2
1644407.2
1644407.2
1644407.2
1644407.2
1644407.2
1644407.2
1644407.2
1644407.3
1644407.3
1642350.8
1644412.9
1644412.9
1644412.9
1644412.9
1644412.9
1644412.9
1644412.9
1644413
1644413
1642356.5
1644418.6
1644418.6
1644418.6
1644418.6
1644418.6
1644418.6
1644418.6
1644418.7
1644418.7
)
;
    }
    block1_wall2
    {
        type            calculated;
        value           nonuniform List<scalar> 
200
(
1273265.6
1642252.2
1642258
1642263.8
1642269.6
1642275.5
1642281.3
1642287.2
1642293.1
1642299
1642304.8
1642310.7
1642316.5
1642322.3
1642328.1
1642333.8
1642339.5
1642345.2
1642350.9
1642356.6
1683488.1
1642252.2
1642258
1642263.8
1642269.6
1642275.5
1642281.3
1642287.2
1642293.1
1642299
1642304.8
1642310.7
1642316.5
1642322.3
1642328.1
1642333.8
1642339.5
1642345.2
1642350.9
1642356.6
1683488.2
1642252.2
1642258
1642263.8
1642269.6
1642275.5
1642281.3
1642287.2
1642293.1
1642299
1642304.8
1642310.7
1642316.5
1642322.3
1642328
1642333.8
1642339.5
1642345.2
1642350.9
1642356.6
1683488.2
1642252.3
1642258
1642263.8
1642269.6
1642275.5
1642281.3
1642287.2
1642293.1
1642299
1642304.8
1642310.7
1642316.5
1642322.3
1642328
1642333.8
1642339.5
1642345.2
1642350.9
1642356.6
1683488.2
1642252.3
1642258
1642263.8
1642269.6
1642275.5
1642281.3
1642287.2
1642293.1
1642299
1642304.8
1642310.7
1642316.5
1642322.3
1642328
1642333.8
1642339.5
1642345.3
1642351
1642356.7
1683488.2
1642252.3
1642258
1642263.8
1642269.6
1642275.5
1642281.3
1642287.2
1642293.1
1642299
1642304.8
1642310.7
1642316.5
1642322.3
1642328.1
1642333.8
1642339.6
1642345.3
1642351
1642356.7
1683488.3
1642252.3
1642258
1642263.8
1642269.6
1642275.4
1642281.3
1642287.2
1642293.1
1642299
1642304.9
1642310.7
1642316.5
1642322.3
1642328.1
1642333.8
1642339.6
1642345.3
1642351
1642356.7
1683488.3
1642252.3
1642258
1642263.8
1642269.6
1642275.4
1642281.3
1642287.2
1642293.1
1642299
1642304.9
1642310.7
1642316.5
1642322.3
1642328.1
1642333.9
1642339.6
1642345.4
1642351.1
1642356.7
1683488.3
1642252.3
1642258.1
1642263.8
1642269.6
1642275.4
1642281.3
1642287.2
1642293.1
1642299
1642304.9
1642310.7
1642316.5
1642322.3
1642328.1
1642333.9
1642339.7
1642345.4
1642351.1
1642356.7
1683488.3
1642252.3
1642258
1642263.8
1642269.6
1642275.4
1642281.3
1642287.2
1642293.1
1642299
1642304.9
1642310.7
1642316.5
1642322.3
1642328.1
1642333.9
1642339.7
1642345.4
1642351.1
1642356.7
)
;
    }
    block1_wall3
    {
        type            calculated;
        value           nonuniform List<scalar> 
200
(
1273265.6
1644308.5
1644308.5
1644308.6
1644308.6
1644308.6
1644308.7
1644308.7
1644308.7
1644308.7
1642252.2
1644314.3
1644314.3
1644314.3
1644314.3
1644314.4
1644314.4
1644314.4
1644314.4
1644314.4
1642258
1644320.1
1644320.1
1644320.1
1644320.1
1644320.1
1644320.1
1644320.1
1644320.1
1644320.1
1642263.8
1644325.9
1644325.9
1644325.9
1644325.9
1644325.9
1644325.9
1644325.9
1644325.9
1644325.9
1642269.6
1644331.7
1644331.7
1644331.7
1644331.7
1644331.7
1644331.7
1644331.7
1644331.7
1644331.7
1642275.5
1644337.6
1644337.6
1644337.6
1644337.6
1644337.5
1644337.5
1644337.5
1644337.5
1644337.5
1642281.3
1644343.4
1644343.4
1644343.4
1644343.4
1644343.4
1644343.4
1644343.4
1644343.4
1644343.4
1642287.2
1644349.3
1644349.3
1644349.3
1644349.3
1644349.3
1644349.3
1644349.3
1644349.3
1644349.3
1642293.1
1644355.2
1644355.2
1644355.2
1644355.2
1644355.2
1644355.2
1644355.2
1644355.2
1644355.2
1642299
1644361.1
1644361.1
1644361.1
1644361.1
1644361.1
1644361.1
1644361.1
1644361.1
1644361.1
1642304.8
1644366.9
1644366.9
1644366.9
1644366.9
1644366.9
1644366.9
1644367
1644367
1644367
1642310.7
1644372.8
1644372.8
1644372.8
1644372.8
1644372.8
1644372.8
1644372.8
1644372.8
1644372.8
1642316.5
1644378.6
1644378.6
1644378.6
1644378.6
1644378.6
1644378.6
1644378.6
1644378.6
1644378.6
1642322.3
1644384.4
1644384.4
1644384.4
1644384.4
1644384.4
1644384.4
1644384.4
1644384.4
1644384.4
1642328.1
1644390.1
1644390.1
1644390.1
1644390.1
1644390.1
1644390.2
1644390.2
1644390.2
1644390.2
1642333.8
1644395.9
1644395.9
1644395.9
1644395.9
1644395.9
1644395.9
1644396
1644396
1644396
1642339.5
1644401.6
1644401.6
1644401.6
1644401.6
1644401.6
1644401.7
1644401.7
1644401.7
1644401.8
1642345.2
1644407.3
1644407.3
1644407.3
1644407.3
1644407.4
1644407.4
1644407.4
1644407.5
1644407.5
1642350.9
1644413
1644413
1644413
1644413
1644413.1
1644413.1
1644413.1
1644413.1
1644413.1
1642356.6
1644418.7
1644418.7
1644418.7
1644418.7
1644418.8
1644418.8
1644418.8
1644418.8
1644418.8
)
;
    }
    block1_wall4
    {
        type            calculated;
        value           nonuniform List<scalar> 
200
(
1273265.5
1642251.9
1642257.7
1642263.6
1642269.5
1642275.4
1642281.3
1642287.2
1642293.1
1642298.9
1642304.8
1642310.7
1642316.5
1642322.3
1642328.1
1642333.8
1642339.5
1642345.1
1642350.8
1642356.5
1683487.9
1642251.9
1642257.8
1642263.6
1642269.5
1642275.4
1642281.3
1642287.2
1642293.1
1642299
1642304.9
1642310.7
1642316.6
1642322.4
1642328.1
1642333.8
1642339.5
1642345.1
1642350.8
1642356.5
1683487.9
1642251.9
1642257.8
1642263.7
1642269.6
1642275.5
1642281.3
1642287.2
1642293.1
1642299
1642304.9
1642310.7
1642316.6
1642322.3
1642328.1
1642333.8
1642339.5
1642345.1
1642350.8
1642356.5
1683487.9
1642252
1642257.8
1642263.7
1642269.6
1642275.5
1642281.4
1642287.2
1642293.1
1642299
1642304.9
1642310.7
1642316.5
1642322.3
1642328.1
1642333.8
1642339.5
1642345.1
1642350.8
1642356.5
1683488
1642252
1642257.9
1642263.8
1642269.6
1642275.5
1642281.4
1642287.2
1642293.1
1642299
1642304.9
1642310.7
1642316.5
1642322.3
1642328
1642333.7
1642339.4
1642345.1
1642350.8
1642356.5
1683488
1642252.1
1642258
1642263.8
1642269.7
1642275.5
1642281.4
1642287.2
1642293.1
1642299
1642304.9
1642310.7
1642316.5
1642322.3
1642328
1642333.7
1642339.4
1642345.1
1642350.8
1642356.5
1683488.1
1642252.1
1642258
1642263.8
1642269.6
1642275.5
1642281.4
1642287.2
1642293.1
1642299
1642304.9
1642310.7
1642316.5
1642322.3
1642328
1642333.8
1642339.5
1642345.1
1642350.8
1642356.5
1683488.1
1642252.2
1642258
1642263.8
1642269.6
1642275.5
1642281.3
1642287.2
1642293.1
1642299
1642304.8
1642310.7
1642316.5
1642322.3
1642328
1642333.8
1642339.5
1642345.2
1642350.9
1642356.6
1683488.1
1642252.2
1642258
1642263.8
1642269.6
1642275.5
1642281.3
1642287.2
1642293.1
1642299
1642304.8
1642310.7
1642316.5
1642322.3
1642328.1
1642333.8
1642339.5
1642345.2
1642350.9
1642356.6
1683488.1
1642252.2
1642258
1642263.8
1642269.6
1642275.5
1642281.3
1642287.2
1642293.1
1642299
1642304.8
1642310.7
1642316.5
1642322.3
1642328.1
1642333.8
1642339.5
1642345.2
1642350.9
1642356.6
)
;
    }
}


// ************************************************************************* //
