/*--------------------------------*- C++ -*----------------------------------*\
| =========                 |                                                 |
| \\      /  F ield         | OpenFOAM: The Open Source CFD Toolbox           |
|  \\    /   O peration     | Version:  v2106                                 |
|   \\  /    A nd           | Website:  www.openfoam.com                      |
|    \\/     M anipulation  |                                                 |
\*---------------------------------------------------------------------------*/
FoamFile
{
    version     2.0;
    format      ascii;
    arch        "LSB;label=32;scalar=64";
    class       volScalarField;
    location    "0";
    object      Tmode3;
}
// * * * * * * * * * * * * * * * * * * * * * * * * * * * * * * * * * * * * * //

dimensions      [0 0 0 1 0 0 0];

internalField   nonuniform List<scalar> 
6000
(
-0.013810775
-0.013810832
-0.013810845
-0.013810864
-0.013810862
-0.01381086
-0.013810842
-0.013810837
-0.013810832
-0.013810822
-0.013741319
-0.013741343
-0.013741358
-0.013741369
-0.013741371
-0.013741375
-0.013741353
-0.013741329
-0.013741316
-0.013741308
-0.013602206
-0.01360223
-0.013602235
-0.013602244
-0.01360225
-0.013602249
-0.013602228
-0.013602208
-0.013602188
-0.013602177
-0.013393252
-0.01339327
-0.013393278
-0.013393288
-0.013393295
-0.013393288
-0.013393273
-0.013393247
-0.013393232
-0.013393228
-0.013114129
-0.013114147
-0.013114165
-0.013114175
-0.013114182
-0.013114174
-0.013114159
-0.013114125
-0.013114109
-0.013114101
-0.012764427
-0.012764441
-0.01276446
-0.012764476
-0.012764488
-0.012764483
-0.012764463
-0.012764426
-0.012764397
-0.012764384
-0.012343603
-0.012343609
-0.012343626
-0.012343651
-0.012343661
-0.012343653
-0.012343627
-0.012343593
-0.012343564
-0.012343555
-0.011851005
-0.011850995
-0.011851009
-0.011851034
-0.011851044
-0.011851041
-0.011851009
-0.011850977
-0.011850967
-0.011850962
-0.01128587
-0.011285859
-0.011285863
-0.011285881
-0.011285886
-0.011285876
-0.011285849
-0.011285819
-0.011285826
-0.011285819
-0.010647315
-0.010647308
-0.01064731
-0.010647325
-0.010647329
-0.010647311
-0.010647295
-0.010647266
-0.010647265
-0.010647253
-0.0099343545
-0.0099343612
-0.0099343663
-0.00993437
-0.0099343759
-0.0099343614
-0.0099343501
-0.0099343269
-0.0099343033
-0.0099342916
-0.0091458837
-0.0091459069
-0.0091459161
-0.0091459104
-0.0091459115
-0.009145899
-0.0091458829
-0.0091458669
-0.0091458361
-0.0091458258
-0.0082806757
-0.0082806968
-0.008280707
-0.00828071
-0.0082807103
-0.0082806934
-0.0082806638
-0.0082806481
-0.0082806327
-0.0082806247
-0.0073373708
-0.0073373798
-0.007337395
-0.0073374052
-0.0073374103
-0.0073373921
-0.0073373526
-0.0073373321
-0.0073373308
-0.0073373266
-0.0063144816
-0.0063144832
-0.0063144995
-0.0063145135
-0.0063145192
-0.0063145085
-0.0063144745
-0.0063144524
-0.0063144509
-0.0063144456
-0.0052104035
-0.0052104033
-0.0052104198
-0.0052104332
-0.005210428
-0.0052104223
-0.005210402
-0.0052103847
-0.0052103815
-0.005210374
-0.0040233756
-0.0040233797
-0.0040233988
-0.0040234137
-0.0040234017
-0.004023392
-0.0040233777
-0.0040233642
-0.0040233617
-0.0040233597
-0.0027515094
-0.0027515156
-0.0027515245
-0.0027515448
-0.002751543
-0.0027515307
-0.0027515147
-0.0027514957
-0.0027514898
-0.002751491
-0.0013927501
-0.0013927543
-0.0013927505
-0.0013927699
-0.0013927815
-0.001392771
-0.0013927548
-0.0013927246
-0.0013927108
-0.0013926991
5.5159973e-05
5.5156665e-05
5.5158132e-05
5.5146689e-05
5.51304e-05
5.5139809e-05
5.5155801e-05
5.5187135e-05
5.5204377e-05
5.5227383e-05
0.0015946834
0.0015946807
0.0015946718
0.0015946663
0.0015946519
0.0015946595
0.0015946834
0.0015947089
0.0015947216
0.0015947411
0.0032285826
0.0032285806
0.0032285658
0.0032285564
0.0032285466
0.0032285477
0.0032285755
0.0032285998
0.0032286148
0.0032286363
0.0049600517
0.0049600483
0.0049600362
0.0049600181
0.0049600139
0.0049600162
0.0049600389
0.0049600623
0.0049600857
0.0049601099
0.0067929533
0.0067929437
0.0067929329
0.006792913
0.0067929098
0.0067929225
0.0067929439
0.0067929693
0.006792994
0.0067930094
0.0087323188
0.0087323025
0.0087322872
0.0087322745
0.0087322645
0.0087322791
0.0087323052
0.0087323377
0.0087323566
0.0087323639
0.010785403
0.010785383
0.010785361
0.010785351
0.010785337
0.010785349
0.01078538
0.010785416
0.010785437
0.010785438
0.01296436
0.012964344
0.012964322
0.012964307
0.012964298
0.012964303
0.012964324
0.012964358
0.012964389
0.012964386
0.015293975
0.015293966
0.015293952
0.01529394
0.015293942
0.015293942
0.015293957
0.015293986
0.015294014
0.015294013
0.017838062
0.017838048
0.017838039
0.01783803
0.017838039
0.017838044
0.017838064
0.017838082
0.017838094
0.017838108
0.020802876
0.02080286
0.020802849
0.020802834
0.020802845
0.02080286
0.02080288
0.020802884
0.020802898
0.020802898
-0.013307001
-0.013307
-0.013307001
-0.013307022
-0.013307011
-0.013307008
-0.013307004
-0.013306984
-0.013306972
-0.013306973
-0.01323553
-0.013235541
-0.013235547
-0.013235551
-0.013235557
-0.013235551
-0.013235539
-0.013235521
-0.013235507
-0.013235504
-0.013092468
-0.013092483
-0.01309249
-0.013092495
-0.013092497
-0.013092488
-0.013092478
-0.013092456
-0.013092434
-0.013092431
-0.012877568
-0.012877566
-0.012877576
-0.012877591
-0.012877586
-0.012877581
-0.01287757
-0.012877544
-0.012877524
-0.012877521
-0.0125904
-0.012590418
-0.012590427
-0.012590433
-0.012590436
-0.012590429
-0.012590418
-0.012590393
-0.012590372
-0.012590368
-0.012230489
-0.012230504
-0.012230511
-0.012230524
-0.012230528
-0.012230523
-0.012230513
-0.012230484
-0.01223046
-0.012230453
-0.011797175
-0.011797182
-0.011797193
-0.011797207
-0.01179721
-0.011797208
-0.011797196
-0.011797166
-0.011797137
-0.01179713
-0.01128964
-0.011289652
-0.01128966
-0.011289673
-0.01128968
-0.011289682
-0.011289667
-0.011289638
-0.011289614
-0.011289611
-0.01070697
-0.01070698
-0.010706986
-0.010707001
-0.010707007
-0.010707008
-0.010706996
-0.010706969
-0.010706953
-0.010706949
-0.010048085
-0.010048084
-0.010048095
-0.010048106
-0.010048113
-0.010048109
-0.0100481
-0.010048074
-0.010048057
-0.01004805
-0.0093117007
-0.009311711
-0.0093117169
-0.0093117247
-0.0093117346
-0.0093117318
-0.0093117249
-0.0093116999
-0.0093116793
-0.0093116717
-0.0084964329
-0.0084964418
-0.0084964438
-0.0084964547
-0.0084964609
-0.0084964598
-0.0084964499
-0.0084964283
-0.0084964049
-0.0084963962
-0.0076006775
-0.007600677
-0.0076006836
-0.0076006909
-0.0076006929
-0.0076006895
-0.0076006776
-0.0076006573
-0.0076006334
-0.0076006257
-0.0066226089
-0.0066226172
-0.0066226246
-0.0066226287
-0.0066226319
-0.0066226296
-0.0066226183
-0.0066225924
-0.0066225698
-0.0066225653
-0.0055602503
-0.0055602583
-0.0055602612
-0.0055602699
-0.0055602748
-0.0055602755
-0.0055602604
-0.0055602289
-0.0055602081
-0.0055602047
-0.0044113441
-0.0044113445
-0.0044113522
-0.004411364
-0.0044113687
-0.0044113673
-0.0044113497
-0.0044113211
-0.0044113027
-0.0044112983
-0.0031733528
-0.0031733611
-0.0031733739
-0.0031733859
-0.0031733879
-0.0031733827
-0.0031733694
-0.0031733468
-0.0031733282
-0.0031733246
-0.0018434656
-0.0018434793
-0.0018434848
-0.0018434952
-0.001843497
-0.001843494
-0.0018434852
-0.0018434631
-0.0018434428
-0.0018434418
-0.00041846504
-0.00041847335
-0.00041847208
-0.000418481
-0.00041848752
-0.00041848804
-0.0004184798
-0.00041845349
-0.00041843373
-0.00041842993
0.0011053478
0.0011053434
0.0011053413
0.0011053319
0.0011053226
0.001105323
0.0011053325
0.0011053596
0.0011053783
0.0011053853
0.0027322663
0.0027322597
0.0027322526
0.0027322442
0.0027322357
0.0027322374
0.0027322488
0.0027322743
0.0027322929
0.0027322986
0.0044674378
0.004467429
0.0044674207
0.0044674115
0.0044674044
0.0044674046
0.0044674181
0.0044674451
0.004467464
0.0044674732
0.0063172477
0.0063172412
0.0063172324
0.006317218
0.0063172122
0.0063172127
0.0063172279
0.0063172552
0.0063172779
0.0063172905
0.0082899595
0.0082899526
0.008289941
0.0082899239
0.0082899177
0.0082899216
0.008289938
0.0082899648
0.0082899903
0.0082900004
0.010396895
0.010396885
0.010396873
0.010396859
0.010396851
0.010396856
0.010396874
0.010396901
0.010396921
0.010396929
0.012654726
0.012654716
0.012654703
0.012654692
0.012654685
0.01265469
0.012654707
0.012654729
0.012654746
0.01265475
0.015090075
0.015090067
0.015090053
0.015090043
0.015090039
0.015090041
0.015090049
0.015090065
0.015090081
0.015090087
0.017749217
0.01774921
0.0177492
0.01774919
0.017749189
0.017749185
0.017749187
0.0177492
0.017749213
0.017749219
0.020718647
0.020718637
0.020718635
0.02071863
0.020718625
0.020718618
0.020718623
0.020718632
0.02071864
0.020718656
0.024163242
0.024163231
0.024163233
0.024163224
0.02416322
0.024163216
0.024163223
0.024163228
0.024163241
0.024163258
-0.01287459
-0.012874606
-0.012874605
-0.01287461
-0.012874608
-0.012874608
-0.012874594
-0.012874582
-0.012874573
-0.012874567
-0.012801308
-0.012801306
-0.012801319
-0.012801321
-0.012801314
-0.012801319
-0.012801305
-0.012801282
-0.012801284
-0.012801282
-0.012654564
-0.012654576
-0.01265458
-0.012654581
-0.012654582
-0.012654576
-0.012654565
-0.012654549
-0.012654536
-0.012654529
-0.012434084
-0.012434094
-0.012434098
-0.012434105
-0.012434095
-0.012434096
-0.012434087
-0.012434067
-0.012434052
-0.012434045
-0.012139412
-0.012139418
-0.01213943
-0.012139427
-0.01213943
-0.01213943
-0.012139417
-0.012139398
-0.012139383
-0.012139374
-0.011769953
-0.011769964
-0.011769966
-0.011769973
-0.011769976
-0.011769975
-0.011769964
-0.011769938
-0.011769919
-0.011769908
-0.011324927
-0.011324938
-0.011324944
-0.011324957
-0.011324958
-0.011324964
-0.011324947
-0.011324919
-0.0113249
-0.011324887
-0.010803417
-0.01080342
-0.010803435
-0.010803443
-0.010803449
-0.010803457
-0.010803439
-0.010803416
-0.010803395
-0.010803383
-0.010204312
-0.010204328
-0.010204335
-0.010204343
-0.01020435
-0.010204357
-0.010204343
-0.010204319
-0.010204298
-0.010204288
-0.009526324
-0.0095263324
-0.0095263415
-0.0095263521
-0.0095263615
-0.0095263703
-0.0095263578
-0.0095263302
-0.0095263103
-0.0095263007
-0.0087679418
-0.0087679445
-0.0087679558
-0.0087679673
-0.008767982
-0.0087679916
-0.0087679791
-0.0087679517
-0.0087679333
-0.0087679249
-0.00792746
-0.0079274676
-0.0079274744
-0.0079274887
-0.0079275
-0.0079275087
-0.0079274946
-0.00792747
-0.0079274531
-0.0079274435
-0.0070029339
-0.0070029388
-0.0070029489
-0.0070029585
-0.0070029644
-0.0070029713
-0.0070029562
-0.0070029336
-0.0070029155
-0.0070029051
-0.0059921331
-0.0059921405
-0.0059921491
-0.005992155
-0.0059921616
-0.0059921673
-0.0059921515
-0.0059921257
-0.0059921059
-0.005992097
-0.0048925509
-0.0048925592
-0.0048925657
-0.0048925741
-0.0048925793
-0.004892583
-0.0048925639
-0.0048925347
-0.0048925159
-0.0048925089
-0.003701333
-0.0037013391
-0.00370135
-0.0037013559
-0.0037013582
-0.0037013599
-0.00370134
-0.0037013134
-0.003701297
-0.0037012894
-0.0024152304
-0.0024152434
-0.0024152502
-0.0024152516
-0.0024152534
-0.0024152557
-0.0024152394
-0.0024152162
-0.0024151994
-0.002415191
-0.0010305446
-0.0010305532
-0.0010305525
-0.0010305544
-0.0010305579
-0.0010305636
-0.0010305496
-0.0010305264
-0.0010305083
-0.0010305019
0.00045701554
0.0004570151
0.00045701373
0.0004570084
0.00045700129
0.00045699336
0.00045700827
0.00045703327
0.0004570494
0.00045705632
0.0020524352
0.0020524283
0.0020524224
0.0020524153
0.0020524061
0.0020523999
0.0020524159
0.0020524408
0.0020524565
0.0020524643
0.0037615966
0.0037615857
0.0037615788
0.003761573
0.0037615653
0.0037615603
0.0037615763
0.0037616013
0.0037616181
0.003761624
0.0055916606
0.0055916543
0.0055916482
0.0055916437
0.0055916376
0.0055916314
0.0055916471
0.005591674
0.0055916908
0.0055916984
0.0075515561
0.0075515512
0.0075515455
0.007551539
0.007551532
0.0075515243
0.0075515408
0.0075515679
0.0075515877
0.0075515967
0.0096527474
0.0096527395
0.0096527318
0.0096527208
0.0096527109
0.0096527045
0.0096527221
0.0096527485
0.0096527689
0.0096527761
0.01191058
0.011910572
0.011910561
0.011910548
0.011910538
0.011910536
0.011910552
0.011910575
0.01191059
0.011910597
0.014346545
0.014346537
0.014346524
0.014346515
0.014346509
0.014346507
0.014346518
0.014346532
0.014346546
0.014346552
0.016992007
0.016991997
0.016991988
0.016991985
0.016991979
0.016991973
0.016991974
0.016991984
0.016991997
0.016992005
0.019894166
0.019894157
0.019894153
0.01989415
0.019894142
0.019894131
0.019894129
0.019894139
0.019894147
0.01989416
0.023124072
0.023124062
0.023124066
0.023124062
0.02312405
0.023124039
0.023124039
0.023124045
0.023124058
0.023124073
0.026781011
0.026780997
0.026781003
0.026780997
0.026780986
0.026780978
0.026780981
0.026780992
0.026781003
0.026781014
-0.012515473
-0.01251549
-0.012515486
-0.012515491
-0.012515488
-0.012515483
-0.012515473
-0.012515461
-0.012515451
-0.012515443
-0.012440511
-0.012440519
-0.012440515
-0.012440518
-0.012440515
-0.012440509
-0.012440498
-0.012440484
-0.012440479
-0.012440469
-0.012290381
-0.012290389
-0.012290397
-0.01229039
-0.012290393
-0.012290378
-0.012290371
-0.012290361
-0.012290343
-0.012290337
-0.012064784
-0.012064791
-0.012064789
-0.01206479
-0.012064785
-0.012064776
-0.012064772
-0.012064757
-0.01206474
-0.012064735
-0.0117632
-0.011763206
-0.011763209
-0.011763205
-0.011763206
-0.011763196
-0.011763186
-0.011763174
-0.011763157
-0.011763146
-0.011384948
-0.011384953
-0.01138495
-0.011384955
-0.01138496
-0.01138495
-0.011384941
-0.011384923
-0.011384901
-0.011384887
-0.010929157
-0.010929162
-0.010929166
-0.010929175
-0.010929178
-0.010929173
-0.010929161
-0.010929139
-0.010929113
-0.010929099
-0.010394775
-0.010394779
-0.01039479
-0.010394792
-0.0103948
-0.010394797
-0.010394783
-0.010394761
-0.010394736
-0.010394725
-0.0097805337
-0.0097805476
-0.0097805469
-0.0097805554
-0.0097805656
-0.0097805606
-0.0097805474
-0.0097805274
-0.0097805049
-0.0097804934
-0.0090849472
-0.009084953
-0.009084959
-0.0090849701
-0.0090849803
-0.0090849764
-0.0090849648
-0.0090849447
-0.0090849224
-0.0090849109
-0.0083062712
-0.0083062739
-0.0083062864
-0.0083062938
-0.0083063095
-0.0083063088
-0.0083062987
-0.0083062787
-0.008306258
-0.0083062478
-0.0074425342
-0.0074425447
-0.0074425449
-0.0074425568
-0.0074425736
-0.0074425724
-0.0074425607
-0.0074425418
-0.007442523
-0.007442513
-0.0064914648
-0.0064914673
-0.0064914704
-0.0064914834
-0.0064914949
-0.0064914894
-0.0064914755
-0.0064914571
-0.006491438
-0.0064914278
-0.0054504358
-0.0054504374
-0.0054504481
-0.0054504563
-0.0054504648
-0.0054504562
-0.0054504409
-0.0054504204
-0.0054503996
-0.0054503903
-0.004316477
-0.0043164896
-0.0043164958
-0.004316501
-0.0043165073
-0.0043164965
-0.0043164785
-0.0043164561
-0.0043164357
-0.0043164283
-0.0030861974
-0.0030862083
-0.0030862111
-0.0030862135
-0.0030862166
-0.0030862038
-0.0030861861
-0.0030861662
-0.0030861482
-0.0030861407
-0.0017556888
-0.0017556973
-0.0017556972
-0.0017556959
-0.0017556969
-0.0017556853
-0.0017556717
-0.0017556546
-0.0017556363
-0.0017556275
-0.00032046748
-0.00032047352
-0.0003204681
-0.00032046559
-0.00032046921
-0.00032046233
-0.00032045059
-0.00032043297
-0.00032041338
-0.00032040563
0.0012246638
0.0012246624
0.0012246664
0.0012246641
0.0012246541
0.0012246592
0.001224673
0.001224692
0.0012247096
0.0012247179
0.0028857686
0.0028857653
0.0028857627
0.0028857549
0.0028857437
0.0028857523
0.0028857678
0.0028857852
0.0028858022
0.0028858115
0.0046700206
0.0046700122
0.0046700075
0.0046700015
0.0046699941
0.004670004
0.0046700179
0.0046700346
0.0046700527
0.0046700606
0.0065860804
0.0065860717
0.0065860709
0.006586069
0.0065860628
0.0065860695
0.0065860819
0.0065861014
0.0065861198
0.0065861285
0.0086445891
0.0086445843
0.008644586
0.0086445824
0.0086445732
0.0086445776
0.0086445912
0.0086446121
0.008644632
0.0086446397
0.010858889
0.010858886
0.010858883
0.010858874
0.010858863
0.010858869
0.010858883
0.010858904
0.010858921
0.010858926
0.013246129
0.013246122
0.013246114
0.013246104
0.013246097
0.013246104
0.013246115
0.013246132
0.013246143
0.01324615
0.015828868
0.015828859
0.015828852
0.015828848
0.015828846
0.015828849
0.015828853
0.015828861
0.015828873
0.015828883
0.01863724
0.018637233
0.018637234
0.018637233
0.01863723
0.018637227
0.018637223
0.018637231
0.018637242
0.018637249
0.021711359
0.021711358
0.02171136
0.021711357
0.021711352
0.021711344
0.021711342
0.021711351
0.021711355
0.021711367
0.025102469
0.025102467
0.025102473
0.025102469
0.02510246
0.025102455
0.025102455
0.025102459
0.025102466
0.025102472
0.028868517
0.02886851
0.028868514
0.028868508
0.028868501
0.028868501
0.028868501
0.028868508
0.028868508
0.028868512
-0.012231331
-0.012231333
-0.012231332
-0.012231345
-0.012231325
-0.012231321
-0.012231311
-0.012231301
-0.012231293
-0.012231285
-0.012154838
-0.012154856
-0.012154849
-0.012154846
-0.012154832
-0.012154826
-0.012154818
-0.012154802
-0.012154799
-0.012154793
-0.012001665
-0.012001676
-0.012001676
-0.012001668
-0.012001662
-0.012001646
-0.012001639
-0.012001627
-0.012001615
-0.012001612
-0.011771464
-0.01177146
-0.011771454
-0.011771459
-0.011771441
-0.011771425
-0.011771421
-0.011771408
-0.011771397
-0.011771391
-0.011463632
-0.011463635
-0.011463639
-0.011463635
-0.01146362
-0.011463609
-0.011463602
-0.01146359
-0.011463575
-0.011463565
-0.011077462
-0.011077462
-0.01107746
-0.011077462
-0.011077452
-0.01107744
-0.011077432
-0.011077413
-0.011077393
-0.011077382
-0.010611968
-0.010611972
-0.01061197
-0.010611976
-0.010611965
-0.010611957
-0.010611945
-0.010611923
-0.0106119
-0.010611889
-0.010065983
-0.010065983
-0.010065989
-0.010065991
-0.010065985
-0.010065976
-0.010065961
-0.01006594
-0.010065919
-0.01006591
-0.0094380938
-0.0094380993
-0.0094381009
-0.0094381077
-0.0094380996
-0.0094380881
-0.0094380745
-0.0094380566
-0.0094380384
-0.0094380283
-0.0087266364
-0.0087266421
-0.0087266445
-0.0087266504
-0.008726643
-0.0087266318
-0.0087266203
-0.0087266038
-0.0087265862
-0.0087265765
-0.0079296642
-0.0079296663
-0.0079296712
-0.0079296759
-0.0079296742
-0.0079296657
-0.0079296566
-0.0079296404
-0.0079296248
-0.0079296168
-0.0070449588
-0.0070449606
-0.0070449582
-0.0070449694
-0.0070449677
-0.0070449594
-0.0070449488
-0.0070449329
-0.007044919
-0.0070449117
-0.006069947
-0.0060699451
-0.0060699483
-0.0060699587
-0.0060699528
-0.006069941
-0.0060699281
-0.0060699118
-0.006069897
-0.0060698895
-0.0050016642
-0.0050016662
-0.0050016743
-0.0050016803
-0.0050016726
-0.005001659
-0.0050016448
-0.0050016256
-0.0050016088
-0.005001601
-0.003836737
-0.0038367456
-0.0038367475
-0.0038367526
-0.0038367427
-0.0038367271
-0.0038367102
-0.0038366896
-0.0038366727
-0.0038366653
-0.0025712851
-0.0025712899
-0.0025712891
-0.0025712904
-0.0025712767
-0.0025712592
-0.0025712436
-0.0025712257
-0.0025712104
-0.002571202
-0.0012008402
-0.0012008437
-0.00120084
-0.0012008361
-0.0012008209
-0.0012008056
-0.0012007942
-0.0012007784
-0.0012007627
-0.0012007532
0.00027972576
0.00027972558
0.00027973332
0.00027973689
0.00027974838
0.00027975946
0.00027977048
0.0002797871
0.00027980321
0.0002798114
0.001876354
0.0018763581
0.0018763625
0.0018763592
0.0018763653
0.0018763772
0.0018763903
0.001876407
0.001876421
0.0018764298
0.0035959538
0.0035959536
0.0035959513
0.0035959435
0.003595951
0.0035959661
0.0035959787
0.0035959926
0.0035960068
0.0035960166
0.0054466369
0.0054466314
0.0054466293
0.0054466244
0.0054466353
0.0054466494
0.005446659
0.0054466718
0.0054466879
0.0054466957
0.0074380618
0.0074380589
0.0074380612
0.0074380594
0.0074380689
0.0074380801
0.0074380896
0.0074381049
0.0074381208
0.0074381292
0.0095818443
0.0095818458
0.0095818481
0.0095818447
0.009581851
0.0095818617
0.0095818734
0.0095818891
0.0095819059
0.0095819131
0.011892097
0.011892096
0.011892094
0.011892089
0.011892095
0.011892108
0.011892118
0.011892132
0.011892148
0.011892153
0.014386168
0.014386163
0.01438616
0.014386159
0.014386168
0.014386179
0.014386186
0.014386197
0.014386208
0.014386216
0.017085547
0.017085544
0.017085546
0.017085551
0.01708556
0.017085564
0.017085567
0.017085573
0.017085583
0.017085592
0.020016727
0.020016729
0.020016736
0.020016742
0.020016748
0.02001675
0.020016746
0.02001675
0.020016756
0.02001676
0.023211561
0.023211566
0.023211573
0.023211576
0.02321158
0.02321158
0.023211575
0.023211577
0.023211578
0.023211583
0.026705934
0.026705937
0.026705947
0.026705951
0.026705952
0.026705953
0.026705951
0.026705948
0.026705944
0.026705943
0.030534855
0.030534854
0.030534863
0.030534865
0.030534869
0.030534874
0.030534867
0.030534866
0.030534856
0.030534863
-0.012023652
-0.012023666
-0.012023661
-0.012023659
-0.012023637
-0.012023631
-0.012023618
-0.01202361
-0.012023604
-0.012023602
-0.01194584
-0.011945851
-0.011945843
-0.011945829
-0.011945816
-0.011945803
-0.011945791
-0.01194578
-0.011945781
-0.011945778
-0.011789986
-0.011789993
-0.011789991
-0.011789978
-0.011789963
-0.011789941
-0.011789932
-0.011789925
-0.011789918
-0.011789913
-0.011555717
-0.011555715
-0.011555713
-0.011555706
-0.01155568
-0.011555662
-0.011555659
-0.011555649
-0.011555638
-0.011555633
-0.01124241
-0.011242417
-0.011242417
-0.011242401
-0.011242384
-0.011242369
-0.011242358
-0.011242348
-0.011242336
-0.011242329
-0.01084928
-0.010849281
-0.010849277
-0.010849268
-0.010849255
-0.010849237
-0.010849225
-0.01084921
-0.010849193
-0.010849184
-0.01037526
-0.010375263
-0.010375262
-0.010375258
-0.010375242
-0.010375227
-0.010375213
-0.010375193
-0.010375172
-0.010375164
-0.00981908
-0.0098190841
-0.0098190888
-0.0098190797
-0.009819066
-0.0098190506
-0.0098190335
-0.0098190143
-0.0098189943
-0.0098189886
-0.0091792046
-0.0091792147
-0.0091792136
-0.0091792055
-0.0091791896
-0.0091791716
-0.009179156
-0.0091791406
-0.0091791238
-0.009179118
-0.0084538202
-0.0084538244
-0.008453823
-0.0084538139
-0.0084537982
-0.0084537801
-0.0084537665
-0.0084537534
-0.0084537377
-0.0084537331
-0.0076407908
-0.0076407927
-0.0076407933
-0.0076407832
-0.0076407724
-0.0076407566
-0.0076407448
-0.0076407321
-0.0076407188
-0.007640717
-0.0067376895
-0.006737693
-0.0067376868
-0.006737683
-0.0067376726
-0.0067376574
-0.0067376436
-0.0067376306
-0.0067376194
-0.0067376194
-0.0057416943
-0.0057416921
-0.0057416923
-0.0057416894
-0.0057416764
-0.0057416584
-0.0057416421
-0.0057416283
-0.0057416162
-0.005741616
-0.0046495421
-0.0046495441
-0.0046495502
-0.0046495442
-0.0046495307
-0.0046495115
-0.0046494943
-0.0046494776
-0.0046494623
-0.0046494604
-0.0034575183
-0.0034575278
-0.0034575282
-0.0034575204
-0.0034575052
-0.0034574853
-0.0034574665
-0.0034574478
-0.00345743
-0.0034574268
-0.0021613446
-0.0021613481
-0.0021613448
-0.0021613331
-0.0021613156
-0.0021612954
-0.0021612777
-0.0021612604
-0.0021612424
-0.0021612375
-0.00075609023
-0.00075609099
-0.0007560852
-0.00075607027
-0.00075605249
-0.00075603421
-0.00075601944
-0.00075600366
-0.00075598573
-0.0007559806
0.00076388714
0.00076388661
0.00076389448
0.00076390806
0.0007639234
0.00076393983
0.00076395438
0.00076397004
0.00076398658
0.00076398904
0.0024050932
0.0024050936
0.0024050981
0.0024051066
0.0024051195
0.0024051369
0.002405152
0.0024051668
0.0024051802
0.0024051829
0.0041750528
0.0041750506
0.0041750505
0.0041750562
0.0041750704
0.0041750883
0.0041751015
0.0041751135
0.004175127
0.0041751299
0.0060825113
0.0060825077
0.0060825077
0.0060825154
0.0060825307
0.0060825461
0.006082556
0.0060825668
0.0060825819
0.0060825826
0.0081377036
0.0081377018
0.0081377041
0.0081377138
0.0081377281
0.0081377423
0.0081377512
0.008137764
0.0081377783
0.00813778
0.010352647
0.010352645
0.010352648
0.010352658
0.010352671
0.010352686
0.010352696
0.010352709
0.010352725
0.010352725
0.012741487
0.012741484
0.012741487
0.012741495
0.01274151
0.012741525
0.012741533
0.012741546
0.012741562
0.012741561
0.015320899
0.015320896
0.015320902
0.015320913
0.015320929
0.015320942
0.015320947
0.015320959
0.015320971
0.01532097
0.01811043
0.018110431
0.018110442
0.018110456
0.01811047
0.018110478
0.018110482
0.018110488
0.018110496
0.018110493
0.021132573
0.021132576
0.02113259
0.021132603
0.021132617
0.021132623
0.021132619
0.02113262
0.021132621
0.021132614
0.024412218
0.024412224
0.024412237
0.024412249
0.024412262
0.024412264
0.024412258
0.024412255
0.024412249
0.024412241
0.02797486
0.027974863
0.027974881
0.027974894
0.027974902
0.027974906
0.027974898
0.027974889
0.027974876
0.027974872
0.031842909
0.031842912
0.031842929
0.03184294
0.031842948
0.031842952
0.031842939
0.031842931
0.031842921
0.031842922
-0.011893791
-0.011893805
-0.011893789
-0.011893785
-0.011893762
-0.011893749
-0.01189374
-0.011893734
-0.01189373
-0.01189373
-0.011814846
-0.011814856
-0.011814837
-0.011814824
-0.011814803
-0.011814789
-0.011814781
-0.011814772
-0.011814774
-0.011814771
-0.011656704
-0.011656711
-0.011656703
-0.011656686
-0.011656669
-0.011656647
-0.01165664
-0.011656636
-0.011656627
-0.011656624
-0.011418986
-0.011418986
-0.011418975
-0.011418964
-0.011418937
-0.011418919
-0.011418917
-0.011418906
-0.011418895
-0.011418893
-0.011101024
-0.011101027
-0.011101021
-0.011101003
-0.011100985
-0.011100967
-0.011100957
-0.011100947
-0.011100936
-0.011100931
-0.010701971
-0.010701975
-0.010701963
-0.010701953
-0.010701938
-0.010701918
-0.010701908
-0.01070189
-0.010701873
-0.010701867
-0.010220705
-0.01022071
-0.010220703
-0.010220697
-0.010220679
-0.010220662
-0.010220647
-0.010220624
-0.010220604
-0.010220599
-0.0096558686
-0.0096558714
-0.0096558699
-0.0096558572
-0.0096558403
-0.0096558222
-0.0096558051
-0.0096557833
-0.0096557649
-0.0096557607
-0.0090058181
-0.0090058285
-0.0090058174
-0.0090058045
-0.0090057854
-0.0090057658
-0.0090057506
-0.009005732
-0.0090057163
-0.0090057113
-0.0082686203
-0.0082686243
-0.0082686113
-0.0082685973
-0.0082685781
-0.0082685579
-0.0082685439
-0.0082685265
-0.0082685125
-0.0082685092
-0.0074419908
-0.0074419896
-0.0074419793
-0.007441965
-0.0074419501
-0.0074419308
-0.0074419167
-0.0074419
-0.0074418905
-0.0074418905
-0.0065233227
-0.0065233234
-0.0065233078
-0.0065233003
-0.0065232863
-0.0065232657
-0.0065232492
-0.0065232338
-0.0065232279
-0.0065232293
-0.0055095914
-0.0055095889
-0.0055095807
-0.0055095743
-0.0055095576
-0.0055095342
-0.0055095166
-0.0055095013
-0.0055094942
-0.0055094947
-0.0043972999
-0.0043973011
-0.0043972982
-0.004397289
-0.0043972722
-0.0043972498
-0.0043972322
-0.0043972133
-0.0043972016
-0.0043971998
-0.0031824549
-0.003182462
-0.0031824528
-0.0031824424
-0.0031824264
-0.003182405
-0.0031823854
-0.0031823625
-0.0031823466
-0.0031823435
-0.0018604619
-0.0018604634
-0.0018604511
-0.0018604391
-0.0018604225
-0.0018604005
-0.0018603807
-0.0018603574
-0.0018603404
-0.0018603365
-0.00042604122
-0.00042604143
-0.00042602797
-0.00042601429
-0.00042599634
-0.00042597502
-0.00042595759
-0.00042593577
-0.00042591951
-0.00042591674
0.0011268342
0.0011268328
0.0011268479
0.0011268619
0.0011268793
0.0011268989
0.0011269153
0.0011269358
0.001126949
0.0011269487
0.0028050819
0.0028050822
0.0028050952
0.0028051063
0.0028051214
0.0028051404
0.0028051567
0.0028051758
0.0028051845
0.0028051851
0.004616647
0.0046166469
0.0046166559
0.0046166638
0.0046166779
0.0046166959
0.0046167107
0.0046167257
0.004616734
0.0046167349
0.0065706549
0.0065706531
0.0065706606
0.006570669
0.0065706828
0.0065706983
0.0065707098
0.006570722
0.0065707312
0.0065707316
0.008677604
0.0086776016
0.008677611
0.0086776221
0.0086776366
0.0086776508
0.0086776603
0.0086776738
0.0086776823
0.0086776848
0.010949554
0.010949553
0.010949565
0.010949578
0.010949593
0.010949607
0.010949617
0.010949632
0.010949643
0.010949642
0.013400304
0.013400304
0.013400317
0.013400331
0.013400346
0.013400361
0.01340037
0.013400386
0.013400395
0.013400393
0.016045517
0.01604552
0.016045535
0.016045549
0.016045565
0.01604558
0.016045588
0.016045602
0.016045605
0.0160456
0.018902706
0.018902713
0.018902729
0.018902745
0.018902763
0.018902774
0.01890278
0.018902783
0.018902782
0.018902776
0.02199091
0.021990917
0.021990935
0.021990952
0.02199097
0.02199098
0.021990974
0.021990973
0.021990963
0.021990954
0.025329863
0.025329872
0.025329892
0.025329908
0.025329923
0.025329925
0.02532992
0.025329911
0.025329895
0.025329892
0.028938375
0.028938382
0.028938406
0.028938419
0.028938428
0.028938431
0.02893842
0.028938408
0.028938394
0.028938393
0.03283181
0.032831818
0.032831837
0.032831848
0.032831853
0.032831855
0.032831842
0.032831836
0.032831824
0.032831818
-0.011842863
-0.011842866
-0.011842848
-0.011842845
-0.011842816
-0.011842811
-0.011842806
-0.011842803
-0.011842799
-0.0118428
-0.011762985
-0.011762991
-0.011762972
-0.011762958
-0.011762935
-0.011762929
-0.011762922
-0.011762917
-0.011762921
-0.011762919
-0.011602989
-0.011602994
-0.011602983
-0.011602963
-0.011602947
-0.011602932
-0.011602928
-0.011602926
-0.011602919
-0.011602917
-0.01136247
-0.011362465
-0.011362448
-0.011362438
-0.011362413
-0.0113624
-0.0113624
-0.01136239
-0.011362382
-0.01136238
-0.011040715
-0.011040715
-0.011040709
-0.011040693
-0.011040676
-0.011040663
-0.011040655
-0.011040645
-0.011040635
-0.011040629
-0.010636854
-0.010636855
-0.010636844
-0.010636835
-0.010636821
-0.010636807
-0.010636795
-0.010636777
-0.010636762
-0.010636755
-0.010149705
-0.010149705
-0.010149698
-0.010149694
-0.010149677
-0.010149665
-0.010149648
-0.010149626
-0.010149609
-0.010149601
-0.0095778457
-0.0095778436
-0.009577841
-0.0095778296
-0.0095778141
-0.0095778014
-0.0095777841
-0.0095777617
-0.0095777446
-0.0095777371
-0.0089195592
-0.0089195631
-0.0089195494
-0.0089195378
-0.0089195201
-0.0089195065
-0.0089194897
-0.0089194687
-0.0089194532
-0.0089194455
-0.0081728136
-0.0081728099
-0.0081727933
-0.0081727805
-0.0081727629
-0.0081727469
-0.0081727297
-0.0081727099
-0.0081726965
-0.0081726913
-0.0073352094
-0.0073351997
-0.0073351878
-0.0073351752
-0.00733516
-0.0073351426
-0.0073351251
-0.0073351077
-0.0073351002
-0.0073350981
-0.0064040081
-0.0064040027
-0.0064039866
-0.0064039803
-0.0064039636
-0.0064039443
-0.0064039261
-0.0064039121
-0.0064039082
-0.0064039067
-0.0053760335
-0.0053760271
-0.0053760164
-0.0053760102
-0.0053759907
-0.0053759702
-0.0053759526
-0.0053759389
-0.0053759329
-0.0053759296
-0.0042476075
-0.0042476028
-0.0042475963
-0.0042475881
-0.0042475704
-0.0042475526
-0.0042475349
-0.0042475164
-0.0042475051
-0.0042474997
-0.0030145287
-0.0030145282
-0.0030145169
-0.0030145095
-0.0030144945
-0.0030144777
-0.0030144565
-0.0030144326
-0.0030144177
-0.003014412
-0.0016719762
-0.0016719721
-0.0016719593
-0.0016719518
-0.0016719361
-0.0016719175
-0.0016718948
-0.0016718699
-0.0016718544
-0.0016718486
-0.00021442343
-0.00021441863
-0.00021440569
-0.00021439587
-0.00021437763
-0.00021435933
-0.0002143388
-0.00021431564
-0.00021430095
-0.00021429671
0.0013644286
0.0013644335
0.0013644481
0.0013644596
0.0013644773
0.0013644931
0.0013645119
0.0013645336
0.001364545
0.0013645468
0.0030717748
0.0030717814
0.0030717948
0.0030718033
0.0030718172
0.003071832
0.003071851
0.003071871
0.0030718774
0.0030718812
0.0049158152
0.0049158209
0.00491583
0.0049158336
0.0049158454
0.0049158598
0.0049158774
0.0049158919
0.0049158981
0.0049159025
0.0069058714
0.0069058746
0.0069058813
0.0069058847
0.0069058959
0.0069059084
0.0069059216
0.0069059319
0.0069059389
0.0069059446
0.0090525177
0.0090525199
0.0090525299
0.0090525371
0.0090525487
0.0090525596
0.0090525704
0.0090525824
0.0090525889
0.0090525964
0.011367681
0.011367685
0.0113677
0.011367709
0.01136772
0.011367732
0.011367744
0.011367756
0.011367765
0.011367767
0.013864681
0.013864688
0.013864703
0.013864711
0.013864724
0.01386474
0.01386475
0.013864763
0.013864767
0.013864767
0.016558185
0.016558193
0.016558206
0.016558217
0.016558233
0.016558249
0.016558257
0.016558264
0.016558262
0.016558261
0.019463983
0.019463992
0.019464006
0.019464021
0.01946404
0.019464051
0.019464055
0.019464051
0.019464048
0.019464048
0.022598504
0.022598513
0.022598531
0.022598545
0.022598563
0.022598572
0.022598564
0.022598561
0.022598548
0.022598545
0.02597795
0.025977963
0.025977983
0.025977994
0.025978006
0.025978008
0.025978004
0.02597799
0.025977977
0.025977982
0.029616974
0.029616984
0.029617005
0.029617012
0.029617018
0.029617022
0.02961701
0.029616999
0.029616987
0.029616986
0.033526946
0.033526954
0.033526967
0.033526973
0.033526976
0.033526981
0.033526969
0.033526963
0.033526945
0.03352695
-0.011871777
-0.011871781
-0.011871763
-0.011871756
-0.011871731
-0.011871734
-0.01187173
-0.011871731
-0.011871731
-0.011871733
-0.011791198
-0.011791199
-0.011791184
-0.011791164
-0.011791149
-0.011791147
-0.011791143
-0.011791144
-0.011791151
-0.01179115
-0.011629793
-0.011629796
-0.011629784
-0.011629763
-0.011629752
-0.011629742
-0.011629741
-0.011629741
-0.011629737
-0.011629738
-0.011387136
-0.011387129
-0.011387117
-0.011387106
-0.011387086
-0.011387077
-0.011387077
-0.011387073
-0.011387069
-0.011387067
-0.011062503
-0.011062504
-0.011062501
-0.011062485
-0.011062471
-0.011062462
-0.011062456
-0.011062452
-0.011062445
-0.01106244
-0.010654994
-0.010654991
-0.010654985
-0.010654975
-0.010654966
-0.010654956
-0.010654947
-0.010654936
-0.010654925
-0.010654917
-0.010163386
-0.010163385
-0.010163381
-0.010163376
-0.010163366
-0.010163359
-0.010163347
-0.010163332
-0.010163315
-0.010163306
-0.0095862232
-0.0095862195
-0.0095862187
-0.0095862082
-0.0095862009
-0.0095861939
-0.0095861787
-0.009586161
-0.0095861432
-0.0095861355
-0.0089217328
-0.0089217319
-0.0089217227
-0.0089217126
-0.0089217029
-0.0089216947
-0.0089216778
-0.0089216604
-0.0089216435
-0.0089216364
-0.0081678154
-0.0081678078
-0.008167797
-0.0081677856
-0.0081677751
-0.0081677631
-0.0081677452
-0.0081677291
-0.0081677143
-0.0081677103
-0.0073219979
-0.0073219875
-0.0073219807
-0.0073219689
-0.0073219589
-0.0073219447
-0.0073219277
-0.007321915
-0.0073219057
-0.0073219056
-0.0063814563
-0.0063814503
-0.0063814387
-0.0063814318
-0.0063814189
-0.0063814035
-0.0063813877
-0.0063813789
-0.0063813724
-0.0063813737
-0.0053429084
-0.0053429001
-0.0053428932
-0.0053428852
-0.0053428702
-0.0053428553
-0.0053428409
-0.0053428315
-0.0053428224
-0.0053428226
-0.0042025545
-0.0042025473
-0.0042025445
-0.0042025352
-0.0042025234
-0.0042025116
-0.0042024961
-0.004202481
-0.0042024674
-0.0042024662
-0.0029560609
-0.0029560573
-0.0029560513
-0.002956044
-0.0029560353
-0.0029560236
-0.0029560033
-0.0029559834
-0.0029559677
-0.0029559661
-0.0015984627
-0.0015984567
-0.0015984503
-0.0015984428
-0.0015984329
-0.0015984182
-0.001598396
-0.0015983759
-0.0015983601
-0.0015983578
-0.00012407727
-0.00012407112
-0.00012406402
-0.00012405353
-0.00012404086
-0.0001240264
-0.00012400646
-0.0001239882
-0.00012397258
-0.00012397172
0.0014735611
0.0014735676
0.0014735769
0.0014735891
0.0014736006
0.0014736123
0.0014736303
0.0014736476
0.00147366
0.001473659
0.003201806
0.0032018141
0.003201822
0.0032018302
0.0032018383
0.0032018494
0.0032018674
0.0032018828
0.0032018904
0.0032018917
0.0050689899
0.0050689967
0.0050689992
0.0050690025
0.0050690093
0.0050690198
0.0050690355
0.0050690447
0.0050690532
0.0050690551
0.0070845144
0.0070845184
0.0070845184
0.007084521
0.0070845269
0.0070845344
0.0070845452
0.0070845505
0.0070845595
0.0070845637
0.0092589347
0.0092589391
0.0092589432
0.0092589478
0.0092589526
0.0092589589
0.0092589682
0.0092589751
0.0092589836
0.0092589885
0.011603995
0.011604003
0.011604011
0.011604015
0.01160402
0.01160403
0.01160404
0.011604046
0.011604055
0.011604052
0.014132585
0.014132592
0.014132599
0.014132603
0.014132613
0.014132628
0.014132635
0.014132638
0.014132641
0.014132639
0.016858583
0.016858589
0.016858596
0.016858605
0.016858621
0.016858634
0.016858635
0.016858633
0.016858632
0.016858632
0.019796552
0.019796557
0.019796568
0.019796582
0.0197966
0.019796607
0.019796603
0.019796594
0.019796596
0.019796596
0.02296118
0.02296119
0.022961204
0.022961215
0.02296123
0.022961234
0.022961223
0.022961215
0.022961208
0.022961208
0.026366469
0.026366481
0.026366495
0.026366502
0.026366511
0.026366511
0.026366504
0.026366489
0.026366485
0.026366485
0.030024631
0.030024639
0.030024653
0.030024656
0.03002466
0.030024665
0.030024654
0.030024643
0.030024633
0.030024628
0.033944841
0.033944843
0.033944851
0.033944856
0.033944861
0.033944866
0.033944855
0.033944843
0.03394483
0.033944834
-0.011981257
-0.011981263
-0.011981247
-0.011981238
-0.011981217
-0.011981221
-0.011981219
-0.011981224
-0.011981226
-0.011981228
-0.011900206
-0.011900216
-0.011900191
-0.011900174
-0.011900162
-0.01190016
-0.011900158
-0.011900159
-0.011900168
-0.011900169
-0.011737844
-0.011737849
-0.011737835
-0.011737819
-0.011737809
-0.011737799
-0.011737797
-0.0117378
-0.011737803
-0.011737806
-0.01149374
-0.011493738
-0.011493728
-0.011493719
-0.011493699
-0.011493689
-0.011493691
-0.011493693
-0.011493694
-0.011493694
-0.011167166
-0.011167172
-0.011167168
-0.011167153
-0.011167141
-0.011167132
-0.01116713
-0.011167133
-0.011167129
-0.011167126
-0.0107572
-0.010757204
-0.010757196
-0.010757188
-0.010757181
-0.010757173
-0.01075717
-0.010757166
-0.010757156
-0.010757149
-0.010262611
-0.010262615
-0.010262608
-0.010262607
-0.010262601
-0.010262597
-0.010262589
-0.010262578
-0.010262564
-0.010262556
-0.009681917
-0.0096819152
-0.0096819143
-0.0096819104
-0.0096819078
-0.0096819019
-0.0096818884
-0.009681874
-0.0096818592
-0.0096818522
-0.0090133162
-0.0090133199
-0.0090133138
-0.0090133108
-0.0090133054
-0.0090132965
-0.0090132803
-0.0090132661
-0.0090132516
-0.0090132435
-0.0082546834
-0.0082546836
-0.0082546768
-0.0082546713
-0.0082546642
-0.0082546513
-0.0082546346
-0.0082546209
-0.0082546075
-0.008254601
-0.0074035083
-0.0074035059
-0.0074035021
-0.0074034952
-0.007403488
-0.0074034737
-0.0074034584
-0.0074034473
-0.0074034391
-0.0074034363
-0.0064569186
-0.0064569186
-0.0064569102
-0.0064569074
-0.0064568977
-0.0064568831
-0.006456869
-0.0064568614
-0.0064568571
-0.0064568563
-0.0054115796
-0.0054115775
-0.0054115734
-0.005411569
-0.005411558
-0.0054115443
-0.0054115313
-0.005411523
-0.0054115176
-0.0054115162
-0.0042636375
-0.004263637
-0.0042636358
-0.0042636307
-0.0042636229
-0.0042636119
-0.004263597
-0.0042635837
-0.004263575
-0.0042635723
-0.0030086957
-0.0030086983
-0.0030086943
-0.003008691
-0.003008686
-0.0030086742
-0.0030086545
-0.0030086377
-0.0030086278
-0.0030086247
-0.0016417229
-0.0016417238
-0.0016417184
-0.0016417145
-0.0016417078
-0.0016416924
-0.0016416713
-0.0016416554
-0.0016416458
-0.001641642
-0.00015696817
-0.00015696835
-0.00015696098
-0.00015695401
-0.00015694424
-0.00015692874
-0.00015691042
-0.00015689696
-0.00015688702
-0.00015688584
0.0014521054
0.0014521069
0.0014521163
0.001452125
0.001452134
0.0014521467
0.0014521626
0.0014521749
0.0014521817
0.001452181
0.0031929134
0.0031929157
0.0031929234
0.0031929291
0.0031929356
0.0031929472
0.0031929623
0.0031929729
0.0031929757
0.0031929771
0.005073829
0.0050738288
0.0050738316
0.0050738335
0.0050738384
0.0050738482
0.0050738606
0.0050738658
0.0050738711
0.0050738721
0.0071042622
0.0071042594
0.0071042589
0.0071042593
0.0071042617
0.0071042678
0.0071042765
0.0071042789
0.0071042834
0.0071042876
0.0092947176
0.0092947155
0.009294716
0.0092947159
0.0092947171
0.0092947236
0.0092947313
0.0092947339
0.0092947382
0.009294744
0.011656792
0.011656792
0.011656793
0.011656792
0.011656796
0.011656807
0.011656813
0.011656814
0.01165682
0.011656818
0.014203087
0.014203085
0.014203084
0.014203087
0.014203098
0.014203111
0.014203112
0.014203112
0.014203112
0.014203114
0.016947018
0.016947015
0.016947019
0.016947028
0.016947044
0.016947053
0.016947049
0.016947043
0.016947042
0.016947047
0.019902465
0.019902466
0.019902474
0.019902488
0.019902504
0.019902508
0.019902499
0.019902488
0.019902492
0.019902495
0.023083202
0.023083207
0.023083217
0.023083227
0.023083242
0.023083243
0.023083228
0.023083221
0.023083216
0.023083218
0.026502114
0.02650212
0.026502131
0.026502138
0.026502146
0.026502146
0.026502138
0.026502127
0.026502119
0.02650212
0.030170237
0.030170239
0.030170252
0.030170255
0.030170262
0.030170269
0.030170257
0.030170244
0.030170231
0.030170235
0.034095728
0.034095725
0.034095734
0.034095742
0.03409575
0.034095756
0.034095743
0.034095731
0.034095724
0.034095724
-0.012171794
-0.012171797
-0.012171779
-0.012171772
-0.012171755
-0.012171756
-0.012171755
-0.012171759
-0.01217176
-0.012171762
-0.012090491
-0.012090497
-0.012090475
-0.012090463
-0.012090449
-0.012090447
-0.012090444
-0.012090445
-0.012090454
-0.012090459
-0.011927629
-0.011927633
-0.011927626
-0.01192761
-0.011927601
-0.011927589
-0.011927589
-0.011927594
-0.011927599
-0.011927605
-0.011682784
-0.011682783
-0.011682773
-0.011682764
-0.011682745
-0.011682737
-0.011682741
-0.011682747
-0.01168275
-0.011682752
-0.011355219
-0.011355222
-0.01135522
-0.011355207
-0.011355197
-0.011355189
-0.011355192
-0.011355197
-0.011355195
-0.011355194
-0.010944013
-0.010944016
-0.010944009
-0.010944004
-0.010943998
-0.010943993
-0.010943994
-0.01094399
-0.010943983
-0.01094398
-0.010447939
-0.010447939
-0.010447936
-0.010447937
-0.010447934
-0.01044793
-0.010447924
-0.010447914
-0.010447904
-0.0104479
-0.0098655094
-0.0098655063
-0.0098655105
-0.0098655101
-0.0098655093
-0.0098655009
-0.0098654882
-0.0098654767
-0.0098654664
-0.0098654633
-0.0091949297
-0.0091949345
-0.0091949349
-0.0091949351
-0.0091949303
-0.0091949185
-0.0091949037
-0.009194892
-0.0091948792
-0.0091948733
-0.0084340765
-0.0084340795
-0.0084340791
-0.0084340753
-0.0084340695
-0.0084340546
-0.0084340386
-0.0084340253
-0.0084340111
-0.0084340059
-0.0075804377
-0.0075804384
-0.0075804395
-0.0075804354
-0.0075804302
-0.0075804139
-0.0075803974
-0.0075803858
-0.0075803765
-0.0075803748
-0.0066311392
-0.0066311413
-0.0066311388
-0.0066311394
-0.0066311318
-0.0066311139
-0.0066310979
-0.006631091
-0.0066310869
-0.0066310862
-0.0055828491
-0.0055828495
-0.005582851
-0.0055828499
-0.0055828404
-0.0055828227
-0.0055828082
-0.0055828025
-0.0055827983
-0.0055827962
-0.0044317215
-0.0044317234
-0.0044317262
-0.0044317242
-0.0044317173
-0.0044317018
-0.0044316861
-0.0044316768
-0.0044316699
-0.0044316676
-0.0031733659
-0.003173369
-0.0031733687
-0.0031733682
-0.0031733637
-0.0031733474
-0.0031733279
-0.0031733164
-0.0031733095
-0.0031733081
-0.0018027606
-0.0018027609
-0.0018027586
-0.0018027571
-0.0018027505
-0.0018027311
-0.0018027117
-0.0018027021
-0.0018026961
-0.0018026946
-0.00031416987
-0.00031416868
-0.00031416385
-0.00031415872
-0.00031414827
-0.00031412951
-0.00031411418
-0.00031410721
-0.00031410047
-0.00031410243
0.0012989254
0.0012989284
0.0012989357
0.0012989433
0.0012989532
0.0012989685
0.0012989809
0.0012989876
0.0012989911
0.0012989874
0.0030439162
0.0030439197
0.0030439262
0.0030439316
0.0030439386
0.0030439525
0.0030439651
0.0030439713
0.0030439708
0.003043969
0.0049291446
0.0049291458
0.004929148
0.004929149
0.0049291539
0.0049291665
0.0049291779
0.0049291794
0.0049291813
0.0049291783
0.0069639817
0.0069639795
0.0069639771
0.0069639753
0.0069639776
0.0069639879
0.0069639962
0.0069639948
0.0069639948
0.0069639964
0.0091588793
0.009158875
0.009158871
0.0091588685
0.0091588708
0.0091588818
0.0091588879
0.009158886
0.0091588877
0.0091588937
0.011525363
0.011525358
0.011525353
0.011525353
0.011525358
0.011525371
0.011525375
0.011525373
0.011525379
0.01152538
0.014075946
0.01407594
0.014075936
0.014075939
0.014075949
0.014075962
0.014075961
0.014075961
0.014075964
0.014075968
0.01682394
0.016823935
0.016823936
0.016823945
0.016823958
0.016823967
0.016823964
0.016823958
0.016823959
0.016823965
0.019783099
0.019783098
0.019783102
0.019783115
0.019783129
0.019783135
0.019783126
0.019783116
0.019783121
0.019783125
0.022967055
0.022967057
0.022967063
0.022967073
0.022967088
0.022967091
0.022967078
0.022967072
0.022967068
0.022967067
0.026388547
0.026388549
0.026388558
0.026388567
0.026388578
0.02638858
0.026388575
0.026388562
0.026388553
0.026388557
0.030058477
0.030058475
0.030058491
0.030058498
0.030058507
0.030058517
0.030058506
0.030058491
0.030058483
0.030058486
0.033984899
0.033984898
0.033984911
0.033984922
0.03398493
0.033984939
0.033984926
0.033984918
0.03398491
0.033984915
-0.012443611
-0.012443616
-0.012443596
-0.012443593
-0.012443578
-0.012443581
-0.01244358
-0.012443584
-0.012443587
-0.012443594
-0.012362288
-0.012362288
-0.012362274
-0.012362262
-0.012362253
-0.012362252
-0.01236225
-0.012362254
-0.012362267
-0.012362277
-0.01219939
-0.012199397
-0.012199391
-0.012199374
-0.012199368
-0.012199362
-0.012199367
-0.012199374
-0.012199382
-0.012199393
-0.011954505
-0.011954502
-0.011954491
-0.011954485
-0.011954473
-0.011954471
-0.011954481
-0.011954488
-0.011954494
-0.0119545
-0.011626898
-0.011626901
-0.011626899
-0.01162689
-0.011626889
-0.011626886
-0.011626894
-0.011626899
-0.0116269
-0.011626904
-0.01121567
-0.01121567
-0.011215666
-0.011215667
-0.011215668
-0.011215668
-0.01121567
-0.011215667
-0.011215665
-0.01121567
-0.010719603
-0.010719603
-0.010719606
-0.010719611
-0.010719613
-0.01071961
-0.010719606
-0.010719601
-0.010719598
-0.010719602
-0.010137239
-0.01013724
-0.010137247
-0.010137249
-0.010137252
-0.010137244
-0.010137236
-0.01013723
-0.010137226
-0.010137229
-0.0094668113
-0.0094668176
-0.0094668199
-0.0094668225
-0.0094668208
-0.0094668112
-0.0094668026
-0.0094667937
-0.0094667843
-0.0094667851
-0.0087062261
-0.0087062302
-0.0087062321
-0.0087062307
-0.0087062296
-0.0087062174
-0.0087062052
-0.0087061918
-0.0087061796
-0.0087061823
-0.0078530123
-0.0078530147
-0.0078530177
-0.0078530181
-0.0078530174
-0.0078530016
-0.0078529871
-0.0078529752
-0.0078529681
-0.0078529736
-0.0069043415
-0.0069043453
-0.0069043466
-0.0069043511
-0.0069043461
-0.0069043271
-0.0069043137
-0.0069043079
-0.0069043057
-0.0069043111
-0.0058569373
-0.0058569389
-0.005856944
-0.0058569458
-0.0058569381
-0.0058569193
-0.005856909
-0.0058569058
-0.0058569031
-0.0058569075
-0.00470702
-0.0047070222
-0.0047070277
-0.0047070289
-0.0047070237
-0.0047070075
-0.004706997
-0.004706991
-0.0047069865
-0.0047069921
-0.0034502748
-0.0034502764
-0.0034502801
-0.0034502828
-0.0034502801
-0.0034502638
-0.003450251
-0.0034502438
-0.0034502404
-0.0034502465
-0.0020817658
-0.0020817653
-0.0020817671
-0.0020817682
-0.0020817634
-0.0020817458
-0.0020817346
-0.0020817297
-0.0020817266
-0.002081731
-0.00059585676
-0.00059585536
-0.00059585335
-0.00059584948
-0.00059584152
-0.00059582627
-0.00059581925
-0.00059581558
-0.00059581065
-0.00059581886
0.0010138677
0.0010138713
0.0010138769
0.0010138836
0.0010138901
0.0010139019
0.0010139076
0.0010139124
0.0010139131
0.0010139032
0.0027546929
0.0027546974
0.0027547024
0.002754706
0.0027547098
0.0027547222
0.0027547297
0.0027547339
0.0027547298
0.0027547217
0.0046348584
0.004634861
0.0046348608
0.0046348593
0.0046348624
0.0046348756
0.0046348824
0.0046348807
0.0046348789
0.0046348681
0.0066636499
0.006663648
0.0066636421
0.0066636375
0.0066636397
0.0066636514
0.0066636542
0.0066636491
0.0066636459
0.006663641
0.0088514665
0.0088514611
0.0088514534
0.0088514488
0.0088514513
0.0088514623
0.0088514623
0.0088514574
0.0088514585
0.0088514619
0.011209845
0.011209839
0.011209832
0.011209829
0.011209832
0.011209843
0.011209842
0.011209839
0.011209848
0.011209848
0.013751409
0.013751403
0.013751397
0.013751397
0.013751401
0.013751412
0.013751408
0.01375141
0.013751416
0.013751415
0.01648972
0.016489715
0.016489714
0.016489717
0.016489724
0.016489732
0.016489728
0.016489723
0.016489726
0.016489726
0.019438959
0.019438956
0.019438956
0.019438964
0.019438975
0.019438982
0.019438972
0.019438962
0.019438968
0.019438967
0.022613386
0.022613385
0.022613387
0.022613394
0.02261341
0.022613414
0.0226134
0.022613394
0.022613389
0.022613385
0.026026548
0.026026548
0.026026555
0.026026564
0.026026576
0.026026579
0.026026571
0.026026556
0.026026553
0.026026553
0.029690238
0.029690235
0.029690253
0.029690261
0.029690268
0.029690279
0.029690265
0.029690255
0.029690252
0.029690246
0.033613304
0.033613306
0.033613319
0.033613327
0.033613335
0.033613344
0.03361333
0.033613325
0.033613315
0.033613317
-0.012796743
-0.012796745
-0.012796726
-0.012796728
-0.012796714
-0.01279672
-0.012796719
-0.012796728
-0.012796738
-0.012796748
-0.012715624
-0.012715631
-0.012715611
-0.012715602
-0.012715596
-0.012715597
-0.012715602
-0.012715612
-0.012715629
-0.012715639
-0.012553151
-0.012553158
-0.012553144
-0.012553134
-0.012553134
-0.012553133
-0.012553144
-0.012553156
-0.012553168
-0.012553178
-0.012308914
-0.012308908
-0.012308896
-0.012308898
-0.012308892
-0.012308898
-0.012308911
-0.01230892
-0.01230893
-0.012308936
-0.011982203
-0.011982206
-0.011982201
-0.011982203
-0.01198221
-0.011982211
-0.011982221
-0.011982228
-0.011982234
-0.01198224
-0.011572146
-0.011572147
-0.011572143
-0.011572155
-0.011572161
-0.011572162
-0.011572168
-0.011572169
-0.011572175
-0.01157218
-0.01107756
-0.011077566
-0.011077569
-0.011077581
-0.011077584
-0.011077583
-0.011077585
-0.011077586
-0.011077589
-0.011077591
-0.010497036
-0.01049704
-0.010497044
-0.010497053
-0.010497055
-0.010497052
-0.010497052
-0.010497051
-0.010497052
-0.01049705
-0.0098288509
-0.0098288583
-0.0098288565
-0.009828865
-0.0098288655
-0.0098288615
-0.0098288599
-0.0098288538
-0.0098288501
-0.0098288466
-0.0090709786
-0.0090709828
-0.0090709829
-0.0090709883
-0.0090709897
-0.0090709822
-0.009070975
-0.0090709638
-0.0090709584
-0.0090709565
-0.0082210302
-0.0082210348
-0.0082210358
-0.008221043
-0.0082210431
-0.0082210307
-0.0082210211
-0.0082210111
-0.0082210098
-0.0082210102
-0.0072762684
-0.0072762744
-0.0072762743
-0.0072762834
-0.0072762785
-0.0072762631
-0.0072762553
-0.0072762503
-0.0072762526
-0.0072762536
-0.0062335214
-0.0062335246
-0.0062335278
-0.0062335343
-0.0062335271
-0.0062335124
-0.0062335078
-0.0062335048
-0.0062335072
-0.0062335074
-0.0050891353
-0.0050891396
-0.0050891435
-0.0050891506
-0.0050891458
-0.0050891336
-0.0050891293
-0.0050891241
-0.0050891254
-0.0050891259
-0.003838941
-0.0038389451
-0.0038389486
-0.0038389573
-0.0038389548
-0.0038389436
-0.0038389384
-0.0038389326
-0.003838934
-0.003838933
-0.0024781653
-0.0024781683
-0.0024781694
-0.002478176
-0.0024781726
-0.0024781623
-0.0024781595
-0.0024781547
-0.0024781542
-0.0024781503
-0.0010013543
-0.0010013561
-0.0010013515
-0.0010013529
-0.0010013483
-0.0010013414
-0.0010013413
-0.0010013356
-0.0010013324
-0.0010013331
0.0005977148
0.00059771589
0.00059772487
0.00059772557
0.000597728
0.0005977331
0.00059773406
0.00059774127
0.00059773889
0.0005977345
0.0023261302
0.0023261319
0.0023261392
0.0023261366
0.0023261383
0.0023261466
0.0023261499
0.0023261544
0.0023261465
0.0023261431
0.0041919449
0.0041919438
0.0041919448
0.0041919385
0.0041919424
0.0041919522
0.0041919533
0.0041919509
0.0041919458
0.0041919415
0.0062042935
0.006204288
0.0062042833
0.0062042756
0.0062042794
0.0062042866
0.0062042828
0.0062042782
0.006204273
0.0062042775
0.0083734992
0.0083734915
0.0083734855
0.0083734777
0.0083734804
0.0083734859
0.0083734802
0.0083734771
0.0083734779
0.0083734902
0.010711153
0.010711147
0.010711141
0.010711133
0.010711135
0.01071114
0.010711134
0.010711134
0.010711143
0.010711148
0.013230143
0.013230137
0.013230131
0.013230123
0.013230125
0.013230132
0.013230124
0.013230128
0.013230131
0.013230135
0.015944592
0.015944587
0.015944582
0.015944579
0.015944585
0.015944589
0.015944581
0.015944579
0.015944579
0.015944584
0.018869645
0.018869639
0.018869638
0.018869642
0.018869652
0.018869655
0.018869642
0.018869634
0.018869637
0.018869639
0.022020988
0.022020986
0.022020987
0.022020991
0.022021006
0.022021005
0.022020988
0.022020984
0.022020976
0.022020979
0.02541403
0.025414027
0.025414033
0.025414041
0.025414051
0.025414049
0.025414038
0.025414029
0.025414024
0.025414029
0.029062646
0.029062644
0.029062661
0.029062665
0.029062671
0.029062677
0.029062662
0.029062656
0.029062646
0.029062653
0.032977596
0.032977597
0.032977605
0.032977614
0.032977622
0.032977626
0.032977612
0.03297761
0.032977603
0.032977606
-0.013230994
-0.013230991
-0.013230977
-0.013230977
-0.013230965
-0.013230971
-0.013230973
-0.013230987
-0.013230998
-0.013231005
-0.0131503
-0.013150305
-0.013150284
-0.013150277
-0.013150273
-0.013150277
-0.013150285
-0.013150299
-0.013150315
-0.013150318
-0.012988692
-0.01298869
-0.01298868
-0.012988677
-0.012988678
-0.012988679
-0.012988692
-0.012988705
-0.012988716
-0.012988721
-0.01274577
-0.012745761
-0.012745755
-0.01274576
-0.012745757
-0.012745763
-0.012745777
-0.012745789
-0.012745798
-0.012745801
-0.012420866
-0.012420864
-0.012420866
-0.012420873
-0.012420879
-0.012420881
-0.012420892
-0.012420902
-0.012420909
-0.01242091
-0.01201314
-0.012013139
-0.012013143
-0.012013155
-0.012013158
-0.012013162
-0.012013171
-0.012013177
-0.012013181
-0.012013181
-0.011521465
-0.011521468
-0.011521474
-0.011521485
-0.011521487
-0.011521489
-0.011521495
-0.011521499
-0.0115215
-0.011521497
-0.01094449
-0.01094449
-0.010944496
-0.010944504
-0.010944506
-0.010944507
-0.010944511
-0.010944512
-0.01094451
-0.010944505
-0.010280573
-0.010280574
-0.010280576
-0.010280584
-0.010280584
-0.010280584
-0.010280586
-0.010280585
-0.010280578
-0.01028057
-0.009527782
-0.0095277814
-0.0095277858
-0.0095277908
-0.0095277902
-0.0095277864
-0.0095277841
-0.0095277785
-0.009527769
-0.0095277625
-0.0086838498
-0.0086838516
-0.0086838553
-0.0086838607
-0.0086838577
-0.0086838498
-0.0086838445
-0.008683838
-0.0086838307
-0.0086838261
-0.0077461709
-0.0077461735
-0.0077461761
-0.007746182
-0.0077461747
-0.0077461639
-0.0077461576
-0.0077461538
-0.0077461503
-0.0077461461
-0.0067117281
-0.0067117287
-0.006711734
-0.006711738
-0.0067117287
-0.0067117177
-0.006711713
-0.0067117114
-0.0067117091
-0.0067117035
-0.0055770536
-0.0055770562
-0.0055770625
-0.005577067
-0.0055770595
-0.0055770509
-0.0055770473
-0.0055770448
-0.0055770408
-0.0055770348
-0.0043381904
-0.0043381924
-0.0043381987
-0.0043382047
-0.0043381999
-0.004338194
-0.0043381909
-0.0043381872
-0.0043381813
-0.0043381726
-0.0029906045
-0.0029906048
-0.0029906088
-0.0029906135
-0.0029906102
-0.0029906066
-0.0029906052
-0.0029906002
-0.0029905905
-0.0029905782
-0.0015291123
-0.0015291104
-0.0015291085
-0.0015291098
-0.0015291067
-0.0015291056
-0.0015291043
-0.0015290971
-0.0015290847
-0.0015290796
5.2216689e-05
5.2221568e-05
5.2227367e-05
5.2227472e-05
5.2229772e-05
5.2231595e-05
5.2235057e-05
5.2242411e-05
5.2246531e-05
5.2246797e-05
0.0017601663
0.0017601705
0.0017601745
0.0017601729
0.0017601773
0.0017601836
0.0017601881
0.001760191
0.0017601885
0.0017601925
0.0036024941
0.0036024942
0.0036024935
0.0036024912
0.003602499
0.0036025055
0.0036025059
0.0036025029
0.0036025059
0.0036025108
0.0055880812
0.0055880775
0.0055880732
0.0055880705
0.0055880769
0.0055880792
0.0055880752
0.005588072
0.0055880763
0.0055880887
0.0077270925
0.0077270883
0.0077270828
0.0077270784
0.007727082
0.0077270825
0.0077270783
0.0077270763
0.0077270846
0.0077271024
0.01003114
0.010031137
0.01003113
0.010031123
0.010031125
0.010031127
0.010031122
0.010031121
0.010031136
0.010031145
0.01251343
0.012513426
0.012513417
0.01251341
0.012513413
0.012513416
0.012513408
0.012513412
0.01251342
0.012513428
0.015188871
0.015188866
0.01518886
0.01518886
0.015188865
0.015188864
0.015188857
0.015188854
0.015188857
0.015188865
0.018074045
0.018074041
0.018074041
0.018074046
0.018074054
0.018074052
0.01807404
0.018074029
0.018074036
0.018074043
0.021186899
0.021186899
0.0211869
0.021186903
0.021186916
0.02118691
0.021186892
0.021186888
0.021186889
0.021186895
0.024545944
0.024545942
0.024545948
0.024545956
0.024545963
0.024545954
0.024545946
0.024545939
0.024545938
0.024545945
0.028168754
0.028168753
0.028168768
0.028168772
0.028168778
0.028168776
0.028168768
0.028168762
0.028168758
0.028168765
0.032069654
0.032069655
0.032069664
0.032069673
0.032069679
0.032069678
0.032069669
0.032069665
0.032069663
0.032069681
-0.013745929
-0.013745934
-0.013745917
-0.013745917
-0.013745905
-0.013745911
-0.013745915
-0.013745923
-0.013745929
-0.013745928
-0.013665879
-0.013665879
-0.013665862
-0.013665856
-0.013665854
-0.013665857
-0.013665862
-0.013665871
-0.013665877
-0.013665874
-0.013505551
-0.01350555
-0.013505548
-0.013505546
-0.013505543
-0.013505544
-0.013505554
-0.013505561
-0.013505564
-0.013505564
-0.013264589
-0.013264584
-0.013264585
-0.013264587
-0.013264582
-0.013264587
-0.013264599
-0.013264607
-0.013264611
-0.01326461
-0.012942358
-0.012942363
-0.012942369
-0.012942371
-0.012942373
-0.012942375
-0.012942386
-0.012942392
-0.012942391
-0.012942387
-0.012538072
-0.012538076
-0.01253808
-0.012538086
-0.012538087
-0.012538093
-0.012538103
-0.012538102
-0.012538099
-0.012538092
-0.012050667
-0.012050669
-0.012050676
-0.012050681
-0.012050683
-0.012050687
-0.012050692
-0.01205069
-0.012050685
-0.012050679
-0.01147887
-0.011478871
-0.011478877
-0.011478882
-0.011478883
-0.011478885
-0.011478889
-0.011478887
-0.01147888
-0.011478875
-0.010821151
-0.010821153
-0.010821156
-0.01082116
-0.010821158
-0.010821161
-0.010821166
-0.010821162
-0.01082115
-0.010821142
-0.010075699
-0.0100757
-0.010075706
-0.010075705
-0.010075703
-0.010075703
-0.010075705
-0.010075695
-0.010075678
-0.010075669
-0.0092403991
-0.0092404038
-0.0092404071
-0.0092404055
-0.0092404015
-0.0092403975
-0.0092403938
-0.0092403796
-0.0092403635
-0.0092403566
-0.0083128193
-0.0083128243
-0.0083128265
-0.0083128247
-0.008312816
-0.0083128064
-0.0083127986
-0.008312787
-0.0083127759
-0.0083127711
-0.0072901447
-0.0072901488
-0.0072901527
-0.0072901484
-0.007290137
-0.0072901254
-0.0072901199
-0.0072901125
-0.0072901032
-0.0072900959
-0.0061691502
-0.0061691558
-0.0061691591
-0.0061691546
-0.0061691449
-0.0061691367
-0.0061691343
-0.0061691265
-0.0061691132
-0.0061691038
-0.0049461556
-0.0049461589
-0.0049461618
-0.0049461592
-0.0049461539
-0.0049461499
-0.0049461477
-0.0049461366
-0.0049461192
-0.0049461069
-0.0036169453
-0.0036169466
-0.0036169487
-0.003616947
-0.0036169444
-0.0036169423
-0.0036169391
-0.003616925
-0.0036169047
-0.0036168889
-0.0021767005
-0.0021767003
-0.0021766986
-0.0021766948
-0.0021766916
-0.0021766894
-0.0021766849
-0.0021766699
-0.0021766492
-0.0021766415
-0.00061989272
-0.00061989024
-0.0006198854
-0.00061987958
-0.00061987505
-0.0006198708
-0.00061986548
-0.00061985175
-0.00061983953
-0.00061983726
0.0010598327
0.0010598345
0.0010598386
0.0010598447
0.0010598522
0.0010598598
0.0010598654
0.0010598751
0.001059882
0.0010598901
0.0028697951
0.002869794
0.0028697955
0.0028698018
0.0028698113
0.0028698176
0.0028698202
0.0028698254
0.0028698387
0.0028698479
0.0048184626
0.0048184594
0.0048184585
0.0048184628
0.0048184689
0.0048184709
0.00481847
0.0048184752
0.0048184902
0.0048185042
0.0069156731
0.0069156697
0.0069156665
0.0069156668
0.0069156697
0.0069156709
0.00691567
0.0069156762
0.0069156934
0.0069157117
0.0091729011
0.0091728979
0.0091728907
0.0091728878
0.0091728901
0.0091728939
0.0091728924
0.0091728994
0.0091729195
0.0091729285
0.011603573
0.011603567
0.011603559
0.011603556
0.011603561
0.011603565
0.01160356
0.011603569
0.011603581
0.011603588
0.014223419
0.014223412
0.014223409
0.014223412
0.014223417
0.014223416
0.014223411
0.014223412
0.01422342
0.014223428
0.017050772
0.017050768
0.01705077
0.017050776
0.017050782
0.017050781
0.017050769
0.017050765
0.017050778
0.017050786
0.020106625
0.020106624
0.020106627
0.020106632
0.020106644
0.020106636
0.02010662
0.020106624
0.020106629
0.020106632
0.023414101
0.023414101
0.02341411
0.023414116
0.023414121
0.023414112
0.023414109
0.023414104
0.023414107
0.023414117
0.026996805
0.026996806
0.026996822
0.026996823
0.026996829
0.026996829
0.026996823
0.026996818
0.026996825
0.026996834
0.03087543
0.030875432
0.030875441
0.030875444
0.030875454
0.030875456
0.030875446
0.030875448
0.030875455
0.030875463
-0.014340923
-0.014340929
-0.014340914
-0.014340918
-0.014340904
-0.014340905
-0.014340901
-0.014340896
-0.014340893
-0.014340887
-0.014261706
-0.014261713
-0.014261702
-0.014261696
-0.01426169
-0.014261685
-0.01426168
-0.014261678
-0.014261676
-0.01426167
-0.014103065
-0.014103077
-0.014103071
-0.014103068
-0.014103059
-0.014103055
-0.014103057
-0.014103054
-0.014103049
-0.014103044
-0.013864673
-0.013864674
-0.013864673
-0.013864669
-0.013864659
-0.013864662
-0.013864668
-0.013864668
-0.013864665
-0.013864659
-0.013545931
-0.013545941
-0.013545939
-0.013545936
-0.013545936
-0.013545939
-0.013545944
-0.013545939
-0.013545931
-0.013545925
-0.013146119
-0.013146125
-0.013146122
-0.013146125
-0.013146127
-0.013146132
-0.013146132
-0.013146121
-0.013146112
-0.013146106
-0.012664254
-0.012664257
-0.012664261
-0.012664266
-0.012664267
-0.012664268
-0.012664264
-0.012664254
-0.012664248
-0.012664245
-0.012099166
-0.012099171
-0.012099175
-0.012099179
-0.012099179
-0.012099178
-0.012099177
-0.012099169
-0.012099164
-0.012099159
-0.011449453
-0.011449459
-0.01144946
-0.011449462
-0.01144946
-0.011449462
-0.011449464
-0.011449452
-0.011449441
-0.011449429
-0.01071345
-0.010713455
-0.010713456
-0.010713455
-0.010713452
-0.010713455
-0.010713452
-0.01071343
-0.010713413
-0.0107134
-0.0098892216
-0.0098892299
-0.0098892288
-0.0098892266
-0.0098892218
-0.0098892177
-0.0098892057
-0.0098891792
-0.0098891641
-0.0098891572
-0.0089745486
-0.0089745566
-0.0089745543
-0.0089745512
-0.0089745392
-0.0089745266
-0.0089745113
-0.0089744897
-0.0089744807
-0.0089744764
-0.0079668633
-0.0079668701
-0.0079668683
-0.0079668615
-0.0079668454
-0.0079668317
-0.0079668215
-0.0079668049
-0.0079667951
-0.0079667855
-0.0068632352
-0.0068632418
-0.0068632377
-0.0068632305
-0.0068632171
-0.006863209
-0.0068632014
-0.0068631819
-0.0068631656
-0.0068631524
-0.0056603253
-0.0056603285
-0.0056603239
-0.0056603201
-0.0056603125
-0.0056603075
-0.0056602977
-0.0056602728
-0.0056602538
-0.0056602388
-0.0043543175
-0.0043543196
-0.0043543161
-0.0043543144
-0.0043543089
-0.0043543033
-0.004354292
-0.0043542656
-0.0043542454
-0.0043542286
-0.0029408519
-0.0029408545
-0.002940849
-0.0029408451
-0.0029408378
-0.0029408318
-0.0029408201
-0.0029407945
-0.0029407731
-0.0029407648
-0.0014149173
-0.0014149189
-0.0014149107
-0.0014149045
-0.0014148962
-0.0014148886
-0.0014148755
-0.0014148498
-0.0014148358
-0.0014148328
0.00022926804
0.00022926609
0.00022927372
0.00022927951
0.00022929006
0.00022930156
0.00022931655
0.00022933947
0.00022934857
0.00022935817
0.0019984046
0.001998401
0.0019984058
0.0019984107
0.0019984228
0.0019984338
0.0019984461
0.0019984639
0.0019984803
0.0019984929
0.0039003223
0.0039003169
0.0039003183
0.003900321
0.0039003297
0.0039003364
0.0039003443
0.0039003629
0.0039003807
0.0039003952
0.0059442571
0.005944251
0.0059442493
0.0059442489
0.0059442547
0.005944261
0.0059442691
0.0059442889
0.005944306
0.0059443206
0.0081412274
0.0081412212
0.0081412157
0.0081412126
0.0081412184
0.0081412278
0.0081412349
0.0081412521
0.0081412701
0.0081412793
0.01050454
0.010504532
0.010504525
0.010504522
0.01050453
0.010504538
0.01050454
0.010504558
0.010504569
0.010504577
0.013050457
0.01305045
0.013050447
0.013050447
0.013050456
0.013050459
0.013050458
0.01305047
0.01305048
0.013050486
0.015799003
0.015798998
0.015799
0.015799003
0.015799013
0.015799014
0.015799007
0.015799015
0.015799027
0.015799031
0.018774732
0.018774732
0.018774737
0.018774738
0.018774749
0.018774743
0.018774738
0.01877475
0.018774748
0.018774754
0.022007042
0.022007045
0.022007052
0.022007049
0.022007059
0.022007056
0.022007058
0.022007058
0.022007064
0.022007075
0.025528966
0.025528964
0.025528978
0.025528973
0.025528983
0.025528988
0.02552898
0.025528987
0.025528992
0.025529005
0.029372644
0.029372643
0.029372657
0.029372653
0.02937266
0.029372664
0.02937266
0.029372673
0.02937268
0.029372679
-0.015015133
-0.015015135
-0.015015132
-0.015015134
-0.015015118
-0.015015104
-0.015015089
-0.015015075
-0.015015066
-0.015015055
-0.014936932
-0.014936951
-0.014936943
-0.014936931
-0.014936916
-0.0149369
-0.014936886
-0.014936878
-0.014936872
-0.014936865
-0.014780356
-0.01478037
-0.014780358
-0.014780352
-0.014780338
-0.014780326
-0.014780317
-0.014780307
-0.014780295
-0.014780284
-0.014545084
-0.014545085
-0.01454508
-0.014545074
-0.014545061
-0.014545057
-0.014545053
-0.014545043
-0.014545032
-0.014545014
-0.014230587
-0.01423059
-0.014230585
-0.014230583
-0.014230582
-0.01423058
-0.014230572
-0.014230557
-0.014230543
-0.014230529
-0.013836201
-0.013836202
-0.0138362
-0.013836206
-0.013836208
-0.013836204
-0.01383619
-0.013836173
-0.013836162
-0.013836152
-0.013361053
-0.013361055
-0.01336106
-0.013361067
-0.013361066
-0.013361058
-0.013361041
-0.013361031
-0.013361025
-0.013361016
-0.012804086
-0.012804091
-0.012804095
-0.0128041
-0.012804097
-0.01280409
-0.012804078
-0.012804072
-0.012804065
-0.012804052
-0.012164038
-0.012164041
-0.012164042
-0.012164045
-0.012164043
-0.012164042
-0.01216403
-0.012164018
-0.012164004
-0.012163987
-0.01143941
-0.011439412
-0.011439413
-0.011439414
-0.011439414
-0.011439411
-0.011439391
-0.011439371
-0.011439352
-0.011439335
-0.010628478
-0.010628483
-0.010628483
-0.010628482
-0.010628478
-0.010628466
-0.010628438
-0.010628415
-0.0106284
-0.010628386
-0.0097292657
-0.0097292703
-0.0097292692
-0.0097292653
-0.0097292521
-0.0097292335
-0.0097292052
-0.0097291865
-0.0097291753
-0.0097291632
-0.0087394943
-0.0087394976
-0.0087394965
-0.0087394877
-0.0087394711
-0.0087394539
-0.0087394301
-0.008739413
-0.0087393996
-0.0087393847
-0.0076565751
-0.0076565778
-0.007656574
-0.0076565658
-0.0076565527
-0.0076565401
-0.0076565161
-0.0076564946
-0.0076564753
-0.0076564567
-0.0064775714
-0.0064775708
-0.006477567
-0.0064775629
-0.0064775547
-0.0064775431
-0.0064775166
-0.0064774919
-0.0064774701
-0.0064774485
-0.0051991396
-0.0051991383
-0.0051991366
-0.0051991345
-0.0051991281
-0.0051991161
-0.0051990892
-0.0051990637
-0.00519904
-0.0051990212
-0.0038174692
-0.0038174694
-0.0038174664
-0.0038174629
-0.0038174557
-0.0038174435
-0.0038174161
-0.0038173892
-0.0038173659
-0.0038173574
-0.0023281843
-0.0023281846
-0.0023281799
-0.0023281757
-0.0023281679
-0.0023281532
-0.0023281232
-0.0023280957
-0.0023280812
-0.0023280691
-0.00072623364
-0.00072623479
-0.00072623134
-0.00072622902
-0.00072621878
-0.00072620016
-0.00072616754
-0.00072614329
-0.00072612832
-0.00072610955
0.00099425466
0.00099425159
0.0009942519
0.00099425286
0.00099426467
0.00099428324
0.00099431261
0.0009943345
0.00099435994
0.00099437105
0.0028401901
0.0028401846
0.002840182
0.0028401819
0.0028401912
0.0028402061
0.0028402314
0.0028402553
0.0028402748
0.0028402914
0.004819828
0.0048198213
0.004819817
0.0048198161
0.0048198232
0.0048198369
0.0048198621
0.0048198833
0.0048198995
0.0048199241
0.0069432243
0.006943217
0.0069432102
0.0069432081
0.0069432146
0.0069432293
0.0069432508
0.0069432688
0.0069432939
0.0069433065
0.0092229057
0.0092228967
0.0092228893
0.0092228864
0.0092228927
0.0092229044
0.0092229212
0.0092229436
0.0092229595
0.0092229693
0.011674875
0.011674867
0.011674863
0.011674862
0.011674869
0.011674875
0.011674892
0.011674907
0.011674916
0.011674928
0.014320061
0.014320057
0.014320057
0.014320058
0.014320065
0.01432007
0.014320079
0.014320086
0.014320099
0.014320111
0.017186273
0.017186274
0.017186275
0.017186273
0.017186283
0.017186286
0.017186293
0.017186301
0.017186308
0.017186323
0.020310386
0.020310384
0.020310387
0.020310388
0.020310395
0.020310392
0.020310402
0.020310408
0.020310421
0.02031043
0.023739391
0.023739385
0.023739403
0.023739398
0.0237394
0.023739405
0.023739412
0.023739424
0.023739427
0.023739437
0.027526353
0.027526351
0.027526369
0.027526364
0.027526366
0.027526372
0.027526382
0.027526387
0.027526393
0.027526407
-0.015767523
-0.01576753
-0.015767532
-0.015767524
-0.015767506
-0.015767482
-0.015767463
-0.015767448
-0.015767436
-0.015767418
-0.015690511
-0.015690534
-0.015690527
-0.015690509
-0.015690487
-0.015690465
-0.015690448
-0.015690438
-0.015690429
-0.015690417
-0.015536328
-0.015536342
-0.015536331
-0.015536318
-0.015536301
-0.015536284
-0.01553627
-0.015536255
-0.015536238
-0.015536225
-0.015304678
-0.015304683
-0.015304676
-0.015304667
-0.015304657
-0.015304646
-0.01530463
-0.015304616
-0.015304597
-0.015304581
-0.014995107
-0.014995109
-0.014995106
-0.014995107
-0.014995107
-0.014995093
-0.014995074
-0.014995058
-0.014995039
-0.014995027
-0.014607019
-0.014607024
-0.014607026
-0.014607034
-0.014607033
-0.014607016
-0.014606997
-0.01460698
-0.014606965
-0.014606952
-0.014139652
-0.01413966
-0.014139666
-0.014139672
-0.01413967
-0.014139651
-0.014139634
-0.014139622
-0.014139608
-0.014139594
-0.013592074
-0.013592083
-0.013592085
-0.013592091
-0.013592089
-0.013592071
-0.013592059
-0.013592048
-0.013592034
-0.013592022
-0.012963173
-0.012963178
-0.012963177
-0.012963185
-0.012963184
-0.012963167
-0.012963154
-0.012963141
-0.012963123
-0.01296311
-0.012251642
-0.012251645
-0.012251646
-0.01225165
-0.01225165
-0.01225163
-0.01225161
-0.012251593
-0.012251573
-0.012251555
-0.011455987
-0.011455992
-0.011455991
-0.011455993
-0.011455988
-0.011455961
-0.011455937
-0.011455917
-0.011455898
-0.011455883
-0.010574501
-0.010574506
-0.010574503
-0.010574501
-0.01057449
-0.010574458
-0.010574434
-0.010574414
-0.010574398
-0.010574388
-0.0096052288
-0.0096052325
-0.0096052295
-0.0096052224
-0.0096052082
-0.0096051788
-0.009605156
-0.0096051364
-0.0096051194
-0.0096051008
-0.0085459615
-0.0085459666
-0.0085459602
-0.0085459539
-0.008545943
-0.0085459167
-0.0085458917
-0.0085458697
-0.0085458442
-0.008545824
-0.007394216
-0.0073942188
-0.0073942124
-0.0073942115
-0.0073942051
-0.0073941783
-0.007394151
-0.0073941254
-0.0073940981
-0.007394086
-0.0061471839
-0.0061471853
-0.0061471834
-0.0061471857
-0.0061471802
-0.0061471515
-0.006147124
-0.0061470985
-0.0061470767
-0.006147062
-0.0048016859
-0.0048016892
-0.0048016882
-0.0048016883
-0.0048016817
-0.0048016529
-0.0048016266
-0.0048016027
-0.0048015797
-0.004801564
-0.003354094
-0.0033540984
-0.0033540959
-0.0033540948
-0.003354089
-0.0033540608
-0.0033540344
-0.0033540077
-0.0033539823
-0.0033539695
-0.0018002431
-0.0018002471
-0.0018002451
-0.0018002483
-0.0018002419
-0.0018002123
-0.0018001806
-0.0018001517
-0.0018001291
-0.0018001147
-0.00013530668
-0.00013531121
-0.00013531176
-0.00013531819
-0.00013530943
-0.00013527884
-0.00013524661
-0.00013522005
-0.0001351958
-0.0001351837
0.0016463934
0.0016463863
0.0016463835
0.0016463777
0.0016463859
0.001646414
0.0016464402
0.0016464647
0.0016464899
0.0016465093
0.0035516766
0.0035516677
0.0035516647
0.0035516617
0.0035516662
0.0035516916
0.0035517157
0.0035517376
0.0035517643
0.0035517873
0.0055889638
0.0055889541
0.0055889517
0.0055889479
0.005588947
0.0055889731
0.0055889965
0.0055890221
0.0055890508
0.0055890592
0.0077690049
0.007768996
0.0077689934
0.0077689836
0.0077689838
0.0077690079
0.0077690255
0.0077690543
0.0077690727
0.0077690892
0.010106096
0.01010609
0.010106086
0.010106078
0.010106081
0.010106098
0.010106116
0.010106134
0.010106149
0.010106168
0.012620118
0.012620112
0.012620111
0.012620109
0.01262011
0.012620126
0.012620142
0.012620153
0.012620177
0.012620186
0.015339934
0.015339931
0.01533993
0.015339926
0.015339931
0.015339944
0.015339949
0.015339969
0.015339984
0.015339999
0.018308842
0.018308835
0.018308841
0.018308839
0.018308836
0.018308846
0.018308861
0.018308873
0.018308883
0.0183089
0.021591881
0.021591877
0.021591894
0.021591885
0.021591881
0.0215919
0.021591907
0.021591915
0.02159194
0.02159194
0.025279845
0.025279834
0.02527984
0.025279844
0.025279844
0.025279854
0.025279868
0.025279879
0.025279886
0.025279908
-0.016596919
-0.016596904
-0.016596905
-0.016596891
-0.01659688
-0.016596861
-0.016596847
-0.016596829
-0.016596814
-0.016596791
-0.016521216
-0.016521226
-0.016521218
-0.01652121
-0.016521196
-0.016521175
-0.01652116
-0.016521148
-0.016521134
-0.016521113
-0.016369722
-0.016369723
-0.016369722
-0.016369717
-0.016369702
-0.016369685
-0.01636967
-0.016369648
-0.016369628
-0.016369614
-0.016142147
-0.016142151
-0.016142152
-0.016142151
-0.016142142
-0.016142129
-0.016142107
-0.016142086
-0.016142062
-0.016142049
-0.01583811
-0.015838113
-0.015838116
-0.015838125
-0.015838121
-0.015838106
-0.015838083
-0.015838062
-0.01583804
-0.015838028
-0.015457093
-0.015457101
-0.015457107
-0.015457119
-0.015457113
-0.015457098
-0.015457077
-0.015457055
-0.015457037
-0.015457022
-0.014998443
-0.014998453
-0.014998462
-0.01499847
-0.014998464
-0.014998451
-0.014998433
-0.01499841
-0.014998394
-0.014998378
-0.014461359
-0.014461372
-0.014461377
-0.014461385
-0.014461378
-0.014461364
-0.01446135
-0.01446133
-0.014461314
-0.014461297
-0.013844898
-0.013844908
-0.01384491
-0.013844919
-0.013844911
-0.013844897
-0.013844881
-0.013844864
-0.013844844
-0.013844829
-0.01314796
-0.013147963
-0.013147967
-0.013147974
-0.013147965
-0.01314795
-0.013147927
-0.013147909
-0.01314789
-0.013147881
-0.012369293
-0.012369294
-0.012369298
-0.012369306
-0.012369291
-0.01236927
-0.012369245
-0.012369223
-0.012369211
-0.0123692
-0.011507482
-0.011507478
-0.011507482
-0.011507487
-0.011507468
-0.011507443
-0.01150742
-0.011507395
-0.011507385
-0.011507364
-0.010560915
-0.01056091
-0.010560912
-0.010560909
-0.010560889
-0.010560868
-0.010560848
-0.010560819
-0.010560799
-0.010560772
-0.00952779
-0.0095277885
-0.0095277849
-0.0095277843
-0.0095277691
-0.0095277502
-0.0095277261
-0.0095276958
-0.0095276682
-0.0095276507
-0.0084061156
-0.0084061161
-0.0084061139
-0.008406121
-0.0084061087
-0.0084060853
-0.0084060577
-0.0084060298
-0.0084060071
-0.0084059978
-0.0071936719
-0.0071936724
-0.0071936764
-0.0071936864
-0.0071936742
-0.0071936487
-0.0071936218
-0.0071935943
-0.0071935754
-0.00719356
-0.005887975
-0.0058879759
-0.0058879825
-0.005887988
-0.005887978
-0.0058879549
-0.0058879287
-0.0058879007
-0.0058878782
-0.0058878636
-0.0044862323
-0.0044862357
-0.004486244
-0.0044862465
-0.0044862387
-0.0044862159
-0.0044861892
-0.0044861601
-0.0044861404
-0.004486133
-0.0029852993
-0.0029853043
-0.0029853128
-0.0029853187
-0.0029853062
-0.0029852825
-0.0029852536
-0.0029852243
-0.0029852074
-0.0029851906
-0.0013815905
-0.0013815957
-0.0013816001
-0.0013816092
-0.0013815926
-0.0013815735
-0.0013815441
-0.0013815172
-0.001381494
-0.0013814735
0.00032905335
0.00032904809
0.00032904718
0.00032903563
0.00032904654
0.00032906264
0.00032908884
0.00032911832
0.00032914453
0.00032915662
0.0021515629
0.0021515609
0.0021515568
0.0021515436
0.0021515489
0.0021515702
0.0021515957
0.0021516274
0.0021516505
0.0021516686
0.004091992
0.0040919908
0.0040919772
0.0040919625
0.0040919649
0.0040919882
0.0040920147
0.0040920436
0.0040920671
0.004092088
0.0061580977
0.0061580916
0.0061580737
0.0061580579
0.0061580628
0.0061580809
0.0061581051
0.0061581368
0.0061581576
0.0061581741
0.0083604267
0.0083604203
0.008360409
0.0083603956
0.0083604035
0.008360417
0.0083604397
0.0083604696
0.0083604904
0.0083605141
0.010714406
0.010714406
0.010714398
0.010714385
0.01071439
0.010714406
0.010714423
0.010714445
0.010714473
0.010714496
0.013244523
0.013244524
0.013244515
0.013244502
0.013244506
0.013244518
0.013244533
0.013244562
0.013244579
0.013244586
0.015993182
0.015993182
0.015993174
0.015993164
0.015993168
0.015993176
0.015993197
0.015993214
0.015993225
0.015993244
0.019039483
0.019039481
0.019039479
0.019039472
0.019039476
0.019039491
0.019039503
0.019039516
0.019039523
0.019039541
0.022534093
0.022534091
0.022534089
0.02253408
0.022534091
0.022534106
0.022534107
0.022534135
0.02253414
0.022534134
-0.017502012
-0.017501955
-0.017501952
-0.017501941
-0.017501942
-0.017501935
-0.01750193
-0.017501901
-0.017501876
-0.017501854
-0.017427728
-0.017427723
-0.017427717
-0.017427717
-0.017427718
-0.017427695
-0.017427685
-0.017427674
-0.017427655
-0.017427629
-0.017279171
-0.017279161
-0.017279176
-0.017279184
-0.017279168
-0.017279143
-0.017279126
-0.017279104
-0.017279087
-0.017279072
-0.017056068
-0.017056063
-0.017056082
-0.017056092
-0.017056082
-0.017056065
-0.017056037
-0.017056008
-0.017055977
-0.017055963
-0.016758084
-0.016758085
-0.01675809
-0.016758111
-0.016758113
-0.016758103
-0.016758069
-0.016758042
-0.016758007
-0.016757994
-0.016384796
-0.0163848
-0.016384805
-0.016384824
-0.016384826
-0.016384816
-0.016384786
-0.016384757
-0.01638473
-0.01638472
-0.015935648
-0.015935662
-0.015935674
-0.015935683
-0.015935681
-0.015935671
-0.015935649
-0.015935616
-0.015935597
-0.015935583
-0.015409989
-0.015410022
-0.015410033
-0.015410033
-0.015410026
-0.015410008
-0.015409997
-0.015409971
-0.015409954
-0.015409936
-0.014807058
-0.014807085
-0.014807095
-0.0148071
-0.014807095
-0.014807078
-0.014807067
-0.014807058
-0.014807034
-0.01480702
-0.014125961
-0.014125977
-0.014125988
-0.014125999
-0.014125994
-0.014125983
-0.014125961
-0.014125957
-0.014125938
-0.014125939
-0.013365703
-0.013365713
-0.013365727
-0.013365743
-0.013365732
-0.013365719
-0.013365686
-0.013365668
-0.013365664
-0.013365675
-0.012525185
-0.012525177
-0.012525182
-0.012525196
-0.012525187
-0.01252517
-0.012525137
-0.012525098
-0.012525096
-0.012525102
-0.011603136
-0.011603117
-0.011603111
-0.011603111
-0.011603101
-0.011603084
-0.011603066
-0.011603021
-0.011603002
-0.011602992
-0.010598155
-0.01059815
-0.010598135
-0.01059813
-0.010598112
-0.010598098
-0.010598095
-0.010598063
-0.010598027
-0.010598009
-0.0095087773
-0.0095087862
-0.0095087734
-0.009508772
-0.0095087542
-0.0095087387
-0.0095087292
-0.0095087068
-0.0095086735
-0.0095086599
-0.0083334057
-0.0083334138
-0.0083334087
-0.0083334167
-0.0083334153
-0.0083333983
-0.0083333707
-0.0083333437
-0.0083333155
-0.0083333104
-0.0070702933
-0.0070702969
-0.007070298
-0.0070703071
-0.0070703233
-0.007070309
-0.007070277
-0.0070702418
-0.007070216
-0.0070702123
-0.0057175404
-0.0057175451
-0.0057175615
-0.0057175636
-0.0057175766
-0.0057175622
-0.005717536
-0.0057175045
-0.0057174818
-0.0057174714
-0.0042731075
-0.0042731125
-0.0042731383
-0.0042731399
-0.0042731355
-0.0042731211
-0.0042730961
-0.0042730746
-0.0042730529
-0.0042730418
-0.0027347791
-0.0027347857
-0.0027347977
-0.0027348077
-0.002734792
-0.0027347843
-0.0027347574
-0.0027347313
-0.0027347098
-0.0027347067
-0.0011001188
-0.0011001293
-0.0011001222
-0.0011001403
-0.0011001308
-0.0011001269
-0.0011001035
-0.0011000723
-0.0011000489
-0.0011000502
0.00063356886
0.00063356092
0.00063356707
0.00063354653
0.00063353924
0.00063355447
0.00063357905
0.00063360733
0.00063362955
0.00063362562
0.0024693772
0.0024693734
0.002469357
0.0024693335
0.002469317
0.0024693413
0.0024693735
0.0024694083
0.0024694291
0.0024694243
0.0044109962
0.0044109902
0.0044109588
0.0044109317
0.0044109215
0.0044109401
0.0044109769
0.0044110202
0.0044110411
0.0044110426
0.0064631409
0.0064631307
0.006463109
0.0064630825
0.0064630842
0.0064631008
0.0064631349
0.0064631748
0.0064632031
0.0064632159
0.0086325842
0.0086325792
0.0086325742
0.008632553
0.0086325606
0.0086325742
0.0086326006
0.0086326343
0.0086326667
0.0086326917
0.010930578
0.010930572
0.010930567
0.010930555
0.01093056
0.010930574
0.0109306
0.010930627
0.010930648
0.010930669
0.013379883
0.01337987
0.013379858
0.013379851
0.013379849
0.013379867
0.013379891
0.013379908
0.013379915
0.013379928
0.016038796
0.016038785
0.016038772
0.016038768
0.016038766
0.016038787
0.016038804
0.016038814
0.016038809
0.016038802
0.019095745
0.019095737
0.019095728
0.019095736
0.019095735
0.019095752
0.019095762
0.019095777
0.019095762
0.019095756
)
;

boundaryField
{
    block1_in
    {
        type            fixedValue;
        value           nonuniform List<scalar> 
300
(
-0.014097551
-0.014029066
-0.013892013
-0.013686188
-0.013411294
-0.013066959
-0.012652696
-0.012167928
-0.011611987
-0.010984101
-0.010283415
-0.0095089854
-0.0086597494
-0.0077345546
-0.0067322027
-0.0056514092
-0.0044908058
-0.0032489749
-0.0019244508
-0.00051572851
0.00097871063
0.0025603754
0.0042307455
0.0059912396
0.0078431833
0.0097877917
0.011826139
0.013959114
0.016187403
0.018511481
-0.014097548
-0.014029074
-0.013892019
-0.013686194
-0.013411305
-0.013066969
-0.012652704
-0.012167938
-0.011611996
-0.010984106
-0.010283423
-0.0095089923
-0.0086597496
-0.0077345569
-0.0067322069
-0.0056514123
-0.0044908116
-0.0032489814
-0.0019244546
-0.00051573133
0.00097870619
0.0025603708
0.0042307413
0.0059912319
0.0078431725
0.0097877833
0.011826133
0.013959108
0.016187394
0.018511473
-0.014097552
-0.014029077
-0.013892028
-0.013686208
-0.013411317
-0.013066981
-0.01265272
-0.012167952
-0.011612004
-0.010984116
-0.010283432
-0.0095089963
-0.008659751
-0.0077345587
-0.0067322117
-0.0056514213
-0.0044908215
-0.0032489909
-0.0019244639
-0.00051573901
0.00097870075
0.0025603645
0.0042307291
0.0059912138
0.0078431554
0.0097877701
0.01182612
0.013959096
0.016187385
0.018511464
-0.014097559
-0.014029085
-0.013892041
-0.013686221
-0.013411333
-0.013067002
-0.01265274
-0.012167966
-0.011612017
-0.010984129
-0.010283442
-0.0095090027
-0.0086597552
-0.0077345646
-0.0067322207
-0.0056514328
-0.0044908363
-0.0032490087
-0.0019244812
-0.00051575318
0.00097868815
0.0025603482
0.0042307059
0.0059911882
0.0078431343
0.0097877533
0.011826105
0.013959084
0.016187376
0.018511459
-0.01409756
-0.01402909
-0.013892041
-0.013686223
-0.01341134
-0.013067011
-0.012652746
-0.012167971
-0.01161202
-0.010984129
-0.01028344
-0.0095089983
-0.0086597503
-0.0077345606
-0.0067322183
-0.005651433
-0.0044908405
-0.0032490167
-0.0019244892
-0.00051575847
0.00097868244
0.0025603389
0.0042306955
0.005991181
0.0078431297
0.0097877487
0.011826101
0.013959081
0.016187376
0.018511463
-0.01409756
-0.014029084
-0.013892032
-0.013686216
-0.013411334
-0.013067004
-0.01265274
-0.012167964
-0.01161201
-0.010984116
-0.010283427
-0.0095089845
-0.0086597356
-0.0077345465
-0.0067322058
-0.0056514219
-0.004490832
-0.0032490098
-0.0019244814
-0.00051575078
0.00097868875
0.0025603467
0.004230708
0.0059911961
0.007843144
0.0097877627
0.011826114
0.013959091
0.016187388
0.018511477
-0.014097551
-0.01402907
-0.013892017
-0.013686197
-0.013411312
-0.013066981
-0.012652717
-0.012167941
-0.011611988
-0.010984097
-0.010283408
-0.009508964
-0.0086597143
-0.0077345266
-0.0067321871
-0.0056514036
-0.0044908137
-0.003248991
-0.0019244627
-0.00051573204
0.00097870926
0.0025603701
0.0042307342
0.0059912247
0.0078431747
0.0097877933
0.011826139
0.013959112
0.016187408
0.018511492
-0.014097538
-0.014029056
-0.013891996
-0.013686171
-0.013411284
-0.01306695
-0.012652685
-0.012167914
-0.011611968
-0.010984081
-0.010283391
-0.0095089439
-0.0086596934
-0.0077345064
-0.0067321677
-0.0056513845
-0.0044907947
-0.003248972
-0.001924442
-0.00051570825
0.00097873411
0.002560394
0.0042307604
0.0059912562
0.007843209
0.0097878262
0.011826169
0.013959138
0.016187426
0.018511503
-0.014097526
-0.014029041
-0.013891977
-0.01368615
-0.013411262
-0.013066925
-0.012652662
-0.012167899
-0.011611959
-0.010984073
-0.010283383
-0.0095089347
-0.0086596817
-0.007734494
-0.0067321567
-0.0056513748
-0.0044907852
-0.0032489616
-0.0019244285
-0.00051569213
0.00097874806
0.002560407
0.0042307775
0.0059912761
0.0078432293
0.0097878484
0.011826191
0.013959154
0.016187431
0.018511506
-0.014097513
-0.014029026
-0.013891964
-0.013686138
-0.013411249
-0.013066912
-0.012652652
-0.012167891
-0.011611952
-0.010984068
-0.010283379
-0.0095089292
-0.008659674
-0.0077344878
-0.006732152
-0.0056513691
-0.0044907798
-0.0032489561
-0.0019244188
-0.00051568261
0.00097875386
0.0025604151
0.0042307884
0.0059912863
0.0078432413
0.0097878602
0.011826198
0.013959158
0.016187435
0.018511503
)
;
    }
    block1_out
    {
        type            fixedValue;
        value           nonuniform List<scalar> 
300
(
-0.01799157
-0.017918121
-0.017771148
-0.017550443
-0.017255701
-0.016886555
-0.016442504
-0.01592296
-0.015327246
-0.014654573
-0.013904072
-0.013074793
-0.012165658
-0.011175499
-0.010103095
-0.0089471473
-0.0077062762
-0.0063790492
-0.004963983
-0.0034595507
-0.0018642195
-0.0001764736
0.0016051793
0.0034821745
0.0054558499
0.0075274271
0.0096979846
0.011968417
0.014339411
0.016811447
-0.017991558
-0.017918125
-0.017771153
-0.017550448
-0.017255712
-0.016886564
-0.016442511
-0.01592297
-0.015327253
-0.014654575
-0.01390408
-0.013074801
-0.01216566
-0.0111755
-0.010103097
-0.0089471485
-0.0077062801
-0.0063790557
-0.0049639868
-0.0034595521
-0.0018642236
-0.00017648083
0.0016051713
0.0034821638
0.0054558362
0.0075274139
0.0096979732
0.011968406
0.014339399
0.016811437
-0.017991558
-0.017918126
-0.017771161
-0.01755046
-0.017255724
-0.016886575
-0.016442524
-0.01592298
-0.015327257
-0.014654582
-0.013904089
-0.013074806
-0.01216566
-0.011175498
-0.010103096
-0.0089471518
-0.007706287
-0.0063790623
-0.0049639908
-0.0034595549
-0.0018642276
-0.00017648823
0.0016051572
0.0034821432
0.0054558155
0.007527397
0.0096979569
0.011968391
0.01433939
0.016811431
-0.017991561
-0.01791813
-0.017771169
-0.017550469
-0.017255737
-0.016886591
-0.016442538
-0.015922988
-0.015327263
-0.01465459
-0.013904096
-0.013074808
-0.012165658
-0.011175496
-0.010103096
-0.0089471554
-0.0077062939
-0.0063790706
-0.0049639985
-0.0034595613
-0.0018642352
-0.00017650154
0.0016051361
0.0034821185
0.0054557947
0.0075273814
0.0096979436
0.011968383
0.014339388
0.01681143
-0.017991557
-0.017918129
-0.017771162
-0.017550466
-0.01725574
-0.016886595
-0.016442541
-0.015922987
-0.015327261
-0.014654587
-0.013904091
-0.013074801
-0.012165649
-0.011175486
-0.010103088
-0.0089471503
-0.0077062911
-0.0063790697
-0.0049639974
-0.0034595597
-0.0018642364
-0.00017650686
0.0016051295
0.0034821139
0.0054557921
0.0075273801
0.0096979452
0.011968386
0.01433939
0.016811435
-0.017991555
-0.01791812
-0.017771147
-0.017550452
-0.017255727
-0.016886585
-0.016442531
-0.015922976
-0.015327248
-0.014654573
-0.013904078
-0.013074785
-0.012165631
-0.01117547
-0.010103075
-0.008947138
-0.0077062793
-0.0063790583
-0.0049639858
-0.0034595492
-0.0018642276
-0.00017649697
0.0016051436
0.0034821303
0.0054558077
0.0075273961
0.0096979597
0.011968396
0.014339402
0.016811449
-0.017991543
-0.017918102
-0.017771127
-0.017550429
-0.017255703
-0.016886561
-0.016442507
-0.015922953
-0.015327228
-0.014654556
-0.013904057
-0.01307476
-0.012165606
-0.011175449
-0.010103056
-0.0089471178
-0.0077062582
-0.0063790374
-0.0049639656
-0.0034595287
-0.001864206
-0.00017647312
0.0016051698
0.0034821581
0.0054558375
0.0075274241
0.0096979811
0.011968416
0.014339421
0.016811462
-0.017991524
-0.017918082
-0.017771102
-0.0175504
-0.017255673
-0.016886528
-0.016442472
-0.015922924
-0.015327207
-0.014654536
-0.013904032
-0.013074731
-0.012165576
-0.011175421
-0.010103028
-0.0089470897
-0.0077062311
-0.0063790113
-0.0049639383
-0.0034594995
-0.0018641761
-0.00017644425
0.0016052001
0.0034821938
0.005455874
0.0075274552
0.0096980098
0.011968441
0.014339438
0.016811475
-0.017991507
-0.017918063
-0.017771081
-0.017550378
-0.017255651
-0.016886502
-0.016442447
-0.015922907
-0.015327195
-0.014654522
-0.013904015
-0.013074712
-0.012165557
-0.0111754
-0.010103007
-0.0089470705
-0.0077062136
-0.0063789941
-0.004963919
-0.0034594767
-0.0018641537
-0.00017642197
0.0016052267
0.0034822212
0.0054558978
0.0075274793
0.0096980331
0.011968458
0.014339446
0.016811484
-0.017991492
-0.017918047
-0.017771069
-0.017550368
-0.017255639
-0.016886488
-0.016442438
-0.015922901
-0.015327186
-0.014654512
-0.013904008
-0.013074705
-0.012165546
-0.011175389
-0.010102998
-0.0089470615
-0.0077062061
-0.0063789881
-0.0049639069
-0.0034594623
-0.0018641418
-0.0001764064
0.0016052436
0.0034822349
0.0054559127
0.0075274943
0.0096980419
0.011968464
0.014339454
0.016811484
)
;
    }
    block1_wall1
    {
        type            zeroGradient;
    }
    block1_wall2
    {
        type            zeroGradient;
    }
    block1_wall3
    {
        type            zeroGradient;
    }
    block1_wall4
    {
        type            zeroGradient;
    }
}


// ************************************************************************* //
