/*--------------------------------*- C++ -*----------------------------------*\
| =========                 |                                                 |
| \\      /  F ield         | OpenFOAM: The Open Source CFD Toolbox           |
|  \\    /   O peration     | Version:  v2106                                 |
|   \\  /    A nd           | Website:  www.openfoam.com                      |
|    \\/     M anipulation  |                                                 |
\*---------------------------------------------------------------------------*/
FoamFile
{
    version     2.0;
    format      ascii;
    arch        "LSB;label=32;scalar=64";
    class       volScalarField;
    location    "0";
    object      Tmode2;
}
// * * * * * * * * * * * * * * * * * * * * * * * * * * * * * * * * * * * * * //

dimensions      [0 0 0 1 0 0 0];

internalField   nonuniform List<scalar> 
6000
(
-0.020680769
-0.020680768
-0.020680768
-0.020680766
-0.020680767
-0.020680766
-0.020680767
-0.020680767
-0.020680767
-0.020680769
-0.020687723
-0.020687722
-0.020687722
-0.02068772
-0.02068772
-0.02068772
-0.020687722
-0.020687724
-0.020687726
-0.020687727
-0.020701642
-0.020701641
-0.020701639
-0.020701638
-0.020701638
-0.020701639
-0.020701641
-0.020701643
-0.020701646
-0.020701647
-0.02072254
-0.020722538
-0.020722537
-0.020722537
-0.020722536
-0.020722537
-0.020722539
-0.020722541
-0.020722542
-0.020722544
-0.02075044
-0.020750438
-0.020750436
-0.020750435
-0.020750435
-0.020750436
-0.020750437
-0.02075044
-0.02075044
-0.020750442
-0.020785368
-0.020785367
-0.020785365
-0.020785363
-0.020785363
-0.020785364
-0.020785365
-0.020785368
-0.020785369
-0.020785371
-0.020827363
-0.020827363
-0.020827362
-0.02082736
-0.020827359
-0.02082736
-0.020827362
-0.020827365
-0.020827367
-0.020827367
-0.020876469
-0.02087647
-0.02087647
-0.020876469
-0.020876468
-0.020876469
-0.020876472
-0.020876474
-0.020876475
-0.020876473
-0.020932738
-0.02093274
-0.02093274
-0.02093274
-0.02093274
-0.02093274
-0.020932743
-0.020932745
-0.020932744
-0.020932744
-0.020996228
-0.020996229
-0.020996228
-0.020996229
-0.020996228
-0.020996229
-0.020996229
-0.020996232
-0.020996232
-0.020996234
-0.021066998
-0.021066998
-0.021066998
-0.021066998
-0.021066997
-0.021066998
-0.021066997
-0.021067
-0.021067002
-0.021067006
-0.021145117
-0.021145115
-0.021145114
-0.021145115
-0.021145115
-0.021145116
-0.021145117
-0.021145118
-0.021145121
-0.021145124
-0.021230656
-0.021230653
-0.021230652
-0.021230653
-0.021230653
-0.021230654
-0.021230657
-0.021230657
-0.021230659
-0.02123066
-0.021323686
-0.021323685
-0.021323684
-0.021323684
-0.021323684
-0.021323685
-0.021323688
-0.02132369
-0.02132369
-0.021323689
-0.021424283
-0.021424284
-0.021424283
-0.021424283
-0.021424282
-0.021424282
-0.021424284
-0.021424287
-0.021424287
-0.021424287
-0.021532517
-0.021532518
-0.021532517
-0.021532517
-0.021532517
-0.021532517
-0.021532517
-0.02153252
-0.02153252
-0.021532522
-0.021648452
-0.021648451
-0.02164845
-0.02164845
-0.021648452
-0.021648451
-0.021648451
-0.021648453
-0.021648453
-0.021648455
-0.021772136
-0.021772136
-0.021772136
-0.021772134
-0.021772136
-0.021772135
-0.021772136
-0.021772137
-0.021772138
-0.021772138
-0.021903602
-0.021903602
-0.021903604
-0.021903603
-0.021903602
-0.021903602
-0.021903603
-0.021903605
-0.021903606
-0.021903607
-0.022042849
-0.02204285
-0.022042851
-0.022042852
-0.02204285
-0.02204285
-0.02204285
-0.022042852
-0.022042854
-0.022042857
-0.022189827
-0.022189828
-0.022189827
-0.022189828
-0.022189826
-0.022189826
-0.022189827
-0.022189829
-0.022189831
-0.022189833
-0.022344409
-0.022344408
-0.022344406
-0.022344405
-0.022344404
-0.022344403
-0.022344404
-0.022344406
-0.022344408
-0.022344413
-0.022506346
-0.022506344
-0.022506342
-0.02250634
-0.022506339
-0.022506338
-0.022506339
-0.022506341
-0.022506344
-0.022506349
-0.022675201
-0.022675199
-0.022675198
-0.022675195
-0.022675194
-0.022675194
-0.022675195
-0.022675197
-0.0226752
-0.022675204
-0.02285021
-0.022850208
-0.022850205
-0.022850203
-0.022850201
-0.022850201
-0.022850203
-0.022850206
-0.022850207
-0.022850209
-0.023029984
-0.023029982
-0.023029978
-0.023029976
-0.023029974
-0.023029975
-0.023029978
-0.023029979
-0.02302998
-0.02302998
-0.023211816
-0.023211814
-0.02321181
-0.023211808
-0.023211807
-0.023211808
-0.023211809
-0.023211812
-0.023211814
-0.023211813
-0.023389675
-0.023389673
-0.023389671
-0.02338967
-0.02338967
-0.02338967
-0.023389671
-0.023389675
-0.023389677
-0.023389677
-0.023547421
-0.02354742
-0.023547419
-0.02354742
-0.023547419
-0.023547418
-0.02354742
-0.023547424
-0.023547426
-0.023547429
-0.023632149
-0.023632148
-0.023632149
-0.023632148
-0.023632148
-0.023632148
-0.02363215
-0.023632151
-0.023632156
-0.023632156
-0.018649594
-0.018649594
-0.018649593
-0.018649591
-0.018649591
-0.01864959
-0.018649589
-0.018649588
-0.018649588
-0.018649589
-0.018655145
-0.018655142
-0.018655142
-0.018655141
-0.01865514
-0.01865514
-0.018655139
-0.018655138
-0.018655139
-0.01865514
-0.018666251
-0.018666249
-0.018666248
-0.018666247
-0.018666247
-0.018666246
-0.018666246
-0.018666247
-0.018666247
-0.018666248
-0.018682926
-0.018682925
-0.018682923
-0.018682923
-0.018682922
-0.018682922
-0.018682922
-0.018682923
-0.018682924
-0.018682925
-0.01870519
-0.018705187
-0.018705186
-0.018705185
-0.018705184
-0.018705185
-0.018705185
-0.018705187
-0.018705186
-0.018705186
-0.018733062
-0.01873306
-0.018733058
-0.018733057
-0.018733057
-0.018733057
-0.018733057
-0.018733058
-0.018733057
-0.018733056
-0.01876657
-0.018766568
-0.018766567
-0.018766567
-0.018766567
-0.018766568
-0.018766567
-0.018766567
-0.018766566
-0.018766565
-0.01880575
-0.018805748
-0.018805748
-0.018805748
-0.018805749
-0.018805749
-0.018805748
-0.018805747
-0.018805745
-0.018805743
-0.018850638
-0.018850638
-0.018850638
-0.018850638
-0.018850639
-0.018850639
-0.018850637
-0.018850634
-0.018850631
-0.018850629
-0.018901276
-0.018901275
-0.018901275
-0.018901276
-0.018901276
-0.018901276
-0.018901274
-0.018901271
-0.018901267
-0.018901266
-0.018957703
-0.018957701
-0.018957702
-0.018957702
-0.018957703
-0.018957703
-0.0189577
-0.018957698
-0.018957695
-0.018957694
-0.01901996
-0.019019959
-0.019019959
-0.019019961
-0.019019961
-0.019019961
-0.019019959
-0.019019956
-0.019019954
-0.019019954
-0.019088087
-0.019088086
-0.019088087
-0.019088088
-0.019088088
-0.019088087
-0.019088086
-0.019088083
-0.019088081
-0.019088079
-0.019162114
-0.019162113
-0.019162114
-0.019162114
-0.019162115
-0.019162113
-0.019162112
-0.019162109
-0.019162106
-0.019162104
-0.019242059
-0.019242059
-0.019242059
-0.01924206
-0.019242059
-0.019242057
-0.019242055
-0.019242053
-0.01924205
-0.019242047
-0.01932792
-0.01932792
-0.01932792
-0.01932792
-0.019327919
-0.019327917
-0.019327914
-0.019327912
-0.019327909
-0.019327906
-0.019419666
-0.019419666
-0.019419665
-0.019419664
-0.019419663
-0.019419661
-0.019419659
-0.019419656
-0.019419652
-0.01941965
-0.019517221
-0.019517219
-0.019517218
-0.019517217
-0.019517216
-0.019517214
-0.019517212
-0.019517208
-0.019517205
-0.019517203
-0.019620441
-0.019620439
-0.01962044
-0.019620439
-0.019620438
-0.019620436
-0.019620432
-0.019620429
-0.019620427
-0.019620425
-0.019729093
-0.019729092
-0.019729094
-0.019729093
-0.019729091
-0.019729089
-0.019729085
-0.019729083
-0.01972908
-0.01972908
-0.019842801
-0.019842802
-0.019842802
-0.019842801
-0.019842798
-0.019842795
-0.019842792
-0.01984279
-0.019842788
-0.019842787
-0.019960979
-0.019960979
-0.019960978
-0.019960975
-0.019960972
-0.01996097
-0.019960967
-0.019960965
-0.019960963
-0.019960963
-0.020082719
-0.020082718
-0.020082715
-0.020082712
-0.020082709
-0.020082707
-0.020082705
-0.020082704
-0.020082702
-0.020082703
-0.020206613
-0.02020661
-0.020206608
-0.020206604
-0.020206601
-0.0202066
-0.020206599
-0.020206598
-0.020206597
-0.020206597
-0.020330428
-0.020330426
-0.020330424
-0.020330421
-0.020330418
-0.020330417
-0.020330416
-0.020330416
-0.020330414
-0.020330415
-0.020450508
-0.020450506
-0.020450503
-0.020450501
-0.020450499
-0.020450497
-0.020450497
-0.020450496
-0.020450495
-0.020450495
-0.020560561
-0.020560559
-0.020560557
-0.020560555
-0.020560553
-0.020560552
-0.020560551
-0.020560551
-0.02056055
-0.020560549
-0.02064915
-0.020649149
-0.020649147
-0.020649145
-0.020649143
-0.020649143
-0.020649143
-0.020649142
-0.020649141
-0.020649139
-0.020694382
-0.020694381
-0.02069438
-0.020694379
-0.020694377
-0.020694377
-0.020694377
-0.020694376
-0.020694374
-0.020694373
-0.020654073
-0.020654073
-0.020654072
-0.02065407
-0.020654069
-0.020654069
-0.020654069
-0.020654067
-0.020654065
-0.020654064
-0.016612874
-0.016612871
-0.016612871
-0.016612871
-0.016612869
-0.016612867
-0.016612865
-0.016612863
-0.016612861
-0.016612862
-0.016617011
-0.01661701
-0.016617009
-0.016617009
-0.016617008
-0.016617006
-0.016617003
-0.016617001
-0.016617
-0.016617
-0.016625294
-0.016625293
-0.016625293
-0.016625292
-0.016625292
-0.016625289
-0.016625287
-0.016625285
-0.016625284
-0.016625284
-0.016637731
-0.01663773
-0.016637729
-0.016637729
-0.016637727
-0.016637725
-0.016637724
-0.016637722
-0.01663772
-0.01663772
-0.016654334
-0.016654332
-0.016654332
-0.016654331
-0.01665433
-0.016654328
-0.016654326
-0.016654325
-0.016654322
-0.016654321
-0.016675119
-0.016675118
-0.016675117
-0.016675116
-0.016675116
-0.016675115
-0.016675112
-0.016675109
-0.016675105
-0.016675104
-0.016700108
-0.016700106
-0.016700106
-0.016700107
-0.016700106
-0.016700105
-0.016700102
-0.016700097
-0.016700093
-0.016700091
-0.016729323
-0.016729321
-0.016729322
-0.016729323
-0.016729323
-0.016729321
-0.016729317
-0.016729312
-0.016729306
-0.016729304
-0.016762789
-0.016762789
-0.01676279
-0.016762791
-0.016762791
-0.016762789
-0.016762784
-0.016762777
-0.016762771
-0.016762769
-0.016800533
-0.016800532
-0.016800534
-0.016800535
-0.016800536
-0.016800533
-0.016800528
-0.016800521
-0.016800514
-0.016800512
-0.016842576
-0.016842575
-0.016842577
-0.016842578
-0.016842579
-0.016842577
-0.016842571
-0.016842564
-0.016842558
-0.016842556
-0.016888936
-0.016888936
-0.016888937
-0.016888939
-0.016888939
-0.016888936
-0.016888931
-0.016888924
-0.016888919
-0.016888917
-0.016939622
-0.016939621
-0.016939623
-0.016939625
-0.016939625
-0.016939621
-0.016939616
-0.016939609
-0.016939603
-0.016939601
-0.016994626
-0.016994625
-0.016994627
-0.016994628
-0.016994628
-0.016994624
-0.016994618
-0.016994611
-0.016994604
-0.016994602
-0.017053919
-0.017053919
-0.01705392
-0.017053921
-0.017053921
-0.017053917
-0.01705391
-0.017053902
-0.017053895
-0.017053892
-0.017117438
-0.017117438
-0.017117439
-0.017117439
-0.017117438
-0.017117434
-0.017117426
-0.017117418
-0.017117411
-0.017117408
-0.017185071
-0.017185071
-0.017185071
-0.017185071
-0.017185069
-0.017185064
-0.017185057
-0.017185049
-0.017185041
-0.017185039
-0.017256635
-0.017256634
-0.017256634
-0.017256634
-0.017256632
-0.017256626
-0.017256619
-0.017256611
-0.017256604
-0.017256602
-0.017331847
-0.017331846
-0.017331846
-0.017331846
-0.017331844
-0.017331838
-0.017331831
-0.017331823
-0.017331817
-0.017331815
-0.017410282
-0.017410281
-0.017410282
-0.017410282
-0.01741028
-0.017410274
-0.017410266
-0.017410259
-0.017410253
-0.017410252
-0.017491308
-0.017491308
-0.017491308
-0.017491307
-0.017491304
-0.017491298
-0.017491291
-0.017491285
-0.017491279
-0.017491277
-0.017573988
-0.017573988
-0.017573987
-0.017573984
-0.017573981
-0.017573976
-0.01757397
-0.017573964
-0.017573958
-0.017573957
-0.017656939
-0.017656938
-0.017656935
-0.017656932
-0.017656928
-0.017656924
-0.017656919
-0.017656913
-0.017656908
-0.017656907
-0.017738103
-0.017738101
-0.017738098
-0.017738094
-0.017738092
-0.017738088
-0.017738083
-0.017738078
-0.017738073
-0.017738072
-0.017814386
-0.017814384
-0.017814382
-0.017814379
-0.017814376
-0.017814373
-0.017814368
-0.017814363
-0.017814359
-0.017814358
-0.017881061
-0.017881059
-0.017881057
-0.017881054
-0.017881051
-0.017881047
-0.017881043
-0.017881039
-0.017881036
-0.017881034
-0.017930772
-0.017930771
-0.017930769
-0.017930766
-0.017930763
-0.01793076
-0.017930757
-0.017930753
-0.01793075
-0.017930748
-0.017951984
-0.017951983
-0.01795198
-0.017951977
-0.017951975
-0.017951973
-0.01795197
-0.017951966
-0.017951962
-0.01795196
-0.017926886
-0.017926884
-0.017926882
-0.017926879
-0.017926877
-0.017926875
-0.017926873
-0.017926869
-0.017926865
-0.017926862
-0.017830256
-0.017830255
-0.017830253
-0.01783025
-0.017830248
-0.017830247
-0.017830243
-0.017830239
-0.017830234
-0.017830234
-0.014572017
-0.014572016
-0.014572017
-0.014572017
-0.014572014
-0.014572011
-0.014572006
-0.014572003
-0.014572
-0.014572
-0.01457474
-0.01457474
-0.014574741
-0.01457474
-0.014574737
-0.014574734
-0.014574729
-0.014574725
-0.014574722
-0.014574722
-0.014580191
-0.014580191
-0.014580192
-0.01458019
-0.014580187
-0.014580183
-0.014580179
-0.014580175
-0.014580172
-0.014580171
-0.014588376
-0.014588375
-0.014588375
-0.014588374
-0.01458837
-0.014588366
-0.014588362
-0.014588358
-0.014588354
-0.014588353
-0.0145993
-0.0145993
-0.0145993
-0.014599298
-0.014599295
-0.014599292
-0.014599287
-0.014599282
-0.014599277
-0.014599276
-0.014612979
-0.014612979
-0.014612978
-0.014612977
-0.014612975
-0.01461297
-0.014612965
-0.014612958
-0.014612952
-0.014612951
-0.014629424
-0.014629424
-0.014629423
-0.014629423
-0.01462942
-0.014629416
-0.014629409
-0.014629401
-0.014629395
-0.014629393
-0.014648649
-0.014648648
-0.014648649
-0.014648649
-0.014648647
-0.014648642
-0.014648635
-0.014648626
-0.014648619
-0.014648617
-0.014670669
-0.014670669
-0.01467067
-0.01467067
-0.014670668
-0.014670663
-0.014670655
-0.014670646
-0.014670638
-0.014670636
-0.014695497
-0.014695497
-0.014695498
-0.014695499
-0.014695497
-0.014695492
-0.014695483
-0.014695473
-0.014695466
-0.014695464
-0.014723138
-0.014723138
-0.01472314
-0.014723141
-0.014723139
-0.014723134
-0.014723125
-0.014723115
-0.014723108
-0.014723107
-0.014753592
-0.014753592
-0.014753593
-0.014753595
-0.014753593
-0.014753588
-0.014753579
-0.014753569
-0.014753562
-0.01475356
-0.014786842
-0.014786842
-0.014786844
-0.014786846
-0.014786844
-0.014786838
-0.014786828
-0.014786818
-0.014786811
-0.014786808
-0.014822852
-0.014822853
-0.014822855
-0.014822856
-0.014822854
-0.014822847
-0.014822837
-0.014822826
-0.014822818
-0.014822815
-0.014861557
-0.014861558
-0.014861559
-0.01486156
-0.014861557
-0.01486155
-0.01486154
-0.014861528
-0.014861519
-0.014861516
-0.014902846
-0.014902846
-0.014902847
-0.014902847
-0.014902844
-0.014902836
-0.014902825
-0.014902813
-0.014902804
-0.014902801
-0.014946546
-0.014946547
-0.014946547
-0.014946547
-0.014946543
-0.014946535
-0.014946523
-0.014946511
-0.014946503
-0.0149465
-0.014992401
-0.014992402
-0.014992402
-0.014992401
-0.014992397
-0.014992389
-0.014992377
-0.014992365
-0.014992358
-0.014992355
-0.015040031
-0.015040031
-0.015040031
-0.01504003
-0.015040026
-0.015040018
-0.015040006
-0.015039995
-0.015039988
-0.015039986
-0.015088883
-0.015088883
-0.015088883
-0.015088882
-0.015088878
-0.01508887
-0.015088859
-0.015088848
-0.015088841
-0.01508884
-0.015138163
-0.015138164
-0.015138163
-0.015138162
-0.015138157
-0.015138149
-0.015138138
-0.015138129
-0.015138122
-0.01513812
-0.01518673
-0.01518673
-0.015186728
-0.015186725
-0.01518672
-0.015186713
-0.015186704
-0.015186694
-0.015186687
-0.015186685
-0.015232947
-0.015232946
-0.015232943
-0.015232941
-0.015232936
-0.01523293
-0.015232921
-0.015232911
-0.015232905
-0.015232903
-0.015274475
-0.015274473
-0.015274471
-0.015274468
-0.015274464
-0.015274457
-0.015274449
-0.01527444
-0.015274434
-0.015274432
-0.015307957
-0.015307955
-0.015307953
-0.01530795
-0.015307946
-0.015307939
-0.015307931
-0.015307923
-0.015307917
-0.015307915
-0.015328581
-0.015328579
-0.015328577
-0.015328573
-0.015328569
-0.015328562
-0.015328555
-0.015328548
-0.015328542
-0.01532854
-0.015329489
-0.015329487
-0.015329485
-0.015329481
-0.015329476
-0.015329471
-0.015329465
-0.015329458
-0.015329453
-0.015329451
-0.015301131
-0.015301129
-0.015301125
-0.015301121
-0.015301118
-0.015301113
-0.015301107
-0.015301101
-0.015301097
-0.015301095
-0.015230924
-0.015230921
-0.015230918
-0.015230914
-0.015230911
-0.015230907
-0.015230901
-0.015230895
-0.015230891
-0.01523089
-0.015104379
-0.015104376
-0.015104373
-0.015104369
-0.015104366
-0.015104362
-0.015104356
-0.015104351
-0.015104347
-0.015104349
-0.012528443
-0.012528445
-0.012528444
-0.012528442
-0.012528438
-0.012528434
-0.012528428
-0.012528423
-0.012528419
-0.012528419
-0.012529749
-0.01252975
-0.01252975
-0.012529747
-0.012529743
-0.012529738
-0.012529732
-0.012529726
-0.012529722
-0.012529723
-0.012532361
-0.012532361
-0.012532361
-0.012532357
-0.012532353
-0.012532347
-0.012532341
-0.012532336
-0.012532331
-0.012532331
-0.012536282
-0.012536282
-0.01253628
-0.012536277
-0.012536273
-0.012536267
-0.012536261
-0.012536255
-0.01253625
-0.01253625
-0.012541518
-0.012541518
-0.012541517
-0.012541513
-0.012541509
-0.012541503
-0.012541495
-0.012541488
-0.012541483
-0.012541482
-0.012548076
-0.012548077
-0.012548075
-0.012548071
-0.012548067
-0.01254806
-0.012548052
-0.012548043
-0.012548037
-0.012548036
-0.012555962
-0.012555963
-0.012555961
-0.012555958
-0.012555954
-0.012555947
-0.012555938
-0.012555928
-0.012555921
-0.012555919
-0.012565183
-0.012565184
-0.012565184
-0.01256518
-0.012565176
-0.012565169
-0.012565159
-0.012565149
-0.012565142
-0.01256514
-0.012575746
-0.012575747
-0.012575746
-0.012575743
-0.01257574
-0.012575732
-0.012575722
-0.012575712
-0.012575704
-0.012575702
-0.012587651
-0.012587652
-0.012587651
-0.01258765
-0.012587646
-0.012587639
-0.012587628
-0.012587617
-0.01258761
-0.012587608
-0.012600893
-0.012600893
-0.012600893
-0.012600891
-0.012600889
-0.012600881
-0.01260087
-0.01260086
-0.012600853
-0.012600851
-0.012615455
-0.012615456
-0.012615456
-0.012615455
-0.012615452
-0.012615444
-0.012615433
-0.012615423
-0.012615415
-0.012615413
-0.012631306
-0.012631307
-0.012631307
-0.012631306
-0.012631302
-0.012631295
-0.012631283
-0.012631272
-0.012631264
-0.012631261
-0.012648388
-0.012648389
-0.01264839
-0.012648388
-0.012648385
-0.012648376
-0.012648364
-0.012648352
-0.012648343
-0.01264834
-0.012666612
-0.012666615
-0.012666614
-0.012666613
-0.012666608
-0.012666599
-0.012666586
-0.012666573
-0.012666564
-0.012666561
-0.012685841
-0.012685842
-0.012685842
-0.012685839
-0.012685834
-0.012685824
-0.012685811
-0.012685798
-0.012685789
-0.012685786
-0.012705867
-0.012705869
-0.012705868
-0.012705864
-0.012705858
-0.012705848
-0.012705834
-0.012705822
-0.012705813
-0.012705811
-0.012726394
-0.012726395
-0.012726394
-0.01272639
-0.012726384
-0.012726373
-0.01272636
-0.012726348
-0.01272634
-0.012726338
-0.012746993
-0.012746994
-0.012746992
-0.012746989
-0.012746982
-0.012746972
-0.012746959
-0.012746948
-0.012746941
-0.012746939
-0.012767058
-0.012767058
-0.012767057
-0.012767053
-0.012767047
-0.012767037
-0.012767025
-0.012767015
-0.012767008
-0.012767006
-0.012785734
-0.012785735
-0.012785733
-0.012785728
-0.012785722
-0.012785713
-0.012785701
-0.012785691
-0.012785684
-0.012785682
-0.012801822
-0.012801821
-0.012801818
-0.012801813
-0.012801808
-0.012801799
-0.012801788
-0.012801778
-0.01280177
-0.012801769
-0.012813647
-0.012813646
-0.012813643
-0.012813638
-0.012813632
-0.012813624
-0.012813613
-0.012813603
-0.012813596
-0.012813594
-0.012818895
-0.012818894
-0.012818891
-0.012818887
-0.012818881
-0.012818873
-0.012818862
-0.012818852
-0.012818845
-0.012818843
-0.012814389
-0.012814388
-0.012814385
-0.01281438
-0.012814374
-0.012814366
-0.012814356
-0.012814346
-0.012814339
-0.012814337
-0.012795818
-0.012795817
-0.012795813
-0.012795808
-0.012795801
-0.012795793
-0.012795785
-0.012795775
-0.012795769
-0.012795768
-0.012757477
-0.012757475
-0.01275747
-0.012757465
-0.012757459
-0.012757452
-0.012757443
-0.012757435
-0.012757431
-0.01275743
-0.01269213
-0.012692127
-0.012692122
-0.012692116
-0.012692111
-0.012692105
-0.012692097
-0.012692091
-0.012692087
-0.012692087
-0.012591304
-0.012591301
-0.012591296
-0.012591291
-0.012591286
-0.01259128
-0.012591273
-0.012591267
-0.012591265
-0.012591267
-0.012446526
-0.012446523
-0.012446519
-0.012446514
-0.012446509
-0.012446503
-0.012446497
-0.012446493
-0.012446492
-0.012446493
-0.010483568
-0.010483568
-0.010483566
-0.010483564
-0.010483559
-0.010483554
-0.010483548
-0.010483543
-0.01048354
-0.01048354
-0.010483452
-0.010483452
-0.01048345
-0.010483447
-0.010483441
-0.010483436
-0.01048343
-0.010483425
-0.010483422
-0.010483423
-0.010483219
-0.010483219
-0.010483216
-0.010483212
-0.010483208
-0.010483202
-0.010483196
-0.010483191
-0.010483187
-0.010483187
-0.010482873
-0.010482872
-0.010482868
-0.010482865
-0.01048286
-0.010482853
-0.010482847
-0.010482841
-0.010482837
-0.010482837
-0.010482413
-0.010482412
-0.01048241
-0.010482405
-0.010482399
-0.010482392
-0.010482385
-0.010482378
-0.010482374
-0.010482374
-0.010481843
-0.010481843
-0.010481839
-0.010481835
-0.01048183
-0.010481822
-0.010481813
-0.010481805
-0.0104818
-0.010481799
-0.010481164
-0.010481164
-0.010481161
-0.010481157
-0.010481151
-0.010481143
-0.010481134
-0.010481125
-0.010481118
-0.010481118
-0.010480377
-0.010480377
-0.010480375
-0.01048037
-0.010480365
-0.010480357
-0.010480347
-0.010480338
-0.010480331
-0.01048033
-0.010479481
-0.010479482
-0.010479479
-0.010479475
-0.01047947
-0.010479462
-0.010479452
-0.010479442
-0.010479435
-0.010479435
-0.010478471
-0.01047847
-0.010478467
-0.010478464
-0.010478459
-0.010478451
-0.010478441
-0.010478431
-0.010478424
-0.010478425
-0.010477329
-0.010477328
-0.010477326
-0.010477322
-0.010477318
-0.01047731
-0.0104773
-0.010477291
-0.010477284
-0.010477285
-0.010476032
-0.010476032
-0.010476029
-0.010476026
-0.010476022
-0.010476014
-0.010476004
-0.010475994
-0.010475988
-0.010475988
-0.010474539
-0.010474538
-0.010474536
-0.010474533
-0.010474528
-0.01047452
-0.01047451
-0.0104745
-0.010474492
-0.010474492
-0.010472781
-0.010472781
-0.01047278
-0.010472776
-0.010472772
-0.010472763
-0.010472752
-0.010472741
-0.010472733
-0.010472733
-0.010470662
-0.010470663
-0.010470661
-0.010470657
-0.010470652
-0.010470643
-0.010470631
-0.010470619
-0.010470611
-0.010470611
-0.010468035
-0.010468035
-0.010468032
-0.010468028
-0.010468021
-0.010468011
-0.010467999
-0.010467988
-0.01046798
-0.01046798
-0.010464684
-0.010464684
-0.010464681
-0.010464675
-0.010464668
-0.010464658
-0.010464647
-0.010464636
-0.010464628
-0.010464629
-0.01046031
-0.01046031
-0.010460306
-0.0104603
-0.010460292
-0.010460282
-0.010460271
-0.010460261
-0.010460254
-0.010460255
-0.010454487
-0.010454486
-0.010454482
-0.010454476
-0.010454469
-0.010454459
-0.010454448
-0.010454439
-0.010454433
-0.010454433
-0.010446621
-0.01044662
-0.010446616
-0.01044661
-0.010446604
-0.010446595
-0.010446585
-0.010446575
-0.010446569
-0.01044657
-0.010435893
-0.010435892
-0.010435888
-0.010435882
-0.010435876
-0.010435867
-0.010435857
-0.010435848
-0.010435842
-0.010435843
-0.010421173
-0.010421172
-0.010421167
-0.010421161
-0.010421155
-0.010421146
-0.010421136
-0.010421128
-0.010421122
-0.010421123
-0.010400922
-0.010400921
-0.010400916
-0.010400909
-0.010400903
-0.010400895
-0.010400886
-0.010400876
-0.01040087
-0.010400871
-0.010373072
-0.010373071
-0.010373066
-0.010373059
-0.010373053
-0.010373045
-0.010373035
-0.010373026
-0.01037302
-0.01037302
-0.010334887
-0.010334885
-0.01033488
-0.010334873
-0.010334867
-0.010334859
-0.010334849
-0.01033484
-0.010334834
-0.010334835
-0.010282826
-0.010282824
-0.010282818
-0.010282811
-0.010282805
-0.010282797
-0.010282788
-0.010282779
-0.010282775
-0.010282777
-0.010212472
-0.010212469
-0.010212463
-0.010212456
-0.010212449
-0.010212442
-0.010212434
-0.010212427
-0.010212424
-0.010212426
-0.010118611
-0.010118608
-0.010118602
-0.010118595
-0.010118589
-0.010118582
-0.010118575
-0.01011857
-0.010118568
-0.010118572
-0.0099956406
-0.0099956376
-0.0099956317
-0.0099956252
-0.0099956191
-0.0099956131
-0.0099956072
-0.0099956035
-0.0099956037
-0.0099956067
-0.0098384675
-0.0098384652
-0.00983846
-0.0098384538
-0.0098384479
-0.0098384428
-0.0098384376
-0.009838436
-0.0098384359
-0.0098384387
-0.0084388046
-0.0084388043
-0.0084388021
-0.0084387994
-0.008438794
-0.0084387906
-0.0084387865
-0.0084387833
-0.0084387816
-0.008438783
-0.0084372663
-0.0084372657
-0.0084372631
-0.0084372592
-0.0084372547
-0.0084372514
-0.0084372468
-0.0084372431
-0.0084372426
-0.0084372442
-0.0084341882
-0.0084341873
-0.0084341847
-0.0084341803
-0.008434177
-0.0084341718
-0.0084341671
-0.0084341639
-0.0084341621
-0.0084341635
-0.0084295714
-0.0084295699
-0.0084295667
-0.0084295635
-0.0084295581
-0.0084295527
-0.0084295482
-0.0084295438
-0.0084295417
-0.0084295429
-0.0084234127
-0.0084234121
-0.0084234096
-0.0084234046
-0.0084233994
-0.008423394
-0.0084233881
-0.0084233831
-0.0084233801
-0.0084233806
-0.0084157138
-0.0084157129
-0.0084157093
-0.0084157048
-0.0084157002
-0.0084156938
-0.008415687
-0.0084156801
-0.0084156759
-0.0084156764
-0.0084064692
-0.0084064682
-0.0084064652
-0.0084064615
-0.0084064562
-0.00840645
-0.0084064421
-0.0084064341
-0.0084064292
-0.0084064296
-0.0083956767
-0.0083956757
-0.0083956737
-0.0083956689
-0.0083956641
-0.0083956576
-0.0083956494
-0.008395641
-0.0083956358
-0.0083956363
-0.0083833298
-0.0083833298
-0.0083833265
-0.0083833222
-0.0083833174
-0.0083833108
-0.0083833025
-0.008383294
-0.0083832892
-0.0083832895
-0.0083694175
-0.0083694161
-0.0083694129
-0.0083694092
-0.0083694047
-0.0083693979
-0.0083693895
-0.0083693812
-0.0083693765
-0.0083693772
-0.0083539175
-0.0083539155
-0.0083539133
-0.0083539095
-0.0083539056
-0.008353899
-0.0083538911
-0.0083538832
-0.0083538791
-0.0083538801
-0.0083368032
-0.0083368024
-0.0083367989
-0.0083367958
-0.008336792
-0.0083367859
-0.0083367779
-0.00833677
-0.0083367663
-0.0083367669
-0.0083180314
-0.0083180298
-0.0083180269
-0.0083180237
-0.0083180198
-0.0083180136
-0.0083180051
-0.0083179968
-0.0083179925
-0.0083179932
-0.0082975336
-0.008297532
-0.0082975298
-0.0082975265
-0.0082975231
-0.0082975165
-0.0082975075
-0.0082974983
-0.0082974938
-0.0082974948
-0.0082752161
-0.0082752157
-0.0082752129
-0.0082752098
-0.0082752058
-0.0082751987
-0.008275189
-0.0082751796
-0.0082751752
-0.0082751758
-0.0082509424
-0.0082509415
-0.0082509385
-0.0082509343
-0.0082509292
-0.0082509215
-0.0082509121
-0.0082509033
-0.0082508988
-0.0082508994
-0.008224516
-0.0082245152
-0.0082245114
-0.0082245058
-0.0082244998
-0.0082244924
-0.008224484
-0.0082244755
-0.0082244712
-0.0082244722
-0.0081956659
-0.0081956649
-0.0081956599
-0.0081956537
-0.0081956479
-0.0081956412
-0.008195633
-0.0081956248
-0.0081956213
-0.0081956224
-0.0081640141
-0.008164012
-0.0081640069
-0.0081640012
-0.0081639961
-0.0081639896
-0.0081639815
-0.0081639741
-0.008163971
-0.0081639724
-0.008129041
-0.0081290387
-0.0081290342
-0.0081290292
-0.0081290245
-0.008129018
-0.0081290104
-0.0081290033
-0.0081290006
-0.0081290021
-0.0080900395
-0.0080900376
-0.0080900333
-0.0080900283
-0.0080900235
-0.0080900171
-0.0080900097
-0.0080900028
-0.0080900004
-0.0080900019
-0.0080460506
-0.0080460488
-0.0080460441
-0.0080460386
-0.0080460337
-0.0080460274
-0.0080460201
-0.0080460136
-0.0080460108
-0.0080460125
-0.007995792
-0.0079957903
-0.0079957848
-0.0079957788
-0.0079957739
-0.0079957678
-0.0079957607
-0.0079957535
-0.0079957507
-0.0079957522
-0.0079375808
-0.0079375788
-0.0079375728
-0.0079375667
-0.0079375619
-0.0079375558
-0.0079375481
-0.0079375408
-0.007937538
-0.0079375398
-0.0078692556
-0.0078692536
-0.0078692476
-0.0078692415
-0.0078692365
-0.0078692298
-0.0078692218
-0.0078692151
-0.007869213
-0.0078692153
-0.0077881233
-0.0077881212
-0.0077881153
-0.0077881092
-0.0077881035
-0.0077880964
-0.0077880896
-0.0077880837
-0.0077880832
-0.0077880857
-0.0076909703
-0.0076909681
-0.0076909624
-0.0076909557
-0.0076909497
-0.0076909436
-0.0076909374
-0.0076909336
-0.0076909335
-0.0076909361
-0.0075742026
-0.0075742004
-0.0075741942
-0.0075741877
-0.0075741821
-0.0075741764
-0.0075741718
-0.0075741685
-0.0075741704
-0.0075741726
-0.0074341822
-0.0074341798
-0.0074341741
-0.0074341682
-0.007434163
-0.0074341585
-0.0074341545
-0.0074341532
-0.0074341546
-0.0074341559
-0.0072678067
-0.0072678047
-0.0072677996
-0.0072677946
-0.0072677905
-0.0072677867
-0.0072677834
-0.0072677822
-0.0072677826
-0.0072677851
-0.0063955774
-0.0063955779
-0.0063955754
-0.0063955727
-0.0063955691
-0.0063955676
-0.0063955656
-0.0063955646
-0.006395565
-0.0063955675
-0.0063926176
-0.0063926171
-0.0063926144
-0.0063926112
-0.0063926086
-0.0063926068
-0.0063926046
-0.0063926032
-0.006392605
-0.0063926074
-0.0063866937
-0.0063866936
-0.0063866914
-0.0063866879
-0.006386686
-0.0063866825
-0.0063866803
-0.0063866796
-0.0063866796
-0.0063866812
-0.0063778067
-0.0063778061
-0.0063778035
-0.006377801
-0.0063777973
-0.0063777941
-0.0063777924
-0.00637779
-0.0063777891
-0.0063777901
-0.0063659506
-0.0063659507
-0.0063659489
-0.0063659448
-0.0063659421
-0.0063659391
-0.0063659353
-0.0063659321
-0.0063659303
-0.0063659305
-0.0063511239
-0.0063511236
-0.0063511212
-0.0063511182
-0.0063511161
-0.0063511117
-0.0063511068
-0.0063511016
-0.0063510989
-0.0063510989
-0.0063333182
-0.0063333184
-0.0063333165
-0.0063333144
-0.0063333113
-0.006333307
-0.0063333007
-0.0063332945
-0.0063332913
-0.0063332912
-0.0063125281
-0.0063125282
-0.0063125273
-0.0063125237
-0.006312521
-0.0063125162
-0.0063125096
-0.0063125029
-0.0063124995
-0.0063124996
-0.0062887428
-0.0062887437
-0.0062887415
-0.0062887382
-0.0062887351
-0.0062887302
-0.0062887234
-0.0062887168
-0.0062887135
-0.0062887134
-0.006261948
-0.0062619477
-0.0062619453
-0.0062619423
-0.0062619394
-0.0062619341
-0.0062619275
-0.0062619212
-0.0062619179
-0.0062619181
-0.00623212
-0.006232119
-0.0062321175
-0.0062321144
-0.0062321121
-0.006232107
-0.006232101
-0.0062320952
-0.0062320927
-0.0062320932
-0.0061992333
-0.0061992331
-0.0061992303
-0.0061992282
-0.0061992259
-0.0061992215
-0.0061992156
-0.00619921
-0.006199208
-0.0061992082
-0.0061632479
-0.0061632468
-0.0061632448
-0.0061632429
-0.006163241
-0.0061632365
-0.0061632302
-0.0061632245
-0.0061632221
-0.0061632223
-0.0061241039
-0.0061241028
-0.0061241019
-0.0061241004
-0.0061240991
-0.0061240945
-0.0061240878
-0.0061240816
-0.006124079
-0.0061240793
-0.0060817237
-0.0060817238
-0.0060817225
-0.0060817214
-0.0060817198
-0.0060817149
-0.0060817078
-0.0060817015
-0.006081699
-0.006081699
-0.0060359964
-0.0060359962
-0.0060359948
-0.0060359928
-0.0060359903
-0.006035985
-0.0060359782
-0.0060359723
-0.0060359698
-0.0060359697
-0.0059867649
-0.0059867645
-0.0059867623
-0.005986759
-0.0059867561
-0.0059867513
-0.0059867451
-0.0059867393
-0.0059867371
-0.0059867374
-0.0059338153
-0.0059338145
-0.0059338113
-0.0059338078
-0.0059338053
-0.0059338011
-0.0059337949
-0.0059337894
-0.0059337879
-0.0059337881
-0.0058768545
-0.0058768528
-0.0058768498
-0.0058768469
-0.0058768452
-0.0058768409
-0.0058768348
-0.00587683
-0.0058768288
-0.0058768293
-0.0058154848
-0.0058154833
-0.0058154809
-0.0058154788
-0.0058154769
-0.0058154725
-0.0058154669
-0.0058154624
-0.0058154617
-0.0058154621
-0.0057491709
-0.0057491698
-0.0057491677
-0.0057491652
-0.0057491629
-0.0057491586
-0.0057491532
-0.005749149
-0.0057491486
-0.0057491493
-0.0056771948
-0.0056771938
-0.005677191
-0.005677188
-0.0056771855
-0.0056771813
-0.0056771761
-0.0056771721
-0.0056771716
-0.0056771727
-0.0055986104
-0.005598609
-0.0055986055
-0.0055986021
-0.0055985997
-0.0055985954
-0.0055985901
-0.0055985858
-0.0055985856
-0.0055985867
-0.0055121981
-0.0055121963
-0.0055121926
-0.0055121892
-0.0055121865
-0.0055121819
-0.0055121761
-0.0055121722
-0.0055121723
-0.005512174
-0.0054164262
-0.0054164247
-0.0054164211
-0.0054164175
-0.0054164142
-0.0054164088
-0.0054164032
-0.0054164004
-0.0054164012
-0.0054164029
-0.0053094364
-0.0053094352
-0.0053094316
-0.0053094277
-0.0053094233
-0.0053094179
-0.0053094137
-0.0053094114
-0.0053094132
-0.0053094142
-0.0051890809
-0.0051890798
-0.0051890761
-0.0051890714
-0.0051890668
-0.0051890626
-0.0051890589
-0.0051890579
-0.0051890596
-0.0051890602
-0.0050530447
-0.0050530436
-0.0050530395
-0.0050530352
-0.0050530314
-0.0050530275
-0.0050530249
-0.0050530244
-0.0050530262
-0.0050530253
-0.0048990781
-0.0048990766
-0.004899073
-0.0048990696
-0.0048990667
-0.0048990641
-0.0048990616
-0.0048990609
-0.0048990615
-0.0048990611
-0.0047253379
-0.0047253366
-0.0047253339
-0.004725332
-0.0047253298
-0.0047253269
-0.0047253243
-0.0047253229
-0.0047253242
-0.0047253226
-0.0043553114
-0.0043553117
-0.0043553094
-0.0043553085
-0.0043553063
-0.0043553062
-0.0043553062
-0.0043553069
-0.004355309
-0.0043553122
-0.0043509298
-0.0043509307
-0.0043509279
-0.0043509264
-0.0043509248
-0.0043509247
-0.0043509245
-0.0043509249
-0.0043509285
-0.0043509309
-0.0043421619
-0.0043421627
-0.004342161
-0.004342159
-0.0043421589
-0.0043421573
-0.0043421571
-0.0043421583
-0.0043421596
-0.0043421606
-0.0043290076
-0.0043290073
-0.0043290053
-0.0043290051
-0.0043290035
-0.0043290024
-0.0043290025
-0.0043290018
-0.0043290018
-0.0043290022
-0.0043114573
-0.0043114577
-0.0043114576
-0.0043114563
-0.0043114559
-0.0043114546
-0.0043114525
-0.0043114512
-0.0043114502
-0.00431145
-0.0042895083
-0.0042895095
-0.0042895087
-0.0042895086
-0.0042895086
-0.0042895059
-0.0042895028
-0.0042894997
-0.0042894978
-0.0042894976
-0.0042631503
-0.0042631519
-0.0042631515
-0.0042631521
-0.0042631512
-0.0042631486
-0.0042631441
-0.0042631401
-0.0042631376
-0.0042631373
-0.0042323737
-0.0042323748
-0.0042323756
-0.0042323748
-0.004232374
-0.0042323707
-0.0042323656
-0.0042323613
-0.0042323586
-0.0042323584
-0.0041971648
-0.0041971672
-0.0041971667
-0.0041971659
-0.0041971643
-0.0041971608
-0.0041971557
-0.0041971514
-0.0041971486
-0.0041971484
-0.004157509
-0.0041575103
-0.0041575092
-0.0041575082
-0.0041575067
-0.004157503
-0.004157498
-0.004157494
-0.0041574911
-0.0041574916
-0.0041133828
-0.0041133829
-0.0041133825
-0.0041133813
-0.0041133804
-0.004113377
-0.0041133728
-0.0041133692
-0.0041133672
-0.0041133685
-0.0040647641
-0.0040647648
-0.0040647633
-0.0040647634
-0.0040647626
-0.0040647598
-0.0040647558
-0.0040647526
-0.0040647512
-0.0040647524
-0.0040116219
-0.0040116219
-0.0040116216
-0.0040116221
-0.0040116216
-0.0040116189
-0.0040116147
-0.0040116115
-0.0040116097
-0.0040116108
-0.0039539115
-0.0039539119
-0.0039539128
-0.0039539138
-0.0039539141
-0.0039539113
-0.003953907
-0.0039539034
-0.0039539012
-0.0039539024
-0.0038915796
-0.003891581
-0.0038915819
-0.0038915834
-0.0038915836
-0.0038915806
-0.0038915759
-0.0038915723
-0.0038915702
-0.003891571
-0.0038245526
-0.0038245537
-0.0038245544
-0.0038245552
-0.0038245547
-0.0038245514
-0.003824547
-0.0038245438
-0.0038245417
-0.0038245425
-0.0037527282
-0.0037527291
-0.0037527292
-0.0037527291
-0.0037527285
-0.0037527253
-0.0037527212
-0.0037527181
-0.0037527164
-0.0037527174
-0.0036759713
-0.0036759717
-0.0036759713
-0.0036759714
-0.0036759711
-0.0036759682
-0.0036759639
-0.0036759611
-0.0036759599
-0.0036759607
-0.0035941003
-0.0035941003
-0.0035941003
-0.0035941009
-0.0035941009
-0.0035940979
-0.0035940937
-0.0035940916
-0.0035940905
-0.0035940915
-0.0035068729
-0.0035068733
-0.0035068738
-0.0035068746
-0.0035068743
-0.0035068712
-0.0035068676
-0.0035068657
-0.0035068649
-0.0035068659
-0.0034139654
-0.0034139662
-0.0034139665
-0.0034139668
-0.0034139662
-0.0034139634
-0.00341396
-0.0034139582
-0.0034139577
-0.0034139593
-0.0033149467
-0.0033149472
-0.0033149469
-0.0033149468
-0.0033149463
-0.0033149435
-0.0033149401
-0.0033149388
-0.0033149388
-0.003314941
-0.0032092543
-0.0032092543
-0.0032092538
-0.0032092536
-0.0032092529
-0.0032092497
-0.0032092466
-0.0032092457
-0.0032092463
-0.0032092484
-0.0030961717
-0.0030961717
-0.0030961713
-0.0030961709
-0.0030961695
-0.0030961662
-0.0030961632
-0.0030961631
-0.003096164
-0.0030961665
-0.0029748111
-0.0029748115
-0.0029748111
-0.00297481
-0.0029748079
-0.0029748043
-0.0029748018
-0.0029748025
-0.0029748039
-0.0029748057
-0.0028441111
-0.0028441116
-0.0028441108
-0.0028441091
-0.0028441063
-0.002844103
-0.0028441016
-0.0028441026
-0.0028441044
-0.0028441052
-0.0027028681
-0.0027028684
-0.0027028675
-0.0027028653
-0.0027028625
-0.0027028602
-0.0027028592
-0.002702861
-0.0027028619
-0.0027028611
-0.0025498136
-0.0025498137
-0.0025498126
-0.002549811
-0.0025498093
-0.0025498073
-0.002549807
-0.0025498079
-0.002549807
-0.0025498063
-0.0023837438
-0.0023837437
-0.0023837433
-0.002383743
-0.002383742
-0.0023837404
-0.0023837387
-0.0023837381
-0.0023837376
-0.0023837377
-0.0022036952
-0.0022036959
-0.0022036965
-0.0022036969
-0.0022036956
-0.0022036933
-0.0022036909
-0.002203691
-0.0022036914
-0.0022036902
-0.0023194262
-0.0023194268
-0.002319425
-0.0023194258
-0.002319424
-0.0023194253
-0.0023194264
-0.0023194285
-0.0023194315
-0.0023194345
-0.0023136244
-0.0023136249
-0.0023136236
-0.0023136231
-0.0023136225
-0.0023136238
-0.0023136249
-0.0023136268
-0.002313631
-0.0023136329
-0.0023020153
-0.0023020159
-0.0023020156
-0.0023020149
-0.0023020164
-0.0023020161
-0.0023020173
-0.0023020196
-0.0023020211
-0.0023020221
-0.0022845977
-0.0022845971
-0.0022845968
-0.0022845989
-0.0022845988
-0.0022845988
-0.0022845999
-0.0022846007
-0.0022846013
-0.0022846021
-0.0022613597
-0.0022613607
-0.0022613631
-0.0022613638
-0.0022613647
-0.0022613641
-0.0022613637
-0.0022613644
-0.002261364
-0.0022613641
-0.0022322982
-0.0022323
-0.0022323013
-0.002232303
-0.0022323039
-0.0022323026
-0.0022323015
-0.0022323005
-0.0022322995
-0.0022322994
-0.0021973983
-0.0021974002
-0.0021974019
-0.0021974042
-0.0021974047
-0.0021974034
-0.002197401
-0.0021973992
-0.0021973977
-0.0021973974
-0.0021566477
-0.0021566493
-0.0021566522
-0.0021566534
-0.002156654
-0.0021566518
-0.0021566486
-0.0021566466
-0.002156645
-0.0021566447
-0.0021100318
-0.0021100349
-0.0021100366
-0.0021100377
-0.0021100372
-0.0021100349
-0.0021100317
-0.0021100297
-0.0021100279
-0.0021100274
-0.0020575357
-0.0020575377
-0.0020575386
-0.002057539
-0.0020575386
-0.0020575362
-0.0020575333
-0.0020575314
-0.0020575298
-0.0020575298
-0.0019991367
-0.0019991374
-0.0019991388
-0.001999139
-0.0019991394
-0.0019991375
-0.0019991352
-0.0019991337
-0.0019991333
-0.001999134
-0.0019348187
-0.0019348198
-0.0019348203
-0.001934822
-0.0019348224
-0.0019348209
-0.0019348189
-0.0019348181
-0.0019348185
-0.0019348192
-0.0018645622
-0.001864563
-0.0018645648
-0.0018645665
-0.0018645671
-0.0018645657
-0.0018645637
-0.0018645629
-0.001864563
-0.0018645636
-0.0017883416
-0.0017883429
-0.0017883457
-0.0017883478
-0.001788349
-0.0017883477
-0.0017883456
-0.0017883443
-0.0017883441
-0.0017883448
-0.0017061325
-0.0017061346
-0.0017061371
-0.0017061397
-0.0017061409
-0.0017061395
-0.0017061372
-0.0017061359
-0.0017061357
-0.0017061363
-0.0016179052
-0.001617907
-0.0016179094
-0.0016179113
-0.001617912
-0.0016179102
-0.0016179081
-0.0016179072
-0.0016179071
-0.0016179078
-0.0015236221
-0.0015236238
-0.0015236258
-0.0015236272
-0.0015236274
-0.0015236255
-0.0015236237
-0.001523623
-0.001523623
-0.0015236237
-0.0014232394
-0.0014232408
-0.0014232426
-0.001423244
-0.0014232442
-0.0014232424
-0.0014232406
-0.0014232399
-0.0014232401
-0.0014232406
-0.0013167024
-0.0013167039
-0.001316706
-0.0013167076
-0.0013167079
-0.0013167062
-0.0013167044
-0.001316704
-0.0013167041
-0.0013167046
-0.0012039434
-0.0012039453
-0.0012039475
-0.0012039491
-0.0012039494
-0.0012039477
-0.0012039461
-0.0012039456
-0.0012039459
-0.0012039466
-0.0010848733
-0.0010848751
-0.0010848768
-0.0010848782
-0.0010848786
-0.001084877
-0.0010848753
-0.001084875
-0.0010848758
-0.0010848772
-0.00095937281
-0.00095937409
-0.00095937573
-0.00095937723
-0.00095937762
-0.0009593757
-0.00095937412
-0.00095937476
-0.00095937649
-0.0009593783
-0.00082728812
-0.00082728943
-0.00082729124
-0.0008272927
-0.00082729256
-0.00082729035
-0.00082728969
-0.00082729121
-0.00082729336
-0.00082729483
-0.00068842357
-0.00068842528
-0.00068842711
-0.00068842792
-0.00068842714
-0.00068842526
-0.00068842526
-0.00068842746
-0.00068842962
-0.00068843068
-0.00054253454
-0.00054253649
-0.00054253782
-0.00054253784
-0.00054253675
-0.00054253501
-0.00054253559
-0.00054253822
-0.00054254046
-0.00054254062
-0.00038932603
-0.00038932753
-0.0003893283
-0.00038932807
-0.00038932669
-0.0003893255
-0.00038932676
-0.0003893297
-0.00038933166
-0.00038933084
-0.0002284631
-0.00022846437
-0.00022846519
-0.00022846492
-0.00022846388
-0.0002284634
-0.00022846498
-0.00022846775
-0.00022846801
-0.00022846625
-5.9594062e-05
-5.9595186e-05
-5.9596296e-05
-5.9597034e-05
-5.9596602e-05
-5.9596068e-05
-5.9597091e-05
-5.9597544e-05
-5.9597728e-05
-5.959651e-05
0.00011761447
0.00011761286
0.00011761064
0.00011760942
0.00011760999
0.00011761117
0.00011761204
0.00011761136
0.00011761044
0.00011761201
0.0003034278
0.00030342465
0.00030342243
0.00030342186
0.00030342304
0.00030342504
0.00030342594
0.00030342449
0.00030342503
0.00030342486
-0.00028934011
-0.00028934165
-0.00028934018
-0.00028934173
-0.00028934025
-0.00028934266
-0.00028934456
-0.00028934762
-0.00028935045
-0.0002893525
-0.00028212099
-0.00028212183
-0.0002821208
-0.00028212082
-0.00028212117
-0.00028212337
-0.00028212548
-0.00028212792
-0.00028213122
-0.00028213262
-0.00026767499
-0.00026767596
-0.00026767641
-0.00026767687
-0.00026767901
-0.00026767945
-0.00026768155
-0.00026768379
-0.00026768502
-0.00026768652
-0.00024600093
-0.00024600106
-0.00024600218
-0.00024600523
-0.0002460053
-0.00024600587
-0.00024600781
-0.00024600928
-0.00024601042
-0.0002460115
-0.00021708518
-0.00021708753
-0.00021709072
-0.000217092
-0.00021709311
-0.0002170929
-0.00021709416
-0.00021709593
-0.00021709626
-0.00021709679
-0.00018092208
-0.0001809245
-0.00018092663
-0.00018092881
-0.00018092972
-0.00018092941
-0.00018093027
-0.00018093078
-0.00018093075
-0.00018093109
-0.00013749263
-0.00013749532
-0.00013749783
-0.00013750039
-0.00013750117
-0.00013750085
-0.00013750069
-0.00013750084
-0.00013750048
-0.00013750061
-8.6783024e-05
-8.6785402e-05
-8.6788767e-05
-8.6790382e-05
-8.6791339e-05
-8.679021e-05
-8.6789474e-05
-8.6789549e-05
-8.6789078e-05
-8.6789146e-05
-2.8776606e-05
-2.8780357e-05
-2.8782616e-05
-2.8784109e-05
-2.8784221e-05
-2.8783089e-05
-2.8782355e-05
-2.878245e-05
-2.8781645e-05
-2.8781321e-05
3.6542079e-05
3.6539353e-05
3.6537775e-05
3.653695e-05
3.6536353e-05
3.6537456e-05
3.6538117e-05
3.6537965e-05
3.653887e-05
3.6538804e-05
0.00010919396
0.00010919226
0.00010919032
0.0001091892
0.00010918783
0.00010918875
0.00010918894
0.00010918813
0.00010918802
0.00010918758
0.00018918912
0.0001891871
0.00018918579
0.00018918321
0.00018918214
0.00018918291
0.00018918271
0.00018918109
0.00018918032
0.0001891802
0.00027653566
0.00027653394
0.00027653149
0.0002765293
0.00027652836
0.00027652901
0.00027652869
0.00027652698
0.00027652644
0.00027652625
0.00037123954
0.00037123737
0.00037123453
0.00037123228
0.00037123083
0.00037123128
0.00037123113
0.0003712299
0.00037122936
0.00037122877
0.0004732954
0.00047329284
0.00047329035
0.00047328775
0.00047328625
0.00047328678
0.00047328691
0.00047328559
0.00047328465
0.00047328396
0.00058268727
0.00058268501
0.00058268268
0.00058268065
0.00058267968
0.00058268053
0.00058268035
0.00058267842
0.00058267747
0.00058267673
0.0006993855
0.0006993831
0.00069938127
0.00069937991
0.00069937958
0.00069938035
0.00069937963
0.00069937779
0.00069937705
0.00069937654
0.00082333953
0.00082333734
0.00082333569
0.00082333467
0.00082333444
0.00082333483
0.00082333424
0.00082333288
0.00082333249
0.0008233321
0.00095447266
0.00095447041
0.00095446866
0.00095446764
0.00095446704
0.0009544674
0.00095446721
0.00095446611
0.00095446593
0.00095446545
0.001092673
0.0010926705
0.0010926689
0.0010926676
0.0010926668
0.0010926675
0.0010926676
0.0010926667
0.0010926662
0.0010926655
0.0012377883
0.0012377861
0.0012377844
0.0012377828
0.0012377821
0.0012377831
0.0012377835
0.0012377821
0.0012377811
0.0012377798
0.0013896172
0.0013896153
0.0013896131
0.0013896112
0.0013896108
0.0013896121
0.001389612
0.0013896097
0.0013896081
0.0013896068
0.0015478974
0.0015478951
0.0015478927
0.001547891
0.0015478911
0.0015478923
0.0015478909
0.0015478881
0.0015478866
0.0015478862
0.0017122991
0.0017122965
0.0017122943
0.0017122934
0.0017122938
0.0017122942
0.0017122921
0.0017122889
0.001712288
0.0017122881
0.0018824234
0.0018824212
0.0018824198
0.0018824193
0.0018824193
0.0018824194
0.0018824168
0.0018824135
0.0018824126
0.0018824133
0.0020578073
0.0020578059
0.0020578047
0.0020578039
0.002057804
0.0020578034
0.0020578005
0.0020577972
0.0020577967
0.0020577985
0.002237938
0.0022379366
0.0022379349
0.0022379339
0.0022379336
0.002237933
0.0022379302
0.0022379278
0.0022379285
0.0022379294
0.0024222873
0.0024222855
0.0024222833
0.0024222816
0.0024222817
0.0024222818
0.0024222803
0.0024222789
0.0024222781
0.0024222792
0.0026103671
0.0026103641
0.0026103614
0.0026103605
0.0026103612
0.002610362
0.0026103616
0.0026103594
0.002610359
0.0026103598
0.0028017952
0.0028017912
0.0028017898
0.0028017898
0.0028017905
0.0028017919
0.0028017907
0.0028017893
0.0028017893
0.002801791
0.0017335267
0.0017335255
0.0017335263
0.0017335245
0.0017335258
0.001733523
0.0017335208
0.0017335176
0.0017335161
0.0017335152
0.0017421608
0.0017421588
0.0017421601
0.0017421594
0.0017421593
0.0017421568
0.0017421542
0.0017421524
0.0017421506
0.0017421496
0.0017594369
0.0017594351
0.0017594341
0.0017594335
0.0017594318
0.0017594311
0.0017594284
0.0017594267
0.0017594261
0.0017594245
0.0017853575
0.0017853566
0.0017853554
0.0017853527
0.0017853532
0.0017853518
0.0017853491
0.0017853476
0.0017853465
0.0017853456
0.0018199394
0.0018199368
0.0018199338
0.0018199329
0.0018199316
0.0018199313
0.0018199286
0.0018199263
0.0018199259
0.0018199252
0.0018631913
0.0018631885
0.0018631865
0.0018631844
0.0018631838
0.0018631829
0.0018631802
0.0018631788
0.0018631784
0.0018631777
0.0019151347
0.0019151314
0.0019151291
0.001915127
0.0019151263
0.0019151253
0.0019151232
0.0019151216
0.0019151213
0.001915121
0.0019757867
0.0019757841
0.0019757813
0.00197578
0.0019757788
0.0019757784
0.0019757764
0.0019757747
0.0019757746
0.0019757742
0.0020451675
0.0020451639
0.0020451621
0.0020451603
0.0020451596
0.002045159
0.0020451568
0.0020451553
0.0020451558
0.0020451554
0.0021232933
0.0021232907
0.0021232888
0.0021232875
0.0021232861
0.0021232854
0.0021232833
0.0021232821
0.0021232829
0.0021232822
0.0022101841
0.0022101819
0.0022101797
0.0022101777
0.0022101758
0.0022101752
0.0022101727
0.002210171
0.0022101713
0.0022101705
0.0023058457
0.0023058431
0.0023058413
0.0023058382
0.002305837
0.0023058364
0.0023058335
0.0023058313
0.0023058314
0.0023058308
0.0024102774
0.0024102753
0.0024102725
0.0024102702
0.0024102693
0.0024102686
0.0024102656
0.0024102633
0.0024102635
0.0024102624
0.0025234684
0.0025234659
0.0025234632
0.002523461
0.0025234596
0.0025234589
0.0025234561
0.0025234539
0.0025234535
0.0025234517
0.0026453862
0.0026453836
0.0026453812
0.0026453787
0.0026453773
0.0026453768
0.0026453741
0.0026453713
0.0026453703
0.0026453685
0.0027759732
0.0027759709
0.0027759686
0.0027759668
0.0027759658
0.0027759653
0.002775962
0.0027759586
0.0027759578
0.0027759563
0.0029151375
0.002915135
0.0029151335
0.0029151324
0.0029151318
0.0029151308
0.002915127
0.0029151241
0.002915124
0.0029151229
0.0030627402
0.003062738
0.003062737
0.0030627363
0.0030627354
0.0030627339
0.0030627307
0.0030627289
0.0030627292
0.0030627279
0.0032185804
0.0032185783
0.0032185773
0.0032185764
0.0032185749
0.0032185738
0.0032185716
0.0032185701
0.0032185703
0.0032185686
0.0033823747
0.0033823723
0.0033823711
0.0033823696
0.0033823683
0.003382368
0.0033823662
0.0033823647
0.0033823644
0.0033823626
0.0035537377
0.0035537353
0.0035537335
0.0035537317
0.0035537309
0.003553731
0.0035537292
0.0035537272
0.0035537269
0.0035537249
0.0037321565
0.0037321539
0.0037321515
0.0037321497
0.0037321491
0.0037321492
0.0037321469
0.0037321448
0.0037321447
0.0037321432
0.0039169607
0.0039169578
0.0039169552
0.0039169536
0.0039169531
0.003916953
0.00391695
0.003916948
0.0039169483
0.0039169476
0.0041072988
0.004107296
0.0041072937
0.0041072925
0.0041072919
0.0041072911
0.0041072877
0.0041072855
0.0041072865
0.0041072856
0.0043021237
0.0043021217
0.0043021198
0.0043021186
0.0043021175
0.0043021163
0.0043021124
0.0043021103
0.0043021112
0.0043021106
0.004500196
0.0045001946
0.0045001925
0.0045001908
0.0045001897
0.004500188
0.0045001842
0.0045001823
0.004500183
0.0045001827
0.0047001205
0.0047001186
0.0047001161
0.0047001143
0.0047001133
0.0047001121
0.0047001086
0.0047001067
0.0047001068
0.0047001061
0.0049004367
0.0049004342
0.0049004315
0.0049004299
0.0049004297
0.0049004291
0.0049004259
0.0049004234
0.0049004238
0.0049004234
0.0050997693
0.0050997656
0.0050997638
0.0050997635
0.0050997633
0.005099763
0.00509976
0.0050997584
0.0050997592
0.0050997578
0.0052970246
0.0052970214
0.0052970208
0.0052970204
0.00529702
0.0052970198
0.0052970171
0.0052970165
0.0052970157
0.0052970154
0.0037477613
0.0037477592
0.0037477596
0.0037477578
0.0037477593
0.0037477568
0.0037477547
0.0037477521
0.0037477519
0.0037477515
0.0037578052
0.0037578027
0.0037578031
0.0037578028
0.0037578033
0.0037578011
0.0037577986
0.003757797
0.0037577961
0.0037577957
0.0037779033
0.0037779007
0.0037778991
0.0037778997
0.0037778988
0.0037778983
0.0037778948
0.0037778931
0.0037778933
0.0037778923
0.0038080592
0.003808058
0.0038080571
0.0038080558
0.0038080568
0.0038080547
0.0038080511
0.0038080493
0.0038080488
0.0038080486
0.0038482934
0.0038482908
0.0038482881
0.0038482885
0.003848287
0.0038482862
0.0038482822
0.0038482794
0.0038482792
0.0038482791
0.003898617
0.0038986142
0.0038986128
0.0038986114
0.0038986111
0.0038986093
0.0038986045
0.0038986024
0.003898602
0.0038986019
0.0039590559
0.0039590529
0.0039590507
0.0039590496
0.0039590491
0.0039590467
0.0039590421
0.0039590396
0.0039590394
0.00395904
0.0040296318
0.0040296293
0.0040296268
0.0040296262
0.0040296249
0.0040296225
0.0040296178
0.0040296154
0.0040296152
0.0040296161
0.004110369
0.0041103656
0.004110364
0.0041103624
0.0041103612
0.0041103585
0.0041103537
0.0041103516
0.0041103515
0.0041103526
0.0042012871
0.0042012845
0.0042012819
0.0042012809
0.0042012789
0.004201276
0.0042012716
0.0042012699
0.0042012703
0.0042012713
0.0043024068
0.0043024042
0.0043024015
0.0043023997
0.0043023972
0.0043023947
0.0043023901
0.0043023885
0.0043023887
0.0043023898
0.0044137337
0.0044137307
0.0044137283
0.0044137258
0.0044137242
0.0044137216
0.0044137169
0.0044137154
0.0044137155
0.0044137164
0.0045352627
0.0045352602
0.0045352571
0.0045352556
0.0045352542
0.0045352517
0.0045352471
0.0045352454
0.0045352452
0.0045352451
0.0046669718
0.0046669689
0.0046669661
0.0046669646
0.004666963
0.0046669606
0.0046669559
0.0046669538
0.0046669525
0.004666952
0.0048088084
0.0048088057
0.004808803
0.0048088013
0.0048087999
0.0048087975
0.0048087924
0.0048087894
0.0048087875
0.0048087875
0.004960683
0.0049606804
0.0049606779
0.0049606769
0.0049606757
0.0049606729
0.0049606669
0.0049606634
0.0049606623
0.0049606628
0.0051224532
0.0051224506
0.0051224491
0.0051224485
0.005122447
0.0051224435
0.0051224373
0.0051224348
0.0051224346
0.0051224353
0.0052939066
0.0052939048
0.0052939038
0.005293903
0.005293901
0.0052938973
0.0052938922
0.0052938908
0.0052938906
0.0052938907
0.005474737
0.0054747353
0.005474734
0.0054747327
0.0054747304
0.0054747276
0.0054747236
0.005474722
0.0054747211
0.0054747207
0.005664511
0.0056645086
0.0056645068
0.0056645052
0.0056645036
0.0056645018
0.0056644977
0.0056644957
0.0056644945
0.0056644945
0.0058626354
0.0058626325
0.0058626303
0.0058626288
0.0058626278
0.0058626261
0.0058626218
0.0058626198
0.0058626192
0.00586262
0.0060683135
0.0060683104
0.0060683078
0.0060683064
0.0060683053
0.0060683034
0.0060682993
0.0060682979
0.0060682981
0.0060682992
0.0062804924
0.0062804893
0.0062804866
0.006280485
0.0062804837
0.0062804818
0.0062804777
0.0062804768
0.0062804776
0.0062804783
0.0064978146
0.0064978118
0.0064978092
0.0064978074
0.0064978059
0.0064978038
0.0064977996
0.0064977988
0.0064977996
0.0064978
0.0067185801
0.0067185777
0.006718575
0.0067185732
0.0067185715
0.0067185692
0.0067185648
0.006718564
0.0067185641
0.0067185646
0.0069407338
0.0069407314
0.0069407287
0.0069407267
0.0069407252
0.0069407226
0.0069407185
0.0069407168
0.0069407164
0.0069407163
0.0071619096
0.0071619069
0.0071619042
0.0071619024
0.0071619012
0.0071618988
0.0071618941
0.0071618917
0.0071618905
0.0071618911
0.0073795675
0.0073795642
0.0073795621
0.007379561
0.0073795602
0.0073795576
0.0073795527
0.0073795506
0.00737955
0.0073795509
0.0075912484
0.007591245
0.0075912446
0.0075912438
0.0075912426
0.0075912402
0.007591236
0.007591235
0.0075912331
0.0075912343
0.0077949466
0.0077949439
0.0077949434
0.0077949429
0.007794942
0.0077949399
0.007794937
0.0077949362
0.0077949345
0.0077949333
0.0057519546
0.0057519505
0.0057519515
0.0057519499
0.0057519525
0.00575195
0.0057519481
0.005751946
0.0057519458
0.0057519461
0.0057634025
0.005763399
0.0057633999
0.005763401
0.005763402
0.0057634003
0.0057633977
0.0057633959
0.0057633951
0.0057633961
0.0057863132
0.0057863098
0.0057863095
0.0057863112
0.0057863112
0.0057863105
0.0057863066
0.0057863045
0.005786305
0.005786305
0.0058206907
0.0058206894
0.0058206896
0.0058206896
0.0058206914
0.0058206891
0.0058206846
0.0058206821
0.0058206817
0.005820682
0.0058665594
0.005866556
0.0058665552
0.005866557
0.0058665564
0.0058665547
0.0058665492
0.0058665459
0.0058665457
0.0058665459
0.0059239332
0.0059239307
0.0059239311
0.0059239313
0.0059239312
0.0059239278
0.0059239214
0.0059239184
0.0059239181
0.0059239184
0.0059928454
0.0059928428
0.0059928424
0.0059928426
0.0059928416
0.0059928373
0.0059928313
0.0059928279
0.0059928279
0.0059928286
0.0060733224
0.00607332
0.006073319
0.0060733191
0.0060733172
0.0060733131
0.0060733069
0.0060733036
0.0060733037
0.0060733044
0.006165394
0.0061653907
0.0061653904
0.0061653895
0.0061653879
0.0061653834
0.0061653772
0.0061653737
0.0061653741
0.0061653752
0.0062690871
0.0062690844
0.0062690828
0.0062690827
0.0062690803
0.0062690759
0.00626907
0.0062690669
0.0062690678
0.0062690692
0.0063844269
0.0063844236
0.0063844223
0.0063844215
0.0063844189
0.0063844148
0.0063844091
0.0063844066
0.0063844074
0.0063844088
0.0065114231
0.0065114195
0.0065114185
0.0065114172
0.0065114154
0.0065114114
0.0065114065
0.0065114041
0.0065114046
0.0065114053
0.0066500727
0.0066500697
0.0066500682
0.0066500679
0.0066500662
0.0066500626
0.0066500578
0.0066500549
0.0066500545
0.0066500543
0.0068003508
0.0068003475
0.0068003465
0.0068003462
0.0068003444
0.0068003408
0.0068003353
0.0068003315
0.0068003301
0.0068003299
0.0069621957
0.006962193
0.006962192
0.0069621916
0.0069621901
0.0069621858
0.0069621795
0.0069621747
0.0069621734
0.0069621741
0.0071355002
0.0071354976
0.0071354967
0.0071354968
0.0071354949
0.0071354899
0.0071354828
0.0071354781
0.0071354779
0.0071354791
0.0073200898
0.0073200872
0.0073200871
0.0073200871
0.0073200846
0.0073200791
0.0073200721
0.0073200686
0.0073200691
0.00732007
0.0075157021
0.0075157004
0.0075157003
0.0075156997
0.0075156968
0.0075156915
0.0075156857
0.0075156828
0.0075156826
0.0075156828
0.0077219547
0.0077219528
0.0077219521
0.0077219511
0.0077219485
0.0077219442
0.0077219389
0.0077219354
0.0077219345
0.0077219347
0.0079383015
0.0079382987
0.0079382975
0.0079382967
0.007938295
0.0079382913
0.0079382856
0.0079382817
0.0079382812
0.0079382825
0.0081639858
0.0081639827
0.0081639814
0.008163981
0.0081639796
0.0081639755
0.0081639699
0.0081639664
0.008163967
0.0081639691
0.0083979764
0.0083979733
0.0083979719
0.0083979712
0.0083979692
0.0083979652
0.0083979602
0.0083979577
0.0083979591
0.008397961
0.0086388869
0.008638884
0.0086388823
0.0086388809
0.0086388787
0.0086388751
0.0086388704
0.0086388686
0.0086388704
0.0086388716
0.0088848929
0.00888489
0.0088848878
0.0088848862
0.0088848842
0.0088848809
0.0088848765
0.0088848748
0.008884876
0.0088848768
0.009133652
0.009133649
0.0091336468
0.0091336455
0.0091336436
0.0091336403
0.0091336359
0.0091336336
0.0091336338
0.0091336342
0.0093822499
0.0093822471
0.0093822451
0.0093822438
0.0093822422
0.0093822384
0.0093822337
0.00938223
0.0093822296
0.0093822307
0.0096272158
0.009627213
0.0096272112
0.00962721
0.0096272088
0.0096272045
0.0096271985
0.0096271949
0.0096271951
0.0096271965
0.009864675
0.009864672
0.0098646714
0.0098646709
0.0098646692
0.009864664
0.0098646589
0.0098646566
0.009864656
0.0098646568
0.010090715
0.010090713
0.010090713
0.010090712
0.01009071
0.010090706
0.010090703
0.0100907
0.010090698
0.010090698
0.010302005
0.010302003
0.010302003
0.010302003
0.010302001
0.010301998
0.010301995
0.010301992
0.010301989
0.010301992
0.0077447016
0.0077446978
0.0077446996
0.0077446991
0.0077447025
0.0077446997
0.0077446976
0.0077446954
0.0077446948
0.007744696
0.0077575491
0.0077575454
0.0077575483
0.0077575505
0.0077575515
0.0077575497
0.0077575466
0.0077575442
0.0077575439
0.0077575459
0.0077832603
0.0077832576
0.0077832592
0.0077832606
0.0077832615
0.0077832601
0.0077832556
0.0077832536
0.0077832539
0.0077832543
0.0078218419
0.0078218414
0.0078218421
0.0078218436
0.0078218454
0.0078218423
0.0078218375
0.0078218345
0.0078218331
0.0078218335
0.0078733219
0.0078733188
0.0078733201
0.0078733225
0.0078733221
0.0078733194
0.0078733134
0.0078733093
0.0078733085
0.0078733091
0.00793772
0.0079377187
0.0079377207
0.0079377215
0.0079377212
0.0079377163
0.0079377092
0.0079377056
0.0079377048
0.0079377058
0.0080150766
0.0080150752
0.008015076
0.0080150768
0.0080150753
0.0080150697
0.0080150628
0.0080150588
0.0080150579
0.0080150586
0.008105425
0.0081054232
0.008105424
0.0081054242
0.0081054219
0.0081054167
0.0081054096
0.0081054052
0.0081054042
0.0081054044
0.0082088031
0.0082088008
0.0082088019
0.0082088016
0.0082087998
0.0082087942
0.0082087866
0.0082087821
0.0082087815
0.0082087821
0.0083252485
0.0083252468
0.0083252469
0.0083252474
0.0083252451
0.0083252395
0.0083252321
0.0083252282
0.0083252282
0.0083252288
0.0084547958
0.008454793
0.0084547936
0.0084547938
0.0084547914
0.0084547863
0.0084547795
0.0084547761
0.0084547759
0.0084547759
0.0085974639
0.0085974613
0.0085974622
0.0085974621
0.0085974605
0.0085974561
0.0085974502
0.0085974464
0.0085974454
0.0085974445
0.0087532607
0.0087532587
0.0087532593
0.0087532601
0.0087532587
0.0087532548
0.0087532484
0.0087532435
0.0087532415
0.0087532403
0.0089221681
0.0089221658
0.0089221672
0.008922168
0.0089221664
0.008922162
0.0089221542
0.0089221486
0.0089221462
0.0089221456
0.0091041292
0.0091041278
0.0091041292
0.0091041299
0.0091041281
0.0091041224
0.009104114
0.009104108
0.0091041062
0.0091041064
0.0092990368
0.0092990357
0.009299037
0.0092990377
0.009299035
0.0092990288
0.0092990201
0.0092990145
0.0092990137
0.0092990138
0.0095067086
0.0095067073
0.009506709
0.0095067092
0.0095067059
0.0095066996
0.0095066913
0.0095066867
0.0095066859
0.0095066852
0.0097268632
0.0097268623
0.0097268635
0.0097268631
0.0097268599
0.0097268538
0.0097268464
0.0097268418
0.0097268404
0.009726839
0.0099590824
0.0099590808
0.0099590814
0.0099590809
0.009959078
0.0099590728
0.0099590655
0.0099590606
0.0099590588
0.0099590583
0.010202759
0.010202757
0.010202757
0.010202757
0.010202755
0.01020275
0.010202742
0.010202737
0.010202737
0.010202737
0.010457038
0.010457035
0.010457036
0.010457036
0.010457034
0.010457028
0.010457021
0.010457016
0.010457017
0.010457018
0.010720728
0.010720726
0.010720726
0.010720725
0.010720722
0.010720717
0.01072071
0.010720707
0.010720708
0.010720709
0.010992193
0.010992191
0.01099219
0.010992189
0.010992186
0.010992182
0.010992176
0.010992173
0.010992174
0.010992175
0.011269223
0.011269221
0.01126922
0.011269218
0.011269216
0.011269212
0.011269206
0.011269204
0.011269204
0.011269204
0.011548888
0.011548885
0.011548885
0.011548884
0.011548881
0.011548877
0.011548871
0.011548868
0.011548868
0.011548868
0.0118274
0.011827397
0.011827397
0.011827396
0.011827393
0.011827388
0.011827382
0.011827378
0.011827378
0.011827379
0.01210003
0.012100028
0.012100027
0.012100027
0.012100025
0.012100018
0.012100011
0.012100009
0.012100009
0.012100009
0.012361206
0.012361203
0.012361204
0.012361203
0.0123612
0.012361194
0.012361189
0.012361186
0.012361185
0.012361185
0.012604939
0.012604937
0.012604938
0.012604936
0.012604935
0.01260493
0.012604926
0.012604922
0.012604921
0.012604921
0.012825793
0.012825792
0.012825792
0.012825791
0.01282579
0.012825786
0.012825781
0.012825777
0.012825776
0.012825776
0.0097246079
0.0097246054
0.0097246078
0.0097246077
0.0097246107
0.009724608
0.0097246049
0.0097246028
0.0097246022
0.0097246037
0.009738848
0.0097388454
0.009738849
0.0097388514
0.0097388517
0.0097388492
0.0097388459
0.0097388431
0.0097388425
0.0097388441
0.0097673447
0.009767343
0.0097673452
0.0097673456
0.0097673465
0.0097673443
0.0097673395
0.0097673371
0.0097673368
0.0097673375
0.0098101075
0.0098101079
0.0098101086
0.0098101104
0.0098101115
0.0098101072
0.0098101019
0.0098100979
0.0098100956
0.0098100963
0.0098671702
0.0098671687
0.0098671704
0.0098671722
0.0098671704
0.0098671667
0.0098671605
0.0098671557
0.0098671544
0.0098671549
0.0099385604
0.0099385599
0.0099385618
0.0099385615
0.00993856
0.0099385545
0.0099385474
0.0099385435
0.0099385421
0.0099385427
0.010024324
0.010024323
0.010024324
0.010024323
0.010024321
0.010024315
0.010024308
0.010024304
0.010024301
0.010024302
0.010124505
0.010124504
0.010124504
0.010124504
0.010124501
0.010124495
0.010124488
0.010124483
0.01012448
0.01012448
0.010239152
0.010239151
0.010239152
0.010239151
0.010239149
0.010239143
0.010239135
0.01023913
0.010239127
0.010239128
0.010368318
0.010368318
0.010368318
0.010368318
0.010368316
0.010368309
0.010368301
0.010368297
0.010368294
0.010368295
0.01051205
0.010512049
0.01051205
0.01051205
0.010512048
0.010512042
0.010512034
0.01051203
0.010512027
0.010512026
0.010670385
0.010670384
0.010670385
0.010670385
0.010670384
0.010670379
0.010670372
0.010670366
0.010670362
0.010670361
0.010843348
0.010843347
0.010843348
0.010843349
0.010843348
0.010843343
0.010843335
0.010843328
0.010843323
0.010843323
0.01103094
0.011030939
0.011030941
0.011030942
0.01103094
0.011030934
0.011030924
0.011030918
0.011030913
0.011030913
0.011233125
0.011233125
0.011233127
0.011233127
0.011233125
0.011233117
0.011233108
0.011233101
0.011233097
0.011233098
0.011449816
0.011449816
0.011449818
0.011449817
0.011449814
0.011449807
0.011449797
0.011449791
0.011449787
0.011449787
0.01168085
0.01168085
0.011680852
0.011680851
0.011680847
0.01168084
0.01168083
0.011680825
0.011680821
0.011680819
0.011925965
0.011925965
0.011925966
0.011925965
0.011925961
0.011925954
0.011925946
0.01192594
0.011925935
0.011925933
0.012184756
0.012184756
0.012184756
0.012184755
0.012184752
0.012184745
0.012184737
0.012184731
0.012184726
0.012184726
0.012456621
0.01245662
0.01245662
0.012456619
0.012456617
0.01245661
0.012456602
0.012456596
0.012456593
0.012456593
0.012740688
0.012740687
0.012740687
0.012740686
0.012740683
0.012740676
0.012740668
0.012740663
0.012740661
0.012740662
0.013035714
0.013035713
0.013035712
0.013035711
0.013035707
0.013035701
0.013035693
0.01303569
0.013035688
0.013035688
0.013339942
0.013339941
0.01333994
0.013339938
0.013339934
0.013339929
0.013339922
0.013339919
0.013339917
0.013339918
0.013650924
0.013650922
0.013650921
0.013650919
0.013650916
0.01365091
0.013650903
0.013650901
0.013650899
0.013650899
0.013965282
0.01396528
0.013965279
0.013965277
0.013965274
0.013965268
0.013965261
0.013965259
0.013965257
0.013965258
0.014278434
0.014278432
0.014278432
0.014278429
0.014278426
0.014278419
0.014278412
0.01427841
0.014278409
0.01427841
0.014584304
0.014584303
0.014584302
0.014584299
0.014584296
0.014584289
0.014584283
0.014584281
0.014584279
0.014584279
0.014875185
0.014875184
0.014875183
0.014875179
0.014875177
0.014875171
0.014875167
0.014875163
0.014875161
0.014875162
0.01514205
0.015142048
0.015142049
0.015142045
0.015142043
0.015142039
0.015142032
0.015142029
0.015142027
0.01514203
0.015375876
0.015375873
0.015375875
0.015375871
0.015375868
0.015375864
0.015375858
0.015375857
0.015375855
0.015375854
0.011690283
0.011690281
0.011690284
0.011690283
0.011690285
0.011690282
0.011690279
0.011690277
0.011690276
0.011690278
0.011705907
0.011705904
0.011705907
0.011705909
0.011705908
0.011705905
0.011705903
0.0117059
0.011705898
0.011705899
0.01173717
0.011737168
0.01173717
0.011737169
0.011737168
0.011737166
0.011737162
0.011737159
0.011737159
0.011737161
0.011784086
0.011784087
0.011784088
0.011784087
0.011784086
0.011784082
0.011784078
0.011784074
0.011784073
0.011784076
0.011846697
0.011846696
0.011846696
0.011846695
0.011846692
0.011846688
0.011846683
0.01184668
0.01184668
0.011846683
0.011925037
0.011925036
0.011925037
0.011925034
0.011925031
0.011925026
0.011925021
0.011925018
0.011925017
0.01192502
0.01201916
0.012019159
0.012019159
0.012019156
0.012019153
0.012019147
0.012019143
0.012019139
0.012019137
0.012019139
0.012129124
0.012129123
0.012129122
0.01212912
0.012129116
0.012129111
0.012129106
0.012129101
0.012129098
0.0121291
0.012254991
0.01225499
0.01225499
0.012254988
0.012254985
0.012254979
0.012254974
0.012254968
0.012254966
0.012254968
0.012396831
0.01239683
0.01239683
0.012396829
0.012396826
0.01239682
0.012396815
0.012396809
0.012396806
0.012396808
0.01255471
0.012554709
0.012554709
0.012554708
0.012554705
0.0125547
0.012554695
0.012554688
0.012554685
0.012554686
0.012728687
0.012728686
0.012728687
0.012728686
0.012728684
0.012728679
0.012728673
0.012728666
0.012728662
0.012728663
0.012918816
0.012918816
0.012918816
0.012918816
0.012918814
0.012918808
0.012918801
0.012918793
0.012918789
0.01291879
0.013125128
0.013125127
0.013125128
0.013125128
0.013125125
0.013125118
0.01312511
0.013125103
0.013125099
0.013125101
0.013347622
0.013347623
0.013347624
0.013347623
0.013347619
0.013347611
0.013347603
0.013347595
0.013347592
0.013347595
0.013586255
0.013586256
0.013586256
0.013586254
0.013586249
0.013586241
0.013586234
0.013586226
0.013586223
0.013586224
0.013840914
0.013840914
0.013840914
0.013840912
0.013840907
0.013840899
0.013840891
0.013840884
0.01384088
0.01384088
0.014111395
0.014111394
0.014111394
0.014111391
0.014111386
0.014111379
0.014111372
0.014111365
0.01411136
0.014111361
0.014397361
0.01439736
0.014397359
0.014397356
0.014397351
0.014397345
0.014397338
0.014397331
0.014397327
0.014397328
0.014698288
0.014698286
0.014698285
0.014698283
0.014698279
0.014698272
0.014698265
0.014698258
0.014698256
0.014698257
0.01501339
0.015013388
0.015013387
0.015013385
0.01501338
0.015013373
0.015013366
0.015013361
0.015013358
0.015013361
0.015341507
0.015341505
0.015341504
0.015341501
0.015341496
0.015341489
0.015341483
0.015341478
0.015341476
0.01534148
0.015680945
0.015680944
0.015680942
0.015680939
0.015680934
0.015680927
0.015680922
0.015680918
0.015680917
0.01568092
0.016029253
0.016029251
0.016029249
0.016029246
0.01602924
0.016029234
0.016029229
0.016029226
0.016029226
0.016029228
0.016382889
0.016382887
0.016382885
0.016382881
0.016382875
0.016382869
0.016382865
0.016382862
0.016382861
0.016382864
0.016736755
0.016736754
0.016736752
0.016736747
0.016736742
0.016736735
0.016736732
0.016736729
0.016736728
0.016736732
0.017083574
0.017083572
0.01708357
0.017083565
0.01708356
0.017083555
0.017083551
0.017083548
0.017083548
0.017083552
0.017413187
0.017413185
0.017413182
0.017413178
0.017413174
0.017413168
0.017413165
0.017413162
0.017413163
0.017413166
0.01771221
0.017712206
0.017712207
0.017712203
0.017712199
0.017712193
0.01771219
0.017712189
0.017712188
0.017712191
0.017965224
0.017965221
0.017965223
0.017965218
0.017965214
0.01796521
0.017965207
0.017965205
0.017965204
0.01796521
0.013640339
0.013640341
0.013640342
0.01364034
0.013640339
0.013640337
0.013640336
0.013640335
0.013640334
0.013640336
0.013657337
0.013657334
0.013657335
0.013657335
0.013657334
0.013657332
0.013657331
0.013657328
0.013657326
0.013657328
0.013691343
0.01369134
0.01369134
0.013691339
0.013691337
0.013691336
0.013691333
0.013691332
0.013691332
0.013691335
0.013742382
0.013742381
0.01374238
0.013742378
0.013742376
0.013742373
0.013742371
0.01374237
0.01374237
0.013742374
0.013810497
0.013810496
0.013810494
0.013810491
0.013810487
0.013810485
0.013810483
0.013810482
0.013810484
0.013810488
0.013895736
0.013895734
0.013895733
0.013895728
0.013895724
0.013895721
0.013895719
0.01389572
0.013895721
0.013895725
0.013998162
0.013998159
0.013998157
0.013998153
0.013998148
0.013998146
0.013998144
0.013998143
0.013998144
0.013998148
0.014117845
0.014117842
0.014117841
0.014117837
0.014117832
0.01411783
0.014117827
0.014117825
0.014117826
0.014117828
0.014254865
0.014254863
0.014254863
0.014254859
0.014254855
0.014254853
0.01425485
0.014254847
0.014254847
0.014254848
0.014409312
0.014409311
0.014409311
0.014409308
0.014409304
0.014409302
0.014409299
0.014409296
0.014409294
0.014409297
0.014581276
0.014581275
0.014581275
0.014581273
0.014581269
0.014581267
0.014581264
0.01458126
0.014581258
0.01458126
0.014770845
0.014770844
0.014770845
0.014770842
0.01477084
0.014770838
0.014770833
0.014770829
0.014770827
0.014770829
0.014978107
0.014978107
0.014978107
0.014978106
0.014978103
0.0149781
0.014978094
0.01497809
0.014978089
0.014978092
0.015203137
0.015203136
0.015203138
0.015203135
0.015203131
0.015203127
0.015203121
0.015203117
0.015203117
0.01520312
0.015445985
0.015445984
0.015445986
0.015445982
0.015445977
0.015445973
0.015445967
0.015445963
0.015445962
0.015445964
0.015706669
0.015706669
0.015706668
0.015706664
0.015706658
0.015706655
0.015706649
0.015706644
0.015706642
0.015706644
0.015985156
0.015985155
0.015985154
0.01598515
0.015985144
0.01598514
0.015985134
0.015985129
0.015985127
0.015985129
0.016281339
0.016281338
0.016281337
0.016281332
0.016281326
0.016281322
0.016281316
0.016281311
0.01628131
0.016281312
0.016595005
0.016595003
0.016595002
0.016594997
0.016594991
0.016594987
0.016594982
0.016594978
0.016594977
0.016594979
0.016925783
0.016925781
0.01692578
0.016925776
0.016925771
0.016925767
0.016925762
0.016925758
0.016925757
0.01692576
0.017273083
0.017273081
0.01727308
0.017273076
0.01727307
0.017273066
0.017273061
0.017273057
0.017273057
0.017273061
0.017635984
0.017635982
0.017635981
0.017635977
0.01763597
0.017635966
0.017635961
0.017635958
0.01763596
0.017635964
0.018013085
0.018013083
0.018013081
0.018013076
0.018013069
0.018013065
0.018013061
0.018013061
0.018013063
0.018013066
0.018402259
0.018402257
0.018402255
0.018402248
0.018402241
0.018402238
0.018402234
0.018402235
0.018402237
0.018402241
0.01880027
0.018800267
0.018800264
0.018800258
0.018800251
0.018800248
0.018800246
0.018800246
0.018800248
0.018800253
0.01920213
0.019202128
0.019202125
0.019202119
0.019202113
0.01920211
0.019202109
0.019202109
0.019202113
0.019202117
0.019600053
0.01960005
0.019600047
0.019600041
0.019600036
0.019600034
0.019600031
0.019600032
0.019600036
0.019600041
0.019981785
0.01998178
0.019981779
0.019981774
0.019981768
0.019981766
0.019981764
0.019981766
0.019981768
0.019981774
0.020328388
0.020328384
0.020328385
0.02032838
0.020328374
0.020328373
0.020328372
0.020328372
0.020328378
0.020328379
0.02061303
0.020613025
0.020613024
0.020613021
0.020613017
0.020613015
0.020613015
0.020613016
0.020613018
0.020613026
0.015573399
0.015573409
0.015573406
0.015573405
0.015573402
0.015573401
0.015573401
0.015573402
0.015573403
0.015573407
0.015591764
0.015591762
0.015591761
0.015591757
0.015591755
0.015591756
0.015591756
0.015591755
0.015591756
0.015591761
0.015628485
0.015628485
0.015628481
0.015628477
0.015628476
0.015628476
0.015628476
0.015628478
0.015628481
0.015628485
0.015683608
0.015683606
0.015683602
0.015683599
0.015683597
0.015683596
0.015683598
0.015683601
0.015683605
0.01568361
0.015757178
0.015757176
0.015757173
0.015757168
0.015757164
0.015757164
0.015757167
0.015757169
0.015757174
0.015757178
0.015849254
0.015849252
0.015849248
0.015849242
0.015849239
0.015849238
0.015849241
0.015849245
0.015849248
0.015849252
0.015959911
0.015959908
0.015959903
0.015959898
0.015959894
0.015959893
0.015959896
0.0159599
0.015959903
0.015959907
0.016089233
0.016089229
0.016089226
0.016089221
0.016089218
0.016089218
0.01608922
0.016089223
0.016089225
0.016089228
0.016237321
0.016237318
0.016237316
0.016237311
0.016237309
0.016237309
0.016237311
0.016237312
0.016237314
0.016237315
0.016404285
0.016404284
0.016404282
0.016404278
0.016404277
0.016404276
0.016404279
0.016404278
0.016404278
0.016404279
0.016590243
0.016590242
0.01659024
0.016590236
0.016590236
0.016590236
0.016590238
0.016590237
0.016590235
0.016590238
0.016795316
0.016795317
0.016795316
0.016795311
0.016795312
0.016795312
0.016795312
0.016795313
0.016795312
0.016795317
0.017019637
0.017019639
0.017019637
0.017019635
0.017019634
0.017019633
0.017019632
0.017019634
0.017019636
0.017019641
0.017263332
0.017263332
0.017263332
0.017263329
0.017263326
0.017263325
0.017263324
0.017263327
0.017263329
0.017263332
0.017526514
0.017526514
0.017526513
0.017526508
0.017526505
0.017526504
0.017526504
0.017526506
0.017526506
0.017526507
0.017809281
0.017809281
0.017809279
0.017809273
0.017809269
0.017809268
0.017809268
0.017809269
0.017809268
0.017809271
0.018111702
0.018111702
0.018111699
0.018111693
0.018111689
0.018111687
0.018111687
0.018111687
0.018111687
0.01811169
0.018433803
0.018433802
0.018433798
0.018433793
0.018433788
0.018433786
0.018433786
0.018433786
0.018433786
0.018433788
0.018775539
0.018775537
0.018775533
0.018775528
0.018775524
0.018775522
0.018775522
0.018775523
0.018775523
0.018775526
0.019136762
0.019136761
0.019136758
0.019136753
0.019136751
0.019136748
0.019136748
0.019136749
0.019136751
0.019136755
0.019517179
0.019517178
0.019517177
0.019517172
0.019517168
0.019517165
0.019517165
0.019517167
0.01951717
0.019517172
0.019916267
0.019916266
0.019916264
0.019916258
0.019916253
0.019916252
0.019916252
0.019916255
0.019916258
0.019916261
0.020333156
0.020333155
0.020333151
0.020333144
0.020333138
0.020333138
0.020333139
0.020333143
0.020333146
0.020333151
0.020766435
0.020766433
0.020766427
0.02076642
0.020766415
0.020766414
0.020766416
0.020766421
0.020766425
0.02076643
0.021213807
0.021213804
0.021213799
0.021213792
0.021213789
0.021213788
0.021213791
0.021213796
0.021213801
0.021213808
0.021671449
0.021671448
0.021671443
0.021671436
0.021671433
0.021671433
0.021671435
0.02167144
0.021671447
0.021671454
0.022132729
0.022132727
0.022132722
0.022132716
0.022132713
0.022132712
0.022132714
0.022132721
0.022132726
0.02213273
0.022585517
0.022585515
0.022585511
0.022585505
0.022585502
0.022585502
0.022585505
0.02258551
0.022585514
0.02258552
0.023006541
0.023006539
0.023006536
0.023006531
0.023006529
0.02300653
0.023006532
0.023006536
0.023006538
0.023006544
0.023350914
0.023350912
0.02335091
0.023350905
0.023350904
0.023350906
0.023350906
0.023350913
0.023350914
0.023350912
0.017488088
0.017488108
0.017488109
0.01748811
0.017488108
0.017488107
0.017488107
0.017488113
0.017488117
0.017488123
0.017507806
0.017507808
0.017507811
0.017507808
0.017507805
0.01750781
0.017507811
0.017507812
0.017507816
0.017507823
0.01754722
0.017547224
0.017547219
0.017547213
0.017547215
0.01754722
0.017547223
0.017547228
0.017547233
0.017547238
0.017606383
0.017606385
0.017606378
0.017606373
0.017606374
0.017606376
0.017606382
0.01760639
0.017606398
0.017606404
0.017685351
0.01768535
0.017685348
0.017685341
0.017685338
0.017685339
0.017685348
0.017685354
0.017685363
0.017685368
0.017784192
0.017784191
0.017784188
0.01778418
0.017784178
0.01778418
0.017784188
0.017784195
0.017784201
0.017784205
0.017902996
0.017902992
0.017902987
0.017902982
0.017902981
0.017902982
0.017902988
0.017902996
0.017903001
0.017903004
0.018041863
0.018041853
0.018041849
0.018041847
0.018041847
0.01804185
0.018041853
0.01804186
0.018041865
0.018041868
0.018200912
0.018200902
0.018200898
0.018200895
0.018200894
0.018200897
0.018200901
0.018200902
0.018200909
0.018200911
0.018380276
0.01838027
0.018380264
0.01838026
0.01838026
0.018380261
0.018380267
0.018380267
0.018380271
0.01838027
0.018580101
0.018580098
0.018580093
0.018580087
0.018580089
0.018580092
0.018580099
0.018580102
0.018580099
0.018580096
0.018800545
0.018800548
0.018800547
0.018800541
0.018800543
0.018800546
0.018800553
0.01880056
0.018800556
0.018800556
0.019041793
0.019041799
0.019041801
0.019041798
0.0190418
0.019041803
0.019041806
0.019041814
0.019041816
0.019041818
0.019304037
0.019304039
0.019304042
0.019304041
0.019304044
0.019304046
0.019304045
0.019304051
0.019304057
0.01930406
0.019587456
0.019587454
0.019587455
0.019587453
0.019587456
0.019587459
0.01958746
0.019587464
0.019587469
0.019587471
0.019892237
0.019892235
0.019892234
0.01989223
0.019892227
0.019892231
0.019892236
0.019892241
0.019892246
0.019892246
0.020218569
0.020218567
0.020218566
0.02021856
0.020218553
0.020218554
0.020218561
0.020218568
0.020218572
0.020218574
0.020566632
0.02056663
0.020566626
0.020566621
0.020566614
0.020566614
0.02056662
0.020566625
0.020566629
0.020566633
0.020936585
0.020936584
0.020936576
0.020936571
0.020936569
0.02093657
0.020936576
0.020936579
0.020936582
0.020936584
0.021328552
0.021328551
0.021328546
0.02132854
0.021328541
0.021328542
0.021328548
0.021328553
0.021328557
0.021328556
0.021742611
0.021742609
0.021742609
0.021742602
0.021742602
0.021742602
0.021742607
0.021742614
0.021742619
0.021742616
0.022178753
0.022178752
0.022178752
0.022178745
0.02217874
0.022178744
0.022178749
0.022178756
0.022178759
0.022178757
0.022636841
0.02263684
0.022636835
0.022636826
0.02263682
0.022636826
0.022636834
0.022636843
0.022636846
0.022636845
0.023116523
0.02311652
0.023116512
0.023116502
0.023116497
0.023116501
0.023116512
0.023116523
0.023116528
0.023116529
0.02361708
0.023617078
0.023617072
0.023617062
0.023617061
0.023617064
0.023617074
0.023617085
0.023617092
0.023617097
0.024137135
0.024137135
0.024137134
0.024137126
0.024137126
0.024137129
0.024137138
0.024137147
0.024137154
0.024137162
0.024673896
0.024673896
0.024673895
0.024673889
0.024673888
0.024673893
0.024673902
0.02467391
0.024673914
0.024673919
0.025221017
0.025221015
0.025221012
0.025221007
0.025221004
0.025221009
0.025221017
0.025221024
0.025221025
0.025221027
0.025761351
0.02576135
0.025761346
0.025761343
0.025761339
0.025761344
0.02576135
0.025761355
0.025761354
0.025761352
0.026238604
0.026238604
0.026238602
0.026238603
0.0262386
0.026238604
0.026238607
0.026238612
0.026238609
0.026238606
)
;

boundaryField
{
    block1_in
    {
        type            fixedValue;
        value           nonuniform List<scalar> 
300
(
-0.021692871
-0.021700528
-0.021715846
-0.021738844
-0.021769547
-0.021807987
-0.021854204
-0.02190825
-0.021970181
-0.022040064
-0.022117972
-0.022203983
-0.022298188
-0.022400685
-0.022511574
-0.022630964
-0.022758968
-0.022895704
-0.023041294
-0.023195865
-0.02335954
-0.023532445
-0.023714699
-0.023906421
-0.024107719
-0.024318691
-0.024539426
-0.024769993
-0.02501045
-0.025260834
-0.021692873
-0.021700528
-0.021715846
-0.021738844
-0.021769546
-0.021807986
-0.021854204
-0.021908249
-0.021970181
-0.022040064
-0.022117971
-0.022203982
-0.022298188
-0.022400685
-0.022511574
-0.022630964
-0.022758968
-0.022895704
-0.023041294
-0.023195865
-0.02335954
-0.023532444
-0.023714698
-0.023906419
-0.024107717
-0.024318689
-0.024539424
-0.024769992
-0.025010449
-0.025260833
-0.021692874
-0.021700528
-0.021715845
-0.021738842
-0.021769545
-0.021807985
-0.021854203
-0.021908249
-0.021970181
-0.022040064
-0.02211797
-0.022203982
-0.022298188
-0.022400685
-0.022511575
-0.022630964
-0.022758968
-0.022895703
-0.023041294
-0.023195865
-0.02335954
-0.023532443
-0.023714696
-0.023906417
-0.024107715
-0.024318687
-0.024539422
-0.02476999
-0.025010448
-0.025260833
-0.021692874
-0.021700528
-0.021715845
-0.021738842
-0.021769544
-0.021807984
-0.021854202
-0.021908248
-0.021970181
-0.022040063
-0.02211797
-0.022203982
-0.022298189
-0.022400686
-0.022511576
-0.022630965
-0.022758968
-0.022895703
-0.023041294
-0.023195865
-0.023359539
-0.023532442
-0.023714694
-0.023906415
-0.024107713
-0.024318686
-0.024539421
-0.02476999
-0.025010448
-0.025260833
-0.021692875
-0.021700529
-0.021715846
-0.021738843
-0.021769545
-0.021807984
-0.021854202
-0.021908249
-0.021970182
-0.022040064
-0.022117971
-0.022203983
-0.02229819
-0.022400688
-0.022511577
-0.022630966
-0.022758969
-0.022895704
-0.023041295
-0.023195866
-0.02335954
-0.023532442
-0.023714694
-0.023906415
-0.024107712
-0.024318686
-0.024539421
-0.024769991
-0.025010448
-0.025260834
-0.021692875
-0.02170053
-0.021715848
-0.021738845
-0.021769546
-0.021807985
-0.021854203
-0.02190825
-0.021970183
-0.022040065
-0.022117972
-0.022203985
-0.022298192
-0.022400689
-0.022511578
-0.022630967
-0.02275897
-0.022895706
-0.023041297
-0.023195867
-0.023359541
-0.023532443
-0.023714696
-0.023906416
-0.024107714
-0.024318688
-0.024539423
-0.024769992
-0.02501045
-0.025260835
-0.021692877
-0.021700532
-0.021715851
-0.021738848
-0.021769549
-0.021807988
-0.021854206
-0.021908253
-0.021970185
-0.022040067
-0.022117974
-0.022203988
-0.022298195
-0.022400692
-0.02251158
-0.022630969
-0.022758973
-0.022895708
-0.023041299
-0.023195869
-0.023359543
-0.023532445
-0.023714698
-0.023906419
-0.024107717
-0.02431869
-0.024539425
-0.024769993
-0.025010451
-0.025260836
-0.021692879
-0.021700535
-0.021715854
-0.021738851
-0.021769552
-0.021807991
-0.02185421
-0.021908256
-0.021970187
-0.022040069
-0.022117978
-0.022203992
-0.022298199
-0.022400695
-0.022511584
-0.022630973
-0.022758976
-0.022895712
-0.023041302
-0.023195873
-0.023359547
-0.023532449
-0.023714702
-0.023906423
-0.024107721
-0.024318693
-0.024539427
-0.024769996
-0.025010453
-0.025260838
-0.021692881
-0.021700537
-0.021715856
-0.021738853
-0.021769554
-0.021807994
-0.021854212
-0.021908258
-0.021970189
-0.022040072
-0.02211798
-0.022203994
-0.022298202
-0.022400698
-0.022511587
-0.022630976
-0.022758979
-0.022895714
-0.023041305
-0.023195876
-0.02335955
-0.023532452
-0.023714705
-0.023906426
-0.024107724
-0.024318696
-0.02453943
-0.024769998
-0.025010454
-0.025260839
-0.021692883
-0.021700539
-0.021715857
-0.021738854
-0.021769556
-0.021807995
-0.021854213
-0.021908258
-0.02197019
-0.022040073
-0.022117981
-0.022203995
-0.022298203
-0.0224007
-0.022511588
-0.022630977
-0.02275898
-0.022895715
-0.023041306
-0.023195878
-0.023359551
-0.023532454
-0.023714707
-0.023906428
-0.024107725
-0.024318698
-0.024539431
-0.024769998
-0.025010455
-0.025260839
)
;
    }
    block1_out
    {
        type            fixedValue;
        value           nonuniform List<scalar> 
300
(
0.018435622
0.018455984
0.018496722
0.018557877
0.018639509
0.018741687
0.018864508
0.019008084
0.019172541
0.01935803
0.019564712
0.019792766
0.020042393
0.020313814
0.020607251
0.020922941
0.021261137
0.021622099
0.022006095
0.022413399
0.022844286
0.023299028
0.02377789
0.024281126
0.024808969
0.025361635
0.025939314
0.026542161
0.027170295
0.0278238
0.018435623
0.018455982
0.01849672
0.018557875
0.018639505
0.018741684
0.018864506
0.01900808
0.019172539
0.019358028
0.01956471
0.019792763
0.020042393
0.020313814
0.02060725
0.02092294
0.021261135
0.021622097
0.022006094
0.022413398
0.022844285
0.023299027
0.023777889
0.024281123
0.024808966
0.025361632
0.025939312
0.026542159
0.027170292
0.027823798
0.018435622
0.018455981
0.018496717
0.018557871
0.018639502
0.01874168
0.018864501
0.019008076
0.019172536
0.019358025
0.019564706
0.019792762
0.020042392
0.020313813
0.020607248
0.020922937
0.021261132
0.021622094
0.022006091
0.022413396
0.022844283
0.023299025
0.023777885
0.024281117
0.02480896
0.025361628
0.025939308
0.026542155
0.027170289
0.027823795
0.01843562
0.018455978
0.018496714
0.018557867
0.018639497
0.018741674
0.018864495
0.019008072
0.019172531
0.019358021
0.019564703
0.019792759
0.020042391
0.020313811
0.020607246
0.020922933
0.021261127
0.021622088
0.022006085
0.022413391
0.022844279
0.02329902
0.023777878
0.024281109
0.024808953
0.025361623
0.025939303
0.026542151
0.027170286
0.027823793
0.01843562
0.018455977
0.018496714
0.018557867
0.018639494
0.018741671
0.018864492
0.01900807
0.01917253
0.01935802
0.019564703
0.01979276
0.020042392
0.020313812
0.020607246
0.020922933
0.021261126
0.021622086
0.022006083
0.02241339
0.022844278
0.023299017
0.023777875
0.024281107
0.024808952
0.025361621
0.025939301
0.02654215
0.027170286
0.027823793
0.01843562
0.018455979
0.018496717
0.018557869
0.018639497
0.018741673
0.018864494
0.019008072
0.019172533
0.019358024
0.019564707
0.019792765
0.020042397
0.020313817
0.02060725
0.020922937
0.021261129
0.021622088
0.022006086
0.022413392
0.02284428
0.023299019
0.023777879
0.024281112
0.024808956
0.025361625
0.025939305
0.026542153
0.027170289
0.027823798
0.018435623
0.018455984
0.018496721
0.018557875
0.018639503
0.01874168
0.018864501
0.019008079
0.01917254
0.01935803
0.019564713
0.019792771
0.020042404
0.020313823
0.020607256
0.020922942
0.021261134
0.021622094
0.022006092
0.022413399
0.022844286
0.023299027
0.023777887
0.024281121
0.024808966
0.025361635
0.025939313
0.026542159
0.027170295
0.027823802
0.018435627
0.018455988
0.018496728
0.018557883
0.018639512
0.01874169
0.018864511
0.019008087
0.019172546
0.019358035
0.019564719
0.019792778
0.02004241
0.02031383
0.020607262
0.020922949
0.021261141
0.021622101
0.022006099
0.022413407
0.022844295
0.023299035
0.023777896
0.024281131
0.024808977
0.025361645
0.025939322
0.026542167
0.027170301
0.027823805
0.018435631
0.018455993
0.018496734
0.018557889
0.018639519
0.018741698
0.018864518
0.019008092
0.019172549
0.019358038
0.019564721
0.019792781
0.020042414
0.020313834
0.020607266
0.020922952
0.021261144
0.021622104
0.022006104
0.022413412
0.0228443
0.02329904
0.023777902
0.024281138
0.024808984
0.025361652
0.025939329
0.026542172
0.027170302
0.027823807
0.018435635
0.018455997
0.018496738
0.018557893
0.018639522
0.018741701
0.018864521
0.019008094
0.019172551
0.019358039
0.019564722
0.019792783
0.020042417
0.020313836
0.020607267
0.020922954
0.021261146
0.021622106
0.022006107
0.022413415
0.022844302
0.023299042
0.023777905
0.024281141
0.024808988
0.025361656
0.025939331
0.026542173
0.027170304
0.027823806
)
;
    }
    block1_wall1
    {
        type            zeroGradient;
    }
    block1_wall2
    {
        type            zeroGradient;
    }
    block1_wall3
    {
        type            zeroGradient;
    }
    block1_wall4
    {
        type            zeroGradient;
    }
}


// ************************************************************************* //
