/*--------------------------------*- C++ -*----------------------------------*\
| =========                 |                                                 |
| \\      /  F ield         | OpenFOAM: The Open Source CFD Toolbox           |
|  \\    /   O peration     | Version:  v2106                                 |
|   \\  /    A nd           | Website:  www.openfoam.com                      |
|    \\/     M anipulation  |                                                 |
\*---------------------------------------------------------------------------*/
FoamFile
{
    version     2.0;
    format      ascii;
    arch        "LSB;label=32;scalar=64";
    class       volScalarField;
    location    "0";
    object      Tmode5;
}
// * * * * * * * * * * * * * * * * * * * * * * * * * * * * * * * * * * * * * //

dimensions      [0 0 0 1 0 0 0];

internalField   nonuniform List<scalar> 
6000
(
0.010145082
0.010145004
0.010144931
0.010144882
0.010144836
0.010144818
0.010144808
0.010144775
0.010144755
0.010144762
0.010159569
0.010159502
0.01015944
0.010159403
0.010159374
0.010159341
0.010159316
0.010159297
0.010159285
0.010159281
0.010188233
0.010188174
0.010188153
0.010188127
0.010188089
0.010188038
0.010188021
0.010188007
0.010187995
0.010187982
0.010230373
0.010230329
0.01023031
0.010230275
0.010230229
0.010230193
0.01023018
0.010230177
0.010230177
0.01023015
0.010284878
0.010284861
0.010284831
0.010284777
0.010284731
0.010284706
0.01028471
0.010284732
0.010284737
0.010284708
0.0103503
0.010350279
0.010350227
0.010350181
0.010350143
0.010350122
0.01035013
0.010350145
0.01035016
0.010350155
0.010424734
0.010424709
0.010424664
0.010424615
0.010424583
0.010424573
0.010424576
0.010424585
0.010424595
0.010424608
0.010505912
0.010505902
0.010505856
0.010505801
0.01050577
0.010505746
0.010505751
0.010505766
0.010505763
0.010505782
0.01059113
0.010591121
0.010591084
0.010591033
0.010590992
0.01059098
0.010590987
0.010591005
0.010590992
0.010590996
0.010677249
0.010677224
0.010677197
0.010677139
0.01067709
0.010677091
0.010677105
0.010677121
0.010677108
0.01067709
0.010760603
0.010760573
0.010760539
0.010760487
0.010760442
0.01076044
0.010760456
0.010760464
0.010760467
0.010760445
0.01083711
0.010837068
0.010837013
0.010836974
0.010836937
0.01083693
0.010836937
0.010836939
0.010836957
0.010836949
0.010902098
0.01090205
0.010901997
0.01090195
0.010901915
0.010901904
0.010901914
0.01090192
0.010901934
0.01090194
0.010950354
0.01095032
0.010950265
0.010950214
0.010950174
0.010950166
0.010950189
0.010950194
0.010950195
0.010950204
0.010976137
0.0109761
0.010976043
0.010975986
0.010975947
0.010975937
0.010975961
0.010975957
0.010975948
0.010975957
0.010972993
0.010972955
0.010972907
0.010972847
0.010972817
0.010972799
0.010972815
0.010972811
0.010972802
0.010972804
0.010933851
0.010933825
0.010933779
0.010933723
0.01093369
0.010933675
0.010933693
0.010933702
0.010933696
0.010933688
0.010850947
0.010850926
0.010850878
0.010850821
0.010850775
0.010850778
0.010850806
0.010850828
0.010850831
0.010850832
0.010715686
0.010715657
0.010715609
0.010715559
0.010715517
0.010715531
0.010715563
0.010715596
0.010715621
0.010715644
0.010518592
0.010518547
0.010518513
0.01051848
0.010518454
0.010518464
0.010518496
0.010518539
0.010518575
0.010518611
0.01024912
0.010249074
0.010249062
0.010249041
0.010249024
0.010249029
0.010249072
0.010249118
0.010249149
0.010249178
0.0098953674
0.0098953448
0.0098953372
0.0098953183
0.0098953003
0.0098953041
0.0098953573
0.0098954039
0.0098954379
0.0098954544
0.0094435233
0.0094435167
0.0094434996
0.0094434809
0.0094434649
0.0094434711
0.0094435209
0.0094435675
0.0094436022
0.0094436137
0.0088768095
0.0088767969
0.0088767761
0.0088767591
0.0088767488
0.0088767635
0.0088768092
0.0088768517
0.0088768762
0.0088768858
0.008173472
0.0081734416
0.0081734233
0.0081734122
0.0081733948
0.0081734119
0.0081734503
0.0081734908
0.0081735201
0.0081735238
0.0073022422
0.0073021963
0.0073021759
0.0073021643
0.007302138
0.007302133
0.0073021579
0.0073022037
0.0073022574
0.007302269
0.0062110239
0.0062109781
0.0062109555
0.0062109316
0.0062108939
0.0062108547
0.0062108648
0.0062109091
0.0062109777
0.0062109935
0.0047941312
0.0047940923
0.004794072
0.0047940321
0.004793997
0.0047939583
0.0047939588
0.0047939907
0.0047940453
0.0047940614
0.0027806527
0.0027806152
0.0027805825
0.0027805304
0.0027805072
0.0027804929
0.0027805044
0.002780515
0.0027805208
0.0027805352
-0.00070449734
-0.00070453018
-0.00070458571
-0.00070464205
-0.00070466076
-0.0007046574
-0.00070463873
-0.00070464154
-0.00070465787
-0.00070463079
0.0087483672
0.0087483821
0.0087483669
0.0087483211
0.0087482954
0.0087482635
0.0087482318
0.0087482325
0.0087482188
0.0087481951
0.0087657496
0.0087657323
0.0087657039
0.0087656721
0.0087656276
0.0087656054
0.0087655793
0.0087655598
0.0087655494
0.0087655369
0.0087999851
0.0087999546
0.0087999312
0.0087998942
0.0087998603
0.0087998309
0.0087997999
0.0087997907
0.0087997861
0.0087997696
0.008850116
0.0088501054
0.008850074
0.0088500342
0.0088500059
0.0088499701
0.0088499414
0.0088499341
0.0088499315
0.008849917
0.0089147348
0.0089147074
0.0089146888
0.0089146522
0.008914613
0.0089145806
0.0089145543
0.0089145517
0.008914556
0.0089145402
0.0089918302
0.0089918138
0.0089917892
0.0089917427
0.0089917065
0.0089916763
0.0089916547
0.0089916547
0.0089916598
0.0089916487
0.0090788645
0.009078858
0.009078826
0.0090787791
0.0090787422
0.0090787172
0.009078699
0.0090787007
0.0090787085
0.0090787041
0.0091727666
0.0091727402
0.0091727068
0.009172657
0.0091726205
0.0091725936
0.0091725768
0.0091725837
0.0091725878
0.0091725826
0.0092697356
0.0092697104
0.0092696726
0.0092696193
0.0092695861
0.0092695628
0.0092695467
0.0092695537
0.0092695524
0.0092695484
0.0093653434
0.0093653215
0.0093652793
0.0093652327
0.0093652002
0.0093651873
0.0093651736
0.0093651791
0.0093651803
0.0093651767
0.0094544698
0.0094544246
0.0094543877
0.0094543458
0.0094543168
0.0094543033
0.0094542885
0.0094542927
0.0094542992
0.0094542946
0.0095310871
0.0095310483
0.00953101
0.0095309652
0.0095309392
0.0095309227
0.0095309122
0.0095309141
0.0095309253
0.0095309264
0.0095883315
0.009588304
0.0095882594
0.0095882121
0.0095881843
0.0095881737
0.0095881664
0.0095881695
0.0095881842
0.0095881906
0.0096183595
0.0096183198
0.0096182673
0.0096182156
0.0096181871
0.0096181779
0.0096181687
0.009618179
0.0096181939
0.0096182021
0.0096121399
0.009612096
0.0096120437
0.009611987
0.0096119567
0.0096119383
0.0096119339
0.0096119509
0.009611965
0.0096119774
0.0095594592
0.0095594179
0.0095593655
0.0095593052
0.0095592679
0.009559245
0.0095592472
0.0095592648
0.0095592827
0.0095592953
0.0094487111
0.0094486661
0.0094486101
0.0094485461
0.0094485054
0.0094484865
0.0094484863
0.0094485044
0.0094485272
0.0094485398
0.0092666383
0.009266588
0.0092665368
0.0092664774
0.0092664372
0.0092664216
0.0092664195
0.0092664414
0.0092664691
0.0092664887
0.0089981034
0.008998056
0.008998014
0.0089979647
0.0089979271
0.0089979161
0.0089979181
0.0089979445
0.0089979785
0.008998003
0.0086256888
0.0086256493
0.0086256118
0.0086255695
0.0086255433
0.0086255405
0.0086255454
0.0086255747
0.0086256059
0.0086256339
0.0081290742
0.0081290316
0.0081290005
0.0081289681
0.0081289564
0.0081289577
0.0081289633
0.0081289878
0.008129013
0.0081290408
0.0074840783
0.0074840336
0.007484012
0.0074839891
0.0074839807
0.0074839785
0.0074839806
0.0074839985
0.0074840238
0.0074840459
0.0066611071
0.0066610808
0.0066610598
0.0066610344
0.0066610212
0.0066610111
0.0066610054
0.0066610181
0.0066610403
0.0066610593
0.0056224623
0.0056224486
0.0056224185
0.0056223847
0.0056223631
0.0056223435
0.0056223311
0.0056223368
0.0056223549
0.0056223772
0.004317356
0.0043173282
0.004317293
0.0043172544
0.004317219
0.0043171946
0.0043171772
0.0043171815
0.0043172051
0.0043172312
0.0026723684
0.002672327
0.0026722892
0.0026722437
0.0026722018
0.0026721726
0.0026721566
0.0026721715
0.0026722069
0.0026722449
0.00057210733
0.00057206524
0.00057202072
0.00057196869
0.00057192371
0.00057188931
0.0005718848
0.00057191174
0.00057195911
0.0005720045
-0.0021819045
-0.0021819476
-0.0021819936
-0.0021820503
-0.0021820921
-0.0021821174
-0.0021821114
-0.0021820777
-0.0021820282
-0.0021819803
-0.0059583078
-0.005958353
-0.0059583963
-0.0059584489
-0.0059584815
-0.0059584964
-0.0059584789
-0.0059584455
-0.0059584059
-0.0059583688
-0.011457615
-0.011457658
-0.0114577
-0.011457748
-0.011457774
-0.011457778
-0.011457756
-0.011457729
-0.011457704
-0.011457656
0.0073344471
0.0073344239
0.0073344083
0.0073343876
0.0073343594
0.0073343342
0.0073343189
0.0073343025
0.0073342931
0.0073342949
0.0073550842
0.0073550757
0.0073550398
0.0073550163
0.0073549929
0.0073549543
0.00735494
0.0073549333
0.007354913
0.0073549179
0.0073958047
0.0073957816
0.0073957611
0.0073957283
0.007395695
0.0073956623
0.0073956405
0.0073956278
0.0073956244
0.007395638
0.0074554186
0.0074553959
0.0074553663
0.007455326
0.0074553035
0.0074552611
0.0074552331
0.0074552211
0.0074552208
0.0074552362
0.0075321066
0.0075320919
0.0075320564
0.0075320267
0.0075319868
0.007531942
0.0075319144
0.0075319006
0.007531904
0.0075319174
0.0076234175
0.0076233943
0.0076233675
0.007623327
0.007623287
0.0076232419
0.0076232121
0.0076232089
0.0076232139
0.0076232227
0.0077261999
0.0077261814
0.0077261468
0.0077260983
0.00772606
0.0077260093
0.007725988
0.0077259845
0.0077259832
0.0077259946
0.0078365334
0.0078365199
0.0078364739
0.0078364282
0.0078363882
0.0078363413
0.0078363192
0.0078363077
0.007836308
0.0078363232
0.0079496846
0.0079496491
0.0079496064
0.0079495662
0.0079495345
0.007949492
0.0079494643
0.0079494563
0.0079494606
0.0079494761
0.0080600062
0.0080599711
0.0080599261
0.0080598909
0.0080598617
0.0080598216
0.0080597985
0.0080597959
0.0080598009
0.0080598145
0.0081608725
0.008160836
0.0081607951
0.0081607613
0.0081607338
0.0081607005
0.0081606823
0.0081606798
0.0081606843
0.008160697
0.0082445257
0.0082444863
0.0082444433
0.0082444083
0.0082443907
0.008244362
0.0082443479
0.008244345
0.0082443498
0.0082443672
0.0083019408
0.0083019023
0.0083018511
0.0083018212
0.0083018066
0.0083017793
0.00830177
0.00830177
0.0083017793
0.0083018006
0.0083226835
0.0083226366
0.0083225878
0.0083225538
0.0083225305
0.0083225049
0.0083225007
0.0083225096
0.0083225232
0.0083225465
0.0082946933
0.0082946485
0.0082945939
0.0082945467
0.0082945202
0.0082944961
0.0082944984
0.0082945148
0.0082945309
0.0082945616
0.0082041121
0.0082040647
0.0082039972
0.008203949
0.0082039218
0.0082038967
0.0082039014
0.0082039185
0.0082039424
0.0082039807
0.0080349763
0.0080349107
0.0080348496
0.0080348066
0.0080347754
0.0080347468
0.0080347475
0.0080347672
0.0080348002
0.0080348445
0.0077688638
0.0077688052
0.0077687556
0.0077687119
0.0077686797
0.007768648
0.0077686471
0.007768671
0.0077687087
0.0077687592
0.0073845115
0.0073844685
0.0073844199
0.0073843794
0.0073843502
0.00738432
0.0073843197
0.0073843429
0.0073843828
0.0073844343
0.0068571406
0.0068570919
0.0068570483
0.006857018
0.0068569951
0.006856968
0.0068569645
0.0068569851
0.0068570202
0.0068570713
0.0061575528
0.0061575055
0.0061574712
0.0061574505
0.0061574345
0.006157406
0.0061573977
0.0061574111
0.0061574383
0.0061574866
0.0052508803
0.0052508469
0.0052508156
0.0052507983
0.0052507816
0.0052507478
0.0052507306
0.0052507326
0.0052507549
0.0052507975
0.0040945082
0.0040944767
0.0040944422
0.004094419
0.004094395
0.0040943503
0.004094319
0.0040943121
0.0040943311
0.0040943729
0.0026347141
0.0026346749
0.0026346339
0.0026345996
0.0026345636
0.0026345043
0.0026344639
0.0026344534
0.0026344757
0.0026345244
0.00080120477
0.00080115996
0.00080111208
0.00080106745
0.00080101741
0.00080095432
0.00080091507
0.0008009123
0.00080094911
0.00080100627
-0.001502137
-0.0015021847
-0.0015022409
-0.001502294
-0.0015023486
-0.0015024046
-0.0015024294
-0.0015024103
-0.0015023585
-0.0015022955
-0.0044129224
-0.0044129788
-0.0044130413
-0.0044130943
-0.0044131448
-0.0044131848
-0.0044131846
-0.0044131492
-0.0044130922
-0.0044130325
-0.0081353966
-0.0081354598
-0.0081355159
-0.0081355649
-0.008135602
-0.0081356186
-0.008135605
-0.0081355663
-0.0081355147
-0.0081354511
-0.012974197
-0.012974256
-0.012974298
-0.012974337
-0.012974359
-0.012974367
-0.012974351
-0.012974317
-0.01297426
-0.0129742
-0.019352668
-0.019352717
-0.019352748
-0.019352778
-0.019352798
-0.019352803
-0.019352787
-0.019352748
-0.019352695
-0.019352637
0.0058999052
0.0058998441
0.0058998258
0.0058998101
0.0058997992
0.0058997958
0.0058997885
0.0058997909
0.005899806
0.0058998319
0.0059243886
0.0059243528
0.0059243344
0.0059243152
0.0059243055
0.0059242942
0.0059242872
0.005924292
0.0059243119
0.0059243503
0.0059727801
0.0059727469
0.0059727205
0.0059727072
0.0059726861
0.0059726776
0.00597266
0.0059726612
0.0059726959
0.0059727302
0.0060436472
0.0060436125
0.0060435939
0.0060435691
0.0060435473
0.0060435217
0.0060434953
0.0060435022
0.0060435336
0.0060435612
0.0061348666
0.0061348381
0.00613481
0.0061347838
0.0061347483
0.0061347176
0.0061346957
0.0061346962
0.0061347208
0.0061347486
0.0062435537
0.0062435213
0.006243498
0.0062434593
0.0062434155
0.0062433826
0.0062433553
0.0062433538
0.0062433789
0.0062434062
0.0063659723
0.0063659436
0.0063659082
0.0063658662
0.0063658261
0.006365786
0.0063657548
0.0063657522
0.0063657783
0.0063658059
0.006497491
0.0064974599
0.0064974192
0.0064973872
0.0064973438
0.0064972983
0.0064972637
0.0064972594
0.0064972861
0.006497311
0.006632469
0.0066324218
0.0066323974
0.0066323642
0.0066323222
0.0066322788
0.0066322434
0.0066322405
0.0066322647
0.0066322882
0.0067641526
0.0067641154
0.0067640842
0.0067640532
0.0067640181
0.0067639789
0.006763948
0.0067639463
0.0067639689
0.006763992
0.0068845657
0.0068845298
0.0068844933
0.0068844732
0.0068844427
0.0068844094
0.0068843816
0.0068843791
0.0068843999
0.0068844224
0.0069842942
0.0069842424
0.0069842213
0.0069842037
0.0069841788
0.0069841515
0.0069841284
0.0069841274
0.0069841466
0.0069841714
0.0070523141
0.0070522715
0.0070522477
0.0070522285
0.0070522091
0.0070521895
0.0070521758
0.0070521788
0.0070522008
0.0070522281
0.0070758287
0.0070757876
0.0070757496
0.0070757295
0.0070757108
0.0070757
0.0070756955
0.0070757064
0.0070757343
0.0070757642
0.00703995
0.0070398899
0.0070398488
0.007039827
0.0070398089
0.0070398037
0.0070398071
0.0070398273
0.0070398621
0.0070398987
0.0069274203
0.0069273558
0.0069273151
0.0069272921
0.0069272751
0.0069272712
0.0069272794
0.0069273057
0.00692735
0.006927393
0.0067182969
0.0067182336
0.0067181965
0.0067181733
0.0067181558
0.0067181503
0.0067181577
0.0067181891
0.0067182412
0.0067182891
0.0063894722
0.0063894107
0.0063893797
0.0063893585
0.0063893389
0.0063893285
0.0063893333
0.006389367
0.0063894222
0.0063894743
0.0059141197
0.0059140663
0.005914037
0.0059140183
0.0059139952
0.00591398
0.0059139818
0.0059140111
0.0059140657
0.0059141183
0.0052609599
0.005260913
0.0052608848
0.005260868
0.0052608451
0.005260828
0.0052608226
0.0052608447
0.0052608941
0.0052609474
0.004393282
0.004393236
0.0043932115
0.0043931998
0.0043931797
0.0043931581
0.0043931433
0.004393157
0.0043932009
0.0043932535
0.0032675678
0.0032675192
0.0032674988
0.0032674896
0.0032674658
0.0032674352
0.0032674107
0.0032674177
0.0032674588
0.0032675086
0.0018314528
0.0018314026
0.0018313812
0.0018313636
0.0018313301
0.0018312885
0.0018312558
0.0018312611
0.0018313
0.001831351
2.073765e-05
2.0686729e-05
2.0654001e-05
2.0623208e-05
2.0580693e-05
2.0530694e-05
2.0497033e-05
2.0504209e-05
2.054671e-05
2.0606336e-05
-0.0022450404
-0.002245099
-0.0022451439
-0.0022451813
-0.0022452273
-0.0022452753
-0.0022453028
-0.0022452849
-0.0022452301
-0.0022451602
-0.0050690799
-0.0050691469
-0.0050691948
-0.0050692335
-0.0050692741
-0.0050693128
-0.0050693246
-0.0050692885
-0.0050692242
-0.0050691531
-0.0085861333
-0.0085862013
-0.0085862459
-0.0085862802
-0.0085863115
-0.008586335
-0.0085863271
-0.0085862835
-0.0085862207
-0.0085861549
-0.012972416
-0.012972475
-0.012972511
-0.01297254
-0.01297256
-0.012972569
-0.012972555
-0.012972513
-0.012972456
-0.012972386
-0.018450232
-0.01845028
-0.018450306
-0.018450328
-0.018450342
-0.018450348
-0.018450335
-0.018450295
-0.018450233
-0.018450169
-0.025268793
-0.025268834
-0.025268854
-0.025268873
-0.025268888
-0.025268892
-0.025268878
-0.025268833
-0.025268776
-0.025268718
0.0044408759
0.0044408188
0.0044408011
0.0044407917
0.0044408154
0.0044408262
0.0044408445
0.0044408749
0.004440919
0.0044409673
0.0044699298
0.0044698774
0.0044698653
0.0044698695
0.0044698918
0.0044699007
0.0044699129
0.0044699537
0.0044700044
0.0044700503
0.0045273651
0.0045273176
0.0045273069
0.0045273148
0.0045273178
0.0045273226
0.0045273342
0.0045273746
0.0045274271
0.0045274639
0.0046115821
0.004611551
0.0046115437
0.0046115285
0.0046115265
0.0046115248
0.0046115309
0.0046115649
0.0046116061
0.0046116411
0.0047202253
0.0047201906
0.0047201647
0.0047201458
0.0047201368
0.0047201247
0.0047201234
0.0047201468
0.0047201853
0.0047202251
0.0048499852
0.0048499493
0.0048499245
0.0048498977
0.0048498793
0.0048498583
0.0048498495
0.0048498731
0.0048499139
0.0048499545
0.00499667
0.0049966274
0.0049966044
0.0049965739
0.0049965491
0.004996517
0.0049965044
0.0049965271
0.0049965683
0.0049966087
0.0051550107
0.0051549736
0.0051549433
0.0051549146
0.0051548828
0.0051548437
0.0051548275
0.0051548468
0.0051548864
0.0051549241
0.0053185779
0.0053185372
0.0053185118
0.0053184815
0.0053184507
0.0053184113
0.0053183928
0.0053184095
0.005318445
0.0053184819
0.0054796507
0.0054796052
0.0054795837
0.0054795598
0.0054795314
0.0054794946
0.0054794768
0.0054794915
0.0054795242
0.0054795595
0.0056290334
0.0056289942
0.0056289751
0.0056289581
0.0056289318
0.0056288987
0.0056288805
0.0056288926
0.0056289212
0.0056289543
0.0057558461
0.0057558082
0.0057557982
0.0057557824
0.005755764
0.0057557366
0.0057557218
0.0057557329
0.0057557589
0.0057557928
0.0058473114
0.0058472724
0.0058472593
0.0058472499
0.0058472407
0.0058472226
0.0058472161
0.0058472298
0.0058472591
0.0058472934
0.0058884883
0.0058884418
0.0058884242
0.0058884191
0.0058884158
0.0058884082
0.0058884112
0.0058884341
0.0058884686
0.0058885025
0.0058619492
0.0058618929
0.0058618783
0.005861872
0.0058618752
0.0058618778
0.005861892
0.0058619245
0.0058619636
0.0058620006
0.0057474452
0.0057473879
0.0057473735
0.005747371
0.0057473805
0.00574739
0.0057474109
0.0057474485
0.0057474945
0.0057475347
0.0055214793
0.0055214238
0.0055214117
0.0055214145
0.005521425
0.0055214332
0.0055214534
0.0055214959
0.0055215472
0.0055215889
0.005156781
0.0051567331
0.0051567254
0.0051567269
0.0051567306
0.0051567313
0.0051567499
0.0051567935
0.0051568446
0.0051568881
0.0046217092
0.0046216686
0.0046216585
0.0046216538
0.0046216493
0.0046216449
0.0046216585
0.0046216947
0.0046217439
0.0046217903
0.0038794796
0.0038794344
0.0038794211
0.003879414
0.0038794087
0.0038794007
0.0038794029
0.0038794312
0.0038794796
0.003879531
0.002887226
0.0028871737
0.0028871642
0.0028871615
0.0028871586
0.0028871436
0.0028871374
0.0028871621
0.0028872124
0.0028872663
0.0015947993
0.0015947471
0.0015947418
0.0015947416
0.0015947355
0.0015947157
0.001594709
0.001594735
0.0015947873
0.0015948419
-5.6889733e-05
-5.6941006e-05
-5.6950165e-05
-5.6955002e-05
-5.6965522e-05
-5.6985358e-05
-5.6989305e-05
-5.6959822e-05
-5.6906451e-05
-5.6849543e-05
-0.0021380689
-0.0021381266
-0.0021381453
-0.0021381537
-0.0021381648
-0.0021381823
-0.0021381819
-0.0021381495
-0.0021380917
-0.0021380284
-0.00473291
-0.0047329774
-0.0047329984
-0.0047330035
-0.0047330124
-0.0047330239
-0.0047330183
-0.0047329789
-0.0047329148
-0.0047328458
-0.0079428708
-0.0079429359
-0.0079429505
-0.0079429511
-0.0079429558
-0.0079429618
-0.0079429491
-0.0079429042
-0.0079428397
-0.0079427714
-0.011889939
-0.011889992
-0.011890002
-0.01189
-0.011890002
-0.011890003
-0.011889988
-0.011889948
-0.011889887
-0.011889819
-0.016717697
-0.016717736
-0.016717742
-0.016717744
-0.016717746
-0.016717747
-0.016717738
-0.0167177
-0.016717638
-0.01671757
-0.022585314
-0.022585347
-0.022585352
-0.022585356
-0.022585362
-0.022585368
-0.022585357
-0.022585317
-0.022585259
-0.022585204
-0.029646102
-0.029646134
-0.029646137
-0.029646144
-0.029646153
-0.029646156
-0.029646143
-0.029646103
-0.029646058
-0.029646005
0.0029529079
0.002952847
0.0029528426
0.0029528585
0.0029528968
0.0029529258
0.0029529672
0.0029530224
0.0029530823
0.0029531264
0.0029872879
0.0029872399
0.0029872452
0.0029872721
0.0029872975
0.0029873302
0.002987377
0.0029874384
0.0029874921
0.0029875333
0.0030553237
0.0030552853
0.0030552857
0.0030553017
0.0030553201
0.0030553546
0.0030553989
0.0030554535
0.0030555077
0.0030555472
0.0031552845
0.003155254
0.0031552436
0.0031552421
0.0031552626
0.0031552904
0.0031553241
0.0031553718
0.003155421
0.0031554648
0.0032845757
0.0032845274
0.0032845119
0.0032845148
0.0032845222
0.0032845403
0.0032845714
0.003284611
0.0032846607
0.0032847127
0.0034396113
0.0034395685
0.0034395548
0.003439546
0.0034395429
0.0034395539
0.0034395773
0.0034396191
0.0034396756
0.0034397324
0.0036158163
0.0036157751
0.0036157567
0.0036157359
0.0036157242
0.0036157231
0.0036157445
0.0036157885
0.0036158479
0.0036159053
0.0038074115
0.0038073658
0.0038073385
0.003807317
0.0038072956
0.0038072889
0.0038073077
0.0038073476
0.0038074039
0.0038074584
0.0040073073
0.0040072561
0.0040072337
0.0040072109
0.004007188
0.004007178
0.0040071912
0.0040072245
0.0040072747
0.0040073286
0.0042069692
0.0042069259
0.0042069075
0.0042068871
0.0042068614
0.0042068495
0.0042068585
0.0042068849
0.0042069314
0.0042069838
0.0043962116
0.0043961724
0.0043961564
0.0043961396
0.0043961124
0.0043960993
0.0043961019
0.0043961231
0.0043961657
0.0043962146
0.0045629016
0.0045628611
0.0045628547
0.0045628392
0.0045628186
0.0045628044
0.0045628057
0.0045628256
0.0045628648
0.0045629114
0.0046927523
0.0046927158
0.0046927099
0.0046927018
0.004692688
0.0046926795
0.0046926866
0.004692708
0.0046927474
0.0046927907
0.0047690192
0.0047689767
0.0047689698
0.004768969
0.0047689615
0.0047689643
0.0047689789
0.0047690056
0.0047690464
0.0047690868
0.0047720954
0.0047720442
0.004772042
0.0047720468
0.0047720512
0.0047720649
0.004772088
0.0047721204
0.004772163
0.0047722051
0.0046791429
0.0046790956
0.0046790973
0.0046791116
0.004679125
0.0046791446
0.0046791731
0.004679209
0.0046792563
0.004679301
0.0044636237
0.0044635806
0.0044635873
0.0044636059
0.004463618
0.004463637
0.0044636658
0.0044637057
0.004463756
0.0044638011
0.0040947124
0.0040946729
0.0040946814
0.004094694
0.0040946989
0.0040947129
0.0040947407
0.0040947804
0.0040948285
0.0040948753
0.0035366868
0.0035366471
0.0035366515
0.0035366565
0.003536656
0.0035366653
0.0035366867
0.0035367193
0.0035367664
0.0035368189
0.0027482107
0.0027481647
0.0027481674
0.0027481724
0.0027481724
0.0027481761
0.002748187
0.0027482155
0.0027482667
0.0027483258
0.0016815237
0.0016814751
0.0016814813
0.0016814936
0.0016814968
0.0016814957
0.0016815038
0.0016815349
0.0016815931
0.001681655
0.00028149528
0.00028144601
0.0002814561
0.00028147527
0.00028148167
0.00028148526
0.00028149993
0.0002815383
0.00028160096
0.00028166392
-0.0015155317
-0.0015155855
-0.0015155732
-0.0015155502
-0.0015155373
-0.0015155238
-0.0015155013
-0.0015154558
-0.0015153904
-0.0015153278
-0.0037830124
-0.0037830701
-0.0037830551
-0.0037830273
-0.003783006
-0.0037829862
-0.0037829588
-0.0037829103
-0.0037828433
-0.003782778
-0.0066054498
-0.0066055047
-0.006605482
-0.0066054477
-0.006605422
-0.0066053992
-0.0066053718
-0.0066053229
-0.0066052559
-0.0066051901
-0.010079307
-0.010079349
-0.010079319
-0.010079283
-0.010079258
-0.010079239
-0.010079216
-0.010079172
-0.010079109
-0.010079044
-0.014312787
-0.014312817
-0.014312787
-0.014312757
-0.014312739
-0.014312729
-0.014312715
-0.014312678
-0.014312619
-0.014312557
-0.019422869
-0.019422891
-0.019422867
-0.01942285
-0.019422842
-0.019422842
-0.019422835
-0.0194228
-0.019422745
-0.01942269
-0.025527014
-0.025527037
-0.025527019
-0.025527011
-0.025527014
-0.025527018
-0.025527011
-0.025526981
-0.025526938
-0.025526892
-0.032726821
-0.032726841
-0.032726828
-0.032726827
-0.032726835
-0.032726838
-0.032726832
-0.032726808
-0.032726771
-0.032726721
0.0014307167
0.0014306662
0.0014306742
0.0014306879
0.0014307258
0.0014307677
0.0014308175
0.0014308759
0.001430929
0.0014309652
0.0014712699
0.0014712337
0.001471245
0.0014712621
0.0014712949
0.0014713369
0.0014713902
0.0014714528
0.0014715008
0.0014715381
0.0015516008
0.0015515653
0.001551564
0.0015515762
0.0015516031
0.0015516552
0.0015517096
0.0015517636
0.0015518173
0.0015518591
0.0016698676
0.0016698295
0.0016698257
0.0016698296
0.0016698674
0.0016699172
0.0016699632
0.001670018
0.0016700743
0.0016701241
0.0018233473
0.0018233037
0.001823296
0.0018233061
0.0018233341
0.0018233802
0.0018234285
0.0018234817
0.001823546
0.0018236069
0.0020082757
0.0020082303
0.0020082248
0.0020082207
0.0020082393
0.0020082822
0.0020083304
0.0020083943
0.0020084696
0.0020085351
0.0022197716
0.0022197275
0.0022197106
0.0022196931
0.0022197067
0.0022197431
0.0022197953
0.0022198633
0.0022199406
0.002220006
0.0024516861
0.0024516395
0.0024516116
0.0024515944
0.0024515999
0.0024516328
0.0024516808
0.002451742
0.0024518142
0.002451878
0.0026964555
0.0026964021
0.002696382
0.0026963612
0.0026963623
0.0026963886
0.0026964264
0.0026964781
0.0026965428
0.0026966072
0.0029449264
0.002944883
0.0029448647
0.0029448411
0.0029448353
0.0029448539
0.0029448826
0.0029449256
0.0029449852
0.002945047
0.0031861342
0.0031860977
0.0031860785
0.0031860535
0.0031860398
0.0031860503
0.0031860691
0.0031861056
0.0031861587
0.003186215
0.0034069827
0.0034069446
0.0034069333
0.0034069059
0.0034068896
0.0034068934
0.0034069078
0.0034069402
0.003406987
0.0034070399
0.0035919912
0.0035919574
0.0035919449
0.0035919221
0.0035919075
0.0035919124
0.0035919276
0.0035919579
0.0035920027
0.0035920534
0.0037229552
0.0037229173
0.0037229061
0.0037228905
0.0037228814
0.0037228924
0.0037229108
0.0037229431
0.0037229879
0.0037230381
0.0037785066
0.0037784616
0.0037784605
0.0037784529
0.0037784541
0.0037784726
0.0037784973
0.0037785334
0.0037785798
0.0037786342
0.0037336915
0.0037336512
0.0037336576
0.0037336589
0.0037336676
0.003733693
0.0037337231
0.0037337626
0.003733814
0.0037338724
0.0035594557
0.0035594184
0.0035594298
0.0035594332
0.0035594431
0.0035594706
0.0035595023
0.0035595462
0.0035596006
0.0035596591
0.0032220346
0.0032219993
0.0032220114
0.0032220103
0.0032220172
0.0032220415
0.0032220731
0.0032221168
0.0032221688
0.0032222281
0.0026823535
0.0026823212
0.0026823298
0.0026823258
0.0026823288
0.002682348
0.0026823741
0.0026824118
0.0026824634
0.002682528
0.0018953748
0.0018953413
0.0018953505
0.0018953497
0.0018953519
0.0018953648
0.0018953825
0.0018954178
0.0018954752
0.0018955438
0.00080941683
0.00080938115
0.00080939738
0.00080940531
0.00080941051
0.00080942042
0.00080943831
0.00080947827
0.00080954269
0.00080961276
-0.00063452334
-0.00063456043
-0.00063453505
-0.00063451631
-0.0006345038
-0.00063448567
-0.00063445878
-0.00063440956
-0.00063434138
-0.00063427105
-0.0025034195
-0.0025034565
-0.0025034221
-0.0025033933
-0.0025033686
-0.0025033373
-0.0025033012
-0.0025032448
-0.0025031741
-0.0025031073
-0.0048726827
-0.0048727147
-0.0048726725
-0.0048726342
-0.0048725983
-0.0048725604
-0.0048725209
-0.0048724626
-0.0048723936
-0.0048723273
-0.0078262277
-0.0078262499
-0.0078262
-0.0078261548
-0.0078261156
-0.0078260795
-0.0078260447
-0.0078259909
-0.0078259257
-0.0078258617
-0.01145577
-0.01145578
-0.011455727
-0.011455684
-0.011455651
-0.011455626
-0.011455601
-0.011455556
-0.011455495
-0.011455435
-0.015858718
-0.015858723
-0.015858677
-0.015858644
-0.015858624
-0.015858612
-0.015858599
-0.015858559
-0.015858509
-0.015858456
-0.021133719
-0.021133726
-0.021133692
-0.021133675
-0.021133669
-0.021133668
-0.021133657
-0.021133627
-0.021133589
-0.021133537
-0.027372838
-0.02737285
-0.027372825
-0.027372822
-0.027372828
-0.02737283
-0.027372826
-0.027372804
-0.02737277
-0.027372719
-0.034649949
-0.034649958
-0.034649944
-0.034649952
-0.034649964
-0.034649966
-0.034649965
-0.034649941
-0.034649905
-0.034649843
-0.00013183968
-0.00013188236
-0.00013188415
-0.00013188652
-0.00013185616
-0.00013182885
-0.0001317891
-0.00013174348
-0.00013170367
-0.00013167386
-8.423146e-05
-8.4265068e-05
-8.4272831e-05
-8.4270679e-05
-8.4244431e-05
-8.4212784e-05
-8.4166549e-05
-8.4119676e-05
-8.4085168e-05
-8.4050591e-05
1.0161619e-05
1.0117958e-05
1.0105281e-05
1.0114347e-05
1.0143243e-05
1.0191385e-05
1.0236315e-05
1.0280213e-05
1.0330493e-05
1.0371658e-05
0.00014946542
0.00014942446
0.00014942039
0.00014942668
0.0001494707
0.00014952166
0.00014956752
0.00014962277
0.00014968224
0.00014973146
0.00033091518
0.00033087226
0.00033085998
0.00033087303
0.00033091408
0.00033096953
0.00033102718
0.00033109216
0.00033116461
0.00033122147
0.00055062262
0.00055057677
0.0005505645
0.0005505666
0.00055060616
0.00055066713
0.00055073478
0.00055081528
0.00055089622
0.00055095551
0.00080355573
0.00080350805
0.00080348494
0.00080347897
0.00080351926
0.00080358024
0.00080365374
0.00080373605
0.00080381737
0.00080387663
0.0010833466
0.001083297
0.0010832652
0.0010832624
0.0010832977
0.001083355
0.0010834214
0.0010834959
0.0010835713
0.0010836273
0.0013821416
0.0013820882
0.0013820645
0.0013820563
0.0013820861
0.0013821338
0.0013821886
0.0013822517
0.0013823171
0.0013823701
0.0016904008
0.0016903573
0.0016903334
0.0016903188
0.0016903371
0.0016903747
0.001690418
0.0016904687
0.0016905251
0.0016905724
0.0019966462
0.001996611
0.0019965802
0.0019965577
0.0019965628
0.0019965886
0.0019966189
0.0019966594
0.0019967063
0.0019967482
0.0022871231
0.0022870838
0.0022870558
0.0022870232
0.00228702
0.0022870347
0.0022870577
0.0022870914
0.0022871326
0.0022871755
0.0025455091
0.0025454688
0.0025454391
0.0025454051
0.0025453984
0.0025454098
0.002545431
0.0025454625
0.0025455053
0.0025455528
0.0027525431
0.0027524999
0.0027524714
0.002752441
0.002752436
0.0027524507
0.0027524739
0.0027525088
0.0027525555
0.0027526082
0.0028855506
0.0028855039
0.0028854844
0.00288546
0.0028854636
0.0028854855
0.0028855158
0.0028855559
0.0028856062
0.0028856644
0.0029179656
0.0029179233
0.0029179102
0.0029178939
0.0029179061
0.0029179373
0.0029179748
0.002918019
0.002918074
0.002918134
0.0028187761
0.0028187387
0.0028187284
0.0028187152
0.0028187319
0.0028187673
0.0028188077
0.0028188559
0.002818913
0.0028189685
0.0025519042
0.0025518723
0.0025518611
0.0025518459
0.0025518607
0.0025518931
0.0025519332
0.0025519809
0.0025520341
0.0025520858
0.002075596
0.0020755678
0.0020755546
0.0020755371
0.0020755452
0.0020755713
0.0020756056
0.0020756479
0.0020756983
0.0020757515
0.0013417985
0.0013417708
0.0013417611
0.0013417433
0.0013417462
0.0013417645
0.0013417906
0.0013418299
0.0013418836
0.0013419377
0.00029559511
0.00029557006
0.00029556833
0.00029555521
0.00029555746
0.00029557163
0.00029559748
0.00029563989
0.00029569802
0.00029575384
-0.0011252516
-0.0011252727
-0.0011252645
-0.0011252685
-0.0011252608
-0.0011252392
-0.0011252045
-0.0011251536
-0.001125093
-0.0011250361
-0.0029905723
-0.0029905891
-0.0029905705
-0.0029905649
-0.0029905457
-0.0029905107
-0.0029904668
-0.0029904101
-0.002990347
-0.0029902943
-0.0053776754
-0.0053776855
-0.00537766
-0.0053776448
-0.0053776149
-0.005377573
-0.005377527
-0.0053774689
-0.0053774091
-0.005377358
-0.0083706069
-0.00837061
-0.0083705795
-0.0083705576
-0.0083705254
-0.0083704867
-0.0083704462
-0.0083703932
-0.0083703387
-0.0083702907
-0.012058457
-0.012058455
-0.012058424
-0.012058404
-0.012058378
-0.012058351
-0.012058318
-0.012058274
-0.012058226
-0.012058183
-0.016532282
-0.016532284
-0.01653226
-0.01653225
-0.016532234
-0.016532215
-0.016532193
-0.016532155
-0.016532122
-0.016532081
-0.021880202
-0.02188021
-0.021880196
-0.021880197
-0.021880193
-0.021880183
-0.021880163
-0.021880139
-0.021880109
-0.021880061
-0.028180447
-0.028180462
-0.028180455
-0.02818047
-0.028180477
-0.028180468
-0.028180455
-0.028180431
-0.028180398
-0.028180346
-0.035492789
-0.035492805
-0.035492814
-0.035492837
-0.035492844
-0.035492834
-0.035492819
-0.035492786
-0.035492754
-0.035492688
-0.001741835
-0.0017418888
-0.0017419118
-0.0017419312
-0.0017419191
-0.0017419092
-0.0017418836
-0.0017418601
-0.0017418383
-0.001741817
-0.0016862848
-0.0016863344
-0.0016863654
-0.0016863719
-0.0016863602
-0.0016863401
-0.001686313
-0.0016862896
-0.0016862697
-0.0016862416
-0.0015760022
-0.0015760612
-0.0015760837
-0.0015760786
-0.001576058
-0.001576022
-0.0015759908
-0.0015759581
-0.0015759208
-0.0015758896
-0.0014128282
-0.0014128765
-0.0014128925
-0.0014128888
-0.0014128482
-0.001412801
-0.001412758
-0.0014127086
-0.0014126619
-0.0014126247
-0.0011995232
-0.0011995787
-0.0011996011
-0.0011995863
-0.0011995405
-0.001199479
-0.001199416
-0.0011993538
-0.001199296
-0.0011992547
-0.00093998493
-0.00094004056
-0.00094006398
-0.0009400501
-0.00093999744
-0.0009399245
-0.00093985046
-0.0009397751
-0.0009397106
-0.00093966792
-0.00063925354
-0.00063931331
-0.00063933921
-0.00063932633
-0.00063926968
-0.0006391978
-0.00063912037
-0.00063904418
-0.00063897785
-0.00063893658
-0.00030374255
-0.00030380065
-0.00030382843
-0.0003038129
-0.00030376258
-0.00030369642
-0.00030362579
-0.00030355679
-0.0003034978
-0.00030346356
5.8618248e-05
5.8561618e-05
5.8537223e-05
5.8544845e-05
5.8589048e-05
5.8644919e-05
5.8704584e-05
5.8759783e-05
5.8804753e-05
5.8833619e-05
0.00043815056
0.00043810102
0.00043807168
0.00043807025
0.00043810186
0.00043814791
0.00043819471
0.00043823376
0.00043826714
0.00043829108
0.00082315605
0.00082310805
0.00082306912
0.00082305525
0.0008230728
0.00082310741
0.00082313995
0.00082316746
0.00082319231
0.00082321435
0.0011995582
0.0011995044
0.0011994633
0.0011994345
0.0011994434
0.0011994676
0.0011994926
0.0011995149
0.0011995391
0.0011995681
0.0015505904
0.0015505361
0.0015504876
0.0015504552
0.0015504599
0.0015504807
0.0015505044
0.0015505289
0.0015505622
0.0015506
0.0018563829
0.0018563254
0.0018562745
0.0018562443
0.0018562502
0.0018562738
0.001856301
0.0018563333
0.001856375
0.0018564173
0.0020934427
0.0020933822
0.0020933369
0.0020933123
0.0020933264
0.0020933576
0.0020933935
0.0020934315
0.0020934749
0.0020935179
0.0022341334
0.0022340763
0.0022340348
0.0022340185
0.0022340423
0.0022340839
0.0022341262
0.0022341648
0.0022342076
0.0022342466
0.0022460793
0.0022460247
0.0022459851
0.0022459724
0.002246001
0.0022460463
0.0022460886
0.0022461274
0.0022461671
0.0022461972
0.002091508
0.0020914574
0.0020914163
0.0020914001
0.0020914243
0.0020914637
0.0020915034
0.0020915397
0.0020915712
0.0020915954
0.0017266061
0.0017265598
0.0017265153
0.0017264915
0.0017265045
0.0017265352
0.0017265683
0.0017265978
0.0017266227
0.0017266486
0.0011008922
0.0011008496
0.0011008044
0.0011007731
0.0011007767
0.0011007974
0.0011008217
0.0011008451
0.0011008721
0.0011009007
0.00015669412
0.00015665695
0.00015661418
0.00015658089
0.00015657936
0.00015659332
0.00015661577
0.00015664002
0.00015667084
0.00015670524
-0.001171203
-0.0011712346
-0.0011712713
-0.0011713013
-0.0011713018
-0.0011712818
-0.0011712519
-0.0011712206
-0.0011711859
-0.0011711479
-0.0029556148
-0.0029556412
-0.0029556711
-0.0029556959
-0.0029556868
-0.0029556535
-0.0029556152
-0.0029555784
-0.0029555394
-0.0029555076
-0.0052764989
-0.0052765216
-0.0052765476
-0.0052765647
-0.0052765443
-0.0052765026
-0.0052764614
-0.0052764213
-0.0052763877
-0.00527636
-0.00821974
-0.008219762
-0.0082197833
-0.0082197928
-0.0082197671
-0.0082197242
-0.008219685
-0.0082196508
-0.008219625
-0.0082196016
-0.011874882
-0.011874905
-0.011874924
-0.01187493
-0.011874903
-0.011874865
-0.011874832
-0.011874809
-0.011874788
-0.011874768
-0.016331514
-0.016331543
-0.016331562
-0.016331569
-0.016331545
-0.016331513
-0.016331491
-0.016331472
-0.016331459
-0.016331429
-0.021674152
-0.021674186
-0.021674205
-0.021674218
-0.021674204
-0.021674179
-0.021674154
-0.021674139
-0.021674117
-0.02167408
-0.027975757
-0.027975795
-0.027975818
-0.027975842
-0.027975834
-0.027975804
-0.027975778
-0.027975755
-0.027975729
-0.027975693
-0.035290594
-0.035290639
-0.035290674
-0.035290694
-0.03529068
-0.035290645
-0.035290614
-0.035290591
-0.03529057
-0.035290528
-0.0034072535
-0.0034073316
-0.003407375
-0.0034074036
-0.0034074019
-0.0034074004
-0.0034073928
-0.0034073898
-0.003407385
-0.0034073692
-0.0033428726
-0.0033429538
-0.0033429863
-0.0033430015
-0.003342996
-0.0033429866
-0.0033429768
-0.0033429693
-0.0033429669
-0.0033429432
-0.0032148603
-0.003214932
-0.0032149596
-0.0032149659
-0.0032149511
-0.0032149218
-0.0032148997
-0.0032148823
-0.0032148676
-0.00321484
-0.0030249883
-0.0030250519
-0.0030250797
-0.0030250815
-0.0030250397
-0.0030249934
-0.0030249564
-0.0030249241
-0.0030249007
-0.0030248674
-0.0027759453
-0.0027760178
-0.0027760468
-0.00277603
-0.0027759779
-0.0027759142
-0.0027758585
-0.0027758156
-0.0027757816
-0.0027757445
-0.0024715046
-0.0024715788
-0.0024715985
-0.0024715764
-0.0024715162
-0.0024714444
-0.0024713808
-0.0024713248
-0.0024712831
-0.0024712442
-0.0021165762
-0.0021166454
-0.0021166613
-0.00211664
-0.0021165796
-0.0021165126
-0.0021164447
-0.0021163855
-0.0021163418
-0.0021163048
-0.0017174164
-0.0017174775
-0.0017174977
-0.0017174783
-0.0017174274
-0.0017173653
-0.0017173014
-0.0017172486
-0.0017172135
-0.0017171825
-0.0012818108
-0.0012818742
-0.0012818968
-0.0012818876
-0.0012818428
-0.0012817885
-0.0012817348
-0.0012816963
-0.0012816747
-0.0012816446
-0.00081931464
-0.00081937617
-0.00081940754
-0.00081940742
-0.00081937246
-0.00081932517
-0.00081928384
-0.00081926057
-0.00081924766
-0.00081921719
-0.00034152208
-0.00034158372
-0.00034162729
-0.00034163787
-0.0003416123
-0.00034157344
-0.00034154461
-0.00034153006
-0.0003415216
-0.00034148901
0.00013755198
0.00013748505
0.00013743624
0.00013741363
0.00013743444
0.00013746517
0.0001374884
0.00013750181
0.00013751474
0.00013755514
0.00060112224
0.00060105313
0.00060099558
0.00060097216
0.00060099013
0.00060101726
0.00060104092
0.00060106145
0.00060108677
0.00060113146
0.0010291839
0.0010291092
0.0010290498
0.0010290291
0.0010290475
0.001029076
0.0010291044
0.0010291348
0.0010291657
0.0010292072
0.0013979606
0.0013978809
0.0013978265
0.0013978117
0.0013978369
0.0013978715
0.0013979064
0.0013979379
0.0013979627
0.0013979995
0.0016793345
0.0016792541
0.0016792045
0.0016791985
0.001679232
0.0016792741
0.0016793094
0.0016793333
0.0016793498
0.0016793824
0.0018401941
0.0018401145
0.0018400682
0.0018400641
0.0018401003
0.0018401419
0.0018401712
0.0018401883
0.0018401977
0.0018402235
0.0018417226
0.0018416479
0.0018415974
0.001841586
0.0018416143
0.0018416466
0.0018416698
0.0018416803
0.0018416799
0.0018417034
0.0016386778
0.0016386062
0.0016385466
0.0016385227
0.0016385369
0.0016385591
0.0016385741
0.0016385755
0.0016385694
0.0016385987
0.001178694
0.001178623
0.0011785562
0.0011785206
0.0011785232
0.0011785342
0.0011785387
0.0011785332
0.0011785332
0.0011785672
0.00040170809
0.00040163978
0.00040156915
0.0004015273
0.00040152169
0.00040152442
0.00040152548
0.00040152176
0.00040152779
0.0004015685
-0.00076042244
-0.00076048727
-0.00076055784
-0.00076060082
-0.00076060754
-0.00076059994
-0.00076059282
-0.00076058997
-0.00076057788
-0.00076053482
-0.0023839614
-0.0023840237
-0.0023840924
-0.0023841328
-0.0023841301
-0.00238411
-0.0023840954
-0.0023840869
-0.00238407
-0.0023840375
-0.0045527434
-0.0045528059
-0.0045528729
-0.0045529049
-0.0045528891
-0.0045528589
-0.0045528397
-0.0045528281
-0.0045528194
-0.0045527929
-0.0073567669
-0.0073568315
-0.0073568919
-0.0073569123
-0.0073568856
-0.0073568493
-0.0073568298
-0.0073568272
-0.0073568269
-0.0073568009
-0.010889632
-0.010889699
-0.010889751
-0.01088976
-0.010889725
-0.010889689
-0.010889677
-0.010889684
-0.010889681
-0.01088965
-0.015244567
-0.015244635
-0.015244679
-0.015244682
-0.015244645
-0.015244615
-0.015244609
-0.01524461
-0.015244603
-0.015244565
-0.020508951
-0.020509018
-0.020509055
-0.02050906
-0.020509031
-0.020509
-0.020508981
-0.020508977
-0.020508965
-0.020508924
-0.026757636
-0.026757706
-0.02675774
-0.026757748
-0.026757716
-0.026757671
-0.026757648
-0.026757641
-0.026757632
-0.026757593
-0.034045853
-0.034045925
-0.034045957
-0.034045951
-0.034045909
-0.034045862
-0.034045843
-0.034045843
-0.034045831
-0.034045781
-0.0051369367
-0.0051370313
-0.0051370759
-0.0051371051
-0.0051371058
-0.00513711
-0.0051371151
-0.0051371227
-0.0051371258
-0.005137106
-0.0050628456
-0.0050629272
-0.005062963
-0.005062982
-0.0050629788
-0.0050629777
-0.005062977
-0.0050629817
-0.0050629883
-0.0050629527
-0.0049153147
-0.0049153918
-0.0049154294
-0.0049154355
-0.0049154211
-0.0049153986
-0.0049153885
-0.0049153851
-0.004915377
-0.0049153333
-0.0046960262
-0.0046961002
-0.0046961286
-0.004696125
-0.0046960851
-0.0046960493
-0.0046960252
-0.0046960074
-0.00469599
-0.00469594
-0.0044074799
-0.0044075549
-0.0044075799
-0.0044075569
-0.004407511
-0.0044074603
-0.0044074204
-0.0044073918
-0.0044073633
-0.0044073091
-0.0040532053
-0.0040532771
-0.0040532877
-0.0040532629
-0.0040532121
-0.0040531575
-0.0040531088
-0.0040530661
-0.0040530294
-0.0040529724
-0.003637818
-0.003637879
-0.0036378899
-0.0036378685
-0.0036378222
-0.0036377707
-0.0036377164
-0.0036376696
-0.003637629
-0.003637572
-0.0031672297
-0.0031672848
-0.0031673043
-0.0031672883
-0.003167252
-0.0031672034
-0.0031671517
-0.0031671089
-0.0031670723
-0.0031670179
-0.0026488468
-0.0026489076
-0.0026489333
-0.0026489285
-0.0026488966
-0.002648854
-0.0026488098
-0.0026487766
-0.0026487469
-0.0026486896
-0.002091803
-0.0020918656
-0.002091902
-0.0020919027
-0.0020918772
-0.0020918386
-0.0020918026
-0.002091779
-0.0020917512
-0.0020916925
-0.0015072432
-0.0015073087
-0.0015073546
-0.0015073617
-0.0015073411
-0.0015073077
-0.0015072795
-0.0015072592
-0.0015072322
-0.0015071737
-0.00090872463
-0.00090879511
-0.00090884384
-0.00090885905
-0.0009088407
-0.00090881312
-0.00090878693
-0.00090876391
-0.00090873229
-0.00090867183
-0.00031259498
-0.00031266788
-0.00031272253
-0.00031273637
-0.00031272113
-0.00031269702
-0.00031266881
-0.00031263791
-0.00031259809
-0.00031254048
0.0002615243
0.00026144505
0.00026139224
0.00026138134
0.00026139527
0.00026141847
0.00026144975
0.0002614869
0.0002615246
0.00026157548
0.00079015682
0.00079007402
0.00079002854
0.00079002346
0.00079004115
0.00079006568
0.00079009761
0.00079012766
0.00079015234
0.00079020072
0.0012453498
0.001245268
0.0012452296
0.0012452325
0.0012452547
0.0012452805
0.0012453045
0.0012453181
0.001245332
0.0012453804
0.0015939512
0.0015938716
0.0015938364
0.0015938393
0.0015938613
0.0015938811
0.0015938918
0.001593893
0.0015939002
0.001593945
0.0017968123
0.0017967359
0.0017966933
0.0017966874
0.0017966996
0.0017967071
0.0017967074
0.0017967003
0.0017966994
0.0017967447
0.0018079519
0.0018078735
0.0018078185
0.0018077992
0.0018077969
0.0018077938
0.0018077852
0.0018077703
0.0018077677
0.0018078187
0.0015737212
0.0015736384
0.0015735739
0.001573542
0.0015735286
0.0015735152
0.0015734978
0.0015734793
0.0015734863
0.0015735383
0.0010320663
0.0010319819
0.0010319108
0.0010318718
0.0010318508
0.0010318302
0.0010318114
0.0010317974
0.0010318101
0.0010318665
0.00011194942
0.00011186393
0.00011179055
0.00011175031
0.00011172909
0.00011171355
0.00011170079
0.00011169262
0.00011171128
0.0001117696
-0.0012668939
-0.0012669805
-0.0012670531
-0.0012670895
-0.0012671007
-0.0012671047
-0.0012671112
-0.0012671144
-0.0012670914
-0.0012670429
-0.0031935821
-0.003193671
-0.0031937408
-0.0031937666
-0.0031937634
-0.0031937567
-0.0031937598
-0.0031937604
-0.0031937458
-0.0031936997
-0.0057647885
-0.0057648787
-0.0057649385
-0.0057649494
-0.0057649319
-0.0057649184
-0.005764923
-0.0057649328
-0.0057649211
-0.0057648689
-0.0090821423
-0.0090822304
-0.0090822777
-0.0090822742
-0.0090822463
-0.0090822327
-0.0090822449
-0.0090822579
-0.0090822354
-0.0090821765
-0.013247975
-0.013248058
-0.013248093
-0.013248083
-0.013248052
-0.013248041
-0.013248053
-0.013248052
-0.013248028
-0.013247973
-0.01835922
-0.0183593
-0.018359325
-0.018359313
-0.018359283
-0.018359263
-0.018359258
-0.018359259
-0.018359238
-0.018359184
-0.024499732
-0.024499811
-0.024499825
-0.024499806
-0.024499766
-0.024499731
-0.024499729
-0.024499735
-0.024499718
-0.024499658
-0.03173187
-0.031731937
-0.031731936
-0.031731903
-0.03173186
-0.031731832
-0.031731842
-0.031731844
-0.031731816
-0.031731725
-0.0069405317
-0.0069406269
-0.0069406596
-0.0069406871
-0.0069406881
-0.0069406986
-0.0069407059
-0.0069407126
-0.0069407101
-0.006940674
-0.0068559077
-0.0068559795
-0.0068560168
-0.0068560301
-0.0068560305
-0.0068560343
-0.006856038
-0.0068560438
-0.0068560368
-0.0068559753
-0.0066872195
-0.0066872988
-0.006687329
-0.0066873254
-0.0066873165
-0.0066873058
-0.0066873048
-0.0066872982
-0.0066872716
-0.0066872031
-0.0064359804
-0.0064360476
-0.0064360613
-0.0064360521
-0.0064360265
-0.0064360099
-0.0064359946
-0.0064359726
-0.0064359375
-0.0064358619
-0.0061044013
-0.0061044658
-0.0061044749
-0.0061044527
-0.0061044307
-0.0061044001
-0.0061043702
-0.006104337
-0.0061042893
-0.0061042089
-0.0056956567
-0.0056957119
-0.0056957126
-0.0056956971
-0.0056956717
-0.0056956379
-0.0056955973
-0.0056955489
-0.0056954927
-0.005695409
-0.0052138998
-0.0052139502
-0.005213958
-0.0052139463
-0.0052139249
-0.005213891
-0.0052138434
-0.0052137911
-0.0052137291
-0.0052136439
-0.004664505
-0.0046645566
-0.0046645714
-0.0046645644
-0.0046645507
-0.0046645178
-0.0046644721
-0.0046644197
-0.0046643571
-0.004664274
-0.0040542394
-0.0040542975
-0.0040543175
-0.0040543204
-0.0040543088
-0.0040542812
-0.0040542392
-0.0040541893
-0.004054128
-0.0040540441
-0.0033915087
-0.0033915694
-0.0033915992
-0.0033916038
-0.0033915975
-0.0033915719
-0.0033915316
-0.0033914835
-0.003391421
-0.0033913419
-0.0026866534
-0.0026867183
-0.0026867528
-0.0026867623
-0.0026867601
-0.0026867346
-0.0026866953
-0.0026866457
-0.0026865866
-0.0026865146
-0.001952356
-0.0019524237
-0.0019524592
-0.001952476
-0.0019524741
-0.0019524498
-0.0019524083
-0.0019523561
-0.0019522983
-0.0019522284
-0.001204039
-0.0012041063
-0.0012041459
-0.0012041608
-0.0012041613
-0.0012041392
-0.0012040962
-0.0012040408
-0.0012039805
-0.0012039137
-0.00046037801
-0.00046044835
-0.00046048264
-0.00046049534
-0.00046049924
-0.00046048094
-0.00046043927
-0.0004603841
-0.00046032977
-0.00046026806
0.00025608864
0.00025602099
0.00025599496
0.0002559863
0.00025598188
0.00025599569
0.00025603105
0.00025607228
0.00025611262
0.00025617366
0.00091828677
0.00091822313
0.00091820422
0.00091820158
0.00091819703
0.00091820569
0.00091822544
0.00091824575
0.00091827701
0.00091834041
0.001493798
0.0014937357
0.0014937202
0.0014937174
0.0014937102
0.0014937078
0.001493709
0.0014937169
0.0014937449
0.0014938055
0.0019439634
0.0019439016
0.0019438793
0.0019438692
0.0019438516
0.0019438351
0.0019438268
0.0019438298
0.0019438517
0.0019439121
0.002222897
0.0022228298
0.0022227965
0.0022227746
0.0022227443
0.0022227207
0.0022227094
0.0022227086
0.0022227285
0.0022227933
0.002276438
0.0022763642
0.0022763225
0.0022762896
0.002276253
0.0022762258
0.0022762118
0.0022762099
0.0022762367
0.0022763018
0.00204113
0.0020410525
0.0020410048
0.0020409674
0.0020409283
0.0020408992
0.0020408865
0.0020408897
0.0020409188
0.0020409883
0.0014432721
0.0014431919
0.0014431432
0.0014431073
0.0014430708
0.0014430481
0.0014430407
0.0014430486
0.0014430824
0.0014431528
0.00039823097
0.00039814935
0.00039810342
0.00039807346
0.00039804728
0.00039803426
0.00039802988
0.00039804166
0.00039808116
0.00039814332
-0.0011896893
-0.0011897716
-0.001189812
-0.00118983
-0.0011898436
-0.0011898505
-0.0011898562
-0.0011898408
-0.0011898047
-0.0011897389
-0.0034264348
-0.0034265141
-0.0034265421
-0.0034265466
-0.0034265502
-0.0034265579
-0.0034265662
-0.0034265544
-0.0034265131
-0.0034264403
-0.0064259208
-0.0064259925
-0.0064260097
-0.0064260055
-0.0064260048
-0.006426014
-0.0064260258
-0.0064260118
-0.0064259599
-0.0064258893
-0.01030568
-0.010305744
-0.010305755
-0.010305749
-0.010305743
-0.01030575
-0.01030576
-0.010305739
-0.010305697
-0.010305628
-0.015179906
-0.015179968
-0.015179971
-0.015179957
-0.015179945
-0.015179944
-0.015179948
-0.01517994
-0.015179898
-0.015179823
-0.021149855
-0.021149912
-0.021149895
-0.02114987
-0.021149852
-0.021149845
-0.021149862
-0.021149853
-0.021149803
-0.021149719
-0.028292471
-0.028292502
-0.028292473
-0.028292444
-0.028292432
-0.028292436
-0.028292451
-0.028292426
-0.028292369
-0.028292273
-0.0088285313
-0.008828613
-0.0088286388
-0.0088286594
-0.0088286566
-0.0088286644
-0.0088286606
-0.0088286541
-0.0088286317
-0.0088285721
-0.0087326544
-0.0087327295
-0.0087327484
-0.0087327517
-0.0087327501
-0.008732751
-0.0087327464
-0.008732735
-0.0087327003
-0.0087326162
-0.0085413642
-0.0085414336
-0.0085414383
-0.0085414311
-0.0085414283
-0.0085414207
-0.0085414121
-0.0085413862
-0.0085413308
-0.008541244
-0.0082559067
-0.0082559551
-0.0082559502
-0.0082559455
-0.0082559331
-0.0082559252
-0.0082559024
-0.0082558606
-0.0082557972
-0.0082557027
-0.007878139
-0.0078781869
-0.0078781808
-0.0078781716
-0.0078781708
-0.0078781475
-0.0078781089
-0.0078780564
-0.0078779817
-0.0078778838
-0.0074107511
-0.0074107933
-0.0074107861
-0.0074107897
-0.0074107818
-0.0074107516
-0.007410704
-0.0074106385
-0.0074105575
-0.0074104584
-0.0068572786
-0.0068573234
-0.0068573247
-0.0068573277
-0.0068573184
-0.0068572885
-0.0068572357
-0.0068571683
-0.0068570822
-0.006856982
-0.0062223431
-0.0062223903
-0.0062223937
-0.0062223964
-0.0062223933
-0.0062223653
-0.0062223151
-0.0062222452
-0.0062221577
-0.0062220615
-0.0055118103
-0.0055118615
-0.005511865
-0.0055118761
-0.0055118769
-0.0055118537
-0.0055118034
-0.0055117315
-0.0055116457
-0.0055115537
-0.0047330521
-0.0047331036
-0.0047331167
-0.0047331301
-0.0047331371
-0.0047331127
-0.004733057
-0.0047329829
-0.0047329018
-0.0047328191
-0.0038952413
-0.0038952972
-0.0038953138
-0.0038953345
-0.0038953432
-0.0038953122
-0.003895252
-0.0038951782
-0.0038951084
-0.003895032
-0.0030097517
-0.003009808
-0.0030098277
-0.0030098552
-0.0030098599
-0.0030098257
-0.0030097623
-0.003009692
-0.0030096275
-0.003009551
-0.0020905668
-0.0020906199
-0.0020906439
-0.0020906683
-0.0020906739
-0.0020906421
-0.0020905808
-0.0020905129
-0.0020904468
-0.0020903747
-0.0011548172
-0.0011548697
-0.0011548872
-0.001154911
-0.0011549223
-0.0011548971
-0.0011548424
-0.0011547778
-0.0011547173
-0.0011546524
-0.00022341355
-0.00022345896
-0.00022346979
-0.00022349234
-0.00022350774
-0.00022349131
-0.00022344702
-0.00022339707
-0.00022334753
-0.00022328097
0.00067823392
0.00067819307
0.00067818842
0.00067817007
0.00067815145
0.00067815904
0.00067818631
0.00067821907
0.0006782656
0.00067833823
0.001519327
0.0015192867
0.0015192877
0.0015192702
0.0015192479
0.0015192436
0.0015192565
0.0015192846
0.0015193321
0.0015194017
0.0022626775
0.0022626381
0.0022626362
0.0022626139
0.0022625833
0.00226257
0.0022625822
0.0022626118
0.002262651
0.0022627205
0.0028635403
0.0028634958
0.002863486
0.0028634555
0.0028634187
0.0028634085
0.0028634253
0.0028634522
0.0028634845
0.0028635596
0.0032682921
0.0032682413
0.0032682248
0.0032681887
0.0032681543
0.0032681493
0.0032681658
0.0032681898
0.0032682264
0.0032682982
0.0034130242
0.00341297
0.0034129493
0.0034129138
0.0034128826
0.0034128786
0.003412896
0.003412923
0.0034129602
0.003413033
0.0032220523
0.0032219966
0.0032219766
0.0032219447
0.003221917
0.0032219182
0.0032219393
0.0032219684
0.0032220081
0.0032220859
0.0026065097
0.0026064549
0.0026064382
0.0026064121
0.002606392
0.0026063983
0.0026064182
0.0026064505
0.0026064995
0.0026065732
0.0014633145
0.0014632625
0.0014632517
0.0014632347
0.0014632202
0.0014632235
0.0014632393
0.0014632808
0.0014633332
0.0014634097
-0.00032503355
-0.00032507788
-0.00032507971
-0.00032509113
-0.00032510694
-0.00032511071
-0.00032509282
-0.00032504956
-0.00032499315
-0.00032491229
-0.0028890994
-0.0028891346
-0.0028891349
-0.0028891479
-0.0028891653
-0.0028891683
-0.0028891528
-0.0028891121
-0.0028890506
-0.0028889724
-0.0063685726
-0.0063686039
-0.0063686078
-0.0063686216
-0.0063686297
-0.0063686329
-0.0063686274
-0.0063685889
-0.0063685344
-0.0063684516
-0.010904513
-0.010904545
-0.010904542
-0.010904541
-0.010904547
-0.010904557
-0.010904555
-0.010904525
-0.010904467
-0.010904374
-0.016626919
-0.016626944
-0.016626917
-0.016626914
-0.016626926
-0.016626938
-0.016626941
-0.016626902
-0.01662684
-0.01662675
-0.023638112
-0.023638114
-0.02363809
-0.023638094
-0.02363811
-0.023638118
-0.023638106
-0.023638058
-0.023638
-0.023637919
-0.01081218
-0.010812252
-0.010812267
-0.01081227
-0.010812258
-0.010812252
-0.010812231
-0.010812201
-0.010812153
-0.01081208
-0.010704467
-0.010704529
-0.010704525
-0.010704517
-0.01070451
-0.0107045
-0.010704474
-0.010704436
-0.010704377
-0.010704289
-0.010489352
-0.010489396
-0.010489388
-0.010489381
-0.010489378
-0.010489359
-0.010489328
-0.010489278
-0.010489202
-0.010489115
-0.010167779
-0.010167809
-0.010167802
-0.010167804
-0.010167793
-0.010167774
-0.010167732
-0.010167669
-0.010167587
-0.010167496
-0.0097411721
-0.0097412062
-0.0097412044
-0.0097412049
-0.0097412043
-0.0097411702
-0.0097411156
-0.0097410469
-0.0097409587
-0.009740868
-0.0092116017
-0.0092116356
-0.0092116337
-0.0092116438
-0.0092116337
-0.0092115947
-0.0092115374
-0.0092114626
-0.009211372
-0.0092112836
-0.0085818221
-0.0085818574
-0.0085818599
-0.0085818652
-0.0085818539
-0.0085818193
-0.0085817618
-0.0085816899
-0.0085815953
-0.0085815079
-0.007855489
-0.0078555239
-0.0078555244
-0.007855529
-0.0078555253
-0.0078554951
-0.0078554419
-0.0078553669
-0.0078552726
-0.0078551913
-0.0070373242
-0.0070373608
-0.0070373599
-0.0070373738
-0.0070373754
-0.0070373491
-0.0070372928
-0.0070372169
-0.0070371287
-0.0070370506
-0.006133361
-0.0061333976
-0.0061334087
-0.0061334262
-0.006133432
-0.0061334003
-0.0061333363
-0.006133264
-0.0061331864
-0.0061331122
-0.0051512371
-0.0051512805
-0.0051512961
-0.0051513201
-0.0051513227
-0.0051512802
-0.0051512141
-0.0051511502
-0.0051510847
-0.005151014
-0.0041005749
-0.0041006185
-0.0041006384
-0.004100666
-0.0041006615
-0.0041006155
-0.0041005501
-0.0041004953
-0.0041004339
-0.0041003656
-0.0029933906
-0.0029934298
-0.0029934534
-0.0029934769
-0.0029934743
-0.0029934321
-0.0029933729
-0.0029933211
-0.0029932581
-0.0029931953
-0.0018446442
-0.0018446815
-0.0018446987
-0.0018447239
-0.0018447287
-0.0018446946
-0.0018446424
-0.0018445906
-0.0018445304
-0.0018444717
-0.00067288168
-0.00067291028
-0.00067292316
-0.00067294984
-0.0006729596
-0.00067293486
-0.00067288876
-0.00067284467
-0.00067278824
-0.00067272516
0.00049901759
0.00049899358
0.0004989855
0.00049896192
0.00049894844
0.0004989668
0.0004990033
0.00049904089
0.00049910065
0.00049917065
0.0016428873
0.001642865
0.0016428644
0.0016428423
0.001642827
0.0016428401
0.0016428719
0.0016429151
0.0016429774
0.0016430418
0.0027241728
0.0027241537
0.0027241529
0.002724129
0.0027241112
0.0027241248
0.0027241649
0.002724214
0.0027242662
0.0027243225
0.0037005781
0.0037005546
0.0037005486
0.0037005221
0.0037005069
0.0037005325
0.0037005815
0.0037006255
0.0037006686
0.0037007254
0.0045204489
0.0045204186
0.0045204092
0.0045203836
0.004520379
0.0045204136
0.0045204618
0.0045204991
0.0045205445
0.0045206023
0.0051209115
0.0051208778
0.0051208672
0.0051208467
0.0051208489
0.0051208839
0.0051209308
0.0051209694
0.0051210152
0.0051210786
0.0054256972
0.0054256629
0.0054256545
0.0054256382
0.005425643
0.0054256809
0.0054257287
0.005425769
0.0054258196
0.0054258896
0.0053427413
0.0053427093
0.0053427037
0.0053426905
0.0053426986
0.005342738
0.0053427834
0.0053428279
0.0053428879
0.0053429577
0.0047617817
0.0047617541
0.0047617517
0.0047617418
0.0047617489
0.0047617812
0.0047618241
0.0047618797
0.0047619426
0.0047620149
0.0035524053
0.0035523848
0.0035523851
0.0035523736
0.0035523737
0.0035523983
0.0035524445
0.0035524996
0.0035525653
0.0035526393
0.0015634424
0.001563426
0.001563422
0.0015634052
0.0015634014
0.0015634244
0.0015634631
0.0015635101
0.0015635801
0.0015636576
-0.0013746987
-0.0013747159
-0.0013747247
-0.0013747421
-0.001374742
-0.001374731
-0.0013747112
-0.0013746635
-0.0013745951
-0.0013745165
-0.0054423527
-0.0054423708
-0.0054423704
-0.0054423809
-0.0054423932
-0.0054423986
-0.005442379
-0.0054423317
-0.0054422634
-0.0054421887
-0.010814861
-0.010814871
-0.010814859
-0.010814879
-0.010814902
-0.010814902
-0.010814874
-0.010814827
-0.010814773
-0.010814716
-0.017637458
-0.017637462
-0.017637464
-0.017637487
-0.0176375
-0.017637486
-0.017637459
-0.017637421
-0.017637383
-0.017637312
-0.012903324
-0.01290339
-0.012903379
-0.012903368
-0.01290335
-0.012903336
-0.012903298
-0.012903243
-0.012903181
-0.012903113
-0.012783332
-0.012783367
-0.012783348
-0.012783335
-0.012783331
-0.012783308
-0.012783259
-0.0127832
-0.012783131
-0.012783057
-0.012543467
-0.012543495
-0.012543487
-0.012543486
-0.012543479
-0.012543446
-0.012543398
-0.01254333
-0.012543252
-0.012543182
-0.012184355
-0.012184381
-0.012184382
-0.012184386
-0.012184372
-0.012184341
-0.012184284
-0.012184211
-0.012184137
-0.012184067
-0.011706877
-0.011706915
-0.011706919
-0.011706922
-0.011706914
-0.011706871
-0.011706812
-0.011706744
-0.011706667
-0.011706601
-0.011112367
-0.011112402
-0.011112406
-0.011112414
-0.011112397
-0.011112359
-0.011112307
-0.011112238
-0.011112161
-0.011112096
-0.010402633
-0.010402668
-0.010402675
-0.010402677
-0.010402664
-0.010402636
-0.010402589
-0.010402523
-0.010402443
-0.010402374
-0.0095801799
-0.0095802167
-0.0095802181
-0.0095802207
-0.0095802191
-0.0095801959
-0.0095801531
-0.0095800853
-0.0095800071
-0.0095799384
-0.0086483506
-0.0086483868
-0.0086483873
-0.0086484001
-0.0086484012
-0.0086483808
-0.0086483365
-0.0086482727
-0.0086482007
-0.0086481316
-0.0076115408
-0.0076115776
-0.0076115898
-0.0076116031
-0.0076116047
-0.0076115782
-0.0076115333
-0.0076114802
-0.0076114167
-0.0076113526
-0.0064754922
-0.0064755373
-0.0064755515
-0.0064755662
-0.0064755625
-0.006475528
-0.0064754889
-0.0064754481
-0.0064753936
-0.0064753338
-0.0052476402
-0.0052476839
-0.0052477002
-0.0052477169
-0.0052477059
-0.0052476715
-0.0052476373
-0.0052476046
-0.0052475527
-0.0052474922
-0.0039375041
-0.0039375426
-0.0039375626
-0.0039375765
-0.0039375697
-0.0039375402
-0.003937512
-0.0039374779
-0.0039374234
-0.0039373644
-0.0025572353
-0.0025572728
-0.0025572877
-0.0025573057
-0.0025573069
-0.0025572849
-0.0025572582
-0.0025572189
-0.0025571648
-0.0025571097
-0.0011222419
-0.0011222701
-0.0011222829
-0.0011223047
-0.0011223111
-0.0011222956
-0.0011222677
-0.0011222289
-0.0011221748
-0.0011221187
0.00034806263
0.000348039
0.0003480279
0.00034800759
0.00034799752
0.00034801227
0.00034803816
0.00034807998
0.00034814219
0.00034819678
0.0018292665
0.0018292443
0.001829239
0.00182922
0.0018292115
0.0018292282
0.0018292592
0.0018293132
0.0018293791
0.0018294193
0.0032907908
0.0032907718
0.0032907667
0.0032907493
0.0032907457
0.003290771
0.0032908181
0.0032908776
0.0032909285
0.0032909611
0.0046943886
0.0046943652
0.0046943582
0.0046943455
0.0046943537
0.004694397
0.0046944527
0.004694504
0.004694544
0.004694581
0.0059922607
0.0059922315
0.0059922271
0.0059922238
0.0059922494
0.0059923018
0.0059923519
0.0059923963
0.0059924427
0.0059924823
0.0071247388
0.0071247092
0.0071247094
0.0071247166
0.0071247502
0.0071247992
0.0071248463
0.0071248935
0.0071249415
0.0071249897
0.0080173573
0.0080173305
0.0080173353
0.0080173471
0.0080173801
0.0080174295
0.0080174783
0.0080175269
0.0080175792
0.0080176361
0.008577255
0.0085772324
0.0085772382
0.0085772494
0.0085772829
0.0085773343
0.0085773815
0.0085774327
0.0085774966
0.0085775539
0.0086889438
0.0086889241
0.0086889292
0.0086889399
0.0086889717
0.0086890177
0.0086890644
0.0086891253
0.0086891901
0.0086892501
0.0082096949
0.0082096782
0.008209684
0.0082096917
0.0082097161
0.0082097557
0.0082098037
0.008209862
0.0082099271
0.0082099857
0.0069653927
0.0069653784
0.0069653809
0.0069653809
0.006965399
0.0069654322
0.0069654663
0.0069655185
0.0069655895
0.0069656474
0.00474889
0.0047488767
0.0047488733
0.0047488659
0.0047488775
0.0047488903
0.0047489124
0.004748969
0.0047490293
0.0047490836
0.0013248627
0.001324849
0.0013248464
0.0013248335
0.0013248272
0.0013248304
0.0013248596
0.0013249067
0.0013249562
0.0013249916
-0.0035524875
-0.0035525017
-0.0035525025
-0.0035525259
-0.0035525352
-0.0035525203
-0.0035524994
-0.0035524671
-0.0035524366
-0.0035524131
-0.010102024
-0.01010204
-0.010102046
-0.010102063
-0.010102064
-0.010102049
-0.010102039
-0.010102028
-0.01010201
-0.010101961
-0.01511427
-0.015114308
-0.015114282
-0.015114273
-0.015114258
-0.015114242
-0.015114191
-0.015114123
-0.015114065
-0.015114014
-0.01498171
-0.014981727
-0.014981704
-0.014981696
-0.014981697
-0.014981667
-0.014981607
-0.014981543
-0.014981485
-0.014981429
-0.014716552
-0.014716574
-0.014716562
-0.01471657
-0.014716561
-0.014716526
-0.014716476
-0.014716411
-0.014716351
-0.014716304
-0.01431902
-0.014319039
-0.014319042
-0.014319047
-0.014319032
-0.014319008
-0.014318959
-0.0143189
-0.014318852
-0.01431881
-0.013789364
-0.0137894
-0.013789399
-0.013789402
-0.013789402
-0.013789374
-0.013789332
-0.013789282
-0.013789233
-0.013789191
-0.013128077
-0.013128109
-0.013128108
-0.013128122
-0.013128119
-0.013128102
-0.013128069
-0.013128015
-0.013127964
-0.013127912
-0.01233589
-0.012335924
-0.012335931
-0.01233594
-0.012335942
-0.012335936
-0.012335905
-0.012335851
-0.012335793
-0.012335728
-0.011413979
-0.011414018
-0.011414017
-0.011414026
-0.011414038
-0.011414035
-0.011414006
-0.011413952
-0.011413891
-0.011413824
-0.01036408
-0.010364114
-0.010364111
-0.010364127
-0.010364137
-0.010364137
-0.010364111
-0.010364063
-0.010364007
-0.010363941
-0.0091886754
-0.0091887073
-0.0091887116
-0.0091887226
-0.0091887314
-0.0091887301
-0.0091887111
-0.0091886728
-0.0091886229
-0.0091885596
-0.0078912715
-0.0078913103
-0.0078913125
-0.0078913209
-0.0078913261
-0.0078913241
-0.0078913131
-0.0078912835
-0.0078912395
-0.0078911791
-0.0064767033
-0.0064767389
-0.0064767412
-0.0064767529
-0.006476754
-0.0064767552
-0.0064767473
-0.0064767223
-0.0064766827
-0.0064766222
-0.0049514814
-0.0049515125
-0.0049515215
-0.0049515332
-0.0049515412
-0.0049515459
-0.0049515424
-0.0049515169
-0.0049514789
-0.0049514192
-0.003324316
-0.0033243482
-0.0033243542
-0.003324373
-0.0033243895
-0.003324401
-0.0033243992
-0.0033243698
-0.0033243306
-0.0033242771
-0.001606693
-0.0016067161
-0.0016067227
-0.0016067487
-0.0016067717
-0.0016067892
-0.0016067843
-0.0016067525
-0.0016067095
-0.0016066606
0.00018640511
0.0001863849
0.00018637522
0.00018634828
0.00018632097
0.00018630599
0.00018631597
0.00018635353
0.00018640152
0.00018644625
0.002035517
0.0020354944
0.0020354882
0.0020354633
0.0020354423
0.0020354355
0.0020354544
0.0020355022
0.0020355485
0.0020355791
0.0039155309
0.0039155098
0.0039155065
0.0039154898
0.0039154812
0.0039154868
0.0039155164
0.0039155663
0.0039155989
0.0039156264
0.0057941192
0.0057940962
0.0057940982
0.0057940957
0.0057941026
0.0057941235
0.0057941575
0.0057941998
0.0057942264
0.0057942636
0.0076296796
0.0076296567
0.0076296696
0.0076296823
0.0076297058
0.0076297315
0.0076297614
0.0076297992
0.0076298362
0.0076298723
0.0093686658
0.0093686487
0.0093686705
0.0093686941
0.0093687236
0.0093687449
0.0093687728
0.0093688142
0.009368855
0.0093688992
0.010941991
0.01094198
0.010942005
0.010942032
0.01094206
0.010942082
0.010942114
0.010942158
0.010942203
0.01094226
0.012260227
0.012260219
0.012260243
0.012260269
0.012260298
0.012260326
0.01226036
0.012260408
0.012260463
0.012260509
0.013207278
0.01320727
0.01320729
0.013207316
0.013207347
0.013207376
0.013207409
0.013207465
0.013207516
0.013207559
0.013632246
0.013632239
0.013632259
0.013632281
0.013632306
0.013632328
0.013632362
0.013632412
0.013632459
0.01363251
0.013339718
0.013339712
0.013339727
0.013339738
0.013339754
0.013339769
0.013339791
0.013339837
0.01333989
0.013339929
0.01208015
0.012080143
0.012080147
0.012080143
0.012080151
0.012080151
0.012080165
0.012080214
0.012080249
0.012080268
0.0095455377
0.0095455261
0.009545524
0.0095455122
0.0095455048
0.0095455006
0.0095455209
0.0095455449
0.0095455581
0.0095455792
0.0053822197
0.005382205
0.0053822076
0.0053821859
0.0053821754
0.0053821799
0.0053821756
0.0053821737
0.0053821767
0.0053822112
-0.0007587858
-0.00075879264
-0.00075879639
-0.00075881765
-0.00075882252
-0.00075883529
-0.0007588587
-0.00075885578
-0.00075884393
-0.00075880865
-0.017457582
-0.017457591
-0.017457572
-0.017457567
-0.01745756
-0.017457541
-0.017457488
-0.017457428
-0.017457387
-0.01745735
-0.017312389
-0.0173124
-0.017312379
-0.017312375
-0.017312376
-0.017312349
-0.017312296
-0.017312247
-0.017312212
-0.017312174
-0.017021805
-0.017021813
-0.017021798
-0.017021808
-0.017021804
-0.017021781
-0.017021746
-0.017021706
-0.017021672
-0.017021643
-0.016585567
-0.016585573
-0.016585571
-0.016585578
-0.016585578
-0.016585579
-0.016585553
-0.01658552
-0.016585498
-0.016585465
-0.016003256
-0.016003271
-0.016003268
-0.016003282
-0.016003308
-0.016003313
-0.016003293
-0.016003263
-0.016003232
-0.016003187
-0.01527442
-0.015274436
-0.01527444
-0.015274472
-0.015274499
-0.015274511
-0.01527449
-0.015274449
-0.01527441
-0.015274352
-0.014398607
-0.014398629
-0.014398641
-0.014398668
-0.014398698
-0.014398712
-0.014398685
-0.014398645
-0.014398594
-0.014398533
-0.0133755
-0.013375524
-0.013375528
-0.01337555
-0.013375582
-0.013375592
-0.01337557
-0.013375529
-0.013375475
-0.013375415
-0.012205024
-0.012205041
-0.012205034
-0.01220506
-0.012205086
-0.0122051
-0.012205083
-0.012205044
-0.012204992
-0.012204925
-0.01088751
-0.010887519
-0.010887515
-0.01088753
-0.010887557
-0.010887577
-0.010887565
-0.01088753
-0.01088748
-0.010887412
-0.0094239257
-0.0094239382
-0.0094239297
-0.0094239432
-0.0094239716
-0.0094239936
-0.0094239823
-0.0094239526
-0.0094239142
-0.0094238606
-0.0078161233
-0.0078161331
-0.0078161252
-0.0078161463
-0.0078161733
-0.007816195
-0.0078161867
-0.0078161664
-0.0078161397
-0.0078160961
-0.0060671307
-0.0060671387
-0.0060671435
-0.0060671648
-0.006067199
-0.0060672244
-0.0060672265
-0.0060672137
-0.0060671876
-0.0060671387
-0.0041816173
-0.00418163
-0.0041816332
-0.0041816639
-0.0041817088
-0.0041817448
-0.004181752
-0.0041817376
-0.004181709
-0.0041816576
-0.0021663972
-0.0021664016
-0.0021664073
-0.0021664506
-0.0021665045
-0.0021665457
-0.0021665515
-0.0021665333
-0.0021665056
-0.0021664598
-3.1076082e-05
-3.1079293e-05
-3.109305e-05
-3.1139317e-05
-3.1193506e-05
-3.1232245e-05
-3.1238233e-05
-3.1220977e-05
-3.1192861e-05
-3.1144906e-05
0.0022110441
0.0022110355
0.0022110265
0.0022109875
0.0022109425
0.0022109034
0.0022108982
0.002210916
0.0022109482
0.0022109902
0.0045418821
0.0045418774
0.0045418783
0.0045418533
0.0045418135
0.0045417782
0.0045417783
0.0045418006
0.0045418298
0.0045418583
0.0069370698
0.0069370695
0.0069370811
0.0069370686
0.0069370372
0.0069370162
0.0069370209
0.0069370425
0.006937066
0.0069371025
0.0093638895
0.0093638931
0.0093639159
0.0093639147
0.0093639001
0.0093638846
0.0093638888
0.0093639068
0.0093639377
0.0093639874
0.011778492
0.0117785
0.011778531
0.011778541
0.011778534
0.011778514
0.011778519
0.011778543
0.011778584
0.01177863
0.01412195
0.014121961
0.014121997
0.014122012
0.014122004
0.014121991
0.014122004
0.014122033
0.014122075
0.014122115
0.016314604
0.016314617
0.016314651
0.016314666
0.016314662
0.016314661
0.016314682
0.016314709
0.016314748
0.016314787
0.018247892
0.018247903
0.018247932
0.018247946
0.018247948
0.018247953
0.018247969
0.018248002
0.01824804
0.018248077
0.019772469
0.019772476
0.019772501
0.019772512
0.019772513
0.019772511
0.019772525
0.019772559
0.019772598
0.01977263
0.020681231
0.020681235
0.020681253
0.020681255
0.020681244
0.020681237
0.020681253
0.020681281
0.020681313
0.020681341
0.020686573
0.020686574
0.02068658
0.020686562
0.020686546
0.020686539
0.020686546
0.020686563
0.020686584
0.020686607
0.019395025
0.01939502
0.019395014
0.01939499
0.019394972
0.019394958
0.019394952
0.019394947
0.019394965
0.019395006
0.016294742
0.016294733
0.016294735
0.016294712
0.016294685
0.016294658
0.016294638
0.01629463
0.016294651
0.016294695
0.010800789
0.010800783
0.010800784
0.01080076
0.010800725
0.01080069
0.010800667
0.010800676
0.010800699
0.01080076
-0.019945923
-0.019945925
-0.019945926
-0.019945916
-0.01994591
-0.019945889
-0.01994585
-0.019945805
-0.019945778
-0.01994575
-0.019788274
-0.019788302
-0.019788282
-0.019788273
-0.019788267
-0.019788249
-0.019788216
-0.019788185
-0.019788165
-0.019788143
-0.019472569
-0.019472576
-0.019472565
-0.019472563
-0.019472563
-0.01947256
-0.019472552
-0.019472527
-0.019472507
-0.01947249
-0.018998019
-0.01899803
-0.018998019
-0.018998023
-0.018998044
-0.018998073
-0.018998066
-0.018998044
-0.018998031
-0.018997989
-0.018363499
-0.018363506
-0.018363505
-0.018363533
-0.01836358
-0.018363608
-0.018363597
-0.018363567
-0.018363538
-0.018363484
-0.017567538
-0.01756755
-0.017567563
-0.017567611
-0.017567654
-0.017567679
-0.01756766
-0.017567614
-0.017567574
-0.017567522
-0.016608401
-0.016608417
-0.016608438
-0.016608474
-0.016608516
-0.016608534
-0.016608504
-0.016608459
-0.016608415
-0.016608366
-0.015484147
-0.015484163
-0.01548417
-0.015484198
-0.015484236
-0.015484243
-0.015484221
-0.015484174
-0.015484127
-0.015484076
-0.014192738
-0.014192742
-0.014192735
-0.014192765
-0.014192794
-0.014192805
-0.014192782
-0.014192734
-0.014192692
-0.014192637
-0.01273215
-0.012732142
-0.012732139
-0.012732158
-0.012732187
-0.012732202
-0.012732176
-0.012732131
-0.012732101
-0.012732056
-0.011100553
-0.011100547
-0.011100541
-0.011100562
-0.011100589
-0.0111006
-0.011100576
-0.011100542
-0.011100526
-0.01110049
-0.0092964848
-0.0092964804
-0.0092964764
-0.009296503
-0.0092965259
-0.0092965381
-0.0092965197
-0.0092965023
-0.0092964915
-0.00929646
-0.0073190769
-0.0073190733
-0.0073190854
-0.0073191073
-0.0073191408
-0.0073191616
-0.0073191538
-0.0073191404
-0.0073191282
-0.0073191074
-0.0051684292
-0.0051684352
-0.0051684451
-0.0051684796
-0.0051685274
-0.0051685541
-0.0051685554
-0.0051685369
-0.0051685332
-0.0051685081
-0.0028460186
-0.002846019
-0.0028460324
-0.0028460807
-0.0028461367
-0.002846169
-0.0028461773
-0.0028461646
-0.0028461656
-0.0028461215
-0.00035520934
-0.00035520891
-0.000355229
-0.00035527973
-0.00035533928
-0.00035538399
-0.00035539972
-0.00035539481
-0.00035538264
-0.00035534148
0.0022979914
0.0022979904
0.0022979793
0.0022979299
0.00229787
0.002297812
0.0022977949
0.002297801
0.0022978187
0.0022978441
0.0051040393
0.0051040487
0.0051040433
0.0051040008
0.0051039394
0.0051038819
0.0051038683
0.0051038743
0.0051038814
0.0051039123
0.0080485526
0.0080485664
0.008048564
0.0080485329
0.0080484752
0.0080484289
0.0080484125
0.0080484204
0.0080484349
0.0080484699
0.011110491
0.011110504
0.011110511
0.011110491
0.011110443
0.0111104
0.011110384
0.011110402
0.01111043
0.011110458
0.014259642
0.014259657
0.014259676
0.014259662
0.014259619
0.014259578
0.014259575
0.0142596
0.014259614
0.014259642
0.017452881
0.017452899
0.017452925
0.017452909
0.017452874
0.017452849
0.017452857
0.017452876
0.017452886
0.017452912
0.020628496
0.020628518
0.020628535
0.020628521
0.0206285
0.020628488
0.020628496
0.020628512
0.02062853
0.020628553
0.023697354
0.023697368
0.023697377
0.023697372
0.023697355
0.023697343
0.023697355
0.023697378
0.023697393
0.023697413
0.026528629
0.026528638
0.026528648
0.026528643
0.026528619
0.02652861
0.026528625
0.026528649
0.026528667
0.026528684
0.02892627
0.028926279
0.028926283
0.028926261
0.028926239
0.028926234
0.028926241
0.028926262
0.028926289
0.028926322
0.030589977
0.030589979
0.030589966
0.030589938
0.03058992
0.030589907
0.03058991
0.03058993
0.030589956
0.030589999
0.031053335
0.031053324
0.031053311
0.031053288
0.031053262
0.031053238
0.031053237
0.031053259
0.031053297
0.031053345
0.029601041
0.029601034
0.029601032
0.029601
0.029600966
0.029600945
0.029600942
0.029600973
0.029601016
0.029601067
0.025223714
0.025223709
0.025223699
0.025223664
0.025223628
0.025223624
0.025223629
0.025223661
0.025223709
0.025223772
-0.022591843
-0.022591818
-0.022591828
-0.022591811
-0.022591804
-0.0225918
-0.022591777
-0.022591739
-0.02259171
-0.022591682
-0.022422117
-0.02242215
-0.022422127
-0.022422113
-0.022422115
-0.022422114
-0.022422094
-0.022422066
-0.022422035
-0.022422
-0.022082064
-0.022082069
-0.022082058
-0.022082057
-0.022082075
-0.02208209
-0.022082083
-0.022082045
-0.022082012
-0.022081978
-0.021570345
-0.021570357
-0.021570349
-0.02157036
-0.021570396
-0.021570429
-0.02157041
-0.021570377
-0.021570346
-0.021570298
-0.02088507
-0.020885085
-0.020885089
-0.020885122
-0.020885168
-0.020885182
-0.020885158
-0.020885129
-0.020885093
-0.02088504
-0.020023713
-0.020023733
-0.020023748
-0.020023788
-0.020023817
-0.020023828
-0.020023804
-0.020023763
-0.020023715
-0.02002365
-0.018983165
-0.018983185
-0.018983204
-0.01898322
-0.01898325
-0.018983263
-0.018983227
-0.018983177
-0.018983118
-0.01898306
-0.017759785
-0.017759811
-0.017759806
-0.01775981
-0.017759843
-0.017759843
-0.017759803
-0.017759747
-0.01775969
-0.017759666
-0.016349451
-0.016349467
-0.016349453
-0.016349463
-0.01634949
-0.016349478
-0.016349425
-0.016349376
-0.016349346
-0.016349336
-0.014747643
-0.01474765
-0.014747641
-0.01474764
-0.014747651
-0.014747629
-0.014747579
-0.014747545
-0.014747544
-0.014747515
-0.012949527
-0.012949534
-0.012949513
-0.012949516
-0.012949509
-0.01294948
-0.01294944
-0.012949421
-0.012949432
-0.012949404
-0.010950064
-0.010950064
-0.010950042
-0.010950049
-0.010950032
-0.01095001
-0.010949974
-0.010949968
-0.010949978
-0.010949973
-0.0087441533
-0.0087441493
-0.0087441484
-0.0087441434
-0.0087441371
-0.0087441275
-0.0087441001
-0.0087441014
-0.0087441013
-0.0087441011
-0.0063269111
-0.0063269238
-0.0063269211
-0.0063269236
-0.0063269403
-0.0063269379
-0.0063269231
-0.0063269091
-0.0063269104
-0.0063269076
-0.0036939514
-0.0036939627
-0.0036939602
-0.0036939772
-0.0036940181
-0.0036940217
-0.0036940119
-0.0036939869
-0.0036940035
-0.003693997
-0.00084168086
-0.00084168951
-0.0008416935
-0.00084172609
-0.00084178258
-0.00084179365
-0.00084178309
-0.00084177889
-0.00084180184
-0.00084178077
0.0022321439
0.0022321323
0.0022321351
0.0022320878
0.0022320345
0.0022320073
0.0022320117
0.0022319957
0.0022319865
0.0022320068
0.0055277969
0.0055277949
0.0055277957
0.0055277471
0.005527699
0.0055276559
0.0055276545
0.0055276413
0.0055276408
0.0055276554
0.0090426659
0.009042671
0.0090426592
0.009042624
0.0090425699
0.0090425327
0.0090425342
0.0090425257
0.0090425227
0.0090425308
0.012769936
0.012769942
0.012769927
0.012769908
0.012769853
0.01276983
0.01276983
0.012769828
0.012769826
0.012769823
0.016696775
0.016696774
0.016696773
0.016696758
0.016696715
0.016696693
0.016696691
0.0166967
0.016696687
0.016696694
0.020801504
0.020801497
0.020801516
0.020801496
0.020801458
0.020801441
0.020801452
0.020801453
0.020801434
0.020801441
0.025049203
0.025049203
0.025049224
0.025049196
0.025049159
0.025049158
0.025049183
0.025049183
0.025049166
0.025049161
0.029384443
0.029384456
0.029384455
0.029384425
0.029384401
0.029384409
0.029384436
0.029384442
0.029384428
0.029384441
0.033718484
0.033718493
0.033718477
0.033718457
0.033718444
0.033718455
0.033718486
0.033718487
0.033718491
0.033718513
0.037905305
0.037905304
0.037905294
0.037905282
0.037905272
0.037905284
0.037905303
0.03790532
0.037905351
0.037905379
0.041693774
0.041693772
0.041693765
0.041693749
0.04169374
0.041693742
0.041693766
0.041693815
0.041693848
0.04169389
0.044627334
0.044627334
0.044627331
0.044627313
0.044627283
0.044627291
0.044627337
0.044627389
0.044627442
0.044627476
0.045832451
0.045832462
0.04583246
0.045832428
0.0458324
0.04583243
0.045832479
0.045832543
0.045832579
0.04583261
0.043626587
0.043626586
0.043626562
0.043626552
0.043626545
0.043626581
0.043626639
0.04362669
0.043626721
0.043626728
-0.02540748
-0.025407353
-0.025407334
-0.02540732
-0.025407328
-0.02540735
-0.02540734
-0.025407304
-0.025407274
-0.025407233
-0.025226259
-0.02522626
-0.025226227
-0.025226216
-0.025226229
-0.025226229
-0.025226223
-0.025226199
-0.025226143
-0.025226086
-0.02486312
-0.024863112
-0.024863095
-0.024863106
-0.024863134
-0.024863147
-0.024863135
-0.024863074
-0.024863005
-0.024862951
-0.024316151
-0.024316148
-0.024316139
-0.024316158
-0.024316196
-0.024316217
-0.024316181
-0.024316113
-0.024316052
-0.024315975
-0.023582641
-0.023582641
-0.023582626
-0.023582674
-0.023582705
-0.023582696
-0.023582649
-0.023582599
-0.023582568
-0.023582481
-0.022658975
-0.022658975
-0.022658977
-0.02265903
-0.022659024
-0.022658998
-0.02265896
-0.022658914
-0.022658894
-0.022658808
-0.021540649
-0.021540649
-0.021540653
-0.021540665
-0.021540654
-0.021540653
-0.021540611
-0.021540561
-0.021540529
-0.021540478
-0.020222254
-0.020222287
-0.020222281
-0.020222253
-0.020222241
-0.020222229
-0.020222189
-0.02022215
-0.020222086
-0.020222074
-0.018697523
-0.018697559
-0.018697556
-0.018697525
-0.018697521
-0.018697499
-0.018697441
-0.018697403
-0.018697335
-0.018697339
-0.016959342
-0.01695937
-0.016959361
-0.016959325
-0.016959303
-0.016959271
-0.016959218
-0.016959176
-0.016959166
-0.01695916
-0.014999761
-0.014999761
-0.014999715
-0.014999705
-0.014999659
-0.014999603
-0.014999565
-0.014999543
-0.014999608
-0.014999577
-0.012809999
-0.012809966
-0.012809895
-0.012809902
-0.012809833
-0.012809782
-0.012809748
-0.012809764
-0.012809838
-0.012809804
-0.010380488
-0.010380441
-0.010380385
-0.010380375
-0.010380303
-0.010380283
-0.010380255
-0.010380288
-0.010380315
-0.010380302
-0.0077010654
-0.0077010401
-0.0077010008
-0.0077009916
-0.007700951
-0.0077009348
-0.0077009134
-0.0077009255
-0.0077009248
-0.0077009413
-0.0047611379
-0.0047611288
-0.004761119
-0.0047611098
-0.0047611072
-0.0047610584
-0.0047610597
-0.0047610345
-0.0047610441
-0.0047610685
-0.0015496754
-0.0015496845
-0.0015496852
-0.0015496798
-0.0015496993
-0.0015496529
-0.0015496652
-0.0015496283
-0.001549647
-0.0015496298
0.0019444885
0.0019444678
0.0019445001
0.0019444781
0.0019444508
0.0019444402
0.0019444509
0.0019444628
0.0019444535
0.001944499
0.0057323663
0.0057323641
0.0057324062
0.0057323492
0.0057323187
0.0057322757
0.0057323064
0.005732284
0.0057322684
0.0057322998
0.0098243958
0.0098244181
0.0098244215
0.0098243646
0.0098243379
0.0098243206
0.0098243439
0.0098242984
0.0098242713
0.009824279
0.014229837
0.014229868
0.014229837
0.014229817
0.014229796
0.014229804
0.014229808
0.014229765
0.014229746
0.014229713
0.018956036
0.018956046
0.018956028
0.018956019
0.018956
0.018956009
0.018955996
0.018955989
0.018955953
0.018955906
0.024007175
0.024007165
0.024007181
0.024007145
0.024007129
0.024007141
0.024007134
0.02400714
0.024007083
0.024007068
0.029382401
0.029382391
0.029382412
0.029382356
0.02938233
0.029382349
0.029382376
0.029382379
0.029382335
0.029382334
0.03507277
0.035072778
0.035072778
0.035072716
0.035072694
0.035072709
0.035072755
0.035072773
0.035072744
0.035072762
0.041055584
0.041055617
0.041055603
0.041055551
0.04105555
0.041055567
0.041055631
0.041055649
0.041055628
0.041055669
0.047282706
0.047282747
0.047282742
0.047282713
0.04728272
0.047282774
0.047282837
0.047282845
0.047282844
0.047282875
0.053652496
0.053652535
0.05365255
0.05365253
0.053652547
0.053652618
0.053652686
0.053652733
0.053652721
0.053652722
0.059929808
0.059929837
0.059929856
0.059929846
0.05992985
0.059929906
0.059929988
0.059930058
0.05993006
0.059930049
0.065474869
0.065474903
0.065474936
0.065474933
0.065474922
0.065474983
0.065475053
0.065475128
0.065475139
0.065475109
0.068180785
0.068180829
0.06818085
0.068180874
0.068180905
0.06818095
0.068180988
0.068181035
0.068181035
0.068181021
)
;

boundaryField
{
    block1_in
    {
        type            fixedValue;
        value           nonuniform List<scalar> 
300
(
0.010835878
0.010849204
0.010875521
0.010914242
0.010964471
0.011024994
0.01109428
0.011170484
0.011251427
0.011334594
0.011417141
0.011495881
0.011567319
0.011627621
0.011672591
0.011697746
0.011698327
0.011669301
0.011605414
0.011501255
0.011351332
0.011150146
0.010892263
0.010572408
0.010185593
0.0097272539
0.0091933604
0.0085805105
0.0078860497
0.0071081732
0.010835873
0.010849185
0.010875502
0.01091422
0.010964443
0.011024967
0.011094255
0.011170458
0.011251398
0.011334566
0.01141711
0.011495852
0.011567296
0.011627592
0.011672562
0.011697722
0.011698302
0.011669277
0.01160539
0.011501228
0.011351305
0.011150126
0.010892245
0.010572384
0.010185567
0.0097272347
0.0091933461
0.0085804948
0.007886031
0.0071081606
0.010835836
0.010849152
0.010875465
0.010914175
0.010964403
0.011024927
0.011094212
0.011170416
0.011251357
0.011334523
0.011417068
0.011495812
0.011567254
0.011627551
0.011672521
0.01169768
0.011698266
0.011669242
0.011605352
0.011501193
0.011351282
0.011150108
0.010892225
0.01057236
0.010185548
0.0097272203
0.0091933296
0.0085804747
0.0078860057
0.0071081299
0.010835792
0.010849107
0.010875414
0.010914129
0.010964358
0.011024875
0.011094163
0.01117037
0.011251306
0.011334471
0.011417018
0.011495763
0.011567207
0.011627502
0.011672472
0.011697635
0.011698219
0.01166919
0.011605302
0.011501153
0.011351253
0.011150085
0.010892199
0.010572336
0.010185529
0.0097272001
0.0091933022
0.0085804387
0.0078859674
0.0071080923
0.010835749
0.01084906
0.010875374
0.010914094
0.01096432
0.011024838
0.011094129
0.011170331
0.011251267
0.011334435
0.011416985
0.011495734
0.011567176
0.011627469
0.011672441
0.011697604
0.011698183
0.011669151
0.011605269
0.011501134
0.011351243
0.011150076
0.010892192
0.010572335
0.010185526
0.0097271889
0.009193279
0.0085804086
0.0078859387
0.0071080648
0.01083571
0.010849027
0.010875342
0.010914063
0.010964295
0.011024819
0.011094109
0.011170311
0.011251253
0.011334426
0.011416976
0.01149572
0.01156716
0.011627456
0.01167243
0.011697594
0.011698172
0.011669143
0.01160527
0.011501144
0.011351257
0.011150095
0.010892217
0.01057236
0.010185545
0.0097271972
0.009193277
0.0085803983
0.007885925
0.0071080525
0.010835679
0.010849002
0.010875317
0.010914046
0.010964289
0.01102482
0.011094111
0.011170317
0.011251264
0.011334435
0.011416977
0.011495716
0.011567157
0.011627456
0.011672432
0.011697597
0.01169818
0.011669161
0.011605297
0.011501176
0.011351296
0.01115014
0.010892265
0.010572408
0.010185588
0.0097272346
0.0091933021
0.0085804085
0.0078859282
0.007108055
0.010835652
0.010848977
0.010875302
0.010914042
0.010964292
0.01102483
0.011094124
0.011170331
0.011251275
0.011334441
0.011416977
0.011495715
0.011567157
0.011627457
0.011672433
0.011697598
0.011698187
0.011669177
0.011605323
0.011501214
0.011351341
0.011150187
0.010892317
0.01057246
0.010185639
0.0097272819
0.0091933383
0.0085804343
0.0078859429
0.0071080632
0.010835632
0.01084896
0.010875294
0.010914036
0.01096429
0.011024833
0.01109413
0.011170335
0.011251276
0.011334438
0.011416972
0.011495713
0.01156716
0.011627458
0.011672428
0.011697594
0.011698189
0.011669187
0.011605345
0.011501245
0.011351374
0.011150221
0.010892352
0.010572497
0.010185677
0.0097273182
0.0091933708
0.0085804594
0.0078859553
0.0071080739
0.010835627
0.010848949
0.010875281
0.010914024
0.010964281
0.011024825
0.011094124
0.011170332
0.011251273
0.011334432
0.011416966
0.011495714
0.011567163
0.011627458
0.011672427
0.011697595
0.011698192
0.011669195
0.011605358
0.011501258
0.011351385
0.011150233
0.010892369
0.010572516
0.010185697
0.0097273357
0.0091933861
0.0085804762
0.00788598
0.0071080941
)
;
    }
    block1_out
    {
        type            fixedValue;
        value           nonuniform List<scalar> 
300
(
-0.026905404
-0.026719072
-0.026345333
-0.025782128
-0.025026329
-0.024073775
-0.022919267
-0.021556529
-0.019978201
-0.018175836
-0.016139869
-0.013859646
-0.011323383
-0.0085182318
-0.0054303586
-0.002044913
0.0016538984
0.0056826595
0.010058607
0.01479946
0.01992323
0.025447962
0.031391408
0.037770698
0.044601993
0.051900125
0.059678203
0.067947213
0.076715707
0.085989542
-0.026905431
-0.026719098
-0.026345356
-0.025782149
-0.02502635
-0.024073791
-0.022919281
-0.021556544
-0.019978217
-0.018175842
-0.016139871
-0.013859638
-0.011323367
-0.008518228
-0.0054303639
-0.0020449182
0.0016538923
0.0056826605
0.010058614
0.014799465
0.019923235
0.025447973
0.031391421
0.037770704
0.044601995
0.051900136
0.059678219
0.067947227
0.076715715
0.085989545
-0.026905444
-0.026719105
-0.026345367
-0.025782162
-0.025026356
-0.0240738
-0.022919296
-0.021556553
-0.019978214
-0.018175827
-0.016139844
-0.013859608
-0.011323345
-0.0085182189
-0.0054303694
-0.0020449316
0.0016538855
0.0056826563
0.010058603
0.014799456
0.019923235
0.025447975
0.031391416
0.037770692
0.044601987
0.051900135
0.059678222
0.067947237
0.076715722
0.085989551
-0.026905458
-0.026719128
-0.026345396
-0.025782185
-0.025026376
-0.02407383
-0.022919319
-0.021556563
-0.019978217
-0.01817582
-0.016139828
-0.013859593
-0.011323339
-0.0085182307
-0.0054303947
-0.0020449598
0.0016538532
0.0056826163
0.010058563
0.014799422
0.019923207
0.025447944
0.031391375
0.03777065
0.044601955
0.051900112
0.059678208
0.067947231
0.076715724
0.085989566
-0.026905473
-0.026719154
-0.026345416
-0.025782199
-0.025026395
-0.024073845
-0.022919324
-0.021556563
-0.019978206
-0.018175796
-0.016139798
-0.013859562
-0.011323318
-0.0085182218
-0.0054303919
-0.0020449636
0.001653837
0.0056825865
0.010058528
0.014799392
0.019923179
0.025447911
0.031391341
0.037770625
0.044601941
0.051900103
0.059678204
0.067947239
0.076715751
0.085989605
-0.026905476
-0.026719152
-0.026345415
-0.025782202
-0.025026393
-0.024073834
-0.022919308
-0.02155654
-0.01997817
-0.018175753
-0.016139755
-0.013859524
-0.011323285
-0.0085181887
-0.0054303601
-0.0020449393
0.0016538471
0.0056825841
0.010058522
0.014799384
0.019923168
0.025447903
0.031391343
0.037770638
0.044601961
0.051900129
0.059678241
0.067947282
0.076715801
0.085989656
-0.026905459
-0.026719128
-0.026345393
-0.025782174
-0.025026354
-0.024073789
-0.022919262
-0.021556493
-0.019978121
-0.01817571
-0.016139724
-0.013859499
-0.011323257
-0.0085181567
-0.0054303279
-0.0020449136
0.0016538635
0.0056825942
0.010058526
0.014799383
0.019923171
0.025447913
0.031391362
0.037770669
0.044602004
0.051900188
0.059678306
0.067947339
0.076715855
0.085989698
-0.026905439
-0.026719102
-0.026345354
-0.025782122
-0.025026297
-0.024073727
-0.022919206
-0.021556448
-0.019978092
-0.018175697
-0.016139722
-0.013859501
-0.011323256
-0.0085181505
-0.0054303232
-0.0020449148
0.0016538569
0.0056825812
0.010058509
0.014799369
0.019923157
0.025447899
0.031391356
0.037770677
0.044602031
0.051900235
0.059678355
0.067947384
0.076715887
0.085989711
-0.02690542
-0.026719072
-0.026345309
-0.025782071
-0.025026242
-0.024073674
-0.022919163
-0.021556421
-0.019978084
-0.018175707
-0.016139746
-0.013859524
-0.01132327
-0.0085181648
-0.0054303426
-0.0020449353
0.0016538343
0.0056825553
0.010058483
0.014799338
0.019923115
0.025447852
0.031391319
0.037770656
0.044602029
0.051900247
0.059678372
0.067947399
0.07671588
0.08598969
-0.026905391
-0.026719027
-0.02634526
-0.025782018
-0.025026188
-0.024073624
-0.022919119
-0.021556387
-0.019978062
-0.018175701
-0.016139746
-0.01385952
-0.011323266
-0.0085181646
-0.0054303416
-0.0020449327
0.0016538371
0.0056825596
0.010058483
0.014799327
0.019923093
0.02544783
0.031391307
0.037770651
0.044602031
0.05190025
0.059678372
0.06794739
0.076715861
0.085989661
)
;
    }
    block1_wall1
    {
        type            zeroGradient;
    }
    block1_wall2
    {
        type            zeroGradient;
    }
    block1_wall3
    {
        type            zeroGradient;
    }
    block1_wall4
    {
        type            zeroGradient;
    }
}


// ************************************************************************* //
