/*--------------------------------*- C++ -*----------------------------------*\
| =========                 |                                                 |
| \\      /  F ield         | OpenFOAM: The Open Source CFD Toolbox           |
|  \\    /   O peration     | Version:  v2106                                 |
|   \\  /    A nd           | Website:  www.openfoam.com                      |
|    \\/     M anipulation  |                                                 |
\*---------------------------------------------------------------------------*/
FoamFile
{
    version     2.0;
    format      ascii;
    arch        "LSB;label=32;scalar=64";
    class       volScalarField;
    location    "0";
    object      Tmode10;
}
// * * * * * * * * * * * * * * * * * * * * * * * * * * * * * * * * * * * * * //

dimensions      [0 0 0 0 0 0 0];

internalField   nonuniform List<scalar> 
2000
(
-0.02401831
-0.029981615
-0.045307594
-0.047075326
-0.039352799
-0.030546824
-0.018197259
-0.0048228236
0.01017378
0.019317158
-0.029981586
-0.027456794
-0.034296755
-0.033557731
-0.026097759
-0.016303771
-0.0094490936
-0.0025817907
0.0105133
0.023520326
-0.04530774
-0.034296599
-0.028245711
-0.015500466
-0.0049305792
-0.00095088255
-0.00029650366
-0.001347669
0.005685365
0.017647756
-0.047075354
-0.033557804
-0.015500393
-0.00058427844
0.0091990133
0.010897649
0.0061043158
-0.0020552084
-0.0048210732
0.011981931
-0.039352758
-0.026098022
-0.0049310721
0.0091990409
0.01346283
0.0072145509
-0.0010883434
-0.011953087
-0.015883392
-0.00035934394
-0.030547328
-0.016303984
-0.00095106638
0.010897754
0.0072145687
-0.0094991069
-0.020681018
-0.029222319
-0.027054521
-0.01993693
-0.018197434
-0.0094494295
-0.00029661847
0.0061040245
-0.0010887797
-0.020681186
-0.032384795
-0.041568926
-0.042263973
-0.049673495
-0.0048229323
-0.0025823223
-0.0013481168
-0.0020557674
-0.011953391
-0.029222143
-0.041569143
-0.058728445
-0.058625391
-0.065388052
0.010173407
0.010512837
0.0056850213
-0.0048214866
-0.015883654
-0.027054532
-0.042264118
-0.058625584
-0.076835136
-0.073926314
0.019317074
0.023520105
0.017647267
0.011981361
-0.00035939401
-0.019937293
-0.049673712
-0.065387894
-0.073926364
-0.048378836
-0.026717616
-0.022655955
-0.032557547
-0.024932441
-0.018826118
-0.0075006057
-0.0064900917
-0.003124575
0.011996327
0.016603129
-0.022655936
-0.016506871
-0.019831194
-0.011418299
-0.0058823734
1.3442641e-05
0.0039318888
0.0095595488
0.019940564
0.021091217
-0.032557671
-0.019831183
-0.016952823
-0.0045090705
-0.0024546911
0.00014993884
0.0017753526
0.0034310484
0.013423793
0.013181282
-0.024932571
-0.011418384
-0.0045090062
0.0036389879
0.0050843085
0.0080694091
0.0048374908
0.00041451748
0.00052551824
0.00060564551
-0.018826124
-0.005882468
-0.0024548673
0.0050842229
0.0054086828
0.0064290741
0.0031414854
-0.0063795464
-0.013246768
-0.016715884
-0.0075010313
1.3148989e-05
0.00014960788
0.008069278
0.0064290681
0.0025797014
-0.004926665
-0.020267723
-0.029714704
-0.031624385
-0.006490558
0.0039314885
0.001775061
0.004837324
0.0031413041
-0.004926819
-0.018461649
-0.035085707
-0.042862597
-0.043743072
-0.003125006
0.0095590238
0.0034306299
0.00041414434
-0.0063798727
-0.020267863
-0.035085836
-0.050901588
-0.047486923
-0.04902887
0.011995653
0.019939889
0.013423314
0.00052513617
-0.013247134
-0.02971483
-0.042862698
-0.047487043
-0.046687546
-0.051859999
0.016602552
0.021090689
0.013180825
0.00060514231
-0.016716141
-0.031624622
-0.04374326
-0.049028897
-0.051860037
-0.051136687
-0.0056896679
0.0016692239
-0.0065912398
-0.0046632173
-0.00075442381
0.0050053324
0.0081625582
0.012673159
0.021293696
0.021596116
0.0016692525
0.0030792396
0.0029802666
0.002851195
0.0093571131
0.012817805
0.011792687
0.018681823
0.027565919
0.023442031
-0.0065912995
0.0029802691
0.0047656462
0.010170619
0.011885677
0.012304679
0.010428115
0.011815796
0.021433246
0.015002978
-0.0046633601
0.0028510444
0.01017057
0.013081302
0.013811652
0.014211885
0.009413669
0.0075174377
0.009053332
0.0027988155
-0.00075455796
0.0093570033
0.011885578
0.013811552
0.01674342
0.016251945
0.010876842
0.0039100364
-0.0018259757
-0.011025507
0.0050049953
0.012817554
0.012304463
0.014211694
0.016251882
0.016697757
0.0076056709
-0.0062533668
-0.014532192
-0.021556965
0.0081620705
0.011792279
0.010427785
0.0094134309
0.01087669
0.007605593
-0.0045328781
-0.016554576
-0.024585142
-0.028510152
0.012672652
0.018681329
0.011815381
0.0075170965
0.0039097684
-0.0062535443
-0.01655467
-0.029379734
-0.029131455
-0.030504918
0.021293103
0.027565323
0.021432746
0.0090529574
-0.0018263544
-0.014532438
-0.024585265
-0.029131534
-0.025526116
-0.028446112
0.021595472
0.023441435
0.015002494
0.0027983394
-0.011025891
-0.021557268
-0.028510319
-0.030504965
-0.028446122
-0.035699836
0.0099591303
0.021510986
0.01093113
0.012324134
0.0061794561
0.0070169136
0.0079179549
0.010495476
0.017350825
0.017112743
0.021511019
0.025815371
0.019190629
0.017069556
0.015463009
0.012680048
0.01062054
0.015424669
0.022039137
0.017259767
0.010931112
0.019190609
0.012980372
0.015467248
0.013450516
0.010606141
0.0085015894
0.0096307135
0.016720151
0.01077492
0.012324039
0.017069431
0.015467174
0.017548409
0.017254979
0.019273843
0.011973552
0.0078546263
0.0090791345
0.0042168448
0.006179264
0.015462849
0.013450405
0.017254916
0.021333072
0.022904369
0.014748453
0.0065328514
0.0038682298
-0.0022655913
0.0070166244
0.012679758
0.010605881
0.019273633
0.022904273
0.023549107
0.013976191
0.00079810571
-0.0025848717
-0.0074560136
0.0079175368
0.010620152
0.0085012346
0.011973272
0.014748277
0.013976113
0.0024233452
-0.006268
-0.0088378233
-0.011123943
0.010494927
0.01542417
0.0096302657
0.0078542497
0.0065326165
0.00079793591
-0.0062681183
-0.014543697
-0.010372872
-0.011818571
0.017350221
0.022038548
0.016719611
0.0090787107
0.0038678863
-0.0025850767
-0.0088379693
-0.010372957
-0.0067237506
-0.008149084
0.017112092
0.017259146
0.010774392
0.0042163674
-0.0022659755
-0.0074562726
-0.011124127
-0.011818667
-0.0081491018
-0.015605035
0.026915108
0.039987869
0.02961413
0.022080001
0.011074924
0.0088160462
0.0037626199
0.0039967424
0.010029557
0.010324733
0.03998785
0.039981351
0.033674659
0.023843184
0.015925493
0.013069254
0.0079267852
0.010397757
0.015853345
0.010574696
0.029614082
0.033674612
0.024066716
0.019487003
0.014070301
0.012544613
0.0083892996
0.0066429805
0.012757658
0.0079809008
0.022079899
0.023843057
0.019486933
0.018833948
0.018970906
0.022266405
0.013962755
0.0087469296
0.011608337
0.0082098709
0.011074702
0.01592531
0.014070162
0.018970819
0.025932245
0.028142383
0.018889863
0.011358415
0.012390391
0.0078879116
0.0088157502
0.013068964
0.012544345
0.022266176
0.028142279
0.029254194
0.019909572
0.0099085109
0.010307489
0.0058768665
0.0037622099
0.0079263707
0.0083889156
0.013962462
0.018889667
0.019909483
0.011448112
0.0062960272
0.0063641539
0.004589451
0.0039962264
0.010397246
0.0066425511
0.0087465735
0.011358172
0.0099083445
0.0062959489
0.0005383313
0.007074742
0.0052104672
0.010028964
0.015852765
0.012757112
0.011607878
0.01239005
0.01030726
0.0063640255
0.0070747081
0.011397308
0.009443328
0.010324091
0.010574053
0.0079803372
0.0082093736
0.0078875056
0.0058766182
0.0045892967
0.0052103656
0.0094433385
-0.0028179812
0.043576687
0.057090796
0.039455054
0.025626912
0.013158896
0.0089131666
0.003917725
0.0024902421
0.0056646662
0.0053975203
0.057090755
0.056162173
0.039884248
0.024430721
0.017498314
0.013712318
0.008270771
0.0094510679
0.012524836
0.0059417657
0.039454952
0.039884209
0.025606328
0.01842498
0.015269131
0.013409222
0.0093038152
0.0077306346
0.012257776
0.0067739033
0.025626731
0.024430556
0.018424892
0.018288904
0.019482324
0.022176169
0.015516145
0.012611524
0.015539281
0.012072617
0.013158659
0.017498071
0.015268909
0.019482212
0.026127889
0.027201236
0.021786537
0.017254529
0.020002201
0.015284595
0.0089128735
0.013711991
0.013408909
0.022175927
0.027201148
0.030508519
0.024646176
0.017754868
0.019877956
0.016025976
0.0039173134
0.0082703326
0.0093034036
0.015515862
0.021786368
0.024646077
0.01919328
0.017791027
0.019320327
0.01712686
0.0024897192
0.0094505207
0.0077301735
0.012611171
0.017254271
0.017754688
0.017790936
0.01573653
0.021429413
0.017520192
0.0056640356
0.012524215
0.012257251
0.015538817
0.020001865
0.019877692
0.019320179
0.021429362
0.024141132
0.018100027
0.0053968321
0.0059410956
0.0067733311
0.012072119
0.015284183
0.016025693
0.017126669
0.017520061
0.018100004
0.0014752182
0.0544718
0.061455171
0.038741103
0.024654794
0.011372631
0.0094738076
0.0045780385
0.0027025434
0.0035469538
0.0013428055
0.061455119
0.058277999
0.035343372
0.021658775
0.015778364
0.013527974
0.0076582774
0.0090689422
0.0099323322
0.0016424883
0.038740996
0.035343324
0.018408472
0.013478963
0.010626496
0.009828004
0.0068859601
0.0071372777
0.010188765
0.0043239669
0.024654603
0.021658633
0.013478864
0.012354779
0.012499546
0.016097965
0.012277733
0.012240957
0.015382592
0.011758229
0.011372372
0.015778132
0.01062628
0.012499436
0.018252843
0.020184843
0.0183711
0.016931087
0.021086838
0.017522644
0.0094734707
0.013527632
0.0098276841
0.016097741
0.020184739
0.024810598
0.02201537
0.018342712
0.023009924
0.020702876
0.0045776108
0.0076578532
0.0068855671
0.012277442
0.018370908
0.022015248
0.01964035
0.022195876
0.025494349
0.022388338
0.0027020282
0.0090684164
0.0071368412
0.012240601
0.016930786
0.018342504
0.022195778
0.02393378
0.027542699
0.021768283
0.0035463149
0.0099317032
0.01018826
0.015382142
0.021086495
0.023009642
0.025494154
0.027542621
0.025885231
0.019220424
0.0013421249
0.0016418509
0.0043234273
0.011757751
0.017522248
0.0207026
0.022388176
0.021768183
0.019220421
0.0058569218
0.047972226
0.050106569
0.027835065
0.015151482
0.0064205954
0.0057395029
0.0019768376
0.0011090362
0.0011856121
-0.001780056
0.050106526
0.039006215
0.022505253
0.01170863
0.0081122989
0.006714849
0.0032220925
0.0067576382
0.0072355357
-0.0016624926
0.027834974
0.022505218
0.0078432685
0.00299249
-0.00016653688
-8.2697303e-05
0.00026666855
0.0023276493
0.0047973857
0.00057991288
0.015151307
0.011708483
0.0029923766
-0.0010902628
-0.0014950779
0.0032172471
0.0017732809
0.0033584832
0.0085039133
0.0069542355
0.0064203493
0.0081120419
-0.00016676444
-0.0014952438
0.002685989
0.0051191931
0.004540298
0.0059770301
0.014391444
0.012832774
0.0057391581
0.0067144839
-8.300855e-05
0.003217041
0.0051190847
0.0083131613
0.0075914448
0.0091628677
0.017056017
0.015627673
0.0019763624
0.0032216211
0.00026626428
0.0017729636
0.0045401011
0.0075913071
0.0098606613
0.014870503
0.020354652
0.018289869
0.0011085059
0.0067571004
0.0023271601
0.003358086
0.0059766936
0.0091626436
0.014870382
0.018011568
0.023085854
0.016123273
0.0011850088
0.0072349342
0.0047968518
0.008503448
0.014391079
0.017055741
0.020354497
0.023085777
0.021009109
0.015475243
-0.0017807265
-0.0016631283
0.00057935043
0.0069537419
0.012832353
0.015627343
0.018289691
0.016123159
0.015475228
0.00588062
0.025887137
0.029568091
0.011462548
0.0023152128
-0.0031979618
-0.0037420125
-0.0041220203
-0.0021140574
-0.00069676692
-0.002029766
0.029568021
0.021580651
0.008816643
-0.00051346868
-0.0036886292
-0.0036998568
-0.0038274682
0.0027198393
0.0060838338
-0.0021449498
0.011462465
0.0088166227
-0.0043394767
-0.010925043
-0.015168447
-0.014529816
-0.01082217
-0.0055176182
-0.00014293403
-0.0034747118
0.0023150714
-0.00051357693
-0.01092514
-0.018265445
-0.020424564
-0.016706872
-0.016088933
-0.010270349
-0.0011599738
-0.00080807641
-0.003198227
-0.0036888879
-0.015168655
-0.0204247
-0.019806808
-0.019192248
-0.017117912
-0.010808585
0.0028077121
0.0027227452
-0.0037423558
-0.0037002241
-0.01453012
-0.016707094
-0.019192387
-0.016906347
-0.01474608
-0.0068233366
0.005053426
0.0040095647
-0.0041224484
-0.003827909
-0.010822545
-0.016089239
-0.017118109
-0.014746176
-0.0081213297
-0.00091313375
0.008281159
0.0081387238
-0.0021145934
0.0027193349
-0.0055180956
-0.010270736
-0.01080892
-0.0068235296
-0.00091326453
0.0042892587
0.012008267
0.0076825432
-0.00069733149
0.0060832674
-0.00014344866
-0.0011604269
0.0028073709
0.0050531903
0.0082810102
0.012008188
0.014363717
0.012318627
-0.0020304003
-0.0021455247
-0.0034752349
-0.00080852403
0.0027223809
0.0040092944
0.0081385643
0.0076824459
0.012318599
-0.00069044044
0.0099505555
0.01149425
-0.00067248806
-0.0057500995
-0.011815548
-0.013129399
-0.010395465
-0.0051659588
-0.0011956023
-0.0010734975
0.011494208
0.011288504
0.0018150248
-0.0074981765
-0.013661157
-0.013299416
-0.010220849
-0.0011377773
0.0053435294
-0.003094954
-0.00067256241
0.0018149937
-0.011651211
-0.02037411
-0.026505694
-0.027450087
-0.022173986
-0.013180119
-0.0050083858
-0.0077381377
-0.0057502371
-0.0074983037
-0.020374185
-0.030281767
-0.03701417
-0.03636197
-0.033555486
-0.023206777
-0.01052927
-0.0086016621
-0.011815769
-0.013661387
-0.026505862
-0.037014258
-0.041485418
-0.043200355
-0.037858727
-0.026549767
-0.0092917345
-0.0072381347
-0.013129731
-0.013299727
-0.027450359
-0.036362159
-0.043200478
-0.04124591
-0.036325394
-0.023054385
-0.0077226795
-0.0057263022
-0.010395873
-0.010221254
-0.022174327
-0.033555785
-0.037858952
-0.036325536
-0.027828226
-0.018036638
-0.0046533076
-0.0018697423
-0.0051664343
-0.0011382429
-0.013180561
-0.023207125
-0.026550067
-0.023054596
-0.018036743
-0.009665551
0.0013622239
-0.00056739569
-0.0011961244
0.0053430126
-0.0050088667
-0.010529715
-0.0092920645
-0.007722906
-0.0046534304
0.0013621747
0.0061607976
0.0042250148
-0.0010740613
-0.0030954886
-0.0077386104
-0.0086021079
-0.0072385036
-0.0057265723
-0.0018699088
-0.00056749932
0.0042249851
-0.0062595332
-0.0023187221
0.0028527601
-0.0058445393
-0.0097376794
-0.017153254
-0.018820648
-0.01443898
-0.0082097215
-0.0032768145
-0.0030326739
0.002852735
0.002246221
-0.0028384168
-0.011025877
-0.018514823
-0.019558719
-0.015703694
-0.0064552694
0.00092187663
-0.0066978342
-0.0058446051
-0.0028384119
-0.014109532
-0.023965415
-0.033679401
-0.037255678
-0.032068706
-0.021406357
-0.011494127
-0.012292329
-0.0097378421
-0.011026015
-0.02396548
-0.036323435
-0.047981833
-0.049999978
-0.046237712
-0.033754775
-0.019632452
-0.015465107
-0.017153453
-0.018515004
-0.033679555
-0.047981905
-0.055899453
-0.058903335
-0.052305543
-0.039000488
-0.02042551
-0.014461659
-0.018820968
-0.019558976
-0.037255894
-0.050000159
-0.058903422
-0.058006093
-0.052773607
-0.038006078
-0.020401316
-0.014969649
-0.01443936
-0.015704055
-0.03206898
-0.046237945
-0.052305696
-0.05277371
-0.046378433
-0.035484998
-0.019617933
-0.014542998
-0.0082101923
-0.0064556898
-0.021406721
-0.033755074
-0.039000765
-0.038006251
-0.035485066
-0.026907373
-0.013808182
-0.015946634
-0.0032772812
0.00092139014
-0.011494552
-0.01963283
-0.020425833
-0.020401556
-0.019618062
-0.013808242
-0.0094686693
-0.012676537
-0.0030331477
-0.0066982995
-0.012292743
-0.015465468
-0.014461958
-0.014969877
-0.014543128
-0.015946736
-0.012676548
-0.021041881
-0.0080402139
0.0018950258
-0.0029782135
-0.0051515649
-0.013387138
-0.015539225
-0.012424881
-0.0084425676
-0.0061991667
-0.0065081151
0.0018950061
0.0066131339
0.0026778305
-0.0050575662
-0.014261475
-0.017215627
-0.015428282
-0.0096178333
-0.0046419062
-0.01018363
-0.0029782562
0.0026778091
-0.0084907473
-0.018716241
-0.03164095
-0.03706652
-0.034041187
-0.025804096
-0.016352274
-0.014812656
-0.0051516466
-0.0050576641
-0.018716303
-0.033236651
-0.046641826
-0.050250261
-0.047677751
-0.037268854
-0.025105095
-0.017944287
-0.013387285
-0.0142616
-0.031641054
-0.046641838
-0.055046846
-0.058392751
-0.053426304
-0.043324961
-0.025710871
-0.017744367
-0.015539451
-0.017215841
-0.037066707
-0.050250419
-0.058392842
-0.059525798
-0.057381729
-0.045027797
-0.027979701
-0.022556796
-0.012425168
-0.01542859
-0.034041426
-0.047677976
-0.053426459
-0.05738181
-0.05481724
-0.045505619
-0.033383851
-0.026853563
-0.0084429553
-0.0096181554
-0.025804406
-0.037269125
-0.043325213
-0.045027958
-0.045505717
-0.0410003
-0.031396398
-0.028903837
-0.0061995538
-0.0046422614
-0.016352626
-0.025105377
-0.025711131
-0.027979883
-0.033383982
-0.03139647
-0.027870786
-0.021908803
-0.0065085091
-0.010184005
-0.014813033
-0.017944584
-0.017744639
-0.022557014
-0.026853659
-0.028903928
-0.021908821
-0.025974951
0.0053408602
0.01564102
0.015216137
0.012862425
0.0048300861
-0.00023552568
-0.0010959939
-0.0022673101
-0.0043234295
-0.0048942825
0.015641025
0.025207159
0.023379149
0.015020263
0.0036354121
-0.0018088922
-0.0040066206
-0.0037525777
-0.0026773554
-0.0065965075
0.015216123
0.023379149
0.012748289
0.0010910177
-0.013674355
-0.020763073
-0.02200197
-0.01946938
-0.012706278
-0.011083558
0.012862388
0.015020205
0.0010909794
-0.015079601
-0.026760665
-0.032972231
-0.03452884
-0.02967544
-0.02171056
-0.016106483
0.0048299372
0.003635284
-0.013674456
-0.026760691
-0.035212215
-0.040561997
-0.039717246
-0.035597323
-0.023137848
-0.018089697
-0.00023574184
-0.0018090668
-0.020763195
-0.032972333
-0.040562061
-0.044786201
-0.047248514
-0.039535327
-0.028161623
-0.02643898
-0.0010961895
-0.0040068546
-0.022002128
-0.034529035
-0.039717373
-0.047248617
-0.048248081
-0.043825192
-0.035199785
-0.03133901
-0.0022675846
-0.0037528274
-0.019469558
-0.029675609
-0.03559747
-0.039535453
-0.043825296
-0.042931775
-0.034303816
-0.029628821
-0.0043236792
-0.0026776236
-0.012706544
-0.021710782
-0.023138
-0.028161742
-0.035199918
-0.034303847
-0.0259455
-0.013366491
-0.0048945253
-0.00659675
-0.011083773
-0.016106671
-0.01808988
-0.026439161
-0.031339093
-0.029628853
-0.013366504
-0.011508533
0.02282471
0.037815919
0.037816582
0.033407402
0.02648455
0.020525294
0.016431729
0.010581686
0.0064105756
0.005103868
0.037815866
0.04818666
0.045661359
0.037403665
0.027522199
0.020311723
0.014335236
0.010897057
0.008281486
0.0027730888
0.037816546
0.045661359
0.035399762
0.024503131
0.010528318
0.0024291761
-0.0033119429
-0.0064503831
-0.0034902885
-0.005164593
0.033407377
0.037403651
0.024503127
0.0084698303
9.7461171e-05
-0.0091371643
-0.015789349
-0.017820294
-0.015080561
-0.013565547
0.02648448
0.027522121
0.010528272
9.7429764e-05
-0.0078746613
-0.016510552
-0.021411739
-0.023853569
-0.018142557
-0.018945122
0.020525153
0.020311605
0.002429087
-0.009137229
-0.016510561
-0.024121856
-0.031902439
-0.029829409
-0.024714536
-0.026454946
0.016431643
0.014335109
-0.0033120494
-0.015789493
-0.021411821
-0.031902509
-0.035545614
-0.035437221
-0.030070041
-0.024940717
0.010581574
0.010896948
-0.0064504654
-0.017820398
-0.023853639
-0.029829484
-0.035437264
-0.034798148
-0.022227493
-0.015533762
0.0064104575
0.0082813873
-0.0034903708
-0.015080681
-0.018142647
-0.024714615
-0.030070134
-0.022227511
-0.0029819115
0.0044789339
0.0051037509
0.0027729579
-0.0051646584
-0.013565651
-0.018945219
-0.026455012
-0.024940773
-0.015533791
0.0044789102
0.00313686
0.036473807
0.0531355
0.049344871
0.045308238
0.040563873
0.03653953
0.032462776
0.024789205
0.020656418
0.017024434
0.053135497
0.062033367
0.055460816
0.048228659
0.042856049
0.037234038
0.029568234
0.025155862
0.020579951
0.011342925
0.049344844
0.055460821
0.043293106
0.036406681
0.026362487
0.018874478
0.010828103
0.0043844346
0.0040592952
-0.0013918444
0.045308211
0.048228648
0.036406696
0.022569742
0.017839365
0.0086182456
-0.0013824726
-0.008917791
-0.011286108
-0.014275115
0.040563859
0.042855988
0.026362478
0.017839348
0.012897968
0.0036907254
-0.0059046923
-0.015319168
-0.016599416
-0.018823304
0.036539516
0.037233999
0.018874458
0.0086182012
0.0036907273
-0.005172101
-0.016474612
-0.019564218
-0.018411076
-0.021517514
0.032462784
0.029568226
0.01082811
-0.0013825056
-0.0059047174
-0.01647465
-0.02233383
-0.023039707
-0.017928054
-0.013414828
0.024789218
0.025155877
0.00438445
-0.0089177738
-0.015319197
-0.019564267
-0.0230397
-0.017330363
-0.003777565
0.0022784907
0.020656397
0.02057994
0.0040593218
-0.011286115
-0.016599447
-0.018411095
-0.01792805
-0.0037775675
0.013934295
0.021451697
0.01702445
0.011342925
-0.0013918141
-0.014275121
-0.018823347
-0.021517519
-0.013414814
0.0022784959
0.021451679
0.014403769
0.042856975
0.052712933
0.046299045
0.043532644
0.042630655
0.041822291
0.041004524
0.034349854
0.03093707
0.023815104
0.052712939
0.057351193
0.049578849
0.043974726
0.043882245
0.042427684
0.037085872
0.032780435
0.026624674
0.014216724
0.046299089
0.04957888
0.035506737
0.032495069
0.028245676
0.024287622
0.016233584
0.0070652274
0.0050115635
-0.0024500067
0.043532706
0.043974778
0.032495057
0.022966051
0.02231899
0.015632736
0.0036637912
-0.0079383374
-0.011967317
-0.0152571
0.042630728
0.04388228
0.028245679
0.022318948
0.021203346
0.013163488
-0.00030526454
-0.013145258
-0.01490367
-0.018089707
0.041822392
0.042427746
0.024287682
0.015632741
0.013163478
0.0030959877
-0.0088569629
-0.013630812
-0.012473209
-0.016465912
0.041004665
0.037085959
0.01623368
0.0036638517
-0.00030522908
-0.0088569773
-0.011863642
-0.011071738
-0.0041176287
-0.0023830751
0.034350033
0.032780611
0.0070653549
-0.0079382529
-0.013145245
-0.013630814
-0.01107174
-0.0030946052
0.010601783
0.012589953
0.0309372
0.026624841
0.0050117022
-0.01196722
-0.014903659
-0.012473212
-0.0041176106
0.010601778
0.023655664
0.029308031
0.023815211
0.014216882
-0.0024498394
-0.015256978
-0.018089632
-0.016465881
-0.0023830539
0.012589964
0.029308007
0.024257959
0.03288844
0.038713292
0.032346564
0.031897403
0.034061216
0.037941945
0.041849864
0.037324651
0.033586331
0.024006633
0.038713294
0.041446911
0.035038204
0.030036572
0.034335794
0.039307059
0.03804594
0.034770904
0.027175985
0.014218342
0.032346614
0.035038244
0.021077681
0.020200605
0.02246976
0.024527211
0.017820099
0.0075542528
0.0053806482
-0.00073249149
0.031897461
0.030036636
0.020200657
0.016352166
0.021264696
0.015977065
0.0040194468
-0.0082118481
-0.01094845
-0.011499261
0.034061324
0.034335864
0.02246985
0.021264737
0.01967966
0.011680856
-0.00013201351
-0.013113865
-0.012952619
-0.014499324
0.037942106
0.039307162
0.024527339
0.015977142
0.011680887
0.0035142876
-0.0056949938
-0.0080967067
-0.0066835355
-0.012148655
0.041850139
0.038046133
0.017820316
0.0040195732
-0.00013192019
-0.0056949886
-0.0057989816
-0.0036942721
0.0022821915
0.0015982219
0.037324929
0.034771196
0.0075545155
-0.008211651
-0.01311379
-0.0080966508
-0.0036942525
0.0029902757
0.014274664
0.015062887
0.033586651
0.027176309
0.0053809282
-0.010948237
-0.012952526
-0.0066834672
0.0022822498
0.014274651
0.029539356
0.034375403
0.024006974
0.014218654
-0.00073219221
-0.011499028
-0.01449919
-0.012148591
0.0015982737
0.0150629
0.034375392
0.030962001
0.01634162
0.021787157
0.01462236
0.016158669
0.020938013
0.030831661
0.037970436
0.033731316
0.030004441
0.020471259
0.021787177
0.022307984
0.014647445
0.013371932
0.022564876
0.032685804
0.032155413
0.031062321
0.023025916
0.010531765
0.014622421
0.014647503
0.0048502759
0.010104585
0.015273015
0.021017408
0.014335791
0.0049735714
0.0037687948
-0.0032139237
0.016158743
0.01337197
0.010104627
0.011949159
0.016306451
0.011971821
0.0013233494
-0.0077430104
-0.011180627
-0.01424662
0.020938168
0.02256501
0.015273112
0.016306543
0.01377312
0.0049658273
-0.0039924047
-0.012604604
-0.010507192
-0.014358744
0.030831898
0.032686027
0.021017583
0.011971947
0.0049658817
-0.00080670531
-0.0071076107
-0.0090712809
-0.0085544993
-0.013946039
0.037970838
0.032155707
0.014336068
0.0013235614
-0.003992236
-0.0071075289
-0.0062086872
-0.0029606425
-0.0037187031
-0.0085737298
0.033731738
0.031062752
0.0049739384
-0.0077426981
-0.01260439
-0.0090711702
-0.0029606535
0.003569836
0.010432732
0.0064952323
0.030004942
0.023026443
0.003769221
-0.011180291
-0.010507019
-0.0085544235
-0.0037185911
0.010432735
0.019754795
0.022668073
0.020471829
0.010532252
-0.0032134965
-0.01424623
-0.014358489
-0.013945967
-0.0085735995
0.0064952574
0.022668
0.018421285
0.0068574908
0.0026314174
-0.0011360795
0.0073659426
0.014150084
0.025269598
0.031823956
0.022216686
0.023344592
0.01786985
0.0026314733
0.0011709789
-0.0030709079
-0.0036157301
0.0094608612
0.017849531
0.012155824
0.01484504
0.010844799
-0.0034050093
-0.0011360474
-0.0030708236
-0.014533058
-0.0080088118
-0.00088963486
0.0064814102
0.00072236997
-0.0041079609
-0.0048870106
-0.021058354
0.0073660809
-0.0036156836
-0.0080087359
-0.00021289091
0.0018164742
-0.00068591521
-0.0060924854
-0.014830052
-0.020588357
-0.032383737
0.014150318
0.0094609915
-0.00088954328
0.0018166117
-0.00099837364
-0.0093461432
-0.01346781
-0.024292992
-0.025493514
-0.030177852
0.025269884
0.017849935
0.006481738
-0.00068572099
-0.0093460788
-0.014502386
-0.015752328
-0.02341434
-0.027130343
-0.035769045
0.03182452
0.012156254
0.00072278322
-0.006092288
-0.013467737
-0.01575223
-0.01440794
-0.020876755
-0.022298039
-0.033222352
0.022217313
0.01484556
-0.0041075196
-0.014829652
-0.024292638
-0.023414108
-0.020876804
-0.025320395
-0.012769651
-0.017200686
0.023345234
0.010845503
-0.0048864386
-0.020587887
-0.025493163
-0.027130203
-0.022297938
-0.012769604
-0.00015724525
-0.0059782528
0.017870666
-0.0034043613
-0.021057852
-0.032383273
-0.030177417
-0.035769024
-0.033222223
-0.017200531
-0.0059783425
-0.025078135
0.018744415
-0.0078281334
-0.0063667885
0.020241603
0.036592662
0.044317944
0.049387479
0.028082756
0.036381208
0.045041749
-0.007828084
-0.027221488
-0.018226365
-0.0011406244
0.019044301
0.021308433
0.0081286477
0.0057278376
0.0093262659
0.015815757
-0.0063668787
-0.018226171
-0.019599282
-0.01516109
-0.011397325
0.0032884463
-0.0077418733
-0.01287516
-0.0080825974
-0.0096398165
0.020241772
-0.0011404732
-0.015160892
-0.013246628
-0.015785877
-0.012312357
-0.018995841
-0.019252231
-0.026303194
-0.041218353
0.036593062
0.019044457
-0.011397454
-0.015785707
-0.0095890276
-0.014948052
-0.024606006
-0.032444874
-0.04752765
-0.060244307
0.044318126
0.021308883
0.0032887885
-0.012311941
-0.014947746
-0.017245987
-0.019367005
-0.029639694
-0.054248076
-0.058308976
0.049388187
0.0081292638
-0.0077411231
-0.01899544
-0.024606061
-0.019367025
-0.023129461
-0.038325765
-0.054770581
-0.064703534
0.028083788
0.005728519
-0.012874614
-0.019251845
-0.032444613
-0.029639173
-0.038325841
-0.062797052
-0.056760228
-0.053035395
0.036381996
0.0093271166
-0.0080817188
-0.026302595
-0.047527169
-0.05424761
-0.054770491
-0.056760335
-0.039824329
-0.030459779
0.045042829
0.015816697
-0.0096391484
-0.041217972
-0.060243658
-0.058308868
-0.064703474
-0.053035148
-0.030459804
-0.042312578
)
;

boundaryField
{
    block1_in
    {
        type            calculated;
        value           nonuniform List<scalar> 
100
(
1201679.4
125190.31
125190.32
125190.33
125190.34
125190.33
125190.32
125190.31
125190.31
125190.31
125190.17
125190.3
125190.31
125190.33
125190.33
125190.32
125190.31
125190.3
125190.3
125190.3
125190.16
125190.3
125190.31
125190.32
125190.32
125190.32
125190.31
125190.29
125190.3
125190.29
125190.17
125190.3
125190.31
125190.32
125190.31
125190.31
125190.3
125190.29
125190.29
125190.28
125190.19
125190.3
125190.31
125190.31
125190.3
125190.3
125190.29
125190.28
125190.28
125190.27
125190.21
125190.3
125190.3
125190.3
125190.3
125190.3
125190.29
125190.28
125190.27
125190.27
125190.22
125190.29
125190.29
125190.3
125190.29
125190.29
125190.29
125190.27
125190.27
125190.27
125190.23
125190.28
125190.29
125190.29
125190.29
125190.28
125190.28
125190.27
125190.27
125190.27
125190.23
125190.29
125190.29
125190.29
125190.28
125190.27
125190.27
125190.27
125190.28
125190.28
125190.24
125190.29
125190.29
125190.28
125190.28
125190.27
125190.27
125190.28
125190.28
125190.28
)
;
    }
    block1_out
    {
        type            calculated;
        value           nonuniform List<scalar> 
100
(
-1196142
-1196142
-1196142
-1196142
-1196142
-1196142
-1196142
-1196142
-1196142
-1196142
-1196142
-1196142
-1196142.1
-1196142
-1196142
-1196142
-1196142
-1196142
-1196142
-1196142
-1196142
-1196142.1
-1196142
-1196142
-1196142
-1196142
-1196142
-1196142
-1196142
-1196142
-1196142
-1196142
-1196142
-1196142
-1196142
-1196142
-1196142
-1196142
-1196142
-1196142
-1196142
-1196142
-1196142
-1196142
-1196142
-1196142
-1196142
-1196142
-1196142
-1196142
-1196142
-1196142
-1196142
-1196142
-1196142
-1196142
-1196142
-1196142
-1196142
-1196142
-1196142
-1196142
-1196142
-1196142
-1196142
-1196142
-1196142
-1196142
-1196142.1
-1196142.1
-1196142
-1196142
-1196142
-1196142
-1196142
-1196142
-1196142
-1196142.1
-1196142.1
-1196142.1
-1196142
-1196142
-1196142
-1196142
-1196142
-1196142
-1196142.1
-1196142.1
-1196142.1
-1196142.1
-1196142
-1196142
-1196142
-1196142
-1196142
-1196142
-1196142.1
-1196142.1
-1196142.1
-1196142.1
)
;
    }
    block1_wall1
    {
        type            calculated;
        value           nonuniform List<scalar> 
200
(
1201681.5
125190.55
125190.53
125190.54
125190.55
125190.55
125190.55
125190.55
125190.54
125190.53
131173.48
125190.98
125190.97
125191
125191.01
125191.02
125191.01
125191.01
125191.03
125191.02
131173.97
125191.43
125191.44
125191.46
125191.49
125191.49
125191.49
125191.5
125191.51
125191.52
131174.5
125191.91
125191.91
125191.95
125191.96
125191.97
125191.99
125192
125192.01
125192.02
131175.04
125192.41
125192.42
125192.44
125192.46
125192.48
125192.49
125192.51
125192.53
125192.54
131175.61
125192.93
125192.93
125192.96
125192.98
125193
125193.02
125193.04
125193.06
125193.07
131176.18
125193.46
125193.46
125193.49
125193.51
125193.54
125193.56
125193.58
125193.6
125193.61
131176.72
125194.01
125194.01
125194.03
125194.06
125194.09
125194.11
125194.14
125194.16
125194.17
131177.26
125194.57
125194.57
125194.59
125194.62
125194.65
125194.68
125194.71
125194.73
125194.74
131177.83
125195.15
125195.16
125195.18
125195.21
125195.25
125195.28
125195.3
125195.32
125195.33
131178.42
125195.77
125195.77
125195.8
125195.83
125195.87
125195.9
125195.92
125195.94
125195.95
131179.04
125196.42
125196.42
125196.45
125196.48
125196.52
125196.55
125196.57
125196.59
125196.6
131179.71
125197.1
125197.11
125197.13
125197.16
125197.19
125197.22
125197.24
125197.26
125197.27
131180.41
125197.82
125197.83
125197.84
125197.87
125197.9
125197.93
125197.94
125197.96
125197.97
131181.15
125198.57
125198.57
125198.58
125198.6
125198.63
125198.65
125198.67
125198.68
125198.69
131181.92
125199.33
125199.33
125199.34
125199.35
125199.38
125199.4
125199.42
125199.43
125199.44
131182.69
125200.1
125200.1
125200.11
125200.12
125200.14
125200.16
125200.18
125200.19
125200.2
131183.48
125200.88
125200.88
125200.88
125200.9
125200.91
125200.93
125200.95
125200.97
125200.97
131184.28
125201.67
125201.67
125201.67
125201.68
125201.7
125201.72
125201.74
125201.75
125201.76
131185.08
125202.47
125202.46
125202.46
125202.47
125202.49
125202.51
125202.53
125202.53
125202.55
)
;
    }
    block1_wall2
    {
        type            calculated;
        value           nonuniform List<scalar> 
200
(
1201681.6
131173.64
131174.14
131174.66
131175.19
131175.74
131176.3
131176.86
131177.43
131178.01
131178.61
131179.24
131179.9
131180.59
131181.31
131182.05
131182.81
131183.59
131184.38
131185.17
11520.315
131173.63
131174.14
131174.65
131175.19
131175.74
131176.3
131176.86
131177.43
131178.02
131178.62
131179.24
131179.91
131180.6
131181.32
131182.06
131182.82
131183.6
131184.38
131185.17
11520.325
131173.62
131174.14
131174.65
131175.2
131175.75
131176.31
131176.87
131177.45
131178.03
131178.64
131179.27
131179.93
131180.62
131181.33
131182.07
131182.83
131183.6
131184.38
131185.17
11520.342
131173.61
131174.13
131174.66
131175.21
131175.76
131176.33
131176.89
131177.47
131178.06
131178.67
131179.3
131179.96
131180.64
131181.35
131182.09
131182.85
131183.62
131184.39
131185.17
11520.342
131173.61
131174.14
131174.67
131175.22
131175.78
131176.35
131176.92
131177.5
131178.09
131178.7
131179.33
131179.99
131180.67
131181.37
131182.11
131182.86
131183.62
131184.39
131185.16
11520.334
131173.61
131174.14
131174.68
131175.24
131175.8
131176.37
131176.94
131177.53
131178.13
131178.75
131179.37
131180.02
131180.7
131181.4
131182.13
131182.88
131183.63
131184.39
131185.15
11520.342
131173.61
131174.15
131174.69
131175.25
131175.81
131176.38
131176.97
131177.56
131178.17
131178.78
131179.41
131180.05
131180.72
131181.42
131182.15
131182.89
131183.64
131184.39
131185.14
11520.336
131173.62
131174.15
131174.7
131175.25
131175.82
131176.4
131176.99
131177.59
131178.2
131178.82
131179.44
131180.08
131180.75
131181.44
131182.17
131182.9
131183.65
131184.39
131185.13
11520.335
131173.63
131174.16
131174.71
131175.26
131175.83
131176.41
131177.01
131177.61
131178.22
131178.84
131179.46
131180.1
131180.77
131181.46
131182.18
131182.92
131183.65
131184.39
131185.13
11520.351
131173.62
131174.16
131174.71
131175.26
131175.83
131176.42
131177.02
131177.62
131178.23
131178.85
131179.47
131180.11
131180.78
131181.47
131182.19
131182.92
131183.64
131184.38
131185.12
)
;
    }
    block1_wall3
    {
        type            calculated;
        value           nonuniform List<scalar> 
200
(
1201681.6
125190.53
125190.53
125190.54
125190.53
125190.52
125190.53
125190.52
125190.53
125190.54
131173.57
125191.02
125191.01
125191.01
125191.02
125191.01
125191.02
125191.03
125191.04
125191.04
131174.12
125191.51
125191.51
125191.51
125191.52
125191.53
125191.53
125191.54
125191.56
125191.55
131174.65
125192.02
125192.02
125192.03
125192.04
125192.05
125192.06
125192.07
125192.08
125192.08
131175.19
125192.54
125192.54
125192.56
125192.57
125192.58
125192.59
125192.6
125192.62
125192.61
131175.74
125193.07
125193.08
125193.1
125193.11
125193.13
125193.14
125193.15
125193.17
125193.16
131176.3
125193.62
125193.63
125193.65
125193.67
125193.69
125193.7
125193.71
125193.74
125193.74
131176.87
125194.17
125194.18
125194.21
125194.23
125194.26
125194.28
125194.3
125194.33
125194.33
131177.44
125194.75
125194.76
125194.79
125194.82
125194.85
125194.88
125194.91
125194.93
125194.93
131178.02
125195.34
125195.35
125195.39
125195.42
125195.46
125195.5
125195.52
125195.55
125195.54
131178.61
125195.96
125195.97
125196.01
125196.05
125196.09
125196.12
125196.15
125196.17
125196.17
131179.23
125196.6
125196.62
125196.65
125196.69
125196.73
125196.77
125196.79
125196.81
125196.81
131179.87
125197.27
125197.29
125197.32
125197.36
125197.39
125197.42
125197.45
125197.47
125197.46
131180.54
125197.97
125197.99
125198.01
125198.04
125198.08
125198.1
125198.12
125198.14
125198.14
131181.25
125198.69
125198.71
125198.73
125198.76
125198.78
125198.81
125198.83
125198.84
125198.84
131181.98
125199.44
125199.45
125199.47
125199.49
125199.52
125199.54
125199.55
125199.57
125199.56
131182.73
125200.2
125200.21
125200.23
125200.25
125200.27
125200.29
125200.3
125200.31
125200.29
131183.5
125200.98
125200.99
125201
125201.01
125201.03
125201.04
125201.05
125201.05
125201.03
131184.3
125201.76
125201.77
125201.78
125201.78
125201.79
125201.8
125201.8
125201.8
125201.78
131185.11
125202.55
125202.55
125202.56
125202.55
125202.54
125202.55
125202.55
125202.55
125202.53
)
;
    }
    block1_wall4
    {
        type            calculated;
        value           nonuniform List<scalar> 
200
(
1201681.5
131173.6
131174.09
131174.58
131175.08
131175.61
131176.15
131176.68
131177.23
131177.81
131178.42
131179.05
131179.73
131180.44
131181.19
131181.96
131182.73
131183.51
131184.3
131185.09
11520.206
131173.62
131174.1
131174.58
131175.09
131175.61
131176.14
131176.68
131177.23
131177.81
131178.41
131179.04
131179.72
131180.44
131181.19
131181.95
131182.73
131183.51
131184.3
131185.1
11520.184
131173.62
131174.11
131174.59
131175.1
131175.62
131176.15
131176.69
131177.24
131177.82
131178.42
131179.05
131179.73
131180.45
131181.19
131181.96
131182.73
131183.51
131184.3
131185.1
11520.191
131173.64
131174.12
131174.61
131175.12
131175.64
131176.17
131176.71
131177.26
131177.84
131178.44
131179.08
131179.75
131180.46
131181.2
131181.97
131182.74
131183.52
131184.31
131185.1
11520.217
131173.64
131174.14
131174.62
131175.14
131175.67
131176.2
131176.74
131177.3
131177.88
131178.48
131179.11
131179.78
131180.48
131181.22
131181.98
131182.75
131183.53
131184.32
131185.11
11520.248
131173.64
131174.14
131174.63
131175.15
131175.68
131176.22
131176.77
131177.33
131177.91
131178.51
131179.14
131179.81
131180.51
131181.24
131181.99
131182.76
131183.54
131184.33
131185.13
11520.267
131173.64
131174.14
131174.64
131175.16
131175.71
131176.25
131176.8
131177.37
131177.95
131178.55
131179.17
131179.83
131180.53
131181.26
131182.01
131182.77
131183.55
131184.34
131185.14
11520.292
131173.62
131174.14
131174.65
131175.17
131175.72
131176.27
131176.83
131177.4
131177.98
131178.58
131179.2
131179.86
131180.55
131181.27
131182.02
131182.79
131183.57
131184.36
131185.15
11520.301
131173.64
131174.14
131174.65
131175.18
131175.73
131176.29
131176.85
131177.42
131178
131178.6
131179.22
131179.88
131180.57
131181.29
131182.04
131182.8
131183.58
131184.37
131185.16
11520.307
131173.64
131174.14
131174.66
131175.19
131175.74
131176.3
131176.86
131177.43
131178.01
131178.61
131179.24
131179.9
131180.59
131181.31
131182.05
131182.81
131183.59
131184.38
131185.17
)
;
    }
}


// ************************************************************************* //
