/*--------------------------------*- C++ -*----------------------------------*\
| =========                 |                                                 |
| \\      /  F ield         | OpenFOAM: The Open Source CFD Toolbox           |
|  \\    /   O peration     | Version:  v2106                                 |
|   \\  /    A nd           | Website:  www.openfoam.com                      |
|    \\/     M anipulation  |                                                 |
\*---------------------------------------------------------------------------*/
FoamFile
{
    version     2.0;
    format      ascii;
    arch        "LSB;label=32;scalar=64";
    class       volVectorField;
    location    "0.1";
    object      U;
}
// * * * * * * * * * * * * * * * * * * * * * * * * * * * * * * * * * * * * * //

dimensions      [0 1 -1 0 0 0 0];

internalField   nonuniform List<vector> 
400
(
(1.3048e-09 0 0)
(3.78771e-09 0 0)
(5.9298e-09 0 0)
(7.61242e-09 0 0)
(8.82207e-09 0 0)
(9.62223e-09 0 0)
(1.01114e-08 0 0)
(1.03879e-08 0 0)
(1.05297e-08 0 0)
(1.05875e-08 0 0)
(1.05853e-08 0 0)
(1.05227e-08 0 0)
(1.03743e-08 0 0)
(1.00885e-08 0 0)
(9.58726e-09 0 0)
(8.77363e-09 0 0)
(7.55241e-09 0 0)
(5.86592e-09 0 0)
(3.73454e-09 0 0)
(1.28136e-09 0 0)
(6.40784e-09 0 0)
(1.85887e-08 0 0)
(2.90665e-08 0 0)
(3.72585e-08 0 0)
(4.31115e-08 0 0)
(4.6955e-08 0 0)
(4.92859e-08 0 0)
(5.05926e-08 0 0)
(5.12574e-08 0 0)
(5.1527e-08 0 0)
(5.1518e-08 0 0)
(5.12276e-08 0 0)
(5.05343e-08 0 0)
(4.91876e-08 0 0)
(4.68043e-08 0 0)
(4.29017e-08 0 0)
(3.69972e-08 0 0)
(2.87872e-08 0 0)
(1.83556e-08 0 0)
(6.30543e-09 0 0)
(2.34218e-08 0 0)
(6.78797e-08 0 0)
(1.05958e-07 0 0)
(1.35527e-07 0 0)
(1.56466e-07 0 0)
(1.7007e-07 0 0)
(1.78225e-07 0 0)
(1.82741e-07 0 0)
(1.85014e-07 0 0)
(1.85929e-07 0 0)
(1.85902e-07 0 0)
(1.84926e-07 0 0)
(1.82567e-07 0 0)
(1.77928e-07 0 0)
(1.69612e-07 0 0)
(1.55822e-07 0 0)
(1.34721e-07 0 0)
(1.05091e-07 0 0)
(6.7152e-08 0 0)
(2.31012e-08 0 0)
(8.2243e-08 0 0)
(2.38091e-07 0 0)
(3.70923e-07 0 0)
(4.73273e-07 0 0)
(5.4502e-07 0 0)
(5.91086e-07 0 0)
(6.18342e-07 0 0)
(6.33236e-07 0 0)
(6.40637e-07 0 0)
(6.43593e-07 0 0)
(6.43519e-07 0 0)
(6.40391e-07 0 0)
(6.32747e-07 0 0)
(6.17502e-07 0 0)
(5.89776e-07 0 0)
(5.43162e-07 0 0)
(4.70925e-07 0 0)
(3.6838e-07 0 0)
(2.35945e-07 0 0)
(8.12937e-08 0 0)
(2.81244e-07 0 0)
(8.13194e-07 0 0)
(1.26412e-06 0 0)
(1.60862e-06 0 0)
(1.84747e-06 0 0)
(1.99887e-06 0 0)
(2.0872e-06 0 0)
(2.13478e-06 0 0)
(2.1581e-06 0 0)
(2.16734e-06 0 0)
(2.16714e-06 0 0)
(2.15745e-06 0 0)
(2.13346e-06 0 0)
(2.08492e-06 0 0)
(1.99527e-06 0 0)
(1.84232e-06 0 0)
(1.60206e-06 0 0)
(1.25697e-06 0 0)
(8.07116e-07 0 0)
(2.78541e-07 0 0)
(9.35881e-07 0 0)
(2.70231e-06 0 0)
(4.19066e-06 0 0)
(5.31707e-06 0 0)
(6.08872e-06 0 0)
(6.57113e-06 0 0)
(6.84838e-06 0 0)
(6.99545e-06 0 0)
(7.06652e-06 0 0)
(7.09437e-06 0 0)
(7.09387e-06 0 0)
(7.06485e-06 0 0)
(6.99207e-06 0 0)
(6.84245e-06 0 0)
(6.56168e-06 0 0)
(6.07507e-06 0 0)
(5.29951e-06 0 0)
(4.17135e-06 0 0)
(2.6858e-06 0 0)
(9.28501e-07 0 0)
(3.0244e-06 0 0)
(8.71928e-06 0 0)
(1.34852e-05 0 0)
(1.70547e-05 0 0)
(1.94681e-05 0 0)
(2.09545e-05 0 0)
(2.1795e-05 0 0)
(2.22336e-05 0 0)
(2.24424e-05 0 0)
(2.25233e-05 0 0)
(2.25221e-05 0 0)
(2.24383e-05 0 0)
(2.22253e-05 0 0)
(2.17803e-05 0 0)
(2.09308e-05 0 0)
(1.94336e-05 0 0)
(1.70099e-05 0 0)
(1.34354e-05 0 0)
(8.67644e-06 0 0)
(3.00515e-06 0 0)
(9.46981e-06 0 0)
(2.72529e-05 0 0)
(4.20212e-05 0 0)
(5.29543e-05 0 0)
(6.02402e-05 0 0)
(6.46546e-05 0 0)
(6.71082e-05 0 0)
(6.8366e-05 0 0)
(6.89549e-05 0 0)
(6.91804e-05 0 0)
(6.91777e-05 0 0)
(6.89455e-05 0 0)
(6.83468e-05 0 0)
(6.70737e-05 0 0)
(6.45985e-05 0 0)
(6.01573e-05 0 0)
(5.28455e-05 0 0)
(4.18994e-05 0 0)
(2.71473e-05 0 0)
(9.42208e-06 0 0)
(2.86567e-05 0 0)
(8.23004e-05 0 0)
(0.000126459 0 0)
(0.000158724 0 0)
(0.000179883 0 0)
(0.000192476 0 0)
(0.000199345 0 0)
(0.000202801 0 0)
(0.00020439 0 0)
(0.000204991 0 0)
(0.000204985 0 0)
(0.00020437 0 0)
(0.000202759 0 0)
(0.000199269 0 0)
(0.000192351 0 0)
(0.000179695 0 0)
(0.000158475 0 0)
(0.000126178 0 0)
(8.20544e-05 0 0)
(2.85448e-05 0 0)
(8.35776e-05 0 0)
(0.000239444 0 0)
(0.000366439 0 0)
(0.00045785 0 0)
(0.00051673 0 0)
(0.00055109 0 0)
(0.000569452 0 0)
(0.000578503 0 0)
(0.000582589 0 0)
(0.000584112 0 0)
(0.0005841 0 0)
(0.000582548 0 0)
(0.000578417 0 0)
(0.000569294 0 0)
(0.000550826 0 0)
(0.000516331 0 0)
(0.000457317 0 0)
(0.00036583 0 0)
(0.000238907 0 0)
(8.33316e-05 0 0)
(0.000234227 0 0)
(0.000669046 0 0)
(0.00101902 0 0)
(0.00126659 0 0)
(0.00142284 0 0)
(0.00151206 0 0)
(0.00155868 0 0)
(0.00158117 0 0)
(0.00159111 0 0)
(0.00159476 0 0)
(0.00159474 0 0)
(0.00159103 0 0)
(0.001581 0 0)
(0.00155838 0 0)
(0.00151154 0 0)
(0.00142206 0 0)
(0.00126553 0 0)
(0.00101779 0 0)
(0.000667954 0 0)
(0.000233724 0 0)
(0.000628797 0 0)
(0.00178931 0 0)
(0.00270951 0 0)
(0.00334727 0 0)
(0.00374049 0 0)
(0.00395958 0 0)
(0.0040713 0 0)
(0.00412391 0 0)
(0.00414667 0 0)
(0.00415489 0 0)
(0.00415485 0 0)
(0.00414654 0 0)
(0.00412362 0 0)
(0.00407076 0 0)
(0.00395866 0 0)
(0.00373908 0 0)
(0.00334533 0 0)
(0.00270725 0 0)
(0.00178727 0 0)
(0.000627849 0 0)
(0.00161198 0 0)
(0.00456401 0 0)
(0.006861 0 0)
(0.008414 0 0)
(0.00934583 0 0)
(0.00985081 0 0)
(0.0101014 0 0)
(0.0102164 0 0)
(0.010265 0 0)
(0.0102822 0 0)
(0.0102822 0 0)
(0.0102648 0 0)
(0.010216 0 0)
(0.0101006 0 0)
(0.00984933 0 0)
(0.00934352 0 0)
(0.00841079 0 0)
(0.0068572 0 0)
(0.00456055 0 0)
(0.00161036 0 0)
(0.00393563 0 0)
(0.0110635 0 0)
(0.0164738 0 0)
(0.0200209 0 0)
(0.0220815 0 0)
(0.0231633 0 0)
(0.0236842 0 0)
(0.0239165 0 0)
(0.0240122 0 0)
(0.0240455 0 0)
(0.0240454 0 0)
(0.0240119 0 0)
(0.0239158 0 0)
(0.023683 0 0)
(0.0231612 0 0)
(0.0220782 0 0)
(0.0200162 0 0)
(0.0164681 0 0)
(0.0110583 0 0)
(0.00393316 0 0)
(0.00913807 0 0)
(0.0254057 0 0)
(0.0373379 0 0)
(0.0448589 0 0)
(0.0490602 0 0)
(0.0511857 0 0)
(0.0521748 0 0)
(0.0526025 0 0)
(0.052774 0 0)
(0.0528325 0 0)
(0.0528324 0 0)
(0.0527737 0 0)
(0.0526018 0 0)
(0.0521733 0 0)
(0.0511831 0 0)
(0.049056 0 0)
(0.044853 0 0)
(0.0373307 0 0)
(0.0253989 0 0)
(0.00913482 0 0)
(0.0202127 0 0)
(0.0551485 0 0)
(0.0795283 0 0)
(0.094113 0 0)
(0.101873 0 0)
(0.105632 0 0)
(0.107315 0 0)
(0.108019 0 0)
(0.108293 0 0)
(0.108384 0 0)
(0.108384 0 0)
(0.108293 0 0)
(0.108018 0 0)
(0.107314 0 0)
(0.10563 0 0)
(0.101869 0 0)
(0.0941069 0 0)
(0.0795208 0 0)
(0.0551412 0 0)
(0.0202092 0 0)
(0.0429767 0 0)
(0.113174 0 0)
(0.15854 0 0)
(0.183797 0 0)
(0.196431 0 0)
(0.202241 0 0)
(0.204732 0 0)
(0.205735 0 0)
(0.206115 0 0)
(0.206238 0 0)
(0.206238 0 0)
(0.206114 0 0)
(0.205735 0 0)
(0.204731 0 0)
(0.202239 0 0)
(0.196428 0 0)
(0.183792 0 0)
(0.158534 0 0)
(0.113168 0 0)
(0.0429738 0 0)
(0.0900554 0 0)
(0.220461 0 0)
(0.29481 0 0)
(0.332165 0 0)
(0.349412 0 0)
(0.356865 0 0)
(0.359908 0 0)
(0.361087 0 0)
(0.361518 0 0)
(0.361656 0 0)
(0.361656 0 0)
(0.361518 0 0)
(0.361086 0 0)
(0.359907 0 0)
(0.356865 0 0)
(0.349411 0 0)
(0.332164 0 0)
(0.294808 0 0)
(0.220459 0 0)
(0.0900541 0 0)
(0.196502 0 0)
(0.41135 0 0)
(0.50986 0 0)
(0.552315 0 0)
(0.56994 0 0)
(0.577012 0 0)
(0.579749 0 0)
(0.580769 0 0)
(0.581132 0 0)
(0.581245 0 0)
(0.581245 0 0)
(0.581132 0 0)
(0.580769 0 0)
(0.579749 0 0)
(0.577012 0 0)
(0.569941 0 0)
(0.552316 0 0)
(0.509861 0 0)
(0.411351 0 0)
(0.196503 0 0)
(0.489121 0 0)
(0.741394 0 0)
(0.81551 0 0)
(0.839922 0 0)
(0.848579 0 0)
(0.851747 0 0)
(0.852908 0 0)
(0.853326 0 0)
(0.853471 0 0)
(0.853516 0 0)
(0.853516 0 0)
(0.853471 0 0)
(0.853326 0 0)
(0.852908 0 0)
(0.851748 0 0)
(0.848579 0 0)
(0.839923 0 0)
(0.815511 0 0)
(0.741395 0 0)
(0.489122 0 0)
)
;

boundaryField
{
    movingWall
    {
        type            fixedValue;
        value           uniform (1 0 0);
    }
    fixedWalls
    {
        type            noSlip;
    }
    frontAndBack
    {
        type            empty;
    }
}


// ************************************************************************* //
