-3.544968e+04,4.270575e+03,-2.631076e+03,5.317766e+02,6.834190e+02
-3.529370e+04,4.145281e+03,-2.101934e+03,8.650861e+01,6.877028e+02
-3.517885e+04,3.998467e+03,-1.739015e+03,-6.427563e+01,4.956307e+02
-3.507883e+04,3.854749e+03,-1.447595e+03,-1.424757e+02,3.121850e+02
-3.498770e+04,3.717563e+03,-1.203408e+03,-1.912871e+02,1.643708e+02
-3.490329e+04,3.586819e+03,-9.959755e+02,-2.218881e+02,4.997010e+01
-3.482437e+04,3.461938e+03,-8.184472e+02,-2.391221e+02,-3.695619e+01
-3.474998e+04,3.342356e+03,-6.655769e+02,-2.461392e+02,-1.018899e+02
-3.467941e+04,3.227587e+03,-5.331721e+02,-2.453261e+02,-1.493479e+02
-3.461206e+04,3.117221e+03,-4.178442e+02,-2.385629e+02,-1.829701e+02
-3.454744e+04,3.010912e+03,-3.168418e+02,-2.273423e+02,-2.056764e+02
-3.448517e+04,2.908365e+03,-2.279248e+02,-2.128496e+02,-2.198060e+02
-3.442494e+04,2.809326e+03,-1.492639e+02,-1.960245e+02,-2.272326e+02
-3.436648e+04,2.713573e+03,-7.936123e+01,-1.776099e+02,-2.294554e+02
-3.430958e+04,2.620914e+03,-1.698620e+01,-1.581909e+02,-2.276732e+02
-3.425407e+04,2.531178e+03,3.887552e+01,-1.382263e+02,-2.228437e+02
-3.419980e+04,2.444214e+03,8.906330e+01,-1.180737e+02,-2.157304e+02
-3.414665e+04,2.359885e+03,1.342746e+02,-9.800955e+01,-2.069411e+02
-3.409452e+04,2.278067e+03,1.750916e+02,-7.824573e+01,-1.969584e+02
-3.404334e+04,2.198650e+03,2.120029e+02,-5.894231e+01,-1.861645e+02
-3.399302e+04,2.121531e+03,2.454204e+02,-4.021816e+01,-1.748607e+02
-3.394351e+04,2.046613e+03,2.756939e+02,-2.215938e+01,-1.632834e+02
-3.389477e+04,1.973811e+03,3.031218e+02,-4.826063e+00,-1.516173e+02
-3.384673e+04,1.903042e+03,3.279609e+02,1.174227e+01,-1.400052e+02
-3.379938e+04,1.834230e+03,3.504330e+02,2.752226e+01,-1.285567e+02
-3.375267e+04,1.767302e+03,3.707317e+02,4.250328e+01,-1.173548e+02
-3.370657e+04,1.702192e+03,3.890269e+02,5.668452e+01,-1.064612e+02
-3.366106e+04,1.638834e+03,4.054685e+02,7.007283e+01,-9.592069e+01
-3.361612e+04,1.577170e+03,4.201902e+02,8.268087e+01,-8.576455e+01
-3.357173e+04,1.517139e+03,4.333116e+02,9.452568e+01,-7.601353e+01
-3.352785e+04,1.458689e+03,4.449407e+02,1.056275e+02,-6.667995e+01
-3.348449e+04,1.401766e+03,4.551755e+02,1.160090e+02,-5.776957e+01
-3.344162e+04,1.346320e+03,4.641052e+02,1.256943e+02,-4.928303e+01
-3.339923e+04,1.292304e+03,4.718119e+02,1.347086e+02,-4.121702e+01
-3.335730e+04,1.239671e+03,4.783712e+02,1.430776e+02,-3.356517e+01
-3.331583e+04,1.188378e+03,4.838530e+02,1.508275e+02,-2.631886e+01
-3.327479e+04,1.138382e+03,4.883224e+02,1.579842e+02,-1.946777e+01
-3.323418e+04,1.089644e+03,4.918400e+02,1.645733e+02,-1.300035e+01
-3.319398e+04,1.042123e+03,4.944627e+02,1.706200e+02,-6.904225e+00
-3.315419e+04,9.957824e+02,4.962435e+02,1.761492e+02,-1.166463e+00
-3.311479e+04,9.505866e+02,4.972326e+02,1.811848e+02,4.226175e+00
-3.307579e+04,9.065005e+02,4.974770e+02,1.857503e+02,9.287058e+00
-3.303715e+04,8.634908e+02,4.970213e+02,1.898683e+02,1.402954e+01
-3.299889e+04,8.215254e+02,4.959075e+02,1.935607e+02,1.846685e+01
-3.296098e+04,7.805733e+02,4.941754e+02,1.968484e+02,2.261201e+01
-3.292343e+04,7.406045e+02,4.918626e+02,1.997520e+02,2.647777e+01
-3.288621e+04,7.015903e+02,4.890048e+02,2.022908e+02,3.007657e+01
-3.284934e+04,6.635029e+02,4.856360e+02,2.044836e+02,3.342048e+01
-3.281279e+04,6.263155e+02,4.817882e+02,2.063484e+02,3.652122e+01
-3.277656e+04,5.900023e+02,4.774920e+02,2.079024e+02,3.939010e+01
-3.274064e+04,5.545382e+02,4.727765e+02,2.091621e+02,4.203805e+01
-3.270503e+04,5.198991e+02,4.676690e+02,2.101434e+02,4.447558e+01
-3.266972e+04,4.860619e+02,4.621960e+02,2.108612e+02,4.671282e+01
-3.263471e+04,4.530039e+02,4.563822e+02,2.113302e+02,4.875951e+01
-3.259998e+04,4.207036e+02,4.502513e+02,2.115641e+02,5.062498e+01
-3.256553e+04,3.891400e+02,4.438259e+02,2.115761e+02,5.231820e+01
-3.253136e+04,3.582926e+02,4.371272e+02,2.113788e+02,5.384775e+01
-3.249746e+04,3.281421e+02,4.301758e+02,2.109844e+02,5.522187e+01
-3.246382e+04,2.986694e+02,4.229908e+02,2.104042e+02,5.644844e+01
-3.243045e+04,2.698563e+02,4.155906e+02,2.096492e+02,5.753501e+01
-3.239732e+04,2.416849e+02,4.079928e+02,2.087300e+02,5.848880e+01
-3.236444e+04,2.141382e+02,4.002139e+02,2.076564e+02,5.931670e+01
-3.233181e+04,1.871997e+02,3.922696e+02,2.064382e+02,6.002533e+01
-3.229942e+04,1.608532e+02,3.841749e+02,2.050842e+02,6.062099e+01
-3.226726e+04,1.350833e+02,3.759440e+02,2.036032e+02,6.110972e+01
-3.223533e+04,1.098750e+02,3.675904e+02,2.020034e+02,6.149728e+01
-3.220362e+04,8.521368e+01,3.591269e+02,2.002927e+02,6.178918e+01
-3.217214e+04,6.108528e+01,3.505656e+02,1.984786e+02,6.199066e+01
-3.214087e+04,3.747619e+01,3.419181e+02,1.965682e+02,6.210676e+01
-3.210981e+04,1.437320e+01,3.331952e+02,1.945682e+02,6.214227e+01
-3.207896e+04,-8.236489e+00,3.244072e+02,1.924853e+02,6.210175e+01
-3.204832e+04,-3.036526e+01,3.155640e+02,1.903254e+02,6.198958e+01
-3.201787e+04,-5.202514e+01,3.066748e+02,1.880945e+02,6.180993e+01
-3.198762e+04,-7.322775e+01,2.977484e+02,1.857982e+02,6.156676e+01
-3.195757e+04,-9.398439e+01,2.887932e+02,1.834417e+02,6.126387e+01
-3.192770e+04,-1.143060e+02,2.798168e+02,1.810300e+02,6.090487e+01
-3.189802e+04,-1.342032e+02,2.708268e+02,1.785680e+02,6.049321e+01
-3.186852e+04,-1.536862e+02,2.618301e+02,1.760602e+02,6.003218e+01
-3.183920e+04,-1.727652e+02,2.528333e+02,1.735109e+02,5.952492e+01
-3.181006e+04,-1.914496e+02,2.438427e+02,1.709242e+02,5.897439e+01
-3.178108e+04,-2.097490e+02,2.348641e+02,1.683040e+02,5.838346e+01
-3.175228e+04,-2.276725e+02,2.259031e+02,1.656541e+02,5.775483e+01
-3.172365e+04,-2.452289e+02,2.169648e+02,1.629778e+02,5.709108e+01
-3.169517e+04,-2.624269e+02,2.080542e+02,1.602785e+02,5.639467e+01
-3.166686e+04,-2.792747e+02,1.991758e+02,1.575594e+02,5.566793e+01
-3.163871e+04,-2.957805e+02,1.903339e+02,1.548235e+02,5.491311e+01
-3.161071e+04,-3.119522e+02,1.815326e+02,1.520735e+02,5.413230e+01
-3.158286e+04,-3.277974e+02,1.727757e+02,1.493122e+02,5.332754e+01
-3.155516e+04,-3.433236e+02,1.640666e+02,1.465421e+02,5.250073e+01
-3.152761e+04,-3.585380e+02,1.554088e+02,1.437655e+02,5.165371e+01
-3.150020e+04,-3.734476e+02,1.468052e+02,1.409847e+02,5.078819e+01
-3.147294e+04,-3.880593e+02,1.382588e+02,1.382019e+02,4.990584e+01
-3.144581e+04,-4.023797e+02,1.297721e+02,1.354191e+02,4.900821e+01
-3.141882e+04,-4.164152e+02,1.213478e+02,1.326381e+02,4.809679e+01
-3.139197e+04,-4.301722e+02,1.129881e+02,1.298608e+02,4.717299e+01
-3.136525e+04,-4.436568e+02,1.046950e+02,1.270888e+02,4.623815e+01
-3.133866e+04,-4.568750e+02,9.647064e+01,1.243237e+02,4.529354e+01
-3.131219e+04,-4.698324e+02,8.831672e+01,1.215671e+02,4.434036e+01
-3.128586e+04,-4.825348e+02,8.023489e+01,1.188203e+02,4.337975e+01
-3.125964e+04,-4.949876e+02,7.222669e+01,1.160846e+02,4.241280e+01
-3.123355e+04,-5.071963e+02,6.429346e+01,1.133613e+02,4.144053e+01
-3.120758e+04,-5.191659e+02,5.643646e+01,1.106515e+02,4.046390e+01
-3.118173e+04,-5.309016e+02,4.865682e+01,1.079563e+02,3.948385e+01
-3.115599e+04,-5.424083e+02,4.095553e+01,1.052767e+02,3.850123e+01
-3.113037e+04,-5.536908e+02,3.333349e+01,1.026137e+02,3.751686e+01
-3.110486e+04,-5.647538e+02,2.579149e+01,9.996809e+01,3.653152e+01
-3.107945e+04,-5.756019e+02,1.833024e+01,9.734072e+01,3.554594e+01
-3.105416e+04,-5.862395e+02,1.095032e+01,9.473234e+01,3.456081e+01
-3.102898e+04,-5.966710e+02,3.652262e+00,9.214366e+01,3.357678e+01
-3.100390e+04,-6.069005e+02,-3.563519e+00,8.957533e+01,3.259447e+01
-3.097892e+04,-6.169323e+02,-1.069667e+01,8.702794e+01,3.161445e+01
-3.095405e+04,-6.267704e+02,-1.774692e+01,8.450205e+01,3.063725e+01
-3.092928e+04,-6.364186e+02,-2.471406e+01,8.199814e+01,2.966341e+01
-3.090460e+04,-6.458808e+02,-3.159795e+01,7.951670e+01,2.869338e+01
-3.088002e+04,-6.551608e+02,-3.839854e+01,7.705813e+01,2.772762e+01
-3.085554e+04,-6.642622e+02,-4.511579e+01,7.462282e+01,2.676656e+01
-3.083115e+04,-6.731886e+02,-5.174977e+01,7.221111e+01,2.581057e+01
-3.080686e+04,-6.819434e+02,-5.830055e+01,6.982331e+01,2.486005e+01
-3.078266e+04,-6.905301e+02,-6.476830e+01,6.745970e+01,2.391531e+01
-3.075855e+04,-6.989519e+02,-7.115320e+01,6.512050e+01,2.297670e+01
-3.073452e+04,-7.072120e+02,-7.745549e+01,6.280595e+01,2.204449e+01
-3.071059e+04,-7.153138e+02,-8.367546e+01,6.051622e+01,2.111898e+01
-3.068674e+04,-7.232602e+02,-8.981343e+01,5.825147e+01,2.020041e+01
-3.066297e+04,-7.310542e+02,-9.586974e+01,5.601184e+01,1.928903e+01
-3.063929e+04,-7.386988e+02,-1.018448e+02,5.379742e+01,1.838505e+01
-3.061569e+04,-7.461969e+02,-1.077390e+02,5.160831e+01,1.748867e+01
-3.059217e+04,-7.535514e+02,-1.135528e+02,4.944456e+01,1.660009e+01
-3.056873e+04,-7.607648e+02,-1.192868e+02,4.730622e+01,1.571946e+01
-3.054537e+04,-7.678401e+02,-1.249413e+02,4.519332e+01,1.484694e+01
-3.052209e+04,-7.747797e+02,-1.305170e+02,4.310585e+01,1.398268e+01
-3.049889e+04,-7.815862e+02,-1.360143e+02,4.104381e+01,1.312680e+01
-3.047576e+04,-7.882622e+02,-1.414340e+02,3.900716e+01,1.227941e+01
-3.045270e+04,-7.948101e+02,-1.467764e+02,3.699586e+01,1.144062e+01
-3.042972e+04,-8.012324e+02,-1.520424e+02,3.500986e+01,1.061052e+01
-3.040681e+04,-8.075313e+02,-1.572325e+02,3.304908e+01,9.789183e+00
-3.038397e+04,-8.137092e+02,-1.623472e+02,3.111343e+01,8.976681e+00
-3.036120e+04,-8.197684e+02,-1.673874e+02,2.920282e+01,8.173073e+00
-3.033850e+04,-8.257110e+02,-1.723537e+02,2.731715e+01,7.378410e+00
-3.031587e+04,-8.315392e+02,-1.772467e+02,2.545628e+01,6.592732e+00
-3.029330e+04,-8.372551e+02,-1.820672e+02,2.362010e+01,5.816074e+00
-3.027081e+04,-8.428608e+02,-1.868158e+02,2.180847e+01,5.048458e+00
-3.024837e+04,-8.483584e+02,-1.914932e+02,2.002124e+01,4.289904e+00
-3.022600e+04,-8.537497e+02,-1.961002e+02,1.825826e+01,3.540421e+00
-3.020370e+04,-8.590367e+02,-2.006375e+02,1.651936e+01,2.800014e+00
-3.018146e+04,-8.642214e+02,-2.051059e+02,1.480438e+01,2.068680e+00
-3.015928e+04,-8.693055e+02,-2.095059e+02,1.311314e+01,1.346410e+00
-3.013716e+04,-8.742910e+02,-2.138385e+02,1.144546e+01,6.331909e-01
-3.011510e+04,-8.791796e+02,-2.181043e+02,9.801153e+00,-7.099654e-02
-3.009310e+04,-8.839731e+02,-2.223041e+02,8.180032e+00,-7.661765e-01
-3.007116e+04,-8.886731e+02,-2.264386e+02,6.581900e+00,-1.452378e+00
-3.004928e+04,-8.932814e+02,-2.305085e+02,5.006555e+00,-2.129633e+00
-3.002746e+04,-8.977995e+02,-2.345147e+02,3.453794e+00,-2.797981e+00
-3.000569e+04,-9.022292e+02,-2.384578e+02,1.923409e+00,-3.457460e+00
-2.998397e+04,-9.065719e+02,-2.423387e+02,4.151900e-01,-4.108117e+00
-2.996232e+04,-9.108293e+02,-2.461580e+02,-1.071077e+00,-4.749999e+00
-2.994071e+04,-9.150029e+02,-2.499164e+02,-2.535607e+00,-5.383158e+00
-2.991916e+04,-9.190941e+02,-2.536149e+02,-3.978620e+00,-6.007646e+00
-2.989766e+04,-9.231044e+02,-2.572540e+02,-5.400334e+00,-6.623522e+00
-2.987622e+04,-9.270353e+02,-2.608345e+02,-6.800973e+00,-7.230844e+00
-2.985482e+04,-9.308881e+02,-2.643572e+02,-8.180759e+00,-7.829674e+00
-2.983348e+04,-9.346642e+02,-2.678228e+02,-9.539917e+00,-8.420076e+00
-2.981219e+04,-9.383649e+02,-2.712321e+02,-1.087867e+01,-9.002115e+00
-2.979094e+04,-9.419917e+02,-2.745856e+02,-1.219725e+01,-9.575859e+00
-2.976975e+04,-9.455458e+02,-2.778843e+02,-1.349589e+01,-1.014138e+01
-2.974860e+04,-9.490284e+02,-2.811287e+02,-1.477480e+01,-1.069874e+01
-2.972750e+04,-9.524408e+02,-2.843196e+02,-1.603421e+01,-1.124802e+01
-2.970645e+04,-9.557843e+02,-2.874578e+02,-1.727437e+01,-1.178930e+01
-2.968544e+04,-9.590600e+02,-2.905438e+02,-1.849548e+01,-1.232264e+01
-2.966448e+04,-9.622691e+02,-2.935785e+02,-1.969779e+01,-1.284812e+01
-2.964357e+04,-9.654129e+02,-2.965625e+02,-2.088151e+01,-1.336581e+01
-2.962270e+04,-9.684923e+02,-2.994965e+02,-2.204687e+01,-1.387581e+01
-2.960187e+04,-9.715085e+02,-3.023811e+02,-2.319411e+01,-1.437818e+01
-2.958109e+04,-9.744627e+02,-3.052171e+02,-2.432344e+01,-1.487300e+01
-2.956036e+04,-9.773559e+02,-3.080052e+02,-2.543509e+01,-1.536036e+01
-2.953966e+04,-9.801891e+02,-3.107459e+02,-2.652929e+01,-1.584033e+01
-2.951901e+04,-9.829634e+02,-3.134400e+02,-2.760625e+01,-1.631299e+01
-2.949840e+04,-9.856798e+02,-3.160881e+02,-2.866619e+01,-1.677843e+01
-2.947782e+04,-9.883392e+02,-3.186908e+02,-2.970935e+01,-1.723672e+01
-2.945730e+04,-9.909428e+02,-3.212488e+02,-3.073593e+01,-1.768795e+01
-2.943681e+04,-9.934914e+02,-3.237628e+02,-3.174616e+01,-1.813220e+01
-2.941636e+04,-9.959859e+02,-3.262333e+02,-3.274025e+01,-1.856954e+01
-2.939595e+04,-9.984274e+02,-3.286610e+02,-3.371842e+01,-1.900007e+01
-2.937558e+04,-1.000817e+03,-3.310464e+02,-3.468087e+01,-1.942386e+01
-2.935524e+04,-1.003155e+03,-3.333903e+02,-3.562782e+01,-1.984099e+01
-2.933495e+04,-1.005442e+03,-3.356931e+02,-3.655948e+01,-2.025154e+01
-2.931469e+04,-1.007680e+03,-3.379555e+02,-3.747606e+01,-2.065560e+01
-2.929447e+04,-1.009869e+03,-3.401782e+02,-3.837777e+01,-2.105324e+01
-2.927429e+04,-1.012011e+03,-3.423615e+02,-3.926480e+01,-2.144454e+01
-2.925414e+04,-1.014105e+03,-3.445062e+02,-4.013737e+01,-2.182960e+01
-2.923403e+04,-1.016153e+03,-3.466128e+02,-4.099567e+01,-2.220847e+01
-2.921395e+04,-1.018156e+03,-3.486819e+02,-4.183990e+01,-2.258125e+01
-2.919391e+04,-1.020113e+03,-3.507139e+02,-4.267027e+01,-2.294802e+01
-2.917391e+04,-1.022027e+03,-3.527096e+02,-4.348695e+01,-2.330884e+01
-2.915394e+04,-1.023898e+03,-3.546693e+02,-4.429016e+01,-2.366380e+01
-2.913400e+04,-1.025726e+03,-3.565937e+02,-4.508007e+01,-2.401298e+01
-2.911410e+04,-1.027513e+03,-3.584832e+02,-4.585688e+01,-2.435645e+01
-2.909423e+04,-1.029258e+03,-3.603384e+02,-4.662078e+01,-2.469429e+01
-2.907439e+04,-1.030963e+03,-3.621599e+02,-4.737196e+01,-2.502657e+01
-2.905459e+04,-1.032628e+03,-3.639480e+02,-4.811058e+01,-2.535338e+01
-2.903482e+04,-1.034255e+03,-3.657033e+02,-4.883684e+01,-2.567478e+01
-2.901508e+04,-1.035843e+03,-3.674264e+02,-4.955092e+01,-2.599084e+01
-2.899537e+04,-1.037393e+03,-3.691176e+02,-5.025300e+01,-2.630165e+01
-2.897569e+04,-1.038906e+03,-3.707775e+02,-5.094324e+01,-2.660727e+01
-2.895604e+04,-1.040383e+03,-3.724066e+02,-5.162182e+01,-2.690778e+01
-2.893643e+04,-1.041824e+03,-3.740053e+02,-5.228891e+01,-2.720325e+01
-2.891684e+04,-1.043229e+03,-3.755740e+02,-5.294469e+01,-2.749374e+01
-2.889729e+04,-1.044601e+03,-3.771133e+02,-5.358931e+01,-2.777933e+01
-2.887776e+04,-1.045938e+03,-3.786236e+02,-5.422295e+01,-2.806009e+01
-2.885827e+04,-1.047241e+03,-3.801054e+02,-5.484577e+01,-2.833608e+01
-2.883880e+04,-1.048512e+03,-3.815590e+02,-5.545793e+01,-2.860738e+01
-2.881936e+04,-1.049750e+03,-3.829849e+02,-5.605958e+01,-2.887405e+01
-2.879995e+04,-1.050956e+03,-3.843835e+02,-5.665088e+01,-2.913615e+01
-2.878057e+04,-1.052132e+03,-3.857553e+02,-5.723200e+01,-2.939376e+01
-2.876122e+04,-1.053276e+03,-3.871007e+02,-5.780308e+01,-2.964694e+01
-2.874190e+04,-1.054390e+03,-3.884200e+02,-5.836427e+01,-2.989574e+01
-2.872260e+04,-1.055475e+03,-3.897138e+02,-5.891572e+01,-3.014025e+01
-2.870333e+04,-1.056530e+03,-3.909823e+02,-5.945759e+01,-3.038051e+01
-2.868409e+04,-1.057556e+03,-3.922259e+02,-5.999001e+01,-3.061659e+01
-2.866487e+04,-1.058554e+03,-3.934452e+02,-6.051312e+01,-3.084855e+01
-2.864568e+04,-1.059525e+03,-3.946403e+02,-6.102708e+01,-3.107646e+01
-2.862652e+04,-1.060468e+03,-3.958118e+02,-6.153201e+01,-3.130037e+01
-2.860738e+04,-1.061384e+03,-3.969600e+02,-6.202807e+01,-3.152034e+01
-2.858827e+04,-1.062274e+03,-3.980852e+02,-6.251537e+01,-3.173643e+01
-2.856919e+04,-1.063137e+03,-3.991878e+02,-6.299406e+01,-3.194870e+01
-2.855013e+04,-1.063976e+03,-4.002682e+02,-6.346427e+01,-3.215720e+01
-2.853109e+04,-1.064789e+03,-4.013267e+02,-6.392613e+01,-3.236199e+01
-2.851208e+04,-1.065577e+03,-4.023636e+02,-6.437976e+01,-3.256313e+01
-2.849310e+04,-1.066341e+03,-4.033793e+02,-6.482530e+01,-3.276067e+01
-2.847414e+04,-1.067081e+03,-4.043742e+02,-6.526286e+01,-3.295467e+01
-2.845520e+04,-1.067798e+03,-4.053485e+02,-6.569258e+01,-3.314518e+01
-2.843629e+04,-1.068492e+03,-4.063026e+02,-6.611457e+01,-3.333224e+01
-2.841740e+04,-1.069163e+03,-4.072368e+02,-6.652895e+01,-3.351593e+01
-2.839853e+04,-1.069811e+03,-4.081514e+02,-6.693585e+01,-3.369627e+01
-2.837969e+04,-1.070438e+03,-4.090468e+02,-6.733537e+01,-3.387334e+01
-2.836087e+04,-1.071043e+03,-4.099231e+02,-6.772763e+01,-3.404716e+01
-2.834208e+04,-1.071627e+03,-4.107808e+02,-6.811274e+01,-3.421781e+01
-2.832331e+04,-1.072190e+03,-4.116201e+02,-6.849083e+01,-3.438532e+01
-2.830456e+04,-1.072733e+03,-4.124414e+02,-6.886198e+01,-3.454974e+01
-2.828583e+04,-1.073255e+03,-4.132448e+02,-6.922632e+01,-3.471112e+01
-2.826713e+04,-1.073757e+03,-4.140307e+02,-6.958395e+01,-3.486950e+01
-2.824845e+04,-1.074240e+03,-4.147994e+02,-6.993498e+01,-3.502494e+01
-2.822979e+04,-1.074704e+03,-4.155512e+02,-7.027950e+01,-3.517748e+01
-2.821115e+04,-1.075149e+03,-4.162862e+02,-7.061763e+01,-3.532715e+01
-2.819253e+04,-1.075576e+03,-4.170048e+02,-7.094945e+01,-3.547402e+01
-2.817394e+04,-1.075984e+03,-4.177073e+02,-7.127508e+01,-3.561811e+01
-2.815537e+04,-1.076374e+03,-4.183939e+02,-7.159460e+01,-3.575948e+01
-2.813681e+04,-1.076747e+03,-4.190648e+02,-7.190812e+01,-3.589816e+01
-2.811828e+04,-1.077102e+03,-4.197203e+02,-7.221573e+01,-3.603421e+01
-2.809977e+04,-1.077440e+03,-4.203607e+02,-7.251751e+01,-3.616764e+01
-2.808128e+04,-1.077762e+03,-4.209861e+02,-7.281357e+01,-3.629852e+01
-2.806282e+04,-1.078067e+03,-4.215969e+02,-7.310400e+01,-3.642688e+01
-2.804437e+04,-1.078355e+03,-4.221933e+02,-7.338887e+01,-3.655275e+01
-2.802594e+04,-1.078628e+03,-4.227754e+02,-7.366829e+01,-3.667618e+01
-2.800753e+04,-1.078886e+03,-4.233436e+02,-7.394234e+01,-3.679721e+01
-2.798914e+04,-1.079127e+03,-4.238981e+02,-7.421109e+01,-3.691587e+01
-2.797078e+04,-1.079354e+03,-4.244390e+02,-7.447465e+01,-3.703219e+01
-2.795243e+04,-1.079566e+03,-4.249666e+02,-7.473308e+01,-3.714623e+01
-2.793410e+04,-1.079763e+03,-4.254811e+02,-7.498647e+01,-3.725801e+01
-2.791579e+04,-1.079946e+03,-4.259827e+02,-7.523490e+01,-3.736756e+01
-2.789750e+04,-1.080114e+03,-4.264716e+02,-7.547845e+01,-3.747493e+01
-2.787923e+04,-1.080269e+03,-4.269481e+02,-7.571719e+01,-3.758015e+01
-2.786098e+04,-1.080410e+03,-4.274123e+02,-7.595121e+01,-3.768325e+01
-2.784275e+04,-1.080537e+03,-4.278644e+02,-7.618058e+01,-3.778426e+01
-2.782453e+04,-1.080652e+03,-4.283047e+02,-7.640537e+01,-3.788322e+01
-2.780634e+04,-1.080753e+03,-4.287333e+02,-7.662566e+01,-3.798016e+01
-2.778816e+04,-1.080842e+03,-4.291503e+02,-7.684151e+01,-3.807512e+01
-2.777001e+04,-1.080918e+03,-4.295561e+02,-7.705300e+01,-3.816811e+01
-2.775187e+04,-1.080981e+03,-4.299507e+02,-7.726020e+01,-3.825918e+01
-2.773375e+04,-1.081033e+03,-4.303344e+02,-7.746318e+01,-3.834836e+01
-2.771564e+04,-1.081072e+03,-4.307073e+02,-7.766200e+01,-3.843568e+01
-2.769756e+04,-1.081100e+03,-4.310697e+02,-7.785673e+01,-3.852115e+01
-2.767949e+04,-1.081116e+03,-4.314216e+02,-7.804744e+01,-3.860483e+01
-2.766144e+04,-1.081121e+03,-4.317632e+02,-7.823419e+01,-3.868672e+01
-2.764341e+04,-1.081115e+03,-4.320948e+02,-7.841704e+01,-3.876687e+01
-2.762540e+04,-1.081097e+03,-4.324165e+02,-7.859606e+01,-3.884530e+01
-2.760740e+04,-1.081069e+03,-4.327283e+02,-7.877130e+01,-3.892203e+01
-2.758943e+04,-1.081031e+03,-4.330306e+02,-7.894284e+01,-3.899710e+01
-2.757146e+04,-1.080981e+03,-4.333235e+02,-7.911072e+01,-3.907053e+01
-2.755352e+04,-1.080922e+03,-4.336070e+02,-7.927502e+01,-3.914234e+01
-2.753559e+04,-1.080853e+03,-4.338814e+02,-7.943577e+01,-3.921257e+01
-2.751768e+04,-1.080773e+03,-4.341469e+02,-7.959305e+01,-3.928123e+01
-2.749979e+04,-1.080684e+03,-4.344034e+02,-7.974690e+01,-3.934836e+01
-2.748191e+04,-1.080586e+03,-4.346513e+02,-7.989739e+01,-3.941397e+01
-2.746406e+04,-1.080478e+03,-4.348907e+02,-8.004457e+01,-3.947810e+01
-2.744621e+04,-1.080360e+03,-4.351216e+02,-8.018848e+01,-3.954076e+01
-2.742839e+04,-1.080234e+03,-4.353442e+02,-8.032919e+01,-3.960198e+01
-2.741058e+04,-1.080098e+03,-4.355587e+02,-8.046674e+01,-3.966179e+01
-2.739278e+04,-1.079954e+03,-4.357651e+02,-8.060119e+01,-3.972020e+01
-2.737501e+04,-1.079802e+03,-4.359637e+02,-8.073259e+01,-3.977723e+01
-2.735725e+04,-1.079640e+03,-4.361546e+02,-8.086098e+01,-3.983292e+01
-2.733950e+04,-1.079471e+03,-4.363378e+02,-8.098641e+01,-3.988728e+01
-2.732177e+04,-1.079293e+03,-4.365135e+02,-8.110894e+01,-3.994033e+01
-2.730406e+04,-1.079107e+03,-4.366819e+02,-8.122860e+01,-3.999209e+01
-2.728637e+04,-1.078913e+03,-4.368430e+02,-8.134545e+01,-4.004259e+01
-2.726868e+04,-1.078712e+03,-4.369970e+02,-8.145953e+01,-4.009185e+01
-2.725102e+04,-1.078502e+03,-4.371439e+02,-8.157088e+01,-4.013988e+01
-2.723337e+04,-1.078286e+03,-4.372839e+02,-8.167955e+01,-4.018670e+01
-2.721574e+04,-1.078061e+03,-4.374172e+02,-8.178559e+01,-4.023234e+01
-2.719812e+04,-1.077830e+03,-4.375438e+02,-8.188903e+01,-4.027681e+01
-2.718052e+04,-1.077591e+03,-4.376638e+02,-8.198992e+01,-4.032014e+01
-2.716293e+04,-1.077346e+03,-4.377774e+02,-8.208830e+01,-4.036233e+01
-2.714536e+04,-1.077093e+03,-4.378846e+02,-8.218421e+01,-4.040342e+01
-2.712780e+04,-1.076834e+03,-4.379855e+02,-8.227769e+01,-4.044341e+01
-2.711026e+04,-1.076568e+03,-4.380803e+02,-8.236877e+01,-4.048233e+01
-2.709273e+04,-1.076295e+03,-4.381691e+02,-8.245751e+01,-4.052018e+01
-2.707522e+04,-1.076016e+03,-4.382520e+02,-8.254393e+01,-4.055700e+01
-2.705773e+04,-1.075731e+03,-4.383289e+02,-8.262808e+01,-4.059280e+01
-2.704025e+04,-1.075440e+03,-4.384002e+02,-8.270999e+01,-4.062759e+01
-2.702278e+04,-1.075142e+03,-4.384658e+02,-8.278969e+01,-4.066139e+01
-2.700533e+04,-1.074838e+03,-4.385258e+02,-8.286723e+01,-4.069421e+01
-2.698789e+04,-1.074529e+03,-4.385804e+02,-8.294264e+01,-4.072608e+01
-2.697047e+04,-1.074214e+03,-4.386296e+02,-8.301595e+01,-4.075700e+01
-2.695306e+04,-1.073892e+03,-4.386735e+02,-8.308720e+01,-4.078699e+01
-2.693567e+04,-1.073566e+03,-4.387122e+02,-8.315641e+01,-4.081608e+01
-2.691829e+04,-1.073234e+03,-4.387458e+02,-8.322364e+01,-4.084426e+01
-2.690093e+04,-1.072896e+03,-4.387744e+02,-8.328890e+01,-4.087156e+01
-2.688358e+04,-1.072553e+03,-4.387980e+02,-8.335223e+01,-4.089800e+01
-2.686624e+04,-1.072205e+03,-4.388168e+02,-8.341366e+01,-4.092358e+01
-2.684892e+04,-1.071852e+03,-4.388308e+02,-8.347322e+01,-4.094831e+01
-2.683161e+04,-1.071494e+03,-4.388401e+02,-8.353094e+01,-4.097223e+01
-2.681432e+04,-1.071131e+03,-4.388447e+02,-8.358686e+01,-4.099532e+01
-2.679704e+04,-1.070763e+03,-4.388448e+02,-8.364100e+01,-4.101762e+01
-2.677978e+04,-1.070390e+03,-4.388405e+02,-8.369338e+01,-4.103914e+01
-2.676253e+04,-1.070012e+03,-4.388318e+02,-8.374405e+01,-4.105987e+01
-2.674529e+04,-1.069630e+03,-4.388187e+02,-8.379302e+01,-4.107985e+01
-2.672807e+04,-1.069244e+03,-4.388014e+02,-8.384034e+01,-4.109908e+01
-2.671086e+04,-1.068852e+03,-4.387799e+02,-8.388601e+01,-4.111757e+01
-2.669367e+04,-1.068457e+03,-4.387543e+02,-8.393007e+01,-4.113534e+01
-2.667649e+04,-1.068057e+03,-4.387247e+02,-8.397255e+01,-4.115239e+01
-2.665932e+04,-1.067653e+03,-4.386911e+02,-8.401347e+01,-4.116874e+01
-2.664217e+04,-1.067245e+03,-4.386536e+02,-8.405285e+01,-4.118441e+01
-2.662503e+04,-1.066833e+03,-4.386123e+02,-8.409073e+01,-4.119939e+01
-2.660790e+04,-1.066417e+03,-4.385672e+02,-8.412713e+01,-4.121371e+01
-2.659079e+04,-1.065997e+03,-4.385184e+02,-8.416207e+01,-4.122737e+01
-2.657369e+04,-1.065573e+03,-4.384659e+02,-8.419557e+01,-4.124039e+01
-2.655660e+04,-1.065145e+03,-4.384098e+02,-8.422767e+01,-4.125278e+01
-2.653953e+04,-1.064714e+03,-4.383503e+02,-8.425837e+01,-4.126454e+01
-2.652247e+04,-1.064278e+03,-4.382872e+02,-8.428772e+01,-4.127568e+01
-2.650543e+04,-1.063840e+03,-4.382208e+02,-8.431572e+01,-4.128622e+01
-2.648839e+04,-1.063398e+03,-4.381510e+02,-8.434239e+01,-4.129617e+01
-2.647137e+04,-1.062952e+03,-4.380779e+02,-8.436778e+01,-4.130553e+01
-2.645437e+04,-1.062503e+03,-4.380016e+02,-8.439188e+01,-4.131432e+01
-2.643738e+04,-1.062050e+03,-4.379221e+02,-8.441473e+01,-4.132255e+01
-2.642040e+04,-1.061595e+03,-4.378394e+02,-8.443634e+01,-4.133022e+01
-2.640343e+04,-1.061136e+03,-4.377537e+02,-8.445674e+01,-4.133734e+01
-2.638648e+04,-1.060674e+03,-4.376650e+02,-8.447594e+01,-4.134393e+01
-2.636954e+04,-1.060209e+03,-4.375733e+02,-8.449397e+01,-4.134999e+01
-2.635261e+04,-1.059741e+03,-4.374787e+02,-8.451085e+01,-4.135553e+01
-2.633570e+04,-1.059270e+03,-4.373812e+02,-8.452658e+01,-4.136055e+01
-2.631879e+04,-1.058796e+03,-4.372809e+02,-8.454120e+01,-4.136508e+01
-2.630191e+04,-1.058319e+03,-4.371778e+02,-8.455473e+01,-4.136911e+01
-2.628503e+04,-1.057839e+03,-4.370720e+02,-8.456717e+01,-4.137265e+01
-2.626817e+04,-1.057356e+03,-4.369635e+02,-8.457854e+01,-4.137572e+01
-2.625132e+04,-1.056871e+03,-4.368524e+02,-8.458888e+01,-4.137832e+01
-2.623448e+04,-1.056383e+03,-4.367387e+02,-8.459818e+01,-4.138045e+01
-2.621765e+04,-1.055893e+03,-4.366224e+02,-8.460647e+01,-4.138213e+01
-2.620084e+04,-1.055400e+03,-4.365036e+02,-8.461377e+01,-4.138337e+01
-2.618404e+04,-1.054904e+03,-4.363824e+02,-8.462010e+01,-4.138416e+01
-2.616726e+04,-1.054406e+03,-4.362588e+02,-8.462546e+01,-4.138452e+01
-2.615048e+04,-1.053906e+03,-4.361328e+02,-8.462987e+01,-4.138446e+01
-2.613372e+04,-1.053403e+03,-4.360045e+02,-8.463336e+01,-4.138398e+01
-2.611697e+04,-1.052898e+03,-4.358739e+02,-8.463593e+01,-4.138309e+01
-2.610023e+04,-1.052390e+03,-4.357410e+02,-8.463760e+01,-4.138179e+01
-2.608351e+04,-1.051881e+03,-4.356059e+02,-8.463840e+01,-4.138010e+01
-2.606680e+04,-1.051369e+03,-4.354687e+02,-8.463832e+01,-4.137802e+01
-2.605010e+04,-1.050855e+03,-4.353293e+02,-8.463738e+01,-4.137555e+01
-2.603341e+04,-1.050338e+03,-4.351878e+02,-8.463561e+01,-4.137271e+01
-2.601674e+04,-1.049820e+03,-4.350443e+02,-8.463301e+01,-4.136949e+01
-2.600008e+04,-1.049300e+03,-4.348987e+02,-8.462960e+01,-4.136591e+01
-2.598342e+04,-1.048778e+03,-4.347511e+02,-8.462539e+01,-4.136197e+01
-2.596679e+04,-1.048253e+03,-4.346016e+02,-8.462039e+01,-4.135768e+01
-2.595016e+04,-1.047727e+03,-4.344501e+02,-8.461462e+01,-4.135304e+01
-2.593355e+04,-1.047199e+03,-4.342968e+02,-8.460810e+01,-4.134806e+01
-2.591695e+04,-1.046669e+03,-4.341416e+02,-8.460082e+01,-4.134274e+01
-2.590036e+04,-1.046137e+03,-4.339846e+02,-8.459282e+01,-4.133710e+01
-2.588378e+04,-1.045604e+03,-4.338258e+02,-8.458409e+01,-4.133113e+01
-2.586722e+04,-1.045069e+03,-4.336653e+02,-8.457465e+01,-4.132484e+01
-2.585066e+04,-1.044532e+03,-4.335030e+02,-8.456452e+01,-4.131824e+01
-2.583412e+04,-1.043993e+03,-4.333390e+02,-8.455370e+01,-4.131133e+01
-2.581759e+04,-1.043453e+03,-4.331733e+02,-8.454220e+01,-4.130412e+01
-2.580108e+04,-1.042911e+03,-4.330061e+02,-8.453004e+01,-4.129661e+01
-2.578457e+04,-1.042368e+03,-4.328372e+02,-8.451723e+01,-4.128881e+01
-2.576808e+04,-1.041823e+03,-4.326667e+02,-8.450378e+01,-4.128072e+01
-2.575160e+04,-1.041277e+03,-4.324947e+02,-8.448971e+01,-4.127235e+01
-2.573513e+04,-1.040729e+03,-4.323211e+02,-8.447501e+01,-4.126370e+01
-2.571867e+04,-1.040179e+03,-4.321461e+02,-8.445970e+01,-4.125478e+01
-2.570223e+04,-1.039629e+03,-4.319696e+02,-8.444380e+01,-4.124559e+01
-2.568579e+04,-1.039076e+03,-4.317916e+02,-8.442730e+01,-4.123613e+01
-2.566937e+04,-1.038523e+03,-4.316122e+02,-8.441023e+01,-4.122642e+01
-2.565296e+04,-1.037968e+03,-4.314315e+02,-8.439259e+01,-4.121645e+01
-2.563656e+04,-1.037412e+03,-4.312494e+02,-8.437440e+01,-4.120623e+01
-2.562018e+04,-1.036855e+03,-4.310659e+02,-8.435565e+01,-4.119576e+01
-2.560380e+04,-1.036296e+03,-4.308811e+02,-8.433637e+01,-4.118505e+01
-2.558744e+04,-1.035736e+03,-4.306950e+02,-8.431655e+01,-4.117411e+01
-2.557109e+04,-1.035175e+03,-4.305077e+02,-8.429621e+01,-4.116293e+01
-2.555475e+04,-1.034613e+03,-4.303191e+02,-8.427536e+01,-4.115152e+01
-2.553842e+04,-1.034050e+03,-4.301293e+02,-8.425401e+01,-4.113988e+01
-2.552210e+04,-1.033485e+03,-4.299382e+02,-8.423216e+01,-4.112802e+01
-2.550580e+04,-1.032920e+03,-4.297460e+02,-8.420983e+01,-4.111595e+01
-2.548950e+04,-1.032353e+03,-4.295527e+02,-8.418701e+01,-4.110366e+01
-2.547322e+04,-1.031785e+03,-4.293582e+02,-8.416373e+01,-4.109116e+01
-2.545695e+04,-1.031217e+03,-4.291626e+02,-8.413999e+01,-4.107845e+01
-2.544069e+04,-1.030647e+03,-4.289659e+02,-8.411579e+01,-4.106554e+01
-2.542445e+04,-1.030076e+03,-4.287681e+02,-8.409114e+01,-4.105243e+01
-2.540821e+04,-1.029505e+03,-4.285693e+02,-8.406606e+01,-4.103912e+01
-2.539198e+04,-1.028932e+03,-4.283694e+02,-8.404055e+01,-4.102562e+01
-2.537577e+04,-1.028359e+03,-4.281686e+02,-8.401461e+01,-4.101193e+01
-2.535957e+04,-1.027785e+03,-4.279667e+02,-8.398826e+01,-4.099805e+01
-2.534338e+04,-1.027209e+03,-4.277638e+02,-8.396150e+01,-4.098399e+01
-2.532720e+04,-1.026633e+03,-4.275600e+02,-8.393433e+01,-4.096975e+01
-2.531103e+04,-1.026056e+03,-4.273553e+02,-8.390678e+01,-4.095534e+01
-2.529488e+04,-1.025479e+03,-4.271496e+02,-8.387883e+01,-4.094075e+01
-2.527873e+04,-1.024900e+03,-4.269431e+02,-8.385050e+01,-4.092599e+01
-2.526260e+04,-1.024321e+03,-4.267356e+02,-8.382180e+01,-4.091106e+01
-2.524648e+04,-1.023741e+03,-4.265273e+02,-8.379274e+01,-4.089597e+01
-2.523037e+04,-1.023161e+03,-4.263181e+02,-8.376331e+01,-4.088072e+01
-2.521427e+04,-1.022579e+03,-4.261081e+02,-8.373352e+01,-4.086530e+01
-2.519818e+04,-1.021997e+03,-4.258972e+02,-8.370339e+01,-4.084974e+01
-2.518210e+04,-1.021414e+03,-4.256856e+02,-8.367291e+01,-4.083401e+01
-2.516603e+04,-1.020831e+03,-4.254732e+02,-8.364210e+01,-4.081814e+01
-2.514998e+04,-1.020247e+03,-4.252599e+02,-8.361096e+01,-4.080212e+01
-2.513394e+04,-1.019662e+03,-4.250460e+02,-8.357949e+01,-4.078596e+01
-2.511790e+04,-1.019077e+03,-4.248313e+02,-8.354771e+01,-4.076965e+01
-2.510188e+04,-1.018491e+03,-4.246158e+02,-8.351561e+01,-4.075320e+01
-2.508587e+04,-1.017905e+03,-4.243997e+02,-8.348320e+01,-4.073661e+01
-2.506987e+04,-1.017318e+03,-4.241828e+02,-8.345049e+01,-4.071989e+01
-2.505388e+04,-1.016730e+03,-4.239653e+02,-8.341748e+01,-4.070304e+01
-2.503791e+04,-1.016142e+03,-4.237471e+02,-8.338418e+01,-4.068606e+01
-2.502194e+04,-1.015554e+03,-4.235282e+02,-8.335060e+01,-4.066895e+01
-2.500599e+04,-1.014964e+03,-4.233087e+02,-8.331673e+01,-4.065171e+01
-2.499004e+04,-1.014375e+03,-4.230885e+02,-8.328259e+01,-4.063435e+01
-2.497411e+04,-1.013785e+03,-4.228677e+02,-8.324818e+01,-4.061687e+01
-2.495819e+04,-1.013194e+03,-4.226464e+02,-8.321350e+01,-4.059927e+01
-2.494228e+04,-1.012603e+03,-4.224244e+02,-8.317855e+01,-4.058155e+01
-2.492638e+04,-1.012012e+03,-4.222018e+02,-8.314336e+01,-4.056372e+01
-2.491049e+04,-1.011420e+03,-4.219787e+02,-8.310791e+01,-4.054577e+01
-2.489461e+04,-1.010828e+03,-4.217550e+02,-8.307221e+01,-4.052772e+01
-2.487874e+04,-1.010236e+03,-4.215308e+02,-8.303627e+01,-4.050956e+01
-2.486289e+04,-1.009643e+03,-4.213060e+02,-8.300009e+01,-4.049129e+01
-2.484704e+04,-1.009049e+03,-4.210807e+02,-8.296367e+01,-4.047291e+01
-2.483121e+04,-1.008456e+03,-4.208549e+02,-8.292703e+01,-4.045444e+01
-2.481538e+04,-1.007862e+03,-4.206286e+02,-8.289016e+01,-4.043586e+01
-2.479957e+04,-1.007268e+03,-4.204018e+02,-8.285307e+01,-4.041719e+01
-2.478377e+04,-1.006673e+03,-4.201745e+02,-8.281576e+01,-4.039841e+01
-2.476798e+04,-1.006078e+03,-4.199468e+02,-8.277824e+01,-4.037955e+01
-2.475220e+04,-1.005483e+03,-4.197186e+02,-8.274051e+01,-4.036059e+01
-2.473643e+04,-1.004887e+03,-4.194899e+02,-8.270257e+01,-4.034153e+01
-2.472067e+04,-1.004292e+03,-4.192608e+02,-8.266443e+01,-4.032239e+01
-2.470492e+04,-1.003696e+03,-4.190313e+02,-8.262609e+01,-4.030316e+01
-2.468919e+04,-1.003099e+03,-4.188013e+02,-8.258756e+01,-4.028385e+01
-2.467346e+04,-1.002503e+03,-4.185710e+02,-8.254884e+01,-4.026445e+01
-2.465774e+04,-1.001906e+03,-4.183402e+02,-8.250993e+01,-4.024496e+01
-2.464204e+04,-1.001309e+03,-4.181091e+02,-8.247083e+01,-4.022540e+01
-2.462634e+04,-1.000712e+03,-4.178775e+02,-8.243156e+01,-4.020575e+01
-2.461066e+04,-1.000115e+03,-4.176456e+02,-8.239211e+01,-4.018603e+01
-2.459499e+04,-9.995170e+02,-4.174133e+02,-8.235248e+01,-4.016623e+01
-2.457933e+04,-9.989193e+02,-4.171807e+02,-8.231269e+01,-4.014635e+01
-2.456367e+04,-9.983214e+02,-4.169477e+02,-8.227273e+01,-4.012640e+01
-2.454803e+04,-9.977233e+02,-4.167144e+02,-8.223261e+01,-4.010637e+01
-2.453240e+04,-9.971251e+02,-4.164807e+02,-8.219232e+01,-4.008628e+01
-2.451678e+04,-9.965268e+02,-4.162467e+02,-8.215188e+01,-4.006612e+01
-2.450118e+04,-9.959283e+02,-4.160124e+02,-8.211128e+01,-4.004588e+01
-2.448558e+04,-9.953297e+02,-4.157778e+02,-8.207054e+01,-4.002559e+01
-2.446999e+04,-9.947310e+02,-4.155429e+02,-8.202964e+01,-4.000522e+01
-2.445441e+04,-9.941322e+02,-4.153077e+02,-8.198860e+01,-3.998479e+01
-2.443885e+04,-9.935332e+02,-4.150722e+02,-8.194741e+01,-3.996430e+01
-2.442329e+04,-9.929342e+02,-4.148364e+02,-8.190609e+01,-3.994374e+01
-2.440774e+04,-9.923351e+02,-4.146004e+02,-8.186463e+01,-3.992313e+01
-2.439221e+04,-9.917359e+02,-4.143641e+02,-8.182303e+01,-3.990246e+01
-2.437668e+04,-9.911367e+02,-4.141275e+02,-8.178131e+01,-3.988172e+01
-2.436117e+04,-9.905373e+02,-4.138907e+02,-8.173945e+01,-3.986093e+01
-2.434567e+04,-9.899380e+02,-4.136536e+02,-8.169747e+01,-3.984009e+01
-2.433017e+04,-9.893385e+02,-4.134163e+02,-8.165536e+01,-3.981919e+01
-2.431469e+04,-9.887391e+02,-4.131787e+02,-8.161313e+01,-3.979824e+01
-2.429922e+04,-9.881396e+02,-4.129410e+02,-8.157079e+01,-3.977723e+01
-2.428376e+04,-9.875401e+02,-4.127030e+02,-8.152832e+01,-3.975617e+01
-2.426831e+04,-9.869405e+02,-4.124648e+02,-8.148574e+01,-3.973507e+01
-2.425287e+04,-9.863410e+02,-4.122264e+02,-8.144305e+01,-3.971391e+01
-2.423744e+04,-9.857414e+02,-4.119878e+02,-8.140026e+01,-3.969271e+01
-2.422202e+04,-9.851419e+02,-4.117490e+02,-8.135735e+01,-3.967145e+01
-2.420661e+04,-9.845423e+02,-4.115100e+02,-8.131434e+01,-3.965016e+01
-2.419121e+04,-9.839428e+02,-4.112708e+02,-8.127123e+01,-3.962881e+01
-2.417582e+04,-9.833432e+02,-4.110315e+02,-8.122801e+01,-3.960743e+01
-2.416044e+04,-9.827437e+02,-4.107920e+02,-8.118470e+01,-3.958600e+01
-2.414507e+04,-9.821443e+02,-4.105523e+02,-8.114129e+01,-3.956452e+01
-2.412972e+04,-9.815448e+02,-4.103124e+02,-8.109779e+01,-3.954301e+01
-2.411437e+04,-9.809454e+02,-4.100724e+02,-8.105419e+01,-3.952146e+01
-2.409903e+04,-9.803461e+02,-4.098322e+02,-8.101050e+01,-3.949986e+01
-2.408371e+04,-9.797468e+02,-4.095919e+02,-8.096673e+01,-3.947823e+01
-2.406839e+04,-9.791476e+02,-4.093515e+02,-8.092287e+01,-3.945656e+01
-2.405308e+04,-9.785484e+02,-4.091109e+02,-8.087892e+01,-3.943485e+01
-2.403779e+04,-9.779493e+02,-4.088702e+02,-8.083489e+01,-3.941311e+01
-2.402250e+04,-9.773503e+02,-4.086293e+02,-8.079078e+01,-3.939133e+01
-2.400723e+04,-9.767513e+02,-4.083883e+02,-8.074660e+01,-3.936952e+01
-2.399196e+04,-9.761524e+02,-4.081473e+02,-8.070233e+01,-3.934767e+01
-2.397671e+04,-9.755537e+02,-4.079061e+02,-8.065799e+01,-3.932580e+01
-2.396146e+04,-9.749550e+02,-4.076647e+02,-8.061358e+01,-3.930388e+01
-2.394623e+04,-9.743564e+02,-4.074233e+02,-8.056909e+01,-3.928194e+01
-2.393101e+04,-9.737579e+02,-4.071818e+02,-8.052453e+01,-3.925997e+01
-2.391579e+04,-9.731595e+02,-4.069402e+02,-8.047991e+01,-3.923797e+01
-2.390059e+04,-9.725613e+02,-4.066985e+02,-8.043521e+01,-3.921593e+01
-2.388539e+04,-9.719631e+02,-4.064567e+02,-8.039045e+01,-3.919387e+01
-2.387021e+04,-9.713651e+02,-4.062148e+02,-8.034563e+01,-3.917179e+01
-2.385504e+04,-9.707672e+02,-4.059729e+02,-8.030075e+01,-3.914967e+01
-2.383988e+04,-9.701694e+02,-4.057308e+02,-8.025580e+01,-3.912753e+01
-2.382472e+04,-9.695718e+02,-4.054887e+02,-8.021079e+01,-3.910536e+01
-2.380958e+04,-9.689743e+02,-4.052465e+02,-8.016573e+01,-3.908317e+01
-2.379445e+04,-9.683769e+02,-4.050043e+02,-8.012061e+01,-3.906096e+01
-2.377933e+04,-9.677797e+02,-4.047620e+02,-8.007543e+01,-3.903872e+01
-2.376421e+04,-9.671826e+02,-4.045196e+02,-8.003020e+01,-3.901645e+01
-2.374911e+04,-9.665857e+02,-4.042772e+02,-7.998492e+01,-3.899417e+01
-2.373402e+04,-9.659889e+02,-4.040347e+02,-7.993959e+01,-3.897186e+01
-2.371894e+04,-9.653923e+02,-4.037922e+02,-7.989420e+01,-3.894953e+01
-2.370387e+04,-9.647959e+02,-4.035497e+02,-7.984877e+01,-3.892719e+01
-2.368880e+04,-9.641996e+02,-4.033071e+02,-7.980329e+01,-3.890482e+01
-2.367375e+04,-9.636035e+02,-4.030644e+02,-7.975777e+01,-3.888243e+01
-2.365871e+04,-9.630076e+02,-4.028218e+02,-7.971220e+01,-3.886002e+01
-2.364368e+04,-9.624119e+02,-4.025791e+02,-7.966659e+01,-3.883760e+01
-2.362866e+04,-9.618163e+02,-4.023363e+02,-7.962093e+01,-3.881515e+01
-2.361365e+04,-9.612209e+02,-4.020936e+02,-7.957524e+01,-3.879269e+01
-2.359865e+04,-9.606257e+02,-4.018508e+02,-7.952950e+01,-3.877021e+01
-2.358365e+04,-9.600307e+02,-4.016080e+02,-7.948372e+01,-3.874772e+01
-2.356867e+04,-9.594359e+02,-4.013652e+02,-7.943791e+01,-3.872521e+01
-2.355370e+04,-9.588413e+02,-4.011223e+02,-7.939206e+01,-3.870268e+01
-2.353874e+04,-9.582469e+02,-4.008795e+02,-7.934618e+01,-3.868014e+01
-2.352379e+04,-9.576527e+02,-4.006366e+02,-7.930026e+01,-3.865759e+01
-2.350885e+04,-9.570587e+02,-4.003938e+02,-7.925430e+01,-3.863502e+01
-2.349392e+04,-9.564649e+02,-4.001509e+02,-7.920832e+01,-3.861244e+01
-2.347899e+04,-9.558713e+02,-3.999081e+02,-7.916230e+01,-3.858985e+01
-2.346408e+04,-9.552779e+02,-3.996652e+02,-7.911625e+01,-3.856724e+01
-2.344918e+04,-9.546847e+02,-3.994223e+02,-7.907018e+01,-3.854462e+01
-2.343429e+04,-9.540918e+02,-3.991795e+02,-7.902407e+01,-3.852199e+01
-2.341941e+04,-9.534991e+02,-3.989367e+02,-7.897794e+01,-3.849935e+01
-2.340453e+04,-9.529066e+02,-3.986938e+02,-7.893178e+01,-3.847669e+01
-2.338967e+04,-9.523143e+02,-3.984510e+02,-7.888560e+01,-3.845403e+01
-2.337482e+04,-9.517222e+02,-3.982082e+02,-7.883939e+01,-3.843136e+01
-2.335998e+04,-9.511304e+02,-3.979654e+02,-7.879315e+01,-3.840868e+01
-2.334515e+04,-9.505388e+02,-3.977227e+02,-7.874690e+01,-3.838598e+01
-2.333032e+04,-9.499475e+02,-3.974800e+02,-7.870062e+01,-3.836328e+01
-2.331551e+04,-9.493564e+02,-3.972373e+02,-7.865432e+01,-3.834058e+01
-2.330071e+04,-9.487655e+02,-3.969946e+02,-7.860800e+01,-3.831786e+01
-2.328591e+04,-9.481749e+02,-3.967519e+02,-7.856166e+01,-3.829513e+01
-2.327113e+04,-9.475845e+02,-3.965093e+02,-7.851530e+01,-3.827240e+01
-2.325636e+04,-9.469944e+02,-3.962667e+02,-7.846893e+01,-3.824966e+01
-2.324159e+04,-9.464045e+02,-3.960242e+02,-7.842254e+01,-3.822692e+01
-2.322684e+04,-9.458148e+02,-3.957816e+02,-7.837613e+01,-3.820417e+01
-2.321210e+04,-9.452255e+02,-3.955392e+02,-7.832970e+01,-3.818141e+01
-2.319736e+04,-9.446363e+02,-3.952967e+02,-7.828326e+01,-3.815865e+01
-2.318264e+04,-9.440475e+02,-3.950544e+02,-7.823681e+01,-3.813588e+01
-2.316792e+04,-9.434588e+02,-3.948120e+02,-7.819034e+01,-3.811311e+01
-2.315322e+04,-9.428705e+02,-3.945697e+02,-7.814386e+01,-3.809033e+01
-2.313852e+04,-9.422824e+02,-3.943275e+02,-7.809736e+01,-3.806755e+01
-2.312384e+04,-9.416946e+02,-3.940853e+02,-7.805086e+01,-3.804476e+01
-2.310916e+04,-9.411070e+02,-3.938431e+02,-7.800434e+01,-3.802197e+01
-2.309450e+04,-9.405197e+02,-3.936010e+02,-7.795782e+01,-3.799918e+01
-2.307984e+04,-9.399327e+02,-3.933590e+02,-7.791128e+01,-3.797639e+01
-2.306519e+04,-9.393459e+02,-3.931170e+02,-7.786474e+01,-3.795359e+01
-2.305056e+04,-9.387594e+02,-3.928751e+02,-7.781819e+01,-3.793079e+01
-2.303593e+04,-9.381732e+02,-3.926332e+02,-7.777163e+01,-3.790798e+01
-2.302131e+04,-9.375873e+02,-3.923914e+02,-7.772506e+01,-3.788518e+01
-2.300671e+04,-9.370016e+02,-3.921497e+02,-7.767849e+01,-3.786237e+01
-2.299211e+04,-9.364162e+02,-3.919080e+02,-7.763191e+01,-3.783956e+01
-2.297752e+04,-9.358311e+02,-3.916664e+02,-7.758533e+01,-3.781675e+01
-2.296294e+04,-9.352463e+02,-3.914248e+02,-7.753874e+01,-3.779394e+01
-2.294837e+04,-9.346618e+02,-3.911833e+02,-7.749215e+01,-3.777113e+01
-2.293381e+04,-9.340775e+02,-3.909419e+02,-7.744555e+01,-3.774832e+01
-2.291926e+04,-9.334935e+02,-3.907006e+02,-7.739896e+01,-3.772551e+01
-2.290472e+04,-9.329098e+02,-3.904593e+02,-7.735235e+01,-3.770270e+01
-2.289019e+04,-9.323265e+02,-3.902182e+02,-7.730575e+01,-3.767989e+01
-2.287567e+04,-9.317433e+02,-3.899770e+02,-7.725915e+01,-3.765708e+01
-2.286116e+04,-9.311605e+02,-3.897360e+02,-7.721254e+01,-3.763427e+01
-2.284666e+04,-9.305780e+02,-3.894950e+02,-7.716594e+01,-3.761146e+01
-2.283217e+04,-9.299958e+02,-3.892542e+02,-7.711933e+01,-3.758865e+01
-2.281768e+04,-9.294138e+02,-3.890134e+02,-7.707273e+01,-3.756585e+01
-2.280321e+04,-9.288322e+02,-3.887726e+02,-7.702612e+01,-3.754304e+01
-2.278875e+04,-9.282508e+02,-3.885320e+02,-7.697952e+01,-3.752024e+01
-2.277430e+04,-9.276698e+02,-3.882915e+02,-7.693292e+01,-3.749744e+01
-2.275985e+04,-9.270891e+02,-3.880510e+02,-7.688632e+01,-3.747464e+01
-2.274542e+04,-9.265086e+02,-3.878106e+02,-7.683973e+01,-3.745184e+01
-2.273099e+04,-9.259285e+02,-3.875703e+02,-7.679313e+01,-3.742905e+01
-2.271658e+04,-9.253486e+02,-3.873301e+02,-7.674655e+01,-3.740626e+01
-2.270217e+04,-9.247691e+02,-3.870900e+02,-7.669996e+01,-3.738347e+01
-2.268777e+04,-9.241898e+02,-3.868500e+02,-7.665338e+01,-3.736069e+01
-2.267339e+04,-9.236109e+02,-3.866100e+02,-7.660681e+01,-3.733791e+01
-2.265901e+04,-9.230323e+02,-3.863702e+02,-7.656024e+01,-3.731513e+01
-2.264464e+04,-9.224539e+02,-3.861304e+02,-7.651367e+01,-3.729236e+01
-2.263028e+04,-9.218759e+02,-3.858908e+02,-7.646712e+01,-3.726959e+01
-2.261594e+04,-9.212982e+02,-3.856512e+02,-7.642056e+01,-3.724682e+01
-2.260160e+04,-9.207208e+02,-3.854117e+02,-7.637402e+01,-3.722406e+01
-2.258727e+04,-9.201437e+02,-3.851724e+02,-7.632748e+01,-3.720131e+01
-2.257295e+04,-9.195670e+02,-3.849331e+02,-7.628095e+01,-3.717855e+01
-2.255863e+04,-9.189905e+02,-3.846939e+02,-7.623443e+01,-3.715581e+01
-2.254433e+04,-9.184144e+02,-3.844548e+02,-7.618792e+01,-3.713306e+01
-2.253004e+04,-9.178385e+02,-3.842159e+02,-7.614142e+01,-3.711033e+01
-2.251576e+04,-9.172630e+02,-3.839770e+02,-7.609492e+01,-3.708759e+01
-2.250149e+04,-9.166878e+02,-3.837382e+02,-7.604843e+01,-3.706487e+01
-2.248722e+04,-9.161129e+02,-3.834995e+02,-7.600196e+01,-3.704215e+01
-2.247297e+04,-9.155383e+02,-3.832610e+02,-7.595549e+01,-3.701943e+01
-2.245872e+04,-9.149641e+02,-3.830225e+02,-7.590903e+01,-3.699672e+01
-2.244449e+04,-9.143901e+02,-3.827841e+02,-7.586259e+01,-3.697402e+01
-2.243026e+04,-9.138165e+02,-3.825459e+02,-7.581615e+01,-3.695132e+01
-2.241604e+04,-9.132432e+02,-3.823077e+02,-7.576973e+01,-3.692863e+01
-2.240184e+04,-9.126703e+02,-3.820697e+02,-7.572332e+01,-3.690594e+01
-2.238764e+04,-9.120976e+02,-3.818318e+02,-7.567692e+01,-3.688326e+01
-2.237345e+04,-9.115253e+02,-3.815939e+02,-7.563053e+01,-3.686059e+01
-2.235927e+04,-9.109532e+02,-3.813562e+02,-7.558415e+01,-3.683793e+01
-2.234510e+04,-9.103816e+02,-3.811186e+02,-7.553779e+01,-3.681527e+01
-2.233094e+04,-9.098102e+02,-3.808811e+02,-7.549144e+01,-3.679262e+01
-2.231679e+04,-9.092391e+02,-3.806437e+02,-7.544510e+01,-3.676997e+01
-2.230265e+04,-9.086684e+02,-3.804064e+02,-7.539878e+01,-3.674733e+01
-2.228851e+04,-9.080980e+02,-3.801693e+02,-7.535246e+01,-3.672470e+01
-2.227439e+04,-9.075280e+02,-3.799322e+02,-7.530617e+01,-3.670208e+01
-2.226028e+04,-9.069582e+02,-3.796953e+02,-7.525989e+01,-3.667946e+01
-2.224617e+04,-9.063888e+02,-3.794585e+02,-7.521362e+01,-3.665686e+01
-2.223208e+04,-9.058197e+02,-3.792218e+02,-7.516736e+01,-3.663426e+01
-2.221799e+04,-9.052509e+02,-3.789852e+02,-7.512112e+01,-3.661166e+01
-2.220391e+04,-9.046825e+02,-3.787487e+02,-7.507490e+01,-3.658908e+01
-2.218985e+04,-9.041144e+02,-3.785123e+02,-7.502869e+01,-3.656650e+01
-2.217579e+04,-9.035466e+02,-3.782761e+02,-7.498250e+01,-3.654394e+01
-2.216174e+04,-9.029792e+02,-3.780400e+02,-7.493632e+01,-3.652138e+01
-2.214770e+04,-9.024121e+02,-3.778040e+02,-7.489016e+01,-3.649883e+01
-2.213367e+04,-9.018453e+02,-3.775681e+02,-7.484402e+01,-3.647628e+01
-2.211965e+04,-9.012788e+02,-3.773323e+02,-7.479789e+01,-3.645375e+01
-2.210564e+04,-9.007127e+02,-3.770966e+02,-7.475177e+01,-3.643122e+01
-2.209163e+04,-9.001469e+02,-3.768611e+02,-7.470568e+01,-3.640871e+01
-2.207764e+04,-8.995814e+02,-3.766257e+02,-7.465960e+01,-3.638620e+01
-2.206366e+04,-8.990163e+02,-3.763904e+02,-7.461354e+01,-3.636370e+01
-2.204968e+04,-8.984515e+02,-3.761552e+02,-7.456750e+01,-3.634121e+01
-2.203571e+04,-8.978870e+02,-3.759202e+02,-7.452147e+01,-3.631873e+01
-2.202176e+04,-8.973229e+02,-3.756852e+02,-7.447546e+01,-3.629625e+01
-2.200781e+04,-8.967591e+02,-3.754504e+02,-7.442947e+01,-3.627379e+01
-2.199387e+04,-8.961956e+02,-3.752157e+02,-7.438350e+01,-3.625134e+01
-2.197994e+04,-8.956325e+02,-3.749812e+02,-7.433754e+01,-3.622889e+01
-2.196602e+04,-8.950697e+02,-3.747467e+02,-7.429161e+01,-3.620646e+01
-2.195211e+04,-8.945072e+02,-3.745124e+02,-7.424569e+01,-3.618403e+01
-2.193821e+04,-8.939451e+02,-3.742782e+02,-7.419979e+01,-3.616162e+01
-2.192432e+04,-8.933833e+02,-3.740442e+02,-7.415391e+01,-3.613921e+01
-2.191043e+04,-8.928218e+02,-3.738102e+02,-7.410805e+01,-3.611681e+01
-2.189656e+04,-8.922607e+02,-3.735764e+02,-7.406221e+01,-3.609443e+01
-2.188269e+04,-8.916999e+02,-3.733427e+02,-7.401639e+01,-3.607205e+01
-2.186884e+04,-8.911395e+02,-3.731091e+02,-7.397058e+01,-3.604968e+01
-2.185499e+04,-8.905794e+02,-3.728757e+02,-7.392480e+01,-3.602733e+01
-2.184115e+04,-8.900196e+02,-3.726424e+02,-7.387904e+01,-3.600498e+01
-2.182733e+04,-8.894601e+02,-3.724092e+02,-7.383329e+01,-3.598264e+01
-2.181351e+04,-8.889010e+02,-3.721761e+02,-7.378757e+01,-3.596031e+01
-2.179970e+04,-8.883423e+02,-3.719432e+02,-7.374187e+01,-3.593800e+01
-2.178589e+04,-8.877838e+02,-3.717104e+02,-7.369618e+01,-3.591569e+01
-2.177210e+04,-8.872257e+02,-3.714777e+02,-7.365052e+01,-3.589340e+01
-2.175832e+04,-8.866680e+02,-3.712452e+02,-7.360488e+01,-3.587111e+01
-2.174454e+04,-8.861106e+02,-3.710128e+02,-7.355926e+01,-3.584884e+01
-2.173078e+04,-8.855535e+02,-3.707805e+02,-7.351366e+01,-3.582657e+01
-2.171702e+04,-8.849967e+02,-3.705483e+02,-7.346808e+01,-3.580432e+01
-2.170328e+04,-8.844403e+02,-3.703163e+02,-7.342252e+01,-3.578208e+01
-2.168954e+04,-8.838843e+02,-3.700844e+02,-7.337699e+01,-3.575984e+01
-2.167581e+04,-8.833286e+02,-3.698526e+02,-7.333147e+01,-3.573762e+01
-2.166209e+04,-8.827732e+02,-3.696210e+02,-7.328598e+01,-3.571541e+01
-2.164838e+04,-8.822181e+02,-3.693894e+02,-7.324051e+01,-3.569321e+01
-2.163468e+04,-8.816634e+02,-3.691581e+02,-7.319505e+01,-3.567102e+01
-2.162098e+04,-8.811090e+02,-3.689268e+02,-7.314963e+01,-3.564884e+01
-2.160730e+04,-8.805550e+02,-3.686957e+02,-7.310422e+01,-3.562668e+01
-2.159362e+04,-8.800013e+02,-3.684647e+02,-7.305883e+01,-3.560452e+01
-2.157996e+04,-8.794480e+02,-3.682339e+02,-7.301347e+01,-3.558238e+01
-2.156630e+04,-8.788950e+02,-3.680031e+02,-7.296813e+01,-3.556024e+01
-2.155265e+04,-8.783423e+02,-3.677725e+02,-7.292281e+01,-3.553812e+01
-2.153901e+04,-8.777900e+02,-3.675421e+02,-7.287752e+01,-3.551601e+01
-2.152538e+04,-8.772380e+02,-3.673117e+02,-7.283224e+01,-3.549391e+01
-2.151176e+04,-8.766863e+02,-3.670815e+02,-7.278699e+01,-3.547182e+01
-2.149815e+04,-8.761350e+02,-3.668515e+02,-7.274176e+01,-3.544974e+01
-2.148455e+04,-8.755841e+02,-3.666216e+02,-7.269656e+01,-3.542767e+01
-2.147095e+04,-8.750334e+02,-3.663918e+02,-7.265138e+01,-3.540562e+01
-2.145737e+04,-8.744831e+02,-3.661621e+02,-7.260622e+01,-3.538358e+01
-2.144379e+04,-8.739332e+02,-3.659326e+02,-7.256108e+01,-3.536154e+01
-2.143022e+04,-8.733836e+02,-3.657032e+02,-7.251597e+01,-3.533952e+01
-2.141666e+04,-8.728343e+02,-3.654739e+02,-7.247088e+01,-3.531752e+01
-2.140311e+04,-8.722854e+02,-3.652448e+02,-7.242581e+01,-3.529552e+01
-2.138957e+04,-8.717368e+02,-3.650158e+02,-7.238077e+01,-3.527353e+01
-2.137604e+04,-8.711886e+02,-3.647869e+02,-7.233575e+01,-3.525156e+01
-2.136252e+04,-8.706406e+02,-3.645582e+02,-7.229075e+01,-3.522960e+01
-2.134900e+04,-8.700931e+02,-3.643296e+02,-7.224577e+01,-3.520765e+01
-2.133550e+04,-8.695459e+02,-3.641011e+02,-7.220082e+01,-3.518571e+01
-2.132200e+04,-8.689990e+02,-3.638728e+02,-7.215590e+01,-3.516378e+01
-2.130851e+04,-8.684524e+02,-3.636446e+02,-7.211100e+01,-3.514186e+01
-2.129503e+04,-8.679062e+02,-3.634166e+02,-7.206612e+01,-3.511996e+01
-2.128156e+04,-8.673604e+02,-3.631886e+02,-7.202126e+01,-3.509807e+01
-2.126810e+04,-8.668148e+02,-3.629609e+02,-7.197643e+01,-3.507619e+01
-2.125465e+04,-8.662697e+02,-3.627332e+02,-7.193163e+01,-3.505432e+01
-2.124121e+04,-8.657248e+02,-3.625057e+02,-7.188684e+01,-3.503247e+01
-2.122777e+04,-8.651803e+02,-3.622783e+02,-7.184208e+01,-3.501062e+01
-2.121435e+04,-8.646362e+02,-3.620511e+02,-7.179735e+01,-3.498879e+01
-2.120093e+04,-8.640924e+02,-3.618240e+02,-7.175264e+01,-3.496697e+01
-2.118752e+04,-8.635489e+02,-3.615970e+02,-7.170795e+01,-3.494516e+01
-2.117412e+04,-8.630057e+02,-3.613702e+02,-7.166329e+01,-3.492337e+01
-2.116073e+04,-8.624629e+02,-3.611435e+02,-7.161866e+01,-3.490158e+01
-2.114735e+04,-8.619205e+02,-3.609169e+02,-7.157404e+01,-3.487981e+01
-2.113398e+04,-8.613784e+02,-3.606905e+02,-7.152946e+01,-3.485805e+01
-2.112061e+04,-8.608366e+02,-3.604642e+02,-7.148489e+01,-3.483631e+01
-2.110726e+04,-8.602952e+02,-3.602380e+02,-7.144035e+01,-3.481457e+01
-2.109391e+04,-8.597541e+02,-3.600120e+02,-7.139584e+01,-3.479285e+01
-2.108057e+04,-8.592133e+02,-3.597861e+02,-7.135135e+01,-3.477114e+01
-2.106724e+04,-8.586729e+02,-3.595604e+02,-7.130688e+01,-3.474944e+01
-2.105392e+04,-8.581328e+02,-3.593348e+02,-7.126244e+01,-3.472775e+01
-2.104061e+04,-8.575931e+02,-3.591093e+02,-7.121803e+01,-3.470608e+01
-2.102731e+04,-8.570537e+02,-3.588839e+02,-7.117364e+01,-3.468442e+01
-2.101401e+04,-8.565147e+02,-3.586587e+02,-7.112927e+01,-3.466277e+01
-2.100073e+04,-8.559759e+02,-3.584337e+02,-7.108493e+01,-3.464113e+01
-2.098745e+04,-8.554376e+02,-3.582088e+02,-7.104062e+01,-3.461951e+01
-2.097418e+04,-8.548995e+02,-3.579840e+02,-7.099633e+01,-3.459790e+01
-2.096092e+04,-8.543618e+02,-3.577593e+02,-7.095206e+01,-3.457630e+01
-2.094767e+04,-8.538245e+02,-3.575348e+02,-7.090782e+01,-3.455471e+01
-2.093443e+04,-8.532875e+02,-3.573104e+02,-7.086361e+01,-3.453313e+01
-2.092119e+04,-8.527508e+02,-3.570862e+02,-7.081942e+01,-3.451157e+01
-2.090797e+04,-8.522145e+02,-3.568621e+02,-7.077525e+01,-3.449002e+01
-2.089475e+04,-8.516785e+02,-3.566381e+02,-7.073112e+01,-3.446849e+01
-2.088155e+04,-8.511428e+02,-3.564143e+02,-7.068700e+01,-3.444696e+01
-2.086835e+04,-8.506075e+02,-3.561906e+02,-7.064291e+01,-3.442545e+01
-2.085516e+04,-8.500725e+02,-3.559670e+02,-7.059885e+01,-3.440395e+01
-2.084197e+04,-8.495379e+02,-3.557436e+02,-7.055481e+01,-3.438246e+01
-2.082880e+04,-8.490036e+02,-3.555203e+02,-7.051080e+01,-3.436099e+01
-2.081564e+04,-8.484696e+02,-3.552972e+02,-7.046681e+01,-3.433952e+01
-2.080248e+04,-8.479360e+02,-3.550742e+02,-7.042285e+01,-3.431807e+01
-2.078933e+04,-8.474027e+02,-3.548513e+02,-7.037892e+01,-3.429664e+01
-2.077620e+04,-8.468697e+02,-3.546286e+02,-7.033501e+01,-3.427521e+01
-2.076307e+04,-8.463371e+02,-3.544060e+02,-7.029112e+01,-3.425380e+01
-2.074994e+04,-8.458049e+02,-3.541835e+02,-7.024726e+01,-3.423240e+01
-2.073683e+04,-8.452729e+02,-3.539612e+02,-7.020343e+01,-3.421101e+01
-2.072373e+04,-8.447413e+02,-3.537390e+02,-7.015962e+01,-3.418964e+01
-2.071063e+04,-8.442101e+02,-3.535170e+02,-7.011584e+01,-3.416828e+01
-2.069754e+04,-8.436792e+02,-3.532951e+02,-7.007208e+01,-3.414693e+01
-2.068447e+04,-8.431486e+02,-3.530733e+02,-7.002835e+01,-3.412559e+01
-2.067140e+04,-8.426183e+02,-3.528517e+02,-6.998465e+01,-3.410427e+01
-2.065833e+04,-8.420884e+02,-3.526302e+02,-6.994097e+01,-3.408296e+01
-2.064528e+04,-8.415589e+02,-3.524088e+02,-6.989731e+01,-3.406166e+01
-2.063224e+04,-8.410296e+02,-3.521876e+02,-6.985369e+01,-3.404038e+01
-2.061920e+04,-8.405007e+02,-3.519665e+02,-6.981008e+01,-3.401910e+01
-2.060617e+04,-8.399722e+02,-3.517456e+02,-6.976651e+01,-3.399784e+01
-2.059316e+04,-8.394440e+02,-3.515248e+02,-6.972296e+01,-3.397660e+01
-2.058014e+04,-8.389161e+02,-3.513041e+02,-6.967943e+01,-3.395536e+01
-2.056714e+04,-8.383885e+02,-3.510836e+02,-6.963593e+01,-3.393414e+01
-2.055415e+04,-8.378613e+02,-3.508632e+02,-6.959246e+01,-3.391293e+01
-2.054117e+04,-8.373344e+02,-3.506429e+02,-6.954901e+01,-3.389173e+01
-2.052819e+04,-8.368079e+02,-3.504228e+02,-6.950559e+01,-3.387055e+01
-2.051522e+04,-8.362817e+02,-3.502028e+02,-6.946220e+01,-3.384938e+01
-2.050226e+04,-8.357558e+02,-3.499830e+02,-6.941883e+01,-3.382822e+01
-2.048931e+04,-8.352303e+02,-3.497633e+02,-6.937549e+01,-3.380708e+01
-2.047637e+04,-8.347051e+02,-3.495437e+02,-6.933217e+01,-3.378594e+01
-2.046344e+04,-8.341803e+02,-3.493243e+02,-6.928888e+01,-3.376482e+01
-2.045051e+04,-8.336557e+02,-3.491050e+02,-6.924561e+01,-3.374372e+01
-2.043759e+04,-8.331315e+02,-3.488858e+02,-6.920237e+01,-3.372262e+01
-2.042468e+04,-8.326077e+02,-3.486668e+02,-6.915916e+01,-3.370154e+01
-2.041178e+04,-8.320842e+02,-3.484479e+02,-6.911597e+01,-3.368047e+01
-2.039889e+04,-8.315610e+02,-3.482292e+02,-6.907281e+01,-3.365942e+01
-2.038601e+04,-8.310381e+02,-3.480106e+02,-6.902968e+01,-3.363837e+01
-2.037313e+04,-8.305156e+02,-3.477921e+02,-6.898657e+01,-3.361734e+01
-2.036027e+04,-8.299934e+02,-3.475738e+02,-6.894349e+01,-3.359632e+01
-2.034741e+04,-8.294716e+02,-3.473556e+02,-6.890043e+01,-3.357532e+01
-2.033456e+04,-8.289501e+02,-3.471375e+02,-6.885740e+01,-3.355433e+01
-2.032172e+04,-8.284289e+02,-3.469196e+02,-6.881440e+01,-3.353335e+01
-2.030889e+04,-8.279080e+02,-3.467018e+02,-6.877142e+01,-3.351238e+01
-2.029606e+04,-8.273875e+02,-3.464842e+02,-6.872847e+01,-3.349143e+01
-2.028325e+04,-8.268673e+02,-3.462667e+02,-6.868554e+01,-3.347049e+01
-2.027044e+04,-8.263475e+02,-3.460493e+02,-6.864264e+01,-3.344956e+01
-2.025764e+04,-8.258280e+02,-3.458321e+02,-6.859977e+01,-3.342865e+01
-2.024485e+04,-8.253088e+02,-3.456150e+02,-6.855692e+01,-3.340774e+01
-2.023207e+04,-8.247900e+02,-3.453980e+02,-6.851410e+01,-3.338685e+01
-2.021929e+04,-8.242714e+02,-3.451812e+02,-6.847130e+01,-3.336598e+01
-2.020653e+04,-8.237533e+02,-3.449645e+02,-6.842853e+01,-3.334511e+01
-2.019377e+04,-8.232354e+02,-3.447479e+02,-6.838579e+01,-3.332426e+01
-2.018102e+04,-8.227179e+02,-3.445315e+02,-6.834307e+01,-3.330343e+01
-2.016828e+04,-8.222007e+02,-3.443152e+02,-6.830038e+01,-3.328260e+01
-2.015555e+04,-8.216838e+02,-3.440991e+02,-6.825772e+01,-3.326179e+01
-2.014282e+04,-8.211673e+02,-3.438831e+02,-6.821508e+01,-3.324099e+01
-2.013011e+04,-8.206511e+02,-3.436672e+02,-6.817246e+01,-3.322020e+01
-2.011740e+04,-8.201353e+02,-3.434515e+02,-6.812988e+01,-3.319943e+01
-2.010470e+04,-8.196197e+02,-3.432359e+02,-6.808732e+01,-3.317867e+01
-2.009201e+04,-8.191045e+02,-3.430204e+02,-6.804478e+01,-3.315792e+01
-2.007933e+04,-8.185897e+02,-3.428051e+02,-6.800228e+01,-3.313718e+01
-2.006665e+04,-8.180751e+02,-3.425899e+02,-6.795980e+01,-3.311646e+01
-2.005399e+04,-8.175609e+02,-3.423749e+02,-6.791734e+01,-3.309575e+01
-2.004133e+04,-8.170470e+02,-3.421600e+02,-6.787491e+01,-3.307505e+01
-2.002868e+04,-8.165335e+02,-3.419452e+02,-6.783251e+01,-3.305437e+01
-2.001604e+04,-8.160203e+02,-3.417306e+02,-6.779013e+01,-3.303370e+01
-2.000340e+04,-8.155074e+02,-3.415161e+02,-6.774778e+01,-3.301304e+01
-1.999078e+04,-8.149948e+02,-3.413017e+02,-6.770546e+01,-3.299239e+01
-1.997816e+04,-8.144826e+02,-3.410875e+02,-6.766316e+01,-3.297176e+01
-1.996555e+04,-8.139707e+02,-3.408734e+02,-6.762089e+01,-3.295114e+01
-1.995295e+04,-8.134591e+02,-3.406594e+02,-6.757864e+01,-3.293053e+01
-1.994036e+04,-8.129479e+02,-3.404456e+02,-6.753642e+01,-3.290994e+01
-1.992778e+04,-8.124369e+02,-3.402319e+02,-6.749423e+01,-3.288936e+01
-1.991520e+04,-8.119264e+02,-3.400183e+02,-6.745206e+01,-3.286879e+01
-1.990264e+04,-8.114161e+02,-3.398049e+02,-6.740992e+01,-3.284823e+01
-1.989008e+04,-8.109062e+02,-3.395916e+02,-6.736780e+01,-3.282769e+01
-1.987753e+04,-8.103966e+02,-3.393785e+02,-6.732571e+01,-3.280716e+01
-1.986498e+04,-8.098873e+02,-3.391655e+02,-6.728365e+01,-3.278664e+01
-1.985245e+04,-8.093783e+02,-3.389526e+02,-6.724161e+01,-3.276614e+01
-1.983992e+04,-8.088697e+02,-3.387399e+02,-6.719960e+01,-3.274565e+01
-1.982740e+04,-8.083614e+02,-3.385273e+02,-6.715762e+01,-3.272517e+01
-1.981489e+04,-8.078535e+02,-3.383148e+02,-6.711566e+01,-3.270470e+01
-1.980239e+04,-8.073458e+02,-3.381025e+02,-6.707373e+01,-3.268425e+01
-1.978990e+04,-8.068385e+02,-3.378903e+02,-6.703182e+01,-3.266381e+01
-1.977741e+04,-8.063315e+02,-3.376782e+02,-6.698994e+01,-3.264338e+01
-1.976494e+04,-8.058248e+02,-3.374663e+02,-6.694809e+01,-3.262296e+01
-1.975247e+04,-8.053185e+02,-3.372545e+02,-6.690626e+01,-3.260256e+01
-1.974001e+04,-8.048125e+02,-3.370428e+02,-6.686446e+01,-3.258217e+01
-1.972755e+04,-8.043068e+02,-3.368313e+02,-6.682268e+01,-3.256180e+01
-1.971511e+04,-8.038015e+02,-3.366199e+02,-6.678093e+01,-3.254143e+01
-1.970267e+04,-8.032964e+02,-3.364087e+02,-6.673921e+01,-3.252108e+01
-1.969024e+04,-8.027917e+02,-3.361975e+02,-6.669751e+01,-3.250074e+01
-1.967782e+04,-8.022873e+02,-3.359866e+02,-6.665584e+01,-3.248042e+01
-1.966541e+04,-8.017833e+02,-3.357757e+02,-6.661419e+01,-3.246010e+01
-1.965301e+04,-8.012795e+02,-3.355650e+02,-6.657258e+01,-3.243980e+01
-1.964061e+04,-8.007761e+02,-3.353544e+02,-6.653098e+01,-3.241952e+01
-1.962822e+04,-8.002730e+02,-3.351440e+02,-6.648942e+01,-3.239924e+01
-1.961584e+04,-7.997703e+02,-3.349337e+02,-6.644787e+01,-3.237898e+01
-1.960347e+04,-7.992678e+02,-3.347235e+02,-6.640636e+01,-3.235873e+01
-1.959111e+04,-7.987657e+02,-3.345134e+02,-6.636487e+01,-3.233849e+01
-1.957875e+04,-7.982639e+02,-3.343035e+02,-6.632341e+01,-3.231827e+01
-1.956640e+04,-7.977624e+02,-3.340938e+02,-6.628197e+01,-3.229806e+01
-1.955406e+04,-7.972613e+02,-3.338841e+02,-6.624056e+01,-3.227786e+01
-1.954173e+04,-7.967605e+02,-3.336746e+02,-6.619917e+01,-3.225768e+01
-1.952941e+04,-7.962600e+02,-3.334652e+02,-6.615781e+01,-3.223750e+01
-1.951709e+04,-7.957598e+02,-3.332560e+02,-6.611648e+01,-3.221734e+01
-1.950478e+04,-7.952599e+02,-3.330469e+02,-6.607517e+01,-3.219720e+01
-1.949248e+04,-7.947604e+02,-3.328379e+02,-6.603389e+01,-3.217706e+01
-1.948019e+04,-7.942612e+02,-3.326291e+02,-6.599264e+01,-3.215694e+01
-1.946791e+04,-7.937623e+02,-3.324204e+02,-6.595141e+01,-3.213683e+01
-1.945563e+04,-7.932637e+02,-3.322118e+02,-6.591021e+01,-3.211673e+01
-1.944337e+04,-7.927655e+02,-3.320034e+02,-6.586903e+01,-3.209665e+01
-1.943111e+04,-7.922675e+02,-3.317951e+02,-6.582788e+01,-3.207658e+01
-1.941885e+04,-7.917699e+02,-3.315869e+02,-6.578675e+01,-3.205652e+01
-1.940661e+04,-7.912726e+02,-3.313789e+02,-6.574565e+01,-3.203647e+01
-1.939437e+04,-7.907757e+02,-3.311710e+02,-6.570458e+01,-3.201644e+01
-1.938215e+04,-7.902790e+02,-3.309632e+02,-6.566353e+01,-3.199642e+01
-1.936993e+04,-7.897827e+02,-3.307556e+02,-6.562251e+01,-3.197641e+01
-1.935772e+04,-7.892867e+02,-3.305481e+02,-6.558151e+01,-3.195642e+01
-1.934551e+04,-7.887910e+02,-3.303407e+02,-6.554054e+01,-3.193643e+01
-1.933332e+04,-7.882956e+02,-3.301334e+02,-6.549959e+01,-3.191646e+01
-1.932113e+04,-7.878006e+02,-3.299263e+02,-6.545868e+01,-3.189651e+01
-1.930895e+04,-7.873058e+02,-3.297194e+02,-6.541778e+01,-3.187656e+01
-1.929678e+04,-7.868114e+02,-3.295125e+02,-6.537691e+01,-3.185663e+01
-1.928461e+04,-7.863173e+02,-3.293058e+02,-6.533607e+01,-3.183671e+01
-1.927246e+04,-7.858236e+02,-3.290992e+02,-6.529526e+01,-3.181680e+01
-1.926031e+04,-7.853301e+02,-3.288928e+02,-6.525447e+01,-3.179691e+01
-1.924817e+04,-7.848370e+02,-3.286865e+02,-6.521370e+01,-3.177703e+01
-1.923604e+04,-7.843441e+02,-3.284803e+02,-6.517296e+01,-3.175716e+01
-1.922391e+04,-7.838516e+02,-3.282743e+02,-6.513225e+01,-3.173730e+01
-1.921179e+04,-7.833594e+02,-3.280683e+02,-6.509156e+01,-3.171746e+01
-1.919969e+04,-7.828676e+02,-3.278626e+02,-6.505090e+01,-3.169762e+01
-1.918758e+04,-7.823760e+02,-3.276569e+02,-6.501027e+01,-3.167780e+01
-1.917549e+04,-7.818848e+02,-3.274514e+02,-6.496966e+01,-3.165800e+01
-1.916341e+04,-7.813939e+02,-3.272460e+02,-6.492907e+01,-3.163820e+01
-1.915133e+04,-7.809033e+02,-3.270407e+02,-6.488851e+01,-3.161842e+01
-1.913926e+04,-7.804130e+02,-3.268356e+02,-6.484798e+01,-3.159865e+01
-1.912720e+04,-7.799230e+02,-3.266306e+02,-6.480747e+01,-3.157890e+01
-1.911514e+04,-7.794333e+02,-3.264258e+02,-6.476699e+01,-3.155915e+01
-1.910310e+04,-7.789440e+02,-3.262210e+02,-6.472654e+01,-3.153942e+01
-1.909106e+04,-7.784550e+02,-3.260164e+02,-6.468611e+01,-3.151970e+01
-1.907903e+04,-7.779663e+02,-3.258120e+02,-6.464570e+01,-3.150000e+01
-1.906701e+04,-7.774779e+02,-3.256076e+02,-6.460532e+01,-3.148031e+01
-1.905499e+04,-7.769898e+02,-3.254034e+02,-6.456497e+01,-3.146062e+01
-1.904299e+04,-7.765020e+02,-3.251993e+02,-6.452464e+01,-3.144096e+01
-1.903099e+04,-7.760146e+02,-3.249954e+02,-6.448434e+01,-3.142130e+01
-1.901900e+04,-7.755274e+02,-3.247916e+02,-6.444406e+01,-3.140166e+01
-1.900701e+04,-7.750406e+02,-3.245879e+02,-6.440381e+01,-3.138202e+01
-1.899504e+04,-7.745541e+02,-3.243844e+02,-6.436358e+01,-3.136241e+01
-1.898307e+04,-7.740679e+02,-3.241809e+02,-6.432338e+01,-3.134280e+01
-1.897111e+04,-7.735820e+02,-3.239776e+02,-6.428320e+01,-3.132321e+01
-1.895916e+04,-7.730965e+02,-3.237745e+02,-6.424305e+01,-3.130362e+01
-1.894721e+04,-7.726112e+02,-3.235715e+02,-6.420293e+01,-3.128406e+01
-1.893528e+04,-7.721263e+02,-3.233686e+02,-6.416283e+01,-3.126450e+01
-1.892335e+04,-7.716416e+02,-3.231658e+02,-6.412276e+01,-3.124495e+01
-1.891143e+04,-7.711573e+02,-3.229631e+02,-6.408271e+01,-3.122542e+01
-1.889951e+04,-7.706733e+02,-3.227606e+02,-6.404269e+01,-3.120590e+01
-1.888761e+04,-7.701896e+02,-3.225583e+02,-6.400269e+01,-3.118640e+01
-1.887571e+04,-7.697062e+02,-3.223560e+02,-6.396272e+01,-3.116690e+01
-1.886382e+04,-7.692232e+02,-3.221539e+02,-6.392277e+01,-3.114742e+01
-1.885194e+04,-7.687404e+02,-3.219519e+02,-6.388285e+01,-3.112795e+01
-1.884006e+04,-7.682579e+02,-3.217500e+02,-6.384295e+01,-3.110849e+01
-1.882820e+04,-7.677758e+02,-3.215483e+02,-6.380308e+01,-3.108905e+01
-1.881634e+04,-7.672940e+02,-3.213467e+02,-6.376324e+01,-3.106962e+01
-1.880449e+04,-7.668125e+02,-3.211452e+02,-6.372342e+01,-3.105020e+01
-1.879264e+04,-7.663313e+02,-3.209439e+02,-6.368362e+01,-3.103079e+01
-1.878081e+04,-7.658504e+02,-3.207427e+02,-6.364385e+01,-3.101139e+01
-1.876898e+04,-7.653698e+02,-3.205416e+02,-6.360411e+01,-3.099201e+01
-1.875716e+04,-7.648895e+02,-3.203406e+02,-6.356439e+01,-3.097264e+01
-1.874534e+04,-7.644095e+02,-3.201398e+02,-6.352470e+01,-3.095328e+01
-1.873354e+04,-7.639299e+02,-3.199391e+02,-6.348503e+01,-3.093394e+01
-1.872174e+04,-7.634505e+02,-3.197385e+02,-6.344539e+01,-3.091460e+01
-1.870995e+04,-7.629715e+02,-3.195381e+02,-6.340577e+01,-3.089528e+01
-1.869817e+04,-7.624927e+02,-3.193378e+02,-6.336617e+01,-3.087597e+01
-1.868639e+04,-7.620143e+02,-3.191376e+02,-6.332661e+01,-3.085667e+01
-1.867463e+04,-7.615362e+02,-3.189376e+02,-6.328706e+01,-3.083739e+01
-1.866287e+04,-7.610584e+02,-3.187376e+02,-6.324755e+01,-3.081812e+01
-1.865112e+04,-7.605809e+02,-3.185378e+02,-6.320805e+01,-3.079886e+01
-1.863937e+04,-7.601037e+02,-3.183382e+02,-6.316859e+01,-3.077961e+01
-1.862764e+04,-7.596268e+02,-3.181386e+02,-6.312914e+01,-3.076037e+01
-1.861591e+04,-7.591502e+02,-3.179392e+02,-6.308973e+01,-3.074115e+01
-1.860419e+04,-7.586740e+02,-3.177399e+02,-6.305033e+01,-3.072194e+01
-1.859247e+04,-7.581980e+02,-3.175408e+02,-6.301097e+01,-3.070274e+01
-1.858077e+04,-7.577224e+02,-3.173417e+02,-6.297162e+01,-3.068355e+01
-1.856907e+04,-7.572470e+02,-3.171428e+02,-6.293231e+01,-3.066438e+01
-1.855738e+04,-7.567720e+02,-3.169441e+02,-6.289302e+01,-3.064522e+01
-1.854569e+04,-7.562972e+02,-3.167454e+02,-6.285375e+01,-3.062607e+01
-1.853402e+04,-7.558228e+02,-3.165469e+02,-6.281451e+01,-3.060693e+01
-1.852235e+04,-7.553487e+02,-3.163485e+02,-6.277529e+01,-3.058780e+01
-1.851069e+04,-7.548749e+02,-3.161503e+02,-6.273610e+01,-3.056869e+01
-1.849904e+04,-7.544013e+02,-3.159521e+02,-6.269693e+01,-3.054959e+01
-1.848739e+04,-7.539281e+02,-3.157541e+02,-6.265779e+01,-3.053050e+01
-1.847575e+04,-7.534552e+02,-3.155562e+02,-6.261867e+01,-3.051142e+01
-1.846412e+04,-7.529826e+02,-3.153585e+02,-6.257958e+01,-3.049236e+01
-1.845250e+04,-7.525103e+02,-3.151609e+02,-6.254051e+01,-3.047331e+01
-1.844089e+04,-7.520383e+02,-3.149634e+02,-6.250147e+01,-3.045427e+01
-1.842928e+04,-7.515667e+02,-3.147660e+02,-6.246245e+01,-3.043524e+01
-1.841768e+04,-7.510953e+02,-3.145687e+02,-6.242345e+01,-3.041622e+01
-1.840609e+04,-7.506242e+02,-3.143716e+02,-6.238449e+01,-3.039722e+01
-1.839450e+04,-7.501534e+02,-3.141746e+02,-6.234554e+01,-3.037823e+01
-1.838292e+04,-7.496829e+02,-3.139778e+02,-6.230662e+01,-3.035925e+01
-1.837135e+04,-7.492128e+02,-3.137810e+02,-6.226773e+01,-3.034028e+01
-1.835979e+04,-7.487429e+02,-3.135844e+02,-6.222886e+01,-3.032132e+01
-1.834824e+04,-7.482733e+02,-3.133879e+02,-6.219002e+01,-3.030238e+01
-1.833669e+04,-7.478041e+02,-3.131916e+02,-6.215120e+01,-3.028345e+01
-1.832515e+04,-7.473351e+02,-3.129953e+02,-6.211240e+01,-3.026453e+01
-1.831362e+04,-7.468665e+02,-3.127992e+02,-6.207363e+01,-3.024562e+01
-1.830209e+04,-7.463981e+02,-3.126032e+02,-6.203488e+01,-3.022673e+01
-1.829057e+04,-7.459300e+02,-3.124074e+02,-6.199616e+01,-3.020784e+01
-1.827906e+04,-7.454623e+02,-3.122117e+02,-6.195747e+01,-3.018897e+01
-1.826756e+04,-7.449948e+02,-3.120160e+02,-6.191879e+01,-3.017011e+01
-1.825607e+04,-7.445277e+02,-3.118206e+02,-6.188015e+01,-3.015127e+01
-1.824458e+04,-7.440608e+02,-3.116252e+02,-6.184152e+01,-3.013243e+01
-1.823310e+04,-7.435943e+02,-3.114300e+02,-6.180293e+01,-3.011361e+01
-1.822163e+04,-7.431280e+02,-3.112349e+02,-6.176435e+01,-3.009480e+01
-1.821016e+04,-7.426621e+02,-3.110399e+02,-6.172580e+01,-3.007600e+01
-1.819870e+04,-7.421965e+02,-3.108451e+02,-6.168728e+01,-3.005721e+01
-1.818725e+04,-7.417311e+02,-3.106503e+02,-6.164878e+01,-3.003844e+01
-1.817581e+04,-7.412661e+02,-3.104557e+02,-6.161030e+01,-3.001967e+01
-1.816437e+04,-7.408013e+02,-3.102612e+02,-6.157185e+01,-3.000092e+01
-1.815295e+04,-7.403369e+02,-3.100669e+02,-6.153343e+01,-2.998218e+01
-1.814153e+04,-7.398727e+02,-3.098727e+02,-6.149502e+01,-2.996346e+01
-1.813011e+04,-7.394089e+02,-3.096786e+02,-6.145665e+01,-2.994474e+01
-1.811871e+04,-7.389453e+02,-3.094846e+02,-6.141829e+01,-2.992604e+01
-1.810731e+04,-7.384820e+02,-3.092907e+02,-6.137997e+01,-2.990735e+01
-1.809592e+04,-7.380191e+02,-3.090970e+02,-6.134166e+01,-2.988867e+01
-1.808453e+04,-7.375564e+02,-3.089034e+02,-6.130338e+01,-2.987000e+01
-1.807316e+04,-7.370941e+02,-3.087099e+02,-6.126513e+01,-2.985135e+01
-1.806179e+04,-7.366320e+02,-3.085166e+02,-6.122689e+01,-2.983270e+01
-1.805043e+04,-7.361702e+02,-3.083233e+02,-6.118869e+01,-2.981407e+01
-1.803907e+04,-7.357088e+02,-3.081302e+02,-6.115051e+01,-2.979545e+01
-1.802773e+04,-7.352476e+02,-3.079372e+02,-6.111235e+01,-2.977684e+01
-1.801639e+04,-7.347867e+02,-3.077444e+02,-6.107421e+01,-2.975825e+01
-1.800505e+04,-7.343262e+02,-3.075516e+02,-6.103610e+01,-2.973966e+01
-1.799373e+04,-7.338659e+02,-3.073590e+02,-6.099802e+01,-2.972109e+01
-1.798241e+04,-7.334059e+02,-3.071665e+02,-6.095996e+01,-2.970253e+01
-1.797110e+04,-7.329462e+02,-3.069742e+02,-6.092192e+01,-2.968398e+01
-1.795980e+04,-7.324868e+02,-3.067819e+02,-6.088391e+01,-2.966544e+01
-1.794850e+04,-7.320277e+02,-3.065898e+02,-6.084592e+01,-2.964692e+01
-1.793722e+04,-7.315689e+02,-3.063978e+02,-6.080796e+01,-2.962841e+01
-1.792593e+04,-7.311104e+02,-3.062060e+02,-6.077002e+01,-2.960990e+01
-1.791466e+04,-7.306522e+02,-3.060142e+02,-6.073210e+01,-2.959141e+01
-1.790340e+04,-7.301943e+02,-3.058226e+02,-6.069421e+01,-2.957294e+01
-1.789214e+04,-7.297367e+02,-3.056311e+02,-6.065634e+01,-2.955447e+01
-1.788088e+04,-7.292793e+02,-3.054397e+02,-6.061850e+01,-2.953602e+01
-1.786964e+04,-7.288223e+02,-3.052485e+02,-6.058068e+01,-2.951757e+01
-1.785840e+04,-7.283656e+02,-3.050573e+02,-6.054288e+01,-2.949914e+01
-1.784717e+04,-7.279091e+02,-3.048663e+02,-6.050511e+01,-2.948072e+01
-1.783595e+04,-7.274530e+02,-3.046754e+02,-6.046737e+01,-2.946232e+01
-1.782474e+04,-7.269971e+02,-3.044847e+02,-6.042964e+01,-2.944392e+01
-1.781353e+04,-7.265415e+02,-3.042940e+02,-6.039194e+01,-2.942554e+01
-1.780233e+04,-7.260863e+02,-3.041035e+02,-6.035427e+01,-2.940717e+01
-1.779113e+04,-7.256313e+02,-3.039131e+02,-6.031662e+01,-2.938881e+01
-1.777995e+04,-7.251766e+02,-3.037228e+02,-6.027899e+01,-2.937046e+01
-1.776877e+04,-7.247222e+02,-3.035327e+02,-6.024139e+01,-2.935212e+01
-1.775760e+04,-7.242681e+02,-3.033426e+02,-6.020381e+01,-2.933380e+01
-1.774643e+04,-7.238143e+02,-3.031527e+02,-6.016626e+01,-2.931548e+01
-1.773528e+04,-7.233608e+02,-3.029629e+02,-6.012872e+01,-2.929718e+01
-1.772413e+04,-7.229076e+02,-3.027733e+02,-6.009122e+01,-2.927889e+01
-1.771298e+04,-7.224546e+02,-3.025837e+02,-6.005373e+01,-2.926061e+01
-1.770185e+04,-7.220020e+02,-3.023943e+02,-6.001627e+01,-2.924235e+01
-1.769072e+04,-7.215497e+02,-3.022050e+02,-5.997884e+01,-2.922409e+01
-1.767960e+04,-7.210976e+02,-3.020158e+02,-5.994143e+01,-2.920585e+01
-1.766849e+04,-7.206458e+02,-3.018268e+02,-5.990404e+01,-2.918762e+01
-1.765738e+04,-7.201944e+02,-3.016378e+02,-5.986668e+01,-2.916940e+01
-1.764628e+04,-7.197432e+02,-3.014490e+02,-5.982933e+01,-2.915119e+01
-1.763519e+04,-7.192923e+02,-3.012603e+02,-5.979202e+01,-2.913299e+01
-1.762410e+04,-7.188417e+02,-3.010718e+02,-5.975473e+01,-2.911480e+01
-1.761302e+04,-7.183913e+02,-3.008833e+02,-5.971746e+01,-2.909663e+01
-1.760195e+04,-7.179413e+02,-3.006950e+02,-5.968021e+01,-2.907847e+01
-1.759089e+04,-7.174916e+02,-3.005068e+02,-5.964299e+01,-2.906032e+01
-1.757983e+04,-7.170421e+02,-3.003187e+02,-5.960579e+01,-2.904218e+01
-1.756878e+04,-7.165930e+02,-3.001307e+02,-5.956862e+01,-2.902405e+01
-1.755774e+04,-7.161441e+02,-2.999429e+02,-5.953147e+01,-2.900594e+01
-1.754671e+04,-7.156955e+02,-2.997551e+02,-5.949434e+01,-2.898783e+01
-1.753568e+04,-7.152472e+02,-2.995675e+02,-5.945724e+01,-2.896974e+01
-1.752466e+04,-7.147992e+02,-2.993800e+02,-5.942016e+01,-2.895166e+01
-1.751365e+04,-7.143515e+02,-2.991927e+02,-5.938310e+01,-2.893359e+01
-1.750264e+04,-7.139041e+02,-2.990054e+02,-5.934607e+01,-2.891553e+01
-1.749164e+04,-7.134569e+02,-2.988183e+02,-5.930906e+01,-2.889748e+01
-1.748065e+04,-7.130101e+02,-2.986313e+02,-5.927208e+01,-2.887945e+01
-1.746966e+04,-7.125635e+02,-2.984444e+02,-5.923512e+01,-2.886143e+01
-1.745868e+04,-7.121172e+02,-2.982577e+02,-5.919818e+01,-2.884341e+01
-1.744771e+04,-7.116712e+02,-2.980710e+02,-5.916126e+01,-2.882541e+01
-1.743675e+04,-7.112255e+02,-2.978845e+02,-5.912437e+01,-2.880742e+01
